connector 65 12 481 111
resistor 486 175 502 199
pads 400 213 430 230
emi 254 198 276 240
capacitor 279 215 295 240
resistor 76 187 103 201
resistor 76 170 102 184
resistor 103 170 130 184
resistor 103 186 131 200
capacitor 103 221 128 235
capacitor 38 313 64 327
capacitor 140 403 153 427
capacitor 233 364 247 388
capacitor 265 383 279 408
capacitor 295 361 309 387
capacitor 304 342 329 357
capacitor 347 388 371 401
capacitor 241 320 267 334
capacitor 293 323 318 338
connector 68 586 483 688
emi 384 369 427 396
resistor 487 316 543 356
pads 431 324 447 352
pads 398 325 414 352
resistor 506 248 519 275
resistor 489 249 501 273
capacitor 418 180 444 195
capacitor 403 237 416 262
capacitor 368 291 393 304
capacitor 309 238 324 264
capacitor 263 251 277 276
capacitor 279 251 290 276
capacitor 182 241 208 256
capacitor 182 311 205 326
capacitor 168 332 194 347
capacitor 210 311 224 337
capacitor 193 341 217 355
capacitor 199 355 225 369
capacitor 236 336 248 361
capacitor 223 322 236 349
capacitor 183 395 197 419
capacitor 225 437 239 462
capacitor 243 431 255 456
capacitor 275 424 290 450
capacitor 295 406 309 430
capacitor 254 362 267 388
capacitor 274 360 287 384
capacitor 253 345 276 358
capacitor 274 320 289 345
capacitor 279 345 303 359
capacitor 334 343 356 357
capacitor 349 331 375 343
capacitor 359 343 386 357
capacitor 347 373 372 385
capacitor 334 415 359 430
capacitor 315 432 330 459
capacitor 405 515 430 530
capacitor 513 386 525 410
capacitor 458 387 472 413
capacitor 295 289 309 316
text 481 6 507 24
text 483 97 510 115
text 48 14 64 35
text 55 116 70 136
text 133 167 159 185
text 49 169 76 186
text 132 185 160 202
text 56 185 76 201
text 76 221 101 238
text 29 294 66 312
text 120 395 137 432
text 64 576 74 594
text 50 668 65 688
text 3 639 60 664
text 190 567 230 584
text 454 568 482 585
text 484 680 511 697
text 232 391 250 417
text 254 407 271 439
text 307 375 327 411
text 313 358 339 373
text 243 299 269 316
text 319 309 345 325
text 359 401 396 419
text 430 363 449 399
text 430 288 447 325
text 397 288 413 325
text 494 297 530 317
text 520 240 536 275
text 470 246 487 276
text 428 213 467 231
text 472 166 487 200
text 370 118 406 135
text 280 178 298 212
text 230 205 250 242
text 197 120 320 145
connector 513 94 547 197
pins 482 443 551 621
connector 11 488 46 563
component 506 329 527 342
