connector 79 590 495 689
resistor 58 502 74 526
pads 130 471 160 488
emi 284 461 306 503
capacitor 265 461 281 486
resistor 457 500 484 514
resistor 458 517 484 531
resistor 430 517 457 531
resistor 429 501 457 515
capacitor 432 466 457 480
capacitor 496 374 522 388
capacitor 407 274 420 298
capacitor 313 313 327 337
capacitor 281 293 295 318
capacitor 251 314 265 340
capacitor 231 344 256 359
capacitor 189 300 213 313
capacitor 293 367 319 381
capacitor 242 363 267 378
connector 77 13 492 115
emi 133 305 176 332
resistor 17 345 73 385
pads 113 349 129 377
pads 146 349 162 376
resistor 41 426 54 453
resistor 59 428 71 452
capacitor 116 506 142 521
capacitor 144 439 157 464
capacitor 167 397 192 410
capacitor 236 437 251 463
capacitor 283 425 297 450
capacitor 270 425 281 450
capacitor 352 445 378 460
capacitor 355 375 378 390
capacitor 366 354 392 369
capacitor 336 364 350 390
capacitor 343 346 367 360
capacitor 335 332 361 346
capacitor 312 340 324 365
capacitor 324 352 337 379
capacitor 363 282 377 306
capacitor 321 239 335 264
capacitor 305 245 317 270
capacitor 270 251 285 277
capacitor 251 271 265 295
capacitor 293 313 306 339
capacitor 273 317 286 341
capacitor 284 343 307 356
capacitor 271 356 286 381
capacitor 257 342 281 356
capacitor 204 344 226 358
capacitor 185 358 211 370
capacitor 174 344 201 358
capacitor 188 316 213 328
capacitor 201 271 226 286
capacitor 230 242 245 269
capacitor 130 171 155 186
capacitor 35 291 47 315
capacitor 88 288 102 314
capacitor 251 385 265 412
text 53 677 79 695
text 50 586 77 604
text 496 666 512 687
text 490 565 505 585
text 401 516 427 534
text 484 515 511 532
text 400 499 428 516
text 484 500 504 516
text 459 463 484 480
text 494 389 531 407
text 423 269 440 306
text 486 107 496 125
text 495 13 510 33
text 500 37 557 62
text 330 117 370 134
text 78 116 106 133
text 49 4 76 21
text 310 284 328 310
text 289 262 306 294
text 233 290 253 326
text 221 328 247 343
text 291 385 317 402
text 215 376 241 392
text 164 282 201 300
text 111 302 130 338
text 113 376 130 413
text 147 376 163 413
text 30 384 66 404
text 24 426 40 461
text 73 425 90 455
text 93 470 132 488
text 73 501 88 535
text 154 566 190 583
text 262 489 280 523
text 310 459 330 496
text 240 556 363 581
connector 13 504 47 607
pins 9 80 78 258
connector 514 138 549 213
component 33 359 54 372
