test 13 11 47 63
capacitor 66 19 133 60
test 56 123 83 134
resistor 92 119 118 132
led 126 132 165 150
capacitor 187 156 201 180
clock 206 148 255 187
resistor 263 164 276 189
resistor 297 168 321 181
resistor 297 202 321 215
led 335 179 373 196
resistor 435 86 447 113
resistor 479 111 505 124
resistor 480 130 504 143
connector 514 96 547 196
led 487 168 502 204
ic 385 113 454 197
ic 328 200 378 233
resistor 386 204 411 217
pads 384 233 470 321
switch 474 210 531 311
resistor 445 331 479 358
capacitor 385 337 434 412
ic 447 370 480 423
ic 502 368 534 423
resistor 433 437 457 450
resistor 432 454 458 466
resistor 432 471 457 483
resistor 432 486 457 499
resistor 432 503 457 515
pads 404 516 430 530
pads 386 530 474 618
connector 474 441 545 617
pads 458 625 475 653
pads 404 619 420 647
resistor 362 459 379 483
resistor 299 470 311 495
resistor 314 471 328 495
resistor 331 471 345 496
ic 329 503 370 547
capacitor 338 550 365 568
capacitor 257 457 269 482
capacitor 229 451 252 464
emi 226 469 252 513
connector 11 494 43 559
pads 66 534 95 549
pads 67 501 91 516
resistor 66 520 91 533
capacitor 133 459 200 503
ic 14 427 63 485
ic 123 394 151 424
capacitor 168 376 178 402
capacitor 151 363 164 389
emi 89 341 132 371
capacitor 14 334 84 376
capacitor 131 267 174 336
emi 91 259 117 302
ic 28 273 67 328
capacitor 10 284 24 307
capacitor 132 183 172 252
ic 59 155 127 248
capacitor 9 148 53 220
capacitor 59 137 83 151
capacitor 206 196 276 237
ic 182 251 377 448
text 46 13 64 58
text 6 63 62 84
text 138 27 156 64
text 53 100 85 119
text 89 98 124 116
text 133 98 160 117
text 126 117 164 132
text 86 135 119 152
text 8 129 33 149
text 128 162 156 180
text 183 115 202 155
text 205 125 231 142
text 260 133 279 161
text 256 10 315 37
text 292 146 326 167
text 292 183 330 201
text 332 142 360 161
text 321 162 379 177
text 361 122 379 148
text 414 74 432 112
text 472 91 509 110
text 472 143 509 162
text 511 76 550 93
text 466 186 485 209
text 522 200 541 223
text 413 199 448 216
text 413 216 450 233
text 532 250 548 285
text 350 234 376 249
text 390 321 414 339
text 479 325 497 364
text 498 313 516 368
text 516 330 532 369
text 430 406 446 430
text 481 395 500 421
text 478 424 543 438
text 396 437 431 453
text 395 452 432 468
text 395 468 432 485
text 395 485 432 501
text 396 501 432 515
text 374 484 390 510
text 490 616 504 633
text 513 615 537 635
text 456 652 474 686
text 402 648 421 688
text 373 554 392 586
text 308 541 334 559
text 296 496 313 522
text 313 495 328 522
text 346 473 361 498
text 271 450 323 468
text 430 516 467 533
text 460 475 475 507
text 460 455 475 474
text 254 658 313 679
text 223 514 264 533
text 217 599 359 627
text 233 621 331 638
text 205 448 226 483
text 140 505 176 527
text 66 561 102 578
text 94 532 130 551
text 92 516 130 532
text 95 499 130 516
text 47 493 66 528
text 45 532 64 552
text 4 475 19 492
text 60 476 82 493
text 66 433 84 473
text 12 411 22 429
text 53 410 66 430
text 126 426 151 446
text 14 377 47 398
text 85 374 122 391
text 134 356 150 392
text 155 338 176 357
text 87 307 121 326
text 8 244 26 279
text 25 253 53 271
text 39 231 59 252
component 72 176 114 226
component 391 145 444 176
component 481 233 507 242
component 486 284 520 295
component 516 252 526 277
component 215 259 335 417
capacitor 66 580 137 624
