test 513 11 547 63
capacitor 427 19 494 60
test 477 123 504 134
resistor 442 119 468 132
led 395 132 434 150
capacitor 359 156 373 180
clock 305 148 354 187
resistor 284 164 297 189
resistor 239 168 263 181
resistor 239 202 263 215
led 187 179 225 196
resistor 113 86 125 113
resistor 55 111 81 124
resistor 56 130 80 143
connector 13 96 46 196
led 58 168 73 204
ic 106 113 175 197
ic 182 200 232 233
resistor 149 204 174 217
pads 90 233 176 321
switch 29 210 86 311
resistor 81 331 115 358
capacitor 126 337 175 412
ic 80 370 113 423
ic 26 368 58 423
resistor 103 437 127 450
resistor 102 454 128 466
resistor 103 471 128 483
resistor 103 486 128 499
resistor 103 503 128 515
pads 130 516 156 530
pads 86 530 174 618
connector 15 441 86 617
pads 85 625 102 653
pads 140 619 156 647
resistor 181 459 198 483
resistor 249 470 261 495
resistor 232 471 246 495
resistor 215 471 229 496
ic 190 503 231 547
capacitor 195 550 222 568
capacitor 291 457 303 482
capacitor 308 451 331 464
emi 308 469 334 513
connector 517 494 549 559
pads 465 534 494 549
pads 469 501 493 516
resistor 469 520 494 533
capacitor 360 459 427 503
ic 497 427 546 485
ic 409 394 437 424
capacitor 382 376 392 402
capacitor 396 363 409 389
emi 428 341 471 371
capacitor 476 334 546 376
capacitor 386 267 429 336
emi 443 259 469 302
ic 493 273 532 328
capacitor 536 284 550 307
capacitor 388 183 428 252
ic 433 155 501 248
capacitor 507 148 551 220
capacitor 477 137 501 151
capacitor 284 196 354 237
ic 183 251 378 448
text 496 13 514 58
text 498 63 554 84
text 404 27 422 64
text 475 100 507 119
text 436 98 471 116
text 400 98 427 117
text 396 117 434 132
text 441 135 474 152
text 527 129 552 149
text 404 162 432 180
text 358 115 377 155
text 329 125 355 142
text 281 133 300 161
text 245 10 304 37
text 234 146 268 167
text 230 183 268 201
text 200 142 228 161
text 181 162 239 177
text 181 122 199 148
text 128 74 146 112
text 51 91 88 110
text 51 143 88 162
text 10 76 49 93
text 75 186 94 209
text 19 200 38 223
text 112 199 147 216
text 110 216 147 233
text 12 250 28 285
text 184 234 210 249
text 146 321 170 339
text 63 325 81 364
text 44 313 62 368
text 28 330 44 369
text 114 406 130 430
text 60 395 79 421
text 17 424 82 438
text 129 437 164 453
text 128 452 165 468
text 128 468 165 485
text 128 485 165 501
text 128 501 164 515
text 170 484 186 510
text 56 616 70 633
text 23 615 47 635
text 86 652 104 686
text 139 648 158 688
text 168 554 187 586
text 226 541 252 559
text 247 496 264 522
text 232 495 247 522
text 199 473 214 498
text 237 450 289 468
text 93 516 130 533
text 85 475 100 507
text 85 455 100 474
text 247 658 306 679
text 296 514 337 533
text 201 599 343 627
text 229 621 327 638
text 334 448 355 483
text 384 505 420 527
text 458 561 494 578
text 430 532 466 551
text 430 516 468 532
text 430 499 465 516
text 494 493 513 528
text 496 532 515 552
text 541 475 556 492
text 478 476 500 493
text 476 433 494 473
text 538 411 548 429
text 494 410 507 430
text 409 426 434 446
text 513 377 546 398
text 438 374 475 391
text 410 356 426 392
text 384 338 405 357
text 439 307 473 326
text 534 244 552 279
text 507 253 535 271
text 501 231 521 252
component 446 176 488 226
component 116 145 169 176
component 53 233 79 242
component 40 284 74 295
component 34 252 44 277
component 225 259 345 417
capacitor 423 580 494 624
