connector 65 590 481 689
resistor 486 502 502 526
pads 400 471 430 488
emi 254 461 276 503
capacitor 279 461 295 486
resistor 76 500 103 514
resistor 76 517 102 531
resistor 103 517 130 531
resistor 103 501 131 515
capacitor 103 466 128 480
capacitor 38 374 64 388
capacitor 140 274 153 298
capacitor 233 313 247 337
capacitor 265 293 279 318
capacitor 295 314 309 340
capacitor 304 344 329 359
capacitor 347 300 371 313
capacitor 241 367 267 381
capacitor 293 363 318 378
connector 68 13 483 115
emi 384 305 427 332
resistor 487 345 543 385
pads 431 349 447 377
pads 398 349 414 376
resistor 506 426 519 453
resistor 489 428 501 452
capacitor 418 506 444 521
capacitor 403 439 416 464
capacitor 368 397 393 410
capacitor 309 437 324 463
capacitor 263 425 277 450
capacitor 279 425 290 450
capacitor 182 445 208 460
capacitor 182 375 205 390
capacitor 168 354 194 369
capacitor 210 364 224 390
capacitor 193 346 217 360
capacitor 199 332 225 346
capacitor 236 340 248 365
capacitor 223 352 236 379
capacitor 183 282 197 306
capacitor 225 239 239 264
capacitor 243 245 255 270
capacitor 275 251 290 277
capacitor 295 271 309 295
capacitor 254 313 267 339
capacitor 274 317 287 341
capacitor 253 343 276 356
capacitor 274 356 289 381
capacitor 279 342 303 356
capacitor 334 344 356 358
capacitor 349 358 375 370
capacitor 359 344 386 358
capacitor 347 316 372 328
capacitor 334 271 359 286
capacitor 315 242 330 269
capacitor 405 171 430 186
capacitor 513 291 525 315
capacitor 458 288 472 314
capacitor 295 385 309 412
text 481 677 507 695
text 483 586 510 604
text 48 666 64 687
text 55 565 70 585
text 133 516 159 534
text 49 515 76 532
text 132 499 160 516
text 56 500 76 516
text 76 463 101 480
text 29 389 66 407
text 120 269 137 306
text 64 107 74 125
text 50 13 65 33
text 3 37 60 62
text 190 117 230 134
text 454 116 482 133
text 484 4 511 21
text 232 284 250 310
text 254 262 271 294
text 307 290 327 326
text 313 328 339 343
text 243 385 269 402
text 319 376 345 392
text 359 282 396 300
text 430 302 449 338
text 430 376 447 413
text 397 376 413 413
text 494 384 530 404
text 520 426 536 461
text 470 425 487 455
text 428 470 467 488
text 472 501 487 535
text 370 566 406 583
text 280 489 298 523
text 230 459 250 496
text 197 556 320 581
connector 513 504 547 607
pins 482 80 551 258
connector 11 138 46 213
component 506 359 527 372
