connector 79 12 495 111
resistor 58 175 74 199
pads 130 213 160 230
emi 284 198 306 240
capacitor 265 215 281 240
resistor 457 187 484 201
resistor 458 170 484 184
resistor 430 170 457 184
resistor 429 186 457 200
capacitor 432 221 457 235
capacitor 496 313 522 327
capacitor 407 403 420 427
capacitor 313 364 327 388
capacitor 281 383 295 408
capacitor 251 361 265 387
capacitor 231 342 256 357
capacitor 189 388 213 401
capacitor 293 320 319 334
capacitor 242 323 267 338
connector 77 586 492 688
emi 133 369 176 396
resistor 17 316 73 356
pads 113 324 129 352
pads 146 325 162 352
resistor 41 248 54 275
resistor 59 249 71 273
capacitor 116 180 142 195
capacitor 144 237 157 262
capacitor 167 291 192 304
capacitor 236 238 251 264
capacitor 283 251 297 276
capacitor 270 251 281 276
capacitor 352 241 378 256
capacitor 355 311 378 326
capacitor 366 332 392 347
capacitor 336 311 350 337
capacitor 343 341 367 355
capacitor 335 355 361 369
capacitor 312 336 324 361
capacitor 324 322 337 349
capacitor 363 395 377 419
capacitor 321 437 335 462
capacitor 305 431 317 456
capacitor 270 424 285 450
capacitor 251 406 265 430
capacitor 293 362 306 388
capacitor 273 360 286 384
capacitor 284 345 307 358
capacitor 271 320 286 345
capacitor 257 345 281 359
capacitor 204 343 226 357
capacitor 185 331 211 343
capacitor 174 343 201 357
capacitor 188 373 213 385
capacitor 201 415 226 430
capacitor 230 432 245 459
capacitor 130 515 155 530
capacitor 35 386 47 410
capacitor 88 387 102 413
capacitor 251 289 265 316
text 53 6 79 24
text 50 97 77 115
text 496 14 512 35
text 490 116 505 136
text 401 167 427 185
text 484 169 511 186
text 400 185 428 202
text 484 185 504 201
text 459 221 484 238
text 494 294 531 312
text 423 395 440 432
text 486 576 496 594
text 495 668 510 688
text 500 639 557 664
text 330 567 370 584
text 78 568 106 585
text 49 680 76 697
text 310 391 328 417
text 289 407 306 439
text 233 375 253 411
text 221 358 247 373
text 291 299 317 316
text 215 309 241 325
text 164 401 201 419
text 111 363 130 399
text 113 288 130 325
text 147 288 163 325
text 30 297 66 317
text 24 240 40 275
text 73 246 90 276
text 93 213 132 231
text 73 166 88 200
text 154 118 190 135
text 262 178 280 212
text 310 205 330 242
text 240 120 363 145
connector 13 94 47 197
pins 9 443 78 621
connector 514 488 549 563
component 33 329 54 342
