test 13 638 47 690
capacitor 66 641 133 682
test 56 567 83 578
resistor 92 569 118 582
led 126 551 165 569
capacitor 187 521 201 545
clock 206 514 255 553
resistor 263 512 276 537
resistor 297 520 321 533
resistor 297 486 321 499
led 335 505 373 522
resistor 435 588 447 615
resistor 479 577 505 590
resistor 480 558 504 571
connector 514 505 547 605
led 487 497 502 533
ic 385 504 454 588
ic 328 468 378 501
resistor 386 484 411 497
pads 384 380 470 468
switch 474 390 531 491
resistor 445 343 479 370
capacitor 385 289 434 364
ic 447 278 480 331
ic 502 278 534 333
resistor 433 251 457 264
resistor 432 235 458 247
resistor 432 218 457 230
resistor 432 202 457 215
resistor 432 186 457 198
pads 404 171 430 185
pads 386 83 474 171
connector 474 84 545 260
pads 458 48 475 76
pads 404 54 420 82
resistor 362 218 379 242
resistor 299 206 311 231
resistor 314 206 328 230
resistor 331 205 345 230
ic 329 154 370 198
capacitor 338 133 365 151
capacitor 257 219 269 244
capacitor 229 237 252 250
emi 226 188 252 232
connector 11 142 43 207
pads 66 152 95 167
pads 67 185 91 200
resistor 66 168 91 181
capacitor 133 198 200 242
ic 14 216 63 274
ic 123 277 151 307
capacitor 168 299 178 325
capacitor 151 312 164 338
emi 89 330 132 360
capacitor 14 325 84 367
capacitor 131 365 174 434
emi 91 399 117 442
ic 28 373 67 428
capacitor 10 394 24 417
capacitor 132 449 172 518
ic 59 453 127 546
capacitor 9 481 53 553
capacitor 59 550 83 564
capacitor 206 464 276 505
ic 182 253 377 450
text 46 643 64 688
text 6 617 62 638
text 138 637 156 674
text 53 582 85 601
text 89 585 124 603
text 133 584 160 603
text 126 569 164 584
text 86 549 119 566
text 8 552 33 572
text 128 521 156 539
text 183 546 202 586
text 205 559 231 576
text 260 540 279 568
text 256 664 315 691
text 292 534 326 555
text 292 500 330 518
text 332 540 360 559
text 321 524 379 539
text 361 553 379 579
text 414 589 432 627
text 472 591 509 610
text 472 539 509 558
text 511 608 550 625
text 466 492 485 515
text 522 478 541 501
text 413 485 448 502
text 413 468 450 485
text 532 416 548 451
text 350 452 376 467
text 390 362 414 380
text 479 337 497 376
text 498 333 516 388
text 516 332 532 371
text 430 271 446 295
text 481 280 500 306
text 478 263 543 277
text 396 248 431 264
text 395 233 432 249
text 395 216 432 233
text 395 200 432 216
text 396 186 432 200
text 374 191 390 217
text 490 68 504 85
text 513 66 537 86
text 456 15 474 49
text 402 13 421 53
text 373 115 392 147
text 308 142 334 160
text 296 179 313 205
text 313 179 328 206
text 346 203 361 228
text 271 233 323 251
text 430 168 467 185
text 460 194 475 226
text 460 227 475 246
text 254 22 313 43
text 223 168 264 187
text 217 74 359 102
text 233 63 331 80
text 205 218 226 253
text 140 174 176 196
text 66 123 102 140
text 94 150 130 169
text 92 169 130 185
text 95 185 130 202
text 47 173 66 208
text 45 149 64 169
text 4 209 19 226
text 60 208 82 225
text 66 228 84 268
text 12 272 22 290
text 53 271 66 291
text 126 255 151 275
text 14 303 47 324
text 85 310 122 327
text 134 309 150 345
text 155 344 176 363
text 87 375 121 394
text 8 422 26 457
text 25 430 53 448
text 39 449 59 470
component 72 475 114 525
component 391 525 444 556
component 481 459 507 468
component 486 406 520 417
component 516 424 526 449
component 215 284 335 442
capacitor 66 77 137 121
