ic 1946 1130 2382 1561
connector 775 955 1175 1260
connector 887 1720 1289 2022
connector 1295 858 1477 979
ic 1356 1125 1493 1273
led 1575 999 1659 1040
led 1577 1130 1656 1171
led 1575 1189 1659 1227
clock 1256 1351 1525 1469
ic 1052 1522 1262 1692
electrolytic 1307 1710 1475 1909
electrolytic 1477 1709 1643 1910
ic 1320 1478 1462 1563
ic 1579 1368 1654 1481
ic 1131 1371 1208 1453
ic 1385 1920 1559 2014
button 2652 1224 2810 1478
connector 2443 1255 2570 1448
capacitor 1100 934 1187 965
capacitor 1201 1001 1270 1036
capacitor 1584 949 1650 983
diode 1234 863 1282 988
resistor 1211 1102 1256 1185
connector 1361 991 1469 1098
resistor 1197 1060 1273 1092
resistor 1199 1195 1272 1226
capacitor 1206 1273 1273 1307
capacitor 1204 1310 1270 1347
capacitor 1279 1312 1345 1348
capacitor 1431 1311 1501 1345
capacitor 1509 1311 1575 1346
resistor 1598 1239 1638 1329
component 1607 1255 1627 1300
component 1223 1122 1245 1167
component 1607 1060 1625 1099
resistor 1593 1043 1641 1131
resistor 1368 1596 1415 1680
component 1380 1617 1399 1658
pads 1576 1618 1664 1686
capacitor 1278 1571 1310 1644
capacitor 1434 1601 1503 1635
capacitor 1587 1573 1655 1607
capacitor 1582 1495 1654 1528
capacitor 1739 1642 1767 1713
capacitor 1844 1840 1916 1878
capacitor 1876 1279 1943 1313
capacitor 2330 1058 2399 1103
capacitor 1978 1107 2009 1173
text 3095 838 3155 891
connector 1351 763 1988 842
connector 2001 753 2509 838
connector 2545 757 3057 841
connector 3162 758 3316 1869
connector 2685 1919 3208 1988
connector 1575 1933 2092 2004
connector 2134 1928 2646 1994
component 1343 1747 1436 1836
component 1518 1752 1611 1841
fuse 1006 1316 1099 1475
component 1021 1374 1090 1412
text 1664 1812 1704 1932
text 1729 1812 1762 1928
text 1788 1849 1829 1930
text 1848 1883 1887 1926
text 1920 1880 1998 1922
text 1926 1794 2063 1831
text 2031 1852 2071 1930
text 2150 1849 2198 1920
text 2210 1857 2257 1922
text 2269 1852 2319 1921
text 2330 1853 2384 1920
text 2395 1854 2437 1920
text 2453 1853 2500 1919
text 2518 1881 2563 1920
text 2577 1849 2626 1917
text 2700 1852 2747 1916
text 2763 1851 2811 1916
text 2824 1814 2869 1912
text 2884 1819 2931 1916
text 2943 1814 2989 1912
text 3005 1814 3051 1916
text 3063 1814 3114 1914
text 3125 1805 3173 1912
text 1499 865 1540 983
text 1558 864 1598 942
text 1620 865 1672 933
text 1684 863 1730 935
text 1745 865 1792 937
text 1803 863 1851 936
text 1866 863 1911 901
text 1925 860 1971 901
text 2021 862 2064 900
text 2079 859 2124 899
text 2140 858 2189 901
text 2200 858 2248 895
text 2262 864 2313 894
text 2324 858 2369 893
text 2382 862 2434 894
text 2445 856 2488 893
text 2284 948 2366 984
text 2389 928 2429 999
text 2453 930 2485 1000
text 2401 1014 2745 1046
text 2410 1364 2442 1444
text 2566 857 2610 1000
text 2626 858 2671 996
text 2688 857 2736 998
text 2748 857 2795 999
text 2805 853 2859 1001
text 2872 851 2915 1000
text 2932 852 2977 996
text 2990 854 3037 996
text 2745 1156 2803 1193
text 2157 1789 2388 1827
text 2383 1620 2441 1658
text 2520 1607 2579 1669
text 2685 1594 2972 1674
text 2342 1714 2620 1768
text 2856 1705 2969 1752
text 3052 1581 3088 1765
resistor 2857 1093 2904 1180
component 2871 1115 2893 1153
led 2731 1117 2814 1158
text 2616 1299 2646 1396
text 3135 746 3161 781
text 3099 899 3157 948
text 3097 959 3159 1010
text 3097 1021 3159 1068
text 3099 1078 3159 1130
text 3101 1140 3161 1189
text 3103 1202 3161 1252
text 3103 1260 3162 1311
text 3105 1321 3163 1372
text 3309 1075 3362 1127
text 3305 1138 3362 1188
text 3304 1202 3362 1244
text 3308 1259 3363 1307
text 3308 1320 3368 1369
text 3098 1384 3167 1435
text 3304 1378 3369 1433
text 3098 1446 3167 1496
text 3306 1441 3368 1490
text 3103 1506 3166 1557
text 3311 1505 3368 1552
text 3104 1568 3164 1612
text 3309 1563 3368 1611
text 3105 1627 3168 1677
text 3310 1625 3372 1674
text 3106 1688 3169 1742
text 3314 1685 3372 1738
text 3105 1751 3169 1798
text 3311 1748 3376 1796
text 3315 1817 3378 1852
component 1120 1538 1183 1622
component 1420 1938 1484 2004
diode 1783 1616 1827 1743
pads 1905 1632 1941 1717
clock 1855 1631 1892 1723
text 1529 1678 1668 1716
text 1678 1032 1721 1077
text 1867 1036 1915 1067
resistor 1932 1081 1958 1163
text 1668 1096 1925 1133
pads 1350 1308 1429 1342
text 1536 999 1569 1042
text 1516 1133 1569 1179
text 1515 1193 1571 1230
