text 1092 926 1143 969
text 1207 922 1254 973
text 1341 910 1589 984
text 1485 1002 1584 1047
text 1054 1014 1298 1063
text 1056 1107 1190 1197
text 1190 1109 1333 1196
text 1064 1325 1318 1366
text 1059 1396 1461 1440
text 1236 1668 1585 1714
text 850 1189 931 1371
text 861 1445 920 1725
text 1300 1758 1361 1814
text 1567 1761 1621 1806
text 1631 1732 1669 1773
text 1066 1833 1416 1876
text 1167 1747 1277 1824
text 1059 1743 1162 1827
text 1280 882 1297 904
pins 930 753 1054 1862
pins 1179 747 1661 819
pins 1726 745 2220 819
pins 2260 740 2864 807
pins 2767 833 2941 944
pins 2752 948 2897 1008
pins 2754 1347 2944 1406
pins 3054 1022 3175 1153
pins 3160 882 3251 1272
pins 2947 1734 3238 1993
pins 1064 1914 1541 1993
pins 1667 1245 1792 1427
pins 1614 1914 2102 1984
pins 2167 1906 2658 1982
pads 2993 1176 3076 1229
connector 3285 942 3449 1221
text 3250 1747 3286 1969
text 1060 1214 1338 1295
text 1351 1217 1633 1292
connector 2755 1015 2888 1074
