text 1092 2039 1143 2082
text 1207 2035 1254 2086
text 1341 2024 1589 2098
text 1485 1961 1584 2006
text 1054 1945 1298 1994
text 1056 1811 1190 1901
text 1190 1812 1333 1899
text 1064 1642 1318 1683
text 1059 1568 1461 1612
text 1236 1294 1585 1340
text 850 1637 931 1819
text 861 1283 920 1563
text 1300 1194 1361 1250
text 1567 1202 1621 1247
text 1631 1235 1669 1276
text 1066 1132 1416 1175
text 1167 1184 1277 1261
text 1059 1181 1162 1265
text 1280 2104 1297 2126
pins 930 1146 1054 2255
pins 1179 2189 1661 2261
pins 1726 2189 2220 2263
pins 2260 2201 2864 2268
pins 2767 2064 2941 2175
pins 2752 2000 2897 2060
pins 2754 1602 2944 1661
pins 3054 1855 3175 1986
pins 3160 1736 3251 2126
pins 2947 1015 3238 1274
pins 1064 1015 1541 1094
pins 1667 1581 1792 1763
pins 1614 1024 2102 1094
pins 2167 1026 2658 1102
pads 2993 1779 3076 1832
connector 3285 1787 3449 2066
text 3250 1039 3286 1261
text 1060 1713 1338 1794
text 1351 1716 1633 1791
connector 2755 1934 2888 1993
