text 2969 2039 3020 2082
text 2858 2035 2905 2086
text 2523 2024 2771 2098
text 2528 1961 2627 2006
text 2814 1945 3058 1994
text 2922 1811 3056 1901
text 2779 1812 2922 1899
text 2794 1642 3048 1683
text 2651 1568 3053 1612
text 2527 1294 2876 1340
text 3181 1637 3262 1819
text 3192 1283 3251 1563
text 2751 1194 2812 1250
text 2491 1202 2545 1247
text 2443 1235 2481 1276
text 2696 1132 3046 1175
text 2835 1184 2945 1261
text 2950 1181 3053 1265
text 2815 2104 2832 2126
pins 3058 1146 3182 2255
pins 2451 2189 2933 2261
pins 1892 2189 2386 2263
pins 1248 2201 1852 2268
pins 1171 2064 1345 2175
pins 1215 2000 1360 2060
pins 1168 1602 1358 1661
pins 937 1855 1058 1986
pins 861 1736 952 2126
pins 874 1015 1165 1274
pins 2571 1015 3048 1094
pins 2320 1581 2445 1763
pins 2010 1024 2498 1094
pins 1454 1026 1945 1102
pads 1036 1779 1119 1832
connector 663 1787 827 2066
text 826 1039 862 1261
text 2774 1713 3052 1794
text 2479 1716 2761 1791
connector 1224 1934 1357 1993
