resistor 2441 194 2460 237
resistor 2414 195 2433 236
resistor 2295 209 2313 249
resistor 2262 208 2283 249
resistor 2229 209 2250 249
resistor 2201 209 2220 249
resistor 2169 209 2188 251
resistor 2137 209 2156 251
resistor 2105 209 2124 251
resistor 2076 209 2095 251
resistor 2499 330 2518 372
resistor 2474 330 2493 372
resistor 2450 330 2469 372
resistor 2586 453 2605 495
resistor 2554 454 2572 496
resistor 2520 453 2541 494
resistor 2489 454 2510 494
resistor 2459 454 2480 494
resistor 2428 454 2448 495
resistor 2399 454 2419 495
resistor 2367 454 2387 495
resistor 2335 455 2355 496
resistor 2306 454 2326 495
resistor 2274 455 2294 496
resistor 2242 455 2262 496
resistor 2210 456 2230 497
resistor 2180 455 2200 496
resistor 2149 455 2169 496
resistor 2117 456 2137 497
resistor 2052 457 2073 497
resistor 1990 456 2011 498
resistor 2024 454 2045 496
resistor 1961 456 1982 498
resistor 1928 456 1949 498
resistor 1899 456 1920 498
resistor 1865 457 1886 499
resistor 1834 457 1855 499
resistor 1804 457 1823 499
resistor 1774 457 1793 499
resistor 1742 458 1761 498
resistor 1709 458 1729 499
resistor 1678 458 1698 499
resistor 1616 459 1636 500
resistor 1584 459 1604 500
resistor 1684 381 1704 422
resistor 1658 381 1678 422
resistor 1561 385 1581 426
resistor 1533 384 1553 425
resistor 1686 214 1706 255
resistor 1656 213 1676 254
resistor 1560 214 1580 255
resistor 1531 215 1549 255
resistor 1453 75 1471 118
resistor 1452 150 1473 191
resistor 1453 224 1474 265
resistor 1453 299 1474 340
resistor 1522 595 1543 636
resistor 1458 596 1479 637
text 2440 105 2467 183
text 2412 107 2439 185
text 2290 143 2318 200
text 2256 136 2285 198
text 2225 137 2254 199
text 2196 137 2225 199
text 2163 138 2192 200
text 2132 137 2161 199
text 2103 138 2132 200
text 2070 138 2099 200
text 2498 241 2525 319
text 2470 243 2497 321
text 2443 243 2470 321
text 2584 366 2611 444
text 2551 374 2578 449
text 2520 380 2547 445
text 2487 377 2513 445
text 2457 376 2483 444
text 2427 373 2454 445
text 2398 373 2425 445
text 2364 373 2391 445
text 2335 372 2362 444
text 2304 372 2331 444
text 2270 373 2297 445
text 2240 372 2268 445
text 2205 376 2234 445
text 2175 374 2206 449
text 2148 367 2174 446
text 2114 374 2140 449
text 2048 385 2077 447
text 2018 384 2047 446
text 1989 385 2018 447
text 1955 384 1984 446
text 1927 388 1953 447
text 1892 386 1919 446
text 1863 386 1890 446
text 1834 392 1860 449
text 1803 387 1831 447
text 1768 385 1797 446
text 1738 385 1767 446
text 1711 387 1738 446
text 1644 455 1672 518
text 1547 451 1575 514
text 1517 451 1545 514
text 1627 378 1654 436
text 1595 379 1623 431
text 1502 386 1528 426
text 1475 385 1501 425
text 1441 349 1469 428
text 1379 441 1420 470
text 1478 207 1506 286
text 1681 144 1708 202
text 1653 144 1680 202
text 1556 161 1584 205
text 1524 161 1552 205
text 1483 61 1561 92
text 1482 94 1561 122
connector 1370 61 1423 427
diode 1293 88 1349 154
text 1261 108 1292 139
text 1181 379 1210 442
text 1150 378 1177 440
text 926 388 954 442
text 896 384 925 444
text 1114 143 1141 208
text 1086 143 1113 208
text 995 148 1022 213
text 965 151 992 210
text 890 180 919 259
text 778 240 854 272
ic 767 107 864 218
resistor 1121 387 1140 427
resistor 1093 387 1113 427
resistor 996 389 1016 429
resistor 969 389 989 429
resistor 1119 220 1138 260
resistor 1092 220 1111 260
resistor 994 222 1014 263
resistor 968 222 988 263
pins 934 270 1296 381
resistor 615 216 635 257
resistor 583 217 603 258
resistor 551 218 571 259
resistor 521 218 541 259
resistor 486 218 506 259
resistor 456 218 476 259
resistor 424 218 444 259
resistor 394 218 414 259
text 611 143 640 203
text 581 144 610 204
text 548 160 577 203
text 517 144 546 204
text 483 160 512 203
text 452 161 481 204
text 419 168 445 205
text 388 161 417 204
text 302 201 371 229
text 295 230 372 259
text 295 350 368 377
text 287 376 368 403
text 162 302 234 329
text 162 331 239 360
text 503 397 582 426
text 506 452 587 481
text 290 328 367 352
text 339 258 366 330
text 82 326 123 355
resistor 252 280 293 299
resistor 254 304 293 325
resistor 310 282 329 321
resistor 179 367 221 387
resistor 178 392 220 412
capacitor 169 416 228 438
text 162 449 239 478
capacitor 309 405 337 420
pads 302 428 344 448
pads 303 454 346 473
ic 351 399 443 476
transistor 82 365 164 442
resistor 451 402 492 423
resistor 453 451 494 472
text 390 478 447 507
pins 370 275 732 386
pins 2541 329 2647 374
pins 2062 268 2422 377
pins 2101 521 2588 638
pins 1439 525 2054 638
pins 1500 269 1860 380
pins 2542 795 2653 845
text 1867 659 2301 792
text 1785 717 1812 780
capacitor 1751 720 1774 781
capacitor 1654 721 1677 782
text 1623 721 1650 775
text 1684 691 1742 719
text 1629 786 1689 812
text 1631 812 1688 837
text 1628 837 1690 862
text 1631 861 1691 886
text 1631 886 1690 912
capacitor 1694 727 1734 748
capacitor 1694 753 1734 774
capacitor 1695 778 1734 799
capacitor 1695 803 1733 825
capacitor 1702 831 1728 846
capacitor 1701 854 1728 873
text 1487 588 1515 667
text 1422 596 1450 668
text 1214 637 1370 664
text 901 574 1133 620
text 700 641 791 666
text 826 737 863 766
text 355 493 383 571
text 267 475 295 553
text 372 639 400 717
text 268 638 296 716
capacitor 386 515 401 542
capacitor 297 492 312 519
connector 17 483 104 697
text 507 566 583 594
text 507 626 583 654
text 507 680 583 708
text 279 608 355 636
text 488 730 564 758
text 488 760 564 788
text 489 791 565 819
text 490 820 566 848
text 489 849 565 877
text 201 755 271 783
text 83 714 165 743
text 85 789 167 818
text 194 784 272 810
text 195 813 273 839
text 196 842 272 871
resistor 430 750 471 771
resistor 430 775 471 796
resistor 430 799 471 820
resistor 430 824 471 845
resistor 432 850 472 869
resistor 281 776 322 796
resistor 281 801 322 821
resistor 282 825 323 845
resistor 282 851 323 871
capacitor 467 574 495 588
capacitor 467 636 495 650
capacitor 304 638 332 652
capacitor 482 680 499 707
capacitor 346 681 363 708
resistor 106 751 147 774
resistor 108 825 149 848
text 351 720 412 752
ic 332 760 418 860
resistor 308 665 327 709
capacitor 2546 862 2574 879
capacitor 2428 914 2450 975
capacitor 2397 931 2410 956
capacitor 2373 931 2386 956
capacitor 2349 932 2362 957
capacitor 2324 932 2337 957
capacitor 2299 932 2312 957
capacitor 2274 933 2287 959
capacitor 2250 932 2262 959
capacitor 2224 932 2238 958
text 2465 858 2539 887
text 2425 831 2453 908
text 2395 837 2423 914
text 2367 843 2394 914
text 2343 839 2368 913
text 2318 836 2343 913
text 2294 837 2319 914
text 2270 836 2295 913
text 2244 837 2269 914
text 2220 837 2245 914
text 2259 1048 2336 1078
text 2587 947 2668 975
text 2496 946 2577 974
text 2394 979 2475 1007
resistor 2593 981 2632 1004
resistor 2534 982 2573 1002
resistor 2347 980 2384 1000
capacitor 2074 979 2097 1040
capacitor 2042 988 2063 1025
capacitor 2014 988 2033 1028
capacitor 1989 993 2006 1022
capacitor 1965 993 1982 1022
capacitor 1940 993 1957 1022
text 2073 1042 2100 1098
text 2044 1037 2071 1097
text 2015 1038 2042 1098
text 1985 1038 2011 1098
text 1955 1038 1983 1096
text 1927 1038 1953 1098
resistor 2069 913 2106 949
resistor 2053 895 2090 931
capacitor 1934 912 1974 952
capacitor 1913 935 1953 975
capacitor 1948 878 2011 937
capacitor 1958 807 2080 926
text 2106 850 2171 918
text 2083 827 2149 899
text 2031 797 2085 854
text 1905 828 1956 884
text 1890 857 1938 915
text 1859 884 1915 938
text 1553 923 1611 977
text 1530 899 1588 953
text 1509 878 1565 928
text 1491 848 1545 904
text 1470 830 1524 886
text 1367 824 1416 878
text 1443 762 1517 832
text 1300 831 1367 899
text 1279 856 1343 918
resistor 1440 813 1479 850
resistor 1357 898 1396 935
pads 1340 915 1379 952
capacitor 1377 840 1454 913
capacitor 1417 879 1473 934
capacitor 1442 901 1499 961
capacitor 1475 935 1510 971
capacitor 1495 952 1533 992
capacitor 1515 972 1553 1012
pads 736 771 960 913
text 915 919 977 949
text 744 915 804 942
text 733 944 803 973
text 758 987 839 1017
pads 861 922 902 942
pads 812 923 853 943
resistor 810 947 851 969
pads 847 983 866 1025
text 537 890 617 915
resistor 555 923 596 944
text 480 960 557 990
capacitor 523 999 552 1015
pins 2546 1025 2649 1195
text 2608 1207 2688 1236
resistor 2558 1212 2598 1235
text 2511 1100 2540 1183
resistor 2519 1192 2539 1233
resistor 2469 1144 2490 1187
resistor 2445 1144 2466 1187
capacitor 2420 1144 2441 1187
capacitor 2399 1150 2413 1179
text 2472 1191 2500 1269
text 2443 1190 2471 1268
text 2413 1191 2441 1269
text 2385 1190 2413 1268
text 2272 1172 2300 1250
resistor 2265 1121 2284 1161
text 2154 1122 2231 1150
resistor 2183 1098 2222 1117
text 2075 1373 2104 1435
text 2045 1372 2074 1434
text 2013 1371 2042 1433
text 1981 1372 2010 1434
text 1952 1380 1981 1435
text 1923 1372 1952 1434
capacitor 2076 1309 2099 1370
capacitor 2046 1320 2066 1361
capacitor 2016 1321 2036 1362
capacitor 1992 1326 2009 1355
capacitor 1968 1327 1985 1356
capacitor 1944 1328 1959 1356
text 1740 1042 1798 1096
text 1655 998 1713 1052
text 1793 1102 1848 1157
text 1794 1181 1848 1234
text 1738 1244 1793 1300
text 1694 1256 1749 1309
text 1660 1058 1714 1114
text 1616 1090 1670 1146
text 1577 1145 1631 1201
text 1594 1188 1645 1236
text 1617 1246 1670 1301
text 1635 1230 1691 1282
text 1734 1138 1763 1196
capacitor 1710 1055 1736 1081
capacitor 1736 1083 1762 1109
capacitor 1776 1124 1802 1152
capacitor 1711 1223 1736 1249
capacitor 1681 1224 1706 1250
capacitor 1710 1111 1734 1137
capacitor 1709 1142 1725 1173
capacitor 1639 1138 1668 1165
capacitor 1643 1166 1670 1193
capacitor 1631 1190 1656 1218
capacitor 1684 1177 1710 1206
capacitor 1671 1192 1699 1217
capacitor 2269 1081 2296 1095
text 1444 985 1471 1062
text 1371 996 1444 1025
text 1363 1029 1444 1058
text 1368 1058 1394 1117
text 1341 1058 1367 1117
text 1315 1058 1341 1117
text 1250 1056 1311 1083
text 1250 1086 1311 1113
text 1171 1081 1232 1108
text 1181 1234 1238 1262
text 1257 1233 1314 1261
text 1487 1109 1513 1172
text 1457 1111 1484 1168
text 1488 1174 1515 1225
text 1457 1170 1484 1229
text 1556 1211 1580 1288
text 1475 1224 1553 1251
text 1478 1252 1556 1279
text 1475 1280 1502 1360
text 1368 1225 1397 1286
text 1341 1227 1370 1288
text 1315 1229 1343 1286
text 1315 1291 1394 1318
text 1315 1319 1394 1346
capacitor 1447 1070 1466 1108
capacitor 1372 1130 1393 1170
capacitor 1348 1130 1369 1170
capacitor 1323 1130 1344 1170
capacitor 1323 1179 1344 1219
capacitor 1348 1178 1369 1218
capacitor 1373 1179 1394 1219
capacitor 1447 1230 1468 1270
capacitor 1448 1299 1469 1339
resistor 1399 1067 1439 1088
resistor 1400 1092 1440 1113
resistor 1401 1228 1441 1249
resistor 1401 1252 1441 1273
resistor 1400 1297 1442 1318
resistor 1400 1321 1442 1342
capacitor 1255 1126 1313 1151
capacitor 1254 1162 1312 1187
capacitor 1256 1199 1314 1224
capacitor 1147 1116 1245 1187
capacitor 1176 1193 1244 1233
capacitor 1426 1136 1439 1163
capacitor 1403 1136 1416 1163
capacitor 1426 1185 1439 1212
capacitor 1404 1185 1417 1212
text 1155 1300 1183 1377
text 1097 1308 1125 1376
text 1125 1317 1153 1376
capacitor 1155 1389 1175 1428
capacitor 1104 1390 1124 1429
ferrite 1127 1386 1149 1432
text 967 1303 994 1383
text 939 1304 965 1383
text 914 1304 939 1382
text 888 1309 914 1384
text 861 1306 885 1384
text 835 1306 859 1384
text 810 1306 834 1384
text 779 1307 806 1385
text 944 1450 971 1528
pads 969 1395 988 1436
resistor 944 1396 963 1436
resistor 919 1396 938 1436
resistor 894 1396 913 1436
resistor 857 1397 876 1437
resistor 832 1397 851 1437
resistor 808 1397 827 1437
resistor 783 1397 802 1437
text 426 1009 507 1036
text 430 1068 507 1096
text 432 1112 501 1140
text 425 1173 503 1200
text 446 1040 506 1066
text 443 1143 503 1169
text 484 1222 562 1249
pins 636 902 684 1012
pins 640 1199 685 1309
pins 579 959 622 1256
resistor 519 1022 559 1043
resistor 519 1121 559 1142
resistor 520 1170 560 1191
capacitor 526 1050 552 1064
capacitor 526 1149 553 1164
capacitor 527 1199 554 1214
text 470 1267 548 1294
text 439 1308 519 1336
text 264 1338 346 1365
text 413 1258 439 1335
text 387 1254 412 1334
text 580 1294 607 1371
text 552 1294 577 1372
text 521 1297 548 1373
pins 137 1389 251 1501
text 329 1506 411 1533
text 526 1481 554 1553
text 446 1464 520 1494
resistor 558 1270 599 1290
resistor 557 1384 576 1424
resistor 584 1382 603 1422
capacitor 532 1384 550 1425
capacitor 532 1433 551 1474
resistor 412 1348 451 1368
pads 382 1348 401 1389
resistor 356 1349 377 1388
resistor 309 1371 350 1392
ic 445 1400 513 1459
resistor 309 1439 426 1496
text 106 1578 179 1607
capacitor 109 1612 181 1653
resistor 127 1670 167 1692
text 109 1701 189 1731
ic 2552 1354 2652 1467
text 2604 1484 2663 1515
capacitor 2511 1398 2524 1424
text 2501 1329 2529 1385
text 2438 1413 2465 1490
text 2404 1415 2431 1486
text 2375 1409 2402 1485
text 2351 1414 2376 1486
text 2327 1413 2352 1485
text 2302 1413 2327 1485
text 2278 1413 2303 1485
text 2253 1413 2278 1485
text 2229 1414 2254 1486
text 2204 1414 2229 1486
capacitor 2440 1368 2458 1406
capacitor 2407 1368 2427 1406
capacitor 2380 1374 2394 1402
capacitor 2354 1374 2370 1403
capacitor 2329 1374 2345 1403
capacitor 2305 1374 2321 1403
capacitor 2280 1375 2296 1404
capacitor 2256 1375 2272 1404
capacitor 2231 1375 2247 1404
capacitor 2206 1375 2222 1404
text 1746 1409 1807 1435
text 1746 1434 1807 1459
text 1752 1460 1807 1484
text 1748 1484 1806 1509
text 1749 1509 1807 1534
text 1749 1533 1807 1558
text 1785 1564 1814 1624
text 1624 1566 1650 1625
text 1690 1617 1748 1643
capacitor 1757 1562 1780 1621
capacitor 1659 1564 1682 1623
capacitor 1705 1448 1731 1464
capacitor 1705 1472 1731 1488
capacitor 1705 1496 1731 1512
capacitor 1700 1519 1739 1540
capacitor 1700 1546 1739 1564
capacitor 1702 1570 1739 1589
capacitor 1701 1594 1739 1614
capacitor 1503 1352 1539 1393
capacitor 1475 1373 1519 1413
capacitor 1445 1387 1505 1445
capacitor 1408 1408 1484 1483
capacitor 1415 1510 1455 1530
resistor 1438 1536 1457 1577
resistor 1414 1537 1433 1578
text 1328 1497 1406 1526
text 1371 1527 1399 1608
text 1338 1527 1366 1608
text 1539 1388 1594 1444
text 1520 1409 1575 1465
text 1499 1432 1554 1488
text 1501 1491 1569 1560
text 1522 1511 1590 1580
pads 1472 1468 1510 1504
pads 1489 1484 1528 1522
transistor 1075 1582 1235 1716
text 1101 1721 1142 1749
text 1041 1705 1068 1787
text 1039 1518 1065 1591
pads 1042 1602 1062 1643
resistor 1041 1652 1065 1702
resistor 915 1475 935 1516
resistor 848 1498 888 1519
text 830 1525 908 1555
text 845 1708 924 1735
resistor 864 1749 904 1771
capacitor 864 1775 905 1796
text 846 1808 914 1837
pads 2517 1561 2558 1580
text 2507 1524 2564 1554
text 2392 1518 2442 1546
text 2273 1519 2314 1548
text 2063 1558 2138 1586
capacitor 2066 1592 2136 1634
pins 2233 1649 2596 1766
pins 1665 1655 2159 1769
text 1937 1535 1995 1564
text 1996 1565 2025 1642
text 1904 1567 1931 1643
resistor 1967 1595 1985 1635
resistor 1942 1594 1960 1634
capacitor 1950 1574 1978 1589
pads 2394 1562 2435 1581
pads 2268 1564 2309 1583
resistor 2541 1588 2560 1628
resistor 2516 1588 2535 1628
text 2600 1553 2627 1633
text 2572 1552 2599 1632
text 2448 1561 2477 1631
text 2354 1555 2383 1633
text 2317 1557 2344 1635
text 2228 1557 2255 1635
resistor 2418 1589 2437 1629
resistor 2394 1590 2413 1630
resistor 2290 1592 2309 1632
resistor 2267 1591 2286 1631
text 2011 2078 2140 2115
text 1827 2116 2107 2149
text 1907 2085 1995 2114
text 1810 2085 1882 2117
text 2640 1554 2718 1584
text 2640 1584 2717 1610
text 2682 1610 2708 1692
text 2649 1612 2677 1691
text 2656 1692 2698 1723
text 2640 1730 2718 1760
text 2643 1762 2720 1788
text 2680 1788 2708 1869
text 2653 1788 2680 1867
text 2661 1870 2703 1901
resistor 2593 1776 2632 1796
resistor 2594 1804 2633 1824
resistor 2615 1829 2636 1871
resistor 2592 1830 2611 1871
capacitor 2593 1877 2632 1897
resistor 2522 1777 2561 1797
resistor 2522 1803 2563 1825
resistor 2544 1829 2565 1871
resistor 2519 1829 2540 1871
capacitor 2521 1876 2563 1899
resistor 2452 1777 2491 1797
resistor 2450 1804 2491 1826
resistor 2474 1831 2495 1873
resistor 2449 1831 2470 1873
capacitor 2450 1878 2492 1901
capacitor 2376 1878 2418 1901
resistor 2400 1831 2421 1873
resistor 2375 1831 2396 1873
resistor 2378 1805 2419 1827
resistor 2378 1778 2417 1798
resistor 2304 1779 2343 1799
resistor 2303 1806 2344 1828
resistor 2326 1832 2347 1874
resistor 2301 1833 2322 1875
capacitor 2303 1880 2345 1903
resistor 2239 1780 2281 1801
resistor 2240 1806 2281 1828
resistor 2237 1832 2258 1874
resistor 2262 1833 2283 1875
capacitor 2240 1880 2282 1903
text 2442 1905 2521 1932
text 2354 1906 2433 1933
text 2238 1912 2317 1939
text 2441 1932 2520 1959
text 2354 1934 2433 1961
text 2238 1939 2317 1966
text 2561 1970 2604 2058
text 2537 1978 2569 2058
text 2537 2058 2591 2094
text 2481 2033 2509 2094
text 2453 2034 2481 2095
text 2349 2038 2377 2099
text 2320 2038 2348 2099
text 2413 2031 2440 2107
text 2383 2035 2411 2107
text 2396 2107 2435 2134
text 2281 1979 2309 2052
text 2247 1970 2275 2052
text 2258 2052 2300 2081
text 2148 1764 2226 1792
text 2151 1791 2227 1820
text 2198 1820 2226 1902
text 2159 1821 2189 1899
text 2172 1902 2213 1932
resistor 2464 1981 2484 2022
resistor 2437 1982 2457 2023
resistor 2375 1982 2396 2023
resistor 2339 1983 2360 2024
resistor 2155 1985 2175 2026
resistor 2119 1986 2139 2027
resistor 1934 1988 1954 2029
resistor 1897 1989 1917 2030
resistor 1712 1966 1732 2007
text 2085 1977 2113 2038
text 2056 1975 2084 2036
text 1929 1923 1958 1978
text 1892 1916 1921 1979
text 1740 1954 1765 2015
text 1543 1955 1568 2016
text 1345 1957 1371 2019
text 1147 1960 1173 2022
resistor 1515 1969 1535 2010
resistor 1317 1971 1337 2012
resistor 1119 1972 1139 2013
pins 1628 1864 1672 2111
pins 1429 1868 1473 2115
pins 1230 1873 1274 2120
ic 2064 1794 2141 1874
text 2061 1883 2137 1912
capacitor 2035 1835 2049 1863
text 1998 1841 2027 1919
ferrite 2006 1792 2052 1814
text 1972 1770 2000 1835
text 1930 1783 1958 1862
text 1847 1868 1875 1933
text 1805 1863 1833 1942
text 1773 1860 1801 1939
text 1737 1862 1765 1941
capacitor 1881 1789 1922 1864
capacitor 1796 1788 1837 1863
ferrite 1838 1789 1878 1864
capacitor 1774 1804 1794 1844
capacitor 1748 1806 1768 1846
text 1510 1658 1538 1740
text 1479 1665 1508 1741
text 1448 1663 1478 1741
text 1446 1812 1524 1841
text 1300 1713 1374 1743
resistor 1464 1751 1484 1792
resistor 1440 1752 1460 1793
capacitor 1414 1752 1435 1792
capacitor 1414 1801 1435 1841
text 879 1878 905 1940
text 849 1878 875 1940
text 919 2014 946 2068
text 888 2012 916 2075
text 890 2085 918 2148
text 919 2086 947 2149
text 928 1948 956 1989
text 713 1908 748 1936
text 795 1996 838 2025
text 797 2070 839 2098
text 781 1873 837 1901
text 606 1869 668 1898
text 422 1871 484 1900
text 251 1867 313 1896
text 384 1911 424 1940
text 448 1997 491 2026
text 455 2069 496 2097
text 551 1903 579 1937
text 614 1946 638 2006
text 587 1946 613 2006
text 593 2016 619 2076
text 618 2020 643 2076
text 619 2089 644 2150
text 594 2089 619 2150
text 564 2089 590 2151
text 534 2088 560 2150
text 534 2015 560 2077
text 560 2014 586 2076
text 487 1876 513 1938
text 517 1876 543 1938
pins 223 1607 421 1796
text 534 1757 563 1835
text 504 1753 534 1834
text 476 1754 502 1834
text 443 1648 472 1728
text 222 1782 251 1862
text 95 1922 177 1954
text 108 1769 151 1800
text 347 1883 377 1945
text 316 1883 346 1945
capacitor 896 1949 917 1990
capacitor 549 1954 570 1995
pads 450 1793 469 1834
resistor 786 1907 828 1929
resistor 612 1908 654 1930
resistor 438 1910 480 1932
resistor 265 1911 307 1933
resistor 103 1893 145 1915
resistor 847 1950 867 1993
resistor 822 1950 842 1993
resistor 823 2024 842 2066
resistor 848 2024 868 2065
resistor 851 2099 871 2140
resistor 826 2098 845 2140
transistor 722 1942 791 2001
transistor 724 2015 793 2074
transistor 723 2090 792 2149
transistor 376 1946 445 2005
transistor 376 2019 445 2078
transistor 377 2093 446 2152
text 205 2109 246 2179
text 245 2107 283 2173
text 280 2019 302 2090
text 250 2009 285 2090
resistor 674 1951 694 1994
resistor 647 1951 667 1994
resistor 649 2025 669 2068
resistor 674 2025 694 2068
resistor 675 2100 695 2143
resistor 650 2100 670 2143
resistor 501 1954 519 1995
resistor 474 1955 495 1995
resistor 499 2027 521 2069
resistor 475 2028 496 2069
resistor 501 2101 522 2144
resistor 475 2102 496 2145
resistor 325 1955 346 1996
resistor 301 1955 322 1998
resistor 337 2029 357 2071
resistor 312 2030 332 2072
resistor 338 2103 357 2147
resistor 311 2103 330 2147
transistor 96 1802 177 1882
resistor 186 1809 208 1851
pins 1033 1870 1077 2117
ic 1327 1749 1398 1812
resistor 448 1735 469 1777
resistor 424 1794 443 1835
resistor 399 1793 418 1834
text 1829 78 1996 199
pins 211 872 283 1349
text 1076 883 1140 951
component 348 1453 392 1480
component 1128 1609 1191 1702
test 654 1388 699 1436
