resistor 313 1984 332 2027
resistor 340 1985 359 2026
resistor 460 1972 478 2012
resistor 490 1972 511 2013
resistor 523 1972 544 2012
resistor 553 1972 572 2012
resistor 585 1970 604 2012
resistor 617 1970 636 2012
resistor 649 1970 668 2012
resistor 678 1970 697 2012
resistor 255 1849 274 1891
resistor 280 1849 299 1891
resistor 304 1849 323 1891
resistor 168 1726 187 1768
resistor 201 1725 219 1767
resistor 232 1727 253 1768
resistor 263 1727 284 1767
resistor 293 1727 314 1767
resistor 325 1726 345 1767
resistor 354 1726 374 1767
resistor 386 1726 406 1767
resistor 418 1725 438 1766
resistor 447 1726 467 1767
resistor 479 1725 499 1766
resistor 511 1725 531 1766
resistor 543 1724 563 1765
resistor 573 1725 593 1766
resistor 604 1725 624 1766
resistor 636 1724 656 1765
resistor 700 1724 721 1764
resistor 762 1723 783 1765
resistor 728 1725 749 1767
resistor 791 1723 812 1765
resistor 824 1723 845 1765
resistor 853 1723 874 1765
resistor 887 1722 908 1764
resistor 918 1722 939 1764
resistor 950 1722 969 1764
resistor 980 1722 999 1764
resistor 1012 1723 1031 1763
resistor 1044 1722 1064 1763
resistor 1075 1722 1095 1763
resistor 1137 1721 1157 1762
resistor 1169 1721 1189 1762
resistor 1069 1799 1089 1840
resistor 1095 1799 1115 1840
resistor 1192 1795 1212 1836
resistor 1220 1796 1240 1837
resistor 1067 1966 1087 2007
resistor 1097 1967 1117 2008
resistor 1193 1966 1213 2007
resistor 1224 1966 1242 2006
resistor 1302 2103 1320 2146
resistor 1300 2030 1321 2071
resistor 1299 1956 1320 1997
resistor 1299 1881 1320 1922
resistor 1230 1585 1251 1626
resistor 1294 1584 1315 1625
text 306 2038 333 2116
text 334 2036 361 2114
text 455 2021 483 2078
text 488 2023 517 2085
text 519 2022 548 2084
text 548 2022 577 2084
text 581 2021 610 2083
text 612 2022 641 2084
text 641 2021 670 2083
text 674 2021 703 2083
text 248 1902 275 1980
text 276 1900 303 1978
text 303 1900 330 1978
text 162 1777 189 1855
text 195 1772 222 1847
text 226 1776 253 1841
text 260 1776 286 1844
text 290 1777 316 1845
text 319 1776 346 1848
text 348 1776 375 1848
text 382 1776 409 1848
text 411 1777 438 1849
text 442 1777 469 1849
text 476 1776 503 1848
text 505 1776 533 1849
text 539 1776 568 1845
text 567 1772 598 1847
text 599 1775 625 1854
text 633 1772 659 1847
text 696 1774 725 1836
text 726 1775 755 1837
text 755 1774 784 1836
text 789 1775 818 1837
text 820 1774 846 1833
text 854 1775 881 1835
text 883 1775 910 1835
text 913 1772 939 1829
text 942 1774 970 1834
text 976 1775 1005 1836
text 1006 1775 1035 1836
text 1035 1775 1062 1834
text 1101 1703 1129 1766
text 1198 1707 1226 1770
text 1228 1707 1256 1770
text 1119 1785 1146 1843
text 1150 1790 1178 1842
text 1245 1795 1271 1835
text 1272 1796 1298 1836
text 1304 1793 1332 1872
text 1353 1751 1394 1780
text 1267 1935 1295 2014
text 1065 2019 1092 2077
text 1093 2019 1120 2077
text 1189 2016 1217 2060
text 1221 2016 1249 2060
text 1212 2129 1290 2160
text 1212 2099 1291 2127
connector 1350 1794 1403 2160
diode 1424 2067 1480 2133
text 1481 2082 1512 2113
text 1563 1779 1592 1842
text 1596 1781 1623 1843
text 1819 1779 1847 1833
text 1848 1777 1877 1837
text 1632 2013 1659 2078
text 1660 2013 1687 2078
text 1751 2008 1778 2073
text 1781 2011 1808 2070
text 1854 1962 1883 2041
text 1919 1949 1995 1981
ic 1909 2003 2006 2114
resistor 1633 1794 1652 1834
resistor 1660 1794 1680 1834
resistor 1757 1792 1777 1832
resistor 1784 1792 1804 1832
resistor 1635 1961 1654 2001
resistor 1662 1961 1681 2001
resistor 1759 1958 1779 1999
resistor 1785 1958 1805 1999
pins 1477 1840 1839 1951
resistor 2138 1964 2158 2005
resistor 2170 1963 2190 2004
resistor 2202 1962 2222 2003
resistor 2232 1962 2252 2003
resistor 2267 1962 2287 2003
resistor 2297 1962 2317 2003
resistor 2329 1962 2349 2003
resistor 2359 1962 2379 2003
text 2133 2018 2162 2078
text 2163 2017 2192 2077
text 2196 2018 2225 2061
text 2227 2017 2256 2077
text 2261 2018 2290 2061
text 2292 2017 2321 2060
text 2328 2016 2354 2053
text 2356 2017 2385 2060
text 2402 1992 2471 2020
text 2401 1962 2478 1991
text 2405 1844 2478 1871
text 2405 1818 2486 1845
text 2539 1892 2611 1919
text 2534 1861 2611 1890
text 2191 1795 2270 1824
text 2186 1740 2267 1769
text 2406 1869 2483 1893
text 2407 1891 2434 1963
text 2650 1866 2691 1895
resistor 2480 1922 2521 1941
resistor 2480 1896 2519 1917
resistor 2444 1900 2463 1939
resistor 2552 1834 2594 1854
resistor 2553 1809 2595 1829
capacitor 2545 1783 2604 1805
text 2534 1743 2611 1772
capacitor 2436 1801 2464 1816
pads 2429 1773 2471 1793
pads 2427 1748 2470 1767
ic 2330 1745 2422 1822
transistor 2609 1779 2691 1856
resistor 2281 1798 2322 1819
resistor 2279 1749 2320 1770
text 2326 1714 2383 1743
pins 2041 1835 2403 1946
pins 126 1847 232 1892
pins 351 1844 711 1953
pins 185 1583 672 1700
pins 719 1583 1334 1696
pins 913 1841 1273 1952
pins 120 1376 231 1426
text 472 1429 906 1562
text 961 1441 988 1504
capacitor 999 1440 1022 1501
capacitor 1096 1439 1119 1500
text 1123 1446 1150 1500
text 1031 1502 1089 1530
text 1084 1409 1144 1435
text 1085 1384 1142 1409
text 1083 1359 1145 1384
text 1082 1335 1142 1360
text 1083 1309 1142 1335
capacitor 1039 1473 1079 1494
capacitor 1039 1447 1079 1468
capacitor 1039 1422 1078 1443
capacitor 1040 1396 1078 1418
capacitor 1045 1375 1071 1390
capacitor 1045 1348 1072 1367
text 1258 1554 1286 1633
text 1323 1553 1351 1625
text 1403 1557 1559 1584
text 1640 1601 1872 1647
text 1982 1555 2073 1580
text 1910 1455 1947 1484
text 2390 1650 2418 1728
text 2478 1668 2506 1746
text 2373 1504 2401 1582
text 2477 1505 2505 1583
capacitor 2372 1679 2387 1706
capacitor 2461 1702 2476 1729
connector 2669 1524 2756 1738
text 2190 1627 2266 1655
text 2190 1567 2266 1595
text 2190 1513 2266 1541
text 2418 1585 2494 1613
text 2209 1463 2285 1491
text 2209 1433 2285 1461
text 2208 1402 2284 1430
text 2207 1373 2283 1401
text 2208 1344 2284 1372
text 2502 1438 2572 1466
text 2608 1478 2690 1507
text 2606 1403 2688 1432
text 2501 1411 2579 1437
text 2500 1382 2578 1408
text 2501 1350 2577 1379
resistor 2302 1450 2343 1471
resistor 2302 1425 2343 1446
resistor 2302 1401 2343 1422
resistor 2302 1376 2343 1397
resistor 2301 1352 2341 1371
resistor 2451 1425 2492 1445
resistor 2451 1400 2492 1420
resistor 2450 1376 2491 1396
resistor 2450 1350 2491 1370
capacitor 2278 1633 2306 1647
capacitor 2278 1571 2306 1585
capacitor 2441 1569 2469 1583
capacitor 2274 1514 2291 1541
capacitor 2410 1513 2427 1540
resistor 2626 1447 2667 1470
resistor 2624 1373 2665 1396
text 2361 1469 2422 1501
ic 2355 1361 2441 1461
resistor 2446 1512 2465 1556
capacitor 199 1342 227 1359
capacitor 323 1246 345 1307
capacitor 363 1265 376 1290
capacitor 387 1265 400 1290
capacitor 411 1264 424 1289
capacitor 436 1264 449 1289
capacitor 461 1264 474 1289
capacitor 486 1262 499 1288
capacitor 511 1262 523 1289
capacitor 535 1263 549 1289
text 234 1334 308 1363
text 320 1313 348 1390
text 350 1307 378 1384
text 379 1307 406 1378
text 405 1308 430 1382
text 430 1308 455 1385
text 454 1307 479 1384
text 478 1308 503 1385
text 504 1307 529 1384
text 528 1307 553 1384
text 437 1143 514 1173
text 105 1246 186 1274
text 196 1247 277 1275
text 298 1214 379 1242
resistor 141 1217 180 1240
resistor 200 1219 239 1239
resistor 389 1221 426 1241
capacitor 676 1181 699 1242
capacitor 710 1196 731 1233
capacitor 740 1193 759 1233
capacitor 767 1199 784 1228
capacitor 791 1199 808 1228
capacitor 816 1199 833 1228
text 673 1123 700 1179
text 702 1124 729 1184
text 731 1123 758 1183
text 762 1123 788 1183
text 790 1125 818 1183
text 820 1123 846 1183
resistor 667 1272 704 1308
resistor 683 1290 720 1326
capacitor 799 1269 839 1309
capacitor 820 1246 860 1286
capacitor 762 1284 825 1343
capacitor 693 1295 815 1414
text 602 1303 667 1371
text 624 1322 690 1394
text 688 1367 742 1424
text 817 1337 868 1393
text 835 1306 883 1364
text 858 1283 914 1337
text 1162 1244 1220 1298
text 1185 1268 1243 1322
text 1208 1293 1264 1343
text 1228 1317 1282 1373
text 1249 1335 1303 1391
text 1357 1343 1406 1397
text 1256 1389 1330 1459
text 1406 1322 1473 1390
text 1430 1303 1494 1365
resistor 1294 1371 1333 1408
resistor 1377 1286 1416 1323
pads 1394 1269 1433 1306
capacitor 1319 1308 1396 1381
capacitor 1300 1287 1356 1342
capacitor 1274 1260 1331 1320
capacitor 1263 1250 1298 1286
capacitor 1240 1229 1278 1269
capacitor 1220 1209 1258 1249
pads 1813 1308 2037 1450
text 1796 1272 1858 1302
text 1969 1279 2029 1306
text 1970 1248 2040 1277
text 1934 1204 2015 1234
pads 1871 1279 1912 1299
pads 1920 1278 1961 1298
resistor 1922 1252 1963 1274
pads 1907 1196 1926 1238
text 2156 1306 2236 1331
resistor 2177 1277 2218 1298
text 2216 1231 2293 1261
capacitor 2221 1206 2250 1222
pins 124 1026 227 1196
text 85 985 165 1014
resistor 175 986 215 1009
text 233 1038 262 1121
resistor 234 988 254 1029
resistor 283 1034 304 1077
resistor 307 1034 328 1077
capacitor 332 1034 353 1077
capacitor 360 1042 374 1071
text 273 952 301 1030
text 302 953 330 1031
text 332 952 360 1030
text 360 953 388 1031
text 473 971 501 1049
resistor 489 1060 508 1100
text 542 1071 619 1099
resistor 551 1104 590 1123
text 669 786 698 848
text 699 787 728 849
text 731 788 760 850
text 763 787 792 849
text 792 786 821 841
text 821 787 850 849
capacitor 674 851 697 912
capacitor 707 860 727 901
capacitor 737 859 757 900
capacitor 764 866 781 895
capacitor 788 865 805 894
capacitor 814 865 829 893
text 975 1125 1033 1179
text 1060 1169 1118 1223
text 925 1064 980 1119
text 925 987 979 1040
text 980 921 1035 977
text 1024 912 1079 965
text 1059 1107 1113 1163
text 1103 1075 1157 1131
text 1142 1020 1196 1076
text 1128 985 1179 1033
text 1103 920 1156 975
text 1082 939 1138 991
text 1010 1025 1039 1083
capacitor 1037 1140 1063 1166
capacitor 1011 1112 1037 1138
capacitor 971 1069 997 1097
capacitor 1037 972 1062 998
capacitor 1067 971 1092 997
capacitor 1039 1084 1063 1110
capacitor 1048 1048 1064 1079
capacitor 1105 1056 1134 1083
capacitor 1103 1028 1130 1055
capacitor 1117 1003 1142 1031
capacitor 1063 1015 1089 1044
capacitor 1074 1004 1102 1029
capacitor 477 1126 504 1140
text 1302 1159 1329 1236
text 1329 1196 1402 1225
text 1329 1163 1410 1192
text 1379 1104 1405 1163
text 1406 1104 1432 1163
text 1432 1104 1458 1163
text 1462 1138 1523 1165
text 1462 1108 1523 1135
text 1541 1113 1602 1140
text 1535 959 1592 987
text 1459 960 1516 988
text 1260 1049 1286 1112
text 1289 1053 1316 1110
text 1258 996 1285 1047
text 1289 992 1316 1051
text 1193 933 1217 1010
text 1220 970 1298 997
text 1217 942 1295 969
text 1271 861 1298 941
text 1376 935 1405 996
text 1403 933 1432 994
text 1430 935 1458 992
text 1379 903 1458 930
text 1379 875 1458 902
capacitor 1307 1113 1326 1151
capacitor 1380 1051 1401 1091
capacitor 1404 1051 1425 1091
capacitor 1429 1051 1450 1091
capacitor 1429 1002 1450 1042
capacitor 1404 1003 1425 1043
capacitor 1379 1002 1400 1042
capacitor 1305 951 1326 991
capacitor 1304 882 1325 922
resistor 1334 1133 1374 1154
resistor 1333 1108 1373 1129
resistor 1332 972 1372 993
resistor 1332 948 1372 969
resistor 1331 903 1373 924
resistor 1331 879 1373 900
capacitor 1460 1070 1518 1095
capacitor 1461 1034 1519 1059
capacitor 1459 997 1517 1022
capacitor 1528 1034 1626 1105
capacitor 1529 988 1597 1028
capacitor 1334 1058 1347 1085
capacitor 1357 1058 1370 1085
capacitor 1334 1009 1347 1036
capacitor 1356 1009 1369 1036
text 1590 844 1618 921
text 1648 845 1676 913
text 1620 845 1648 904
capacitor 1598 793 1618 832
capacitor 1649 792 1669 831
ferrite 1624 789 1646 835
text 1779 838 1806 918
text 1808 838 1834 917
text 1834 839 1859 917
text 1859 837 1885 912
text 1888 837 1912 915
text 1914 837 1938 915
text 1939 837 1963 915
text 1967 836 1994 914
text 1802 693 1829 771
pads 1785 785 1804 826
resistor 1810 785 1829 825
resistor 1835 785 1854 825
resistor 1860 785 1879 825
resistor 1897 784 1916 824
resistor 1922 784 1941 824
resistor 1946 784 1965 824
resistor 1971 784 1990 824
text 2266 1185 2347 1212
text 2266 1125 2343 1153
text 2272 1081 2341 1109
text 2270 1021 2348 1048
text 2267 1155 2327 1181
text 2270 1052 2330 1078
text 2211 972 2289 999
pins 2089 1209 2137 1319
pins 2088 912 2133 1022
pins 2151 965 2194 1262
resistor 2214 1178 2254 1199
resistor 2214 1079 2254 1100
resistor 2213 1030 2253 1051
capacitor 2221 1157 2247 1171
capacitor 2220 1057 2247 1072
capacitor 2219 1007 2246 1022
text 2225 927 2303 954
text 2254 885 2334 913
text 2427 856 2509 883
text 2334 886 2360 963
text 2361 887 2386 967
text 2166 850 2193 927
text 2196 849 2221 927
text 2225 848 2252 924
pins 2522 720 2636 832
text 2362 688 2444 715
text 2219 668 2247 740
text 2253 727 2327 757
resistor 2174 931 2215 951
resistor 2197 797 2216 837
resistor 2170 799 2189 839
capacitor 2223 796 2241 837
capacitor 2222 747 2241 788
resistor 2322 853 2361 873
pads 2372 832 2391 873
resistor 2396 833 2417 872
resistor 2423 829 2464 850
ic 2260 762 2328 821
resistor 2347 725 2464 782
text 2594 614 2667 643
capacitor 2592 568 2664 609
resistor 2606 529 2646 551
text 2584 490 2664 520
ic 121 754 221 867
text 110 706 169 737
capacitor 249 797 262 823
text 244 836 272 892
text 308 731 335 808
text 342 735 369 806
text 371 736 398 812
text 397 735 422 807
text 421 736 446 808
text 446 736 471 808
text 470 736 495 808
text 495 736 520 808
text 519 735 544 807
text 544 735 569 807
capacitor 315 815 333 853
capacitor 346 815 366 853
capacitor 379 819 393 847
capacitor 403 818 419 847
capacitor 428 818 444 847
capacitor 452 818 468 847
capacitor 477 817 493 846
capacitor 501 817 517 846
capacitor 526 817 542 846
capacitor 551 817 567 846
text 966 786 1027 812
text 966 762 1027 787
text 966 737 1021 761
text 967 712 1025 737
text 966 687 1024 712
text 966 663 1024 688
text 959 597 988 657
text 1123 596 1149 655
text 1025 578 1083 604
capacitor 993 600 1016 659
capacitor 1091 598 1114 657
capacitor 1042 757 1068 773
capacitor 1042 733 1068 749
capacitor 1042 709 1068 725
capacitor 1034 681 1073 702
capacitor 1034 657 1073 675
capacitor 1034 632 1071 651
capacitor 1034 607 1072 627
capacitor 1234 828 1270 869
capacitor 1254 808 1298 848
capacitor 1268 776 1328 834
capacitor 1289 738 1365 813
capacitor 1318 691 1358 711
resistor 1316 644 1335 685
resistor 1340 643 1359 684
text 1367 695 1445 724
text 1374 613 1402 694
text 1407 613 1435 694
text 1179 777 1234 833
text 1198 756 1253 812
text 1219 733 1274 789
text 1204 661 1272 730
text 1183 641 1251 710
pads 1263 717 1301 753
pads 1245 699 1284 737
transistor 1538 505 1698 639
text 1631 472 1672 500
text 1705 434 1732 516
text 1708 630 1734 703
pads 1711 578 1731 619
resistor 1708 519 1732 569
resistor 1838 705 1858 746
resistor 1885 702 1925 723
text 1865 666 1943 696
text 1849 486 1928 513
resistor 1869 450 1909 472
capacitor 1868 425 1909 446
text 1859 384 1927 413
pads 215 641 256 660
text 209 667 266 697
text 331 675 381 703
text 459 673 500 702
text 635 635 710 663
capacitor 637 587 707 629
pins 177 455 540 572
pins 614 452 1108 566
text 778 657 836 686
text 748 579 777 656
text 842 578 869 654
resistor 788 586 806 626
resistor 813 587 831 627
capacitor 795 632 823 647
pads 338 640 379 659
pads 464 638 505 657
resistor 213 593 232 633
resistor 238 593 257 633
text 146 588 173 668
text 174 589 201 669
text 296 590 325 660
text 390 588 419 666
text 429 586 456 664
text 518 586 545 664
resistor 336 592 355 632
resistor 360 591 379 631
resistor 464 589 483 629
resistor 487 590 506 630
text 633 106 762 143
text 666 72 946 105
text 778 107 866 136
text 891 104 963 136
text 55 637 133 667
text 56 611 133 637
text 65 529 91 611
text 96 530 124 609
text 75 498 117 529
text 55 461 133 491
text 53 433 130 459
text 65 352 93 433
text 93 354 120 433
text 70 320 112 351
resistor 141 425 180 445
resistor 140 397 179 417
resistor 137 350 158 392
resistor 162 350 181 391
capacitor 141 324 180 344
resistor 212 424 251 444
resistor 210 396 251 418
resistor 208 350 229 392
resistor 233 350 254 392
capacitor 210 322 252 345
resistor 282 424 321 444
resistor 282 395 323 417
resistor 278 348 299 390
resistor 303 348 324 390
capacitor 281 320 323 343
capacitor 355 320 397 343
resistor 352 348 373 390
resistor 377 348 398 390
resistor 354 394 395 416
resistor 356 423 395 443
resistor 430 422 469 442
resistor 429 393 470 415
resistor 426 347 447 389
resistor 451 346 472 388
capacitor 428 318 470 341
resistor 492 420 534 441
resistor 492 393 533 415
resistor 515 347 536 389
resistor 490 346 511 388
capacitor 491 318 533 341
text 252 289 331 316
text 340 288 419 315
text 456 282 535 309
text 253 262 332 289
text 340 260 419 287
text 456 255 535 282
text 169 163 212 251
text 204 163 236 243
text 182 127 236 163
text 264 127 292 188
text 292 126 320 187
text 396 122 424 183
text 425 122 453 183
text 333 114 360 190
text 362 114 390 186
text 338 87 377 114
text 464 169 492 242
text 498 169 526 251
text 473 140 515 169
text 547 429 625 457
text 546 401 622 430
text 547 319 575 401
text 584 322 614 400
text 560 289 601 319
resistor 289 199 309 240
resistor 316 198 336 239
resistor 377 198 398 239
resistor 413 197 434 238
resistor 598 195 618 236
resistor 634 194 654 235
resistor 819 192 839 233
resistor 856 191 876 232
resistor 1041 214 1061 255
text 660 183 688 244
text 689 185 717 246
text 815 243 844 298
text 852 242 881 305
text 1008 206 1033 267
text 1205 205 1230 266
text 1402 202 1428 264
text 1600 199 1626 261
resistor 1238 211 1258 252
resistor 1436 209 1456 250
resistor 1634 208 1654 249
pins 1101 110 1145 357
pins 1300 106 1344 353
pins 1499 101 1543 348
ic 632 347 709 427
text 636 309 712 338
capacitor 724 358 738 386
text 746 302 775 380
ferrite 721 407 767 429
text 773 386 801 451
text 815 359 843 438
text 898 288 926 353
text 940 279 968 358
text 972 282 1000 361
text 1008 280 1036 359
capacitor 851 357 892 432
capacitor 936 358 977 433
ferrite 895 357 935 432
capacitor 979 377 999 417
capacitor 1005 375 1025 415
text 1235 481 1263 563
text 1265 480 1294 556
text 1295 480 1325 558
text 1249 380 1327 409
text 1399 478 1473 508
resistor 1289 429 1309 470
resistor 1313 428 1333 469
capacitor 1338 429 1359 469
capacitor 1338 380 1359 420
text 1868 281 1894 343
text 1898 281 1924 343
text 1827 153 1854 207
text 1857 146 1885 209
text 1855 73 1883 136
text 1826 72 1854 135
text 1817 232 1845 273
text 2025 285 2060 313
text 1935 196 1978 225
text 1934 123 1976 151
text 1936 320 1992 348
text 2105 323 2167 352
text 2289 321 2351 350
text 2460 325 2522 354
text 2349 281 2389 310
text 2282 195 2325 224
text 2277 124 2318 152
text 2194 284 2222 318
text 2135 215 2159 275
text 2160 215 2186 275
text 2154 145 2180 205
text 2130 145 2155 201
text 2129 71 2154 132
text 2154 71 2179 132
text 2183 70 2209 132
text 2213 71 2239 133
text 2213 144 2239 206
text 2187 145 2213 207
text 2260 283 2286 345
text 2230 283 2256 345
pins 2352 425 2550 614
text 2210 386 2239 464
text 2239 387 2269 468
text 2271 387 2297 467
text 2301 493 2330 573
text 2522 359 2551 439
text 2596 267 2678 299
text 2622 421 2665 452
text 2396 276 2426 338
text 2427 276 2457 338
capacitor 1856 231 1877 272
capacitor 2203 226 2224 267
pads 2304 387 2323 428
resistor 1945 292 1987 314
resistor 2119 291 2161 313
resistor 2293 289 2335 311
resistor 2466 288 2508 310
resistor 2628 306 2670 328
resistor 1906 228 1926 271
resistor 1931 228 1951 271
resistor 1931 155 1950 197
resistor 1905 156 1925 197
resistor 1902 81 1922 122
resistor 1928 81 1947 123
transistor 1982 220 2051 279
transistor 1980 147 2049 206
transistor 1981 72 2050 131
transistor 2328 216 2397 275
transistor 2328 143 2397 202
transistor 2327 69 2396 128
text 2527 42 2568 112
text 2490 48 2528 114
text 2471 131 2493 202
text 2488 131 2523 212
resistor 2079 227 2099 270
resistor 2106 227 2126 270
resistor 2104 153 2124 196
resistor 2079 153 2099 196
resistor 2078 78 2098 121
resistor 2103 78 2123 121
resistor 2254 226 2272 267
resistor 2278 226 2299 266
resistor 2252 152 2274 194
resistor 2277 152 2298 193
resistor 2251 77 2272 120
resistor 2277 76 2298 119
resistor 2427 225 2448 266
resistor 2451 223 2472 266
resistor 2416 150 2436 192
resistor 2441 149 2461 191
resistor 2416 74 2435 118
resistor 2443 74 2462 118
transistor 2596 339 2677 419
resistor 2565 370 2587 412
pins 1696 104 1740 351
ic 1375 409 1446 472
resistor 2304 444 2325 486
resistor 2330 386 2349 427
resistor 2355 387 2374 428
text 777 2022 944 2143
pins 2490 872 2562 1349
text 1633 1270 1697 1338
component 2381 741 2425 768
component 1582 519 1645 612
test 2074 785 2119 833
