resistor 313 194 332 237
resistor 340 195 359 236
resistor 460 209 478 249
resistor 490 208 511 249
resistor 523 209 544 249
resistor 553 209 572 249
resistor 585 209 604 251
resistor 617 209 636 251
resistor 649 209 668 251
resistor 678 209 697 251
resistor 255 330 274 372
resistor 280 330 299 372
resistor 304 330 323 372
resistor 168 453 187 495
resistor 201 454 219 496
resistor 232 453 253 494
resistor 263 454 284 494
resistor 293 454 314 494
resistor 325 454 345 495
resistor 354 454 374 495
resistor 386 454 406 495
resistor 418 455 438 496
resistor 447 454 467 495
resistor 479 455 499 496
resistor 511 455 531 496
resistor 543 456 563 497
resistor 573 455 593 496
resistor 604 455 624 496
resistor 636 456 656 497
resistor 700 457 721 497
resistor 762 456 783 498
resistor 728 454 749 496
resistor 791 456 812 498
resistor 824 456 845 498
resistor 853 456 874 498
resistor 887 457 908 499
resistor 918 457 939 499
resistor 950 457 969 499
resistor 980 457 999 499
resistor 1012 458 1031 498
resistor 1044 458 1064 499
resistor 1075 458 1095 499
resistor 1137 459 1157 500
resistor 1169 459 1189 500
resistor 1069 381 1089 422
resistor 1095 381 1115 422
resistor 1192 385 1212 426
resistor 1220 384 1240 425
resistor 1067 214 1087 255
resistor 1097 213 1117 254
resistor 1193 214 1213 255
resistor 1224 215 1242 255
resistor 1302 75 1320 118
resistor 1300 150 1321 191
resistor 1299 224 1320 265
resistor 1299 299 1320 340
resistor 1230 595 1251 636
resistor 1294 596 1315 637
text 306 105 333 183
text 334 107 361 185
text 455 143 483 200
text 488 136 517 198
text 519 137 548 199
text 548 137 577 199
text 581 138 610 200
text 612 137 641 199
text 641 138 670 200
text 674 138 703 200
text 248 241 275 319
text 276 243 303 321
text 303 243 330 321
text 162 366 189 444
text 195 374 222 449
text 226 380 253 445
text 260 377 286 445
text 290 376 316 444
text 319 373 346 445
text 348 373 375 445
text 382 373 409 445
text 411 372 438 444
text 442 372 469 444
text 476 373 503 445
text 505 372 533 445
text 539 376 568 445
text 567 374 598 449
text 599 367 625 446
text 633 374 659 449
text 696 385 725 447
text 726 384 755 446
text 755 385 784 447
text 789 384 818 446
text 820 388 846 447
text 854 386 881 446
text 883 386 910 446
text 913 392 939 449
text 942 387 970 447
text 976 385 1005 446
text 1006 385 1035 446
text 1035 387 1062 446
text 1101 455 1129 518
text 1198 451 1226 514
text 1228 451 1256 514
text 1119 378 1146 436
text 1150 379 1178 431
text 1245 386 1271 426
text 1272 385 1298 425
text 1304 349 1332 428
text 1353 441 1394 470
text 1267 207 1295 286
text 1065 144 1092 202
text 1093 144 1120 202
text 1189 161 1217 205
text 1221 161 1249 205
text 1212 61 1290 92
text 1212 94 1291 122
connector 1350 61 1403 427
diode 1424 88 1480 154
text 1481 108 1512 139
text 1563 379 1592 442
text 1596 378 1623 440
text 1819 388 1847 442
text 1848 384 1877 444
text 1632 143 1659 208
text 1660 143 1687 208
text 1751 148 1778 213
text 1781 151 1808 210
text 1854 180 1883 259
text 1919 240 1995 272
ic 1909 107 2006 218
resistor 1633 387 1652 427
resistor 1660 387 1680 427
resistor 1757 389 1777 429
resistor 1784 389 1804 429
resistor 1635 220 1654 260
resistor 1662 220 1681 260
resistor 1759 222 1779 263
resistor 1785 222 1805 263
pins 1477 270 1839 381
resistor 2138 216 2158 257
resistor 2170 217 2190 258
resistor 2202 218 2222 259
resistor 2232 218 2252 259
resistor 2267 218 2287 259
resistor 2297 218 2317 259
resistor 2329 218 2349 259
resistor 2359 218 2379 259
text 2133 143 2162 203
text 2163 144 2192 204
text 2196 160 2225 203
text 2227 144 2256 204
text 2261 160 2290 203
text 2292 161 2321 204
text 2328 168 2354 205
text 2356 161 2385 204
text 2402 201 2471 229
text 2401 230 2478 259
text 2405 350 2478 377
text 2405 376 2486 403
text 2539 302 2611 329
text 2534 331 2611 360
text 2191 397 2270 426
text 2186 452 2267 481
text 2406 328 2483 352
text 2407 258 2434 330
text 2650 326 2691 355
resistor 2480 280 2521 299
resistor 2480 304 2519 325
resistor 2444 282 2463 321
resistor 2552 367 2594 387
resistor 2553 392 2595 412
capacitor 2545 416 2604 438
text 2534 449 2611 478
capacitor 2436 405 2464 420
pads 2429 428 2471 448
pads 2427 454 2470 473
ic 2330 399 2422 476
transistor 2609 365 2691 442
resistor 2281 402 2322 423
resistor 2279 451 2320 472
text 2326 478 2383 507
pins 2041 275 2403 386
pins 126 329 232 374
pins 351 268 711 377
pins 185 521 672 638
pins 719 525 1334 638
pins 913 269 1273 380
pins 120 795 231 845
text 472 659 906 792
text 961 717 988 780
capacitor 999 720 1022 781
capacitor 1096 721 1119 782
text 1123 721 1150 775
text 1031 691 1089 719
text 1084 786 1144 812
text 1085 812 1142 837
text 1083 837 1145 862
text 1082 861 1142 886
text 1083 886 1142 912
capacitor 1039 727 1079 748
capacitor 1039 753 1079 774
capacitor 1039 778 1078 799
capacitor 1040 803 1078 825
capacitor 1045 831 1071 846
capacitor 1045 854 1072 873
text 1258 588 1286 667
text 1323 596 1351 668
text 1403 637 1559 664
text 1640 574 1872 620
text 1982 641 2073 666
text 1910 737 1947 766
text 2390 493 2418 571
text 2478 475 2506 553
text 2373 639 2401 717
text 2477 638 2505 716
capacitor 2372 515 2387 542
capacitor 2461 492 2476 519
connector 2669 483 2756 697
text 2190 566 2266 594
text 2190 626 2266 654
text 2190 680 2266 708
text 2418 608 2494 636
text 2209 730 2285 758
text 2209 760 2285 788
text 2208 791 2284 819
text 2207 820 2283 848
text 2208 849 2284 877
text 2502 755 2572 783
text 2608 714 2690 743
text 2606 789 2688 818
text 2501 784 2579 810
text 2500 813 2578 839
text 2501 842 2577 871
resistor 2302 750 2343 771
resistor 2302 775 2343 796
resistor 2302 799 2343 820
resistor 2302 824 2343 845
resistor 2301 850 2341 869
resistor 2451 776 2492 796
resistor 2451 801 2492 821
resistor 2450 825 2491 845
resistor 2450 851 2491 871
capacitor 2278 574 2306 588
capacitor 2278 636 2306 650
capacitor 2441 638 2469 652
capacitor 2274 680 2291 707
capacitor 2410 681 2427 708
resistor 2626 751 2667 774
resistor 2624 825 2665 848
text 2361 720 2422 752
ic 2355 760 2441 860
resistor 2446 665 2465 709
capacitor 199 862 227 879
capacitor 323 914 345 975
capacitor 363 931 376 956
capacitor 387 931 400 956
capacitor 411 932 424 957
capacitor 436 932 449 957
capacitor 461 932 474 957
capacitor 486 933 499 959
capacitor 511 932 523 959
capacitor 535 932 549 958
text 234 858 308 887
text 320 831 348 908
text 350 837 378 914
text 379 843 406 914
text 405 839 430 913
text 430 836 455 913
text 454 837 479 914
text 478 836 503 913
text 504 837 529 914
text 528 837 553 914
text 437 1048 514 1078
text 105 947 186 975
text 196 946 277 974
text 298 979 379 1007
resistor 141 981 180 1004
resistor 200 982 239 1002
resistor 389 980 426 1000
capacitor 676 979 699 1040
capacitor 710 988 731 1025
capacitor 740 988 759 1028
capacitor 767 993 784 1022
capacitor 791 993 808 1022
capacitor 816 993 833 1022
text 673 1042 700 1098
text 702 1037 729 1097
text 731 1038 758 1098
text 762 1038 788 1098
text 790 1038 818 1096
text 820 1038 846 1098
resistor 667 913 704 949
resistor 683 895 720 931
capacitor 799 912 839 952
capacitor 820 935 860 975
capacitor 762 878 825 937
capacitor 693 807 815 926
text 602 850 667 918
text 624 827 690 899
text 688 797 742 854
text 817 828 868 884
text 835 857 883 915
text 858 884 914 938
text 1162 923 1220 977
text 1185 899 1243 953
text 1208 878 1264 928
text 1228 848 1282 904
text 1249 830 1303 886
text 1357 824 1406 878
text 1256 762 1330 832
text 1406 831 1473 899
text 1430 856 1494 918
resistor 1294 813 1333 850
resistor 1377 898 1416 935
pads 1394 915 1433 952
capacitor 1319 840 1396 913
capacitor 1300 879 1356 934
capacitor 1274 901 1331 961
capacitor 1263 935 1298 971
capacitor 1240 952 1278 992
capacitor 1220 972 1258 1012
pads 1813 771 2037 913
text 1796 919 1858 949
text 1969 915 2029 942
text 1970 944 2040 973
text 1934 987 2015 1017
pads 1871 922 1912 942
pads 1920 923 1961 943
resistor 1922 947 1963 969
pads 1907 983 1926 1025
text 2156 890 2236 915
resistor 2177 923 2218 944
text 2216 960 2293 990
capacitor 2221 999 2250 1015
pins 124 1025 227 1195
text 85 1207 165 1236
resistor 175 1212 215 1235
text 233 1100 262 1183
resistor 234 1192 254 1233
resistor 283 1144 304 1187
resistor 307 1144 328 1187
capacitor 332 1144 353 1187
capacitor 360 1150 374 1179
text 273 1191 301 1269
text 302 1190 330 1268
text 332 1191 360 1269
text 360 1190 388 1268
text 473 1172 501 1250
resistor 489 1121 508 1161
text 542 1122 619 1150
resistor 551 1098 590 1117
text 669 1373 698 1435
text 699 1372 728 1434
text 731 1371 760 1433
text 763 1372 792 1434
text 792 1380 821 1435
text 821 1372 850 1434
capacitor 674 1309 697 1370
capacitor 707 1320 727 1361
capacitor 737 1321 757 1362
capacitor 764 1326 781 1355
capacitor 788 1327 805 1356
capacitor 814 1328 829 1356
text 975 1042 1033 1096
text 1060 998 1118 1052
text 925 1102 980 1157
text 925 1181 979 1234
text 980 1244 1035 1300
text 1024 1256 1079 1309
text 1059 1058 1113 1114
text 1103 1090 1157 1146
text 1142 1145 1196 1201
text 1128 1188 1179 1236
text 1103 1246 1156 1301
text 1082 1230 1138 1282
text 1010 1138 1039 1196
capacitor 1037 1055 1063 1081
capacitor 1011 1083 1037 1109
capacitor 971 1124 997 1152
capacitor 1037 1223 1062 1249
capacitor 1067 1224 1092 1250
capacitor 1039 1111 1063 1137
capacitor 1048 1142 1064 1173
capacitor 1105 1138 1134 1165
capacitor 1103 1166 1130 1193
capacitor 1117 1190 1142 1218
capacitor 1063 1177 1089 1206
capacitor 1074 1192 1102 1217
capacitor 477 1081 504 1095
text 1302 985 1329 1062
text 1329 996 1402 1025
text 1329 1029 1410 1058
text 1379 1058 1405 1117
text 1406 1058 1432 1117
text 1432 1058 1458 1117
text 1462 1056 1523 1083
text 1462 1086 1523 1113
text 1541 1081 1602 1108
text 1535 1234 1592 1262
text 1459 1233 1516 1261
text 1260 1109 1286 1172
text 1289 1111 1316 1168
text 1258 1174 1285 1225
text 1289 1170 1316 1229
text 1193 1211 1217 1288
text 1220 1224 1298 1251
text 1217 1252 1295 1279
text 1271 1280 1298 1360
text 1376 1225 1405 1286
text 1403 1227 1432 1288
text 1430 1229 1458 1286
text 1379 1291 1458 1318
text 1379 1319 1458 1346
capacitor 1307 1070 1326 1108
capacitor 1380 1130 1401 1170
capacitor 1404 1130 1425 1170
capacitor 1429 1130 1450 1170
capacitor 1429 1179 1450 1219
capacitor 1404 1178 1425 1218
capacitor 1379 1179 1400 1219
capacitor 1305 1230 1326 1270
capacitor 1304 1299 1325 1339
resistor 1334 1067 1374 1088
resistor 1333 1092 1373 1113
resistor 1332 1228 1372 1249
resistor 1332 1252 1372 1273
resistor 1331 1297 1373 1318
resistor 1331 1321 1373 1342
capacitor 1460 1126 1518 1151
capacitor 1461 1162 1519 1187
capacitor 1459 1199 1517 1224
capacitor 1528 1116 1626 1187
capacitor 1529 1193 1597 1233
capacitor 1334 1136 1347 1163
capacitor 1357 1136 1370 1163
capacitor 1334 1185 1347 1212
capacitor 1356 1185 1369 1212
text 1590 1300 1618 1377
text 1648 1308 1676 1376
text 1620 1317 1648 1376
capacitor 1598 1389 1618 1428
capacitor 1649 1390 1669 1429
ferrite 1624 1386 1646 1432
text 1779 1303 1806 1383
text 1808 1304 1834 1383
text 1834 1304 1859 1382
text 1859 1309 1885 1384
text 1888 1306 1912 1384
text 1914 1306 1938 1384
text 1939 1306 1963 1384
text 1967 1307 1994 1385
text 1802 1450 1829 1528
pads 1785 1395 1804 1436
resistor 1810 1396 1829 1436
resistor 1835 1396 1854 1436
resistor 1860 1396 1879 1436
resistor 1897 1397 1916 1437
resistor 1922 1397 1941 1437
resistor 1946 1397 1965 1437
resistor 1971 1397 1990 1437
text 2266 1009 2347 1036
text 2266 1068 2343 1096
text 2272 1112 2341 1140
text 2270 1173 2348 1200
text 2267 1040 2327 1066
text 2270 1143 2330 1169
text 2211 1222 2289 1249
pins 2089 902 2137 1012
pins 2088 1199 2133 1309
pins 2151 959 2194 1256
resistor 2214 1022 2254 1043
resistor 2214 1121 2254 1142
resistor 2213 1170 2253 1191
capacitor 2221 1050 2247 1064
capacitor 2220 1149 2247 1164
capacitor 2219 1199 2246 1214
text 2225 1267 2303 1294
text 2254 1308 2334 1336
text 2427 1338 2509 1365
text 2334 1258 2360 1335
text 2361 1254 2386 1334
text 2166 1294 2193 1371
text 2196 1294 2221 1372
text 2225 1297 2252 1373
pins 2522 1389 2636 1501
text 2362 1506 2444 1533
text 2219 1481 2247 1553
text 2253 1464 2327 1494
resistor 2174 1270 2215 1290
resistor 2197 1384 2216 1424
resistor 2170 1382 2189 1422
capacitor 2223 1384 2241 1425
capacitor 2222 1433 2241 1474
resistor 2322 1348 2361 1368
pads 2372 1348 2391 1389
resistor 2396 1349 2417 1388
resistor 2423 1371 2464 1392
ic 2260 1400 2328 1459
resistor 2347 1439 2464 1496
text 2594 1578 2667 1607
capacitor 2592 1612 2664 1653
resistor 2606 1670 2646 1692
text 2584 1701 2664 1731
ic 121 1354 221 1467
text 110 1484 169 1515
capacitor 249 1398 262 1424
text 244 1329 272 1385
text 308 1413 335 1490
text 342 1415 369 1486
text 371 1409 398 1485
text 397 1414 422 1486
text 421 1413 446 1485
text 446 1413 471 1485
text 470 1413 495 1485
text 495 1413 520 1485
text 519 1414 544 1486
text 544 1414 569 1486
capacitor 315 1368 333 1406
capacitor 346 1368 366 1406
capacitor 379 1374 393 1402
capacitor 403 1374 419 1403
capacitor 428 1374 444 1403
capacitor 452 1374 468 1403
capacitor 477 1375 493 1404
capacitor 501 1375 517 1404
capacitor 526 1375 542 1404
capacitor 551 1375 567 1404
text 966 1409 1027 1435
text 966 1434 1027 1459
text 966 1460 1021 1484
text 967 1484 1025 1509
text 966 1509 1024 1534
text 966 1533 1024 1558
text 959 1564 988 1624
text 1123 1566 1149 1625
text 1025 1617 1083 1643
capacitor 993 1562 1016 1621
capacitor 1091 1564 1114 1623
capacitor 1042 1448 1068 1464
capacitor 1042 1472 1068 1488
capacitor 1042 1496 1068 1512
capacitor 1034 1519 1073 1540
capacitor 1034 1546 1073 1564
capacitor 1034 1570 1071 1589
capacitor 1034 1594 1072 1614
capacitor 1234 1352 1270 1393
capacitor 1254 1373 1298 1413
capacitor 1268 1387 1328 1445
capacitor 1289 1408 1365 1483
capacitor 1318 1510 1358 1530
resistor 1316 1536 1335 1577
resistor 1340 1537 1359 1578
text 1367 1497 1445 1526
text 1374 1527 1402 1608
text 1407 1527 1435 1608
text 1179 1388 1234 1444
text 1198 1409 1253 1465
text 1219 1432 1274 1488
text 1204 1491 1272 1560
text 1183 1511 1251 1580
pads 1263 1468 1301 1504
pads 1245 1484 1284 1522
transistor 1538 1582 1698 1716
text 1631 1721 1672 1749
text 1705 1705 1732 1787
text 1708 1518 1734 1591
pads 1711 1602 1731 1643
resistor 1708 1652 1732 1702
resistor 1838 1475 1858 1516
resistor 1885 1498 1925 1519
text 1865 1525 1943 1555
text 1849 1708 1928 1735
resistor 1869 1749 1909 1771
capacitor 1868 1775 1909 1796
text 1859 1808 1927 1837
pads 215 1561 256 1580
text 209 1524 266 1554
text 331 1518 381 1546
text 459 1519 500 1548
text 635 1558 710 1586
capacitor 637 1592 707 1634
pins 177 1649 540 1766
pins 614 1655 1108 1769
text 778 1535 836 1564
text 748 1565 777 1642
text 842 1567 869 1643
resistor 788 1595 806 1635
resistor 813 1594 831 1634
capacitor 795 1574 823 1589
pads 338 1562 379 1581
pads 464 1564 505 1583
resistor 213 1588 232 1628
resistor 238 1588 257 1628
text 146 1553 173 1633
text 174 1552 201 1632
text 296 1561 325 1631
text 390 1555 419 1633
text 429 1557 456 1635
text 518 1557 545 1635
resistor 336 1589 355 1629
resistor 360 1590 379 1630
resistor 464 1592 483 1632
resistor 487 1591 506 1631
text 633 2078 762 2115
text 666 2116 946 2149
text 778 2085 866 2114
text 891 2085 963 2117
text 55 1554 133 1584
text 56 1584 133 1610
text 65 1610 91 1692
text 96 1612 124 1691
text 75 1692 117 1723
text 55 1730 133 1760
text 53 1762 130 1788
text 65 1788 93 1869
text 93 1788 120 1867
text 70 1870 112 1901
resistor 141 1776 180 1796
resistor 140 1804 179 1824
resistor 137 1829 158 1871
resistor 162 1830 181 1871
capacitor 141 1877 180 1897
resistor 212 1777 251 1797
resistor 210 1803 251 1825
resistor 208 1829 229 1871
resistor 233 1829 254 1871
capacitor 210 1876 252 1899
resistor 282 1777 321 1797
resistor 282 1804 323 1826
resistor 278 1831 299 1873
resistor 303 1831 324 1873
capacitor 281 1878 323 1901
capacitor 355 1878 397 1901
resistor 352 1831 373 1873
resistor 377 1831 398 1873
resistor 354 1805 395 1827
resistor 356 1778 395 1798
resistor 430 1779 469 1799
resistor 429 1806 470 1828
resistor 426 1832 447 1874
resistor 451 1833 472 1875
capacitor 428 1880 470 1903
resistor 492 1780 534 1801
resistor 492 1806 533 1828
resistor 515 1832 536 1874
resistor 490 1833 511 1875
capacitor 491 1880 533 1903
text 252 1905 331 1932
text 340 1906 419 1933
text 456 1912 535 1939
text 253 1932 332 1959
text 340 1934 419 1961
text 456 1939 535 1966
text 169 1970 212 2058
text 204 1978 236 2058
text 182 2058 236 2094
text 264 2033 292 2094
text 292 2034 320 2095
text 396 2038 424 2099
text 425 2038 453 2099
text 333 2031 360 2107
text 362 2035 390 2107
text 338 2107 377 2134
text 464 1979 492 2052
text 498 1970 526 2052
text 473 2052 515 2081
text 547 1764 625 1792
text 546 1791 622 1820
text 547 1820 575 1902
text 584 1821 614 1899
text 560 1902 601 1932
resistor 289 1981 309 2022
resistor 316 1982 336 2023
resistor 377 1982 398 2023
resistor 413 1983 434 2024
resistor 598 1985 618 2026
resistor 634 1986 654 2027
resistor 819 1988 839 2029
resistor 856 1989 876 2030
resistor 1041 1966 1061 2007
text 660 1977 688 2038
text 689 1975 717 2036
text 815 1923 844 1978
text 852 1916 881 1979
text 1008 1954 1033 2015
text 1205 1955 1230 2016
text 1402 1957 1428 2019
text 1600 1960 1626 2022
resistor 1238 1969 1258 2010
resistor 1436 1971 1456 2012
resistor 1634 1972 1654 2013
pins 1101 1864 1145 2111
pins 1300 1868 1344 2115
pins 1499 1873 1543 2120
ic 632 1794 709 1874
text 636 1883 712 1912
capacitor 724 1835 738 1863
text 746 1841 775 1919
ferrite 721 1792 767 1814
text 773 1770 801 1835
text 815 1783 843 1862
text 898 1868 926 1933
text 940 1863 968 1942
text 972 1860 1000 1939
text 1008 1862 1036 1941
capacitor 851 1789 892 1864
capacitor 936 1788 977 1863
ferrite 895 1789 935 1864
capacitor 979 1804 999 1844
capacitor 1005 1806 1025 1846
text 1235 1658 1263 1740
text 1265 1665 1294 1741
text 1295 1663 1325 1741
text 1249 1812 1327 1841
text 1399 1713 1473 1743
resistor 1289 1751 1309 1792
resistor 1313 1752 1333 1793
capacitor 1338 1752 1359 1792
capacitor 1338 1801 1359 1841
text 1868 1878 1894 1940
text 1898 1878 1924 1940
text 1827 2014 1854 2068
text 1857 2012 1885 2075
text 1855 2085 1883 2148
text 1826 2086 1854 2149
text 1817 1948 1845 1989
text 2025 1908 2060 1936
text 1935 1996 1978 2025
text 1934 2070 1976 2098
text 1936 1873 1992 1901
text 2105 1869 2167 1898
text 2289 1871 2351 1900
text 2460 1867 2522 1896
text 2349 1911 2389 1940
text 2282 1997 2325 2026
text 2277 2069 2318 2097
text 2194 1903 2222 1937
text 2135 1946 2159 2006
text 2160 1946 2186 2006
text 2154 2016 2180 2076
text 2130 2020 2155 2076
text 2129 2089 2154 2150
text 2154 2089 2179 2150
text 2183 2089 2209 2151
text 2213 2088 2239 2150
text 2213 2015 2239 2077
text 2187 2014 2213 2076
text 2260 1876 2286 1938
text 2230 1876 2256 1938
pins 2352 1607 2550 1796
text 2210 1757 2239 1835
text 2239 1753 2269 1834
text 2271 1754 2297 1834
text 2301 1648 2330 1728
text 2522 1782 2551 1862
text 2596 1922 2678 1954
text 2622 1769 2665 1800
text 2396 1883 2426 1945
text 2427 1883 2457 1945
capacitor 1856 1949 1877 1990
capacitor 2203 1954 2224 1995
pads 2304 1793 2323 1834
resistor 1945 1907 1987 1929
resistor 2119 1908 2161 1930
resistor 2293 1910 2335 1932
resistor 2466 1911 2508 1933
resistor 2628 1893 2670 1915
resistor 1906 1950 1926 1993
resistor 1931 1950 1951 1993
resistor 1931 2024 1950 2066
resistor 1905 2024 1925 2065
resistor 1902 2099 1922 2140
resistor 1928 2098 1947 2140
transistor 1982 1942 2051 2001
transistor 1980 2015 2049 2074
transistor 1981 2090 2050 2149
transistor 2328 1946 2397 2005
transistor 2328 2019 2397 2078
transistor 2327 2093 2396 2152
text 2527 2109 2568 2179
text 2490 2107 2528 2173
text 2471 2019 2493 2090
text 2488 2009 2523 2090
resistor 2079 1951 2099 1994
resistor 2106 1951 2126 1994
resistor 2104 2025 2124 2068
resistor 2079 2025 2099 2068
resistor 2078 2100 2098 2143
resistor 2103 2100 2123 2143
resistor 2254 1954 2272 1995
resistor 2278 1955 2299 1995
resistor 2252 2027 2274 2069
resistor 2277 2028 2298 2069
resistor 2251 2101 2272 2144
resistor 2277 2102 2298 2145
resistor 2427 1955 2448 1996
resistor 2451 1955 2472 1998
resistor 2416 2029 2436 2071
resistor 2441 2030 2461 2072
resistor 2416 2103 2435 2147
resistor 2443 2103 2462 2147
transistor 2596 1802 2677 1882
resistor 2565 1809 2587 1851
pins 1696 1870 1740 2117
ic 1375 1749 1446 1812
resistor 2304 1735 2325 1777
resistor 2330 1794 2349 1835
resistor 2355 1793 2374 1834
text 777 78 944 199
pins 2490 872 2562 1349
text 1633 883 1697 951
component 2381 1453 2425 1480
component 1582 1609 1645 1702
test 2074 1388 2119 1436
