button 556 399 927 606
connector 944 311 1605 877
connector 1846 299 2500 884
connector 2763 306 3393 884
connector 3646 314 4283 882
button 4359 409 4737 614
jumper 4427 772 4659 877
jumper 4437 1511 4644 1619
connector 4407 1867 4639 2189
capacitor 4456 2233 4617 2348
connector 3922 2865 4566 3094
connector 3037 2880 3854 3084
button 4354 3258 4556 3621
button 4041 3248 4241 3623
button 3683 3255 3890 3616
button 3337 3253 3539 3614
switch 2895 3155 3139 3645
switch 2585 3150 2829 3643
switch 2273 3153 2517 3643
switch 1961 3153 2202 3645
resistor 1770 3575 1848 3619
resistor 1766 3538 1848 3579
resistor 1770 3495 1848 3540
resistor 1491 3575 1572 3623
resistor 1493 3538 1570 3575
resistor 1493 3495 1574 3540
resistor 1219 3577 1301 3621
resistor 1219 3538 1301 3577
resistor 1219 3497 1301 3538
resistor 944 3579 1024 3621
resistor 948 3542 1024 3579
resistor 946 3499 1024 3538
resistor 1926 3023 1966 3095
resistor 1885 3024 1932 3099
resistor 1844 3021 1885 3103
resistor 1750 3023 1793 3101
resistor 1713 3019 1748 3097
resistor 1674 3021 1713 3097
resistor 1630 3023 1675 3099
resistor 1272 2928 1328 3036
resistor 1271 2646 1329 2754
resistor 1342 2842 1421 2885
resistor 1344 2805 1419 2842
resistor 1662 2521 1734 2560
resistor 1732 2523 1813 2564
resistor 1834 2521 1913 2562
resistor 1909 2521 1987 2562
resistor 1909 2566 1950 2642
pads 1793 2575 1834 2652
resistor 1695 2566 1738 2640
resistor 2491 2589 2562 2699
resistor 2505 2944 2595 2995
resistor 1750 2115 1793 2191
resistor 1713 2113 1752 2195
resistor 1670 2117 1713 2193
resistor 2001 2056 2085 2103
pads 2003 2019 2083 2056
pads 2007 1983 2083 2019
pads 2003 1940 2081 1979
pads 2005 1897 2085 1940
resistor 744 1111 823 1160
resistor 1019 919 1099 960
resistor 1019 962 1099 1001
resistor 1352 985 1397 1058
resistor 1395 979 1438 1068
resistor 1274 1174 1321 1256
resistor 1393 1256 1438 1336
resistor 1389 1370 1440 1456
resistor 1942 1097 1987 1177
resistor 1938 1372 1985 1454
resistor 1989 1372 2026 1454
resistor 2281 1489 2323 1570
resistor 2324 1491 2366 1574
resistor 2368 1495 2401 1572
resistor 2442 1493 2483 1570
resistor 2487 1454 2558 1495
resistor 2474 1409 2550 1458
led 605 3105 650 3205
led 821 3311 909 3348
led 1095 3307 1191 3346
led 1372 3305 1462 3344
led 1644 3303 1738 3344
led 813 3501 915 3619
led 1089 3495 1193 3617
led 1366 3491 1466 3619
led 1642 3499 1742 3615
led 579 1507 674 1550
led 581 1391 672 1428
led 687 677 785 723
connector 426 1000 702 1338
connector 447 1657 1537 2348
jumper 710 2422 832 2650
connector 468 2695 1085 3077
connector 3734 1087 4560 1291
connector 2662 1093 3697 1297
capacitor 746 923 815 1033
capacitor 737 1036 820 1077
capacitor 749 1079 815 1112
capacitor 759 1242 810 1268
capacitor 746 1273 823 1315
capacitor 728 1337 792 1443
capacitor 997 1433 1044 1469
ferrite 833 933 887 1020
ferrite 800 1363 849 1458
capacitor 1536 2988 1602 3101
capacitor 1541 2869 1605 2981
capacitor 1541 2712 1600 2819
capacitor 1421 2802 1462 2881
capacitor 1461 2837 1536 2888
capacitor 1618 2933 1661 3012
capacitor 1616 2655 1666 2740
capacitor 1539 2596 1602 2709
inductor 1348 2896 1515 3060
inductor 1344 2615 1511 2778
inductor 2155 2916 2323 3084
inductor 2165 2545 2413 2787
ferrite 1585 2205 1640 2299
capacitor 1593 1948 1633 1968
capacitor 1592 1986 1630 2009
capacitor 1592 2027 1631 2047
capacitor 1574 2050 1653 2100
capacitor 1817 2196 1837 2240
capacitor 1931 2113 1955 2160
capacitor 1978 2117 2081 2175
capacitor 1860 2203 1937 2251
capacitor 2090 1103 2210 1263
capacitor 2150 1315 2240 1375
capacitor 2105 1385 2213 1445
capacitor 2488 1533 2558 1575
capacitor 2482 1491 2560 1535
capacitor 2490 1291 2554 1403
capacitor 1910 1765 1936 1807
capacitor 1956 1757 2074 1819
capacitor 2004 2595 2068 2713
capacitor 2000 2747 2050 2833
capacitor 1998 2855 2046 2935
capacitor 1968 3023 2004 3097
capacitor 2008 2973 2072 3085
capacitor 2348 2917 2412 3023
capacitor 2422 2907 2486 3027
capacitor 2466 2717 2582 2873
resistor 3262 2831 3316 2915
capacitor 1656 2563 1692 2639
capacitor 1752 2571 1790 2653
capacitor 1828 2573 1874 2651
capacitor 1950 2561 1988 2641
ic 1674 1827 1934 2087
ic 868 1027 1252 1399
ic 1465 991 1906 1426
ic 2258 1297 2438 1473
inductor 2230 997 2552 1287
ic 3868 1833 4264 2389
ic 1672 2683 1972 2980
ic 2687 1700 3550 2536
test 1446 2427 1542 2533
text 654 350 790 389
text 659 624 793 668
text 531 673 662 727
text 733 733 890 791
text 734 796 875 851
text 734 853 895 907
text 675 850 731 1002
text 541 922 651 989
text 893 883 949 1009
text 718 1155 844 1197
text 718 1199 844 1237
text 1130 894 1292 950
text 1130 953 1289 1009
text 1620 343 1708 407
text 577 1437 702 1497
text 579 1556 733 1615
text 734 1458 793 1617
text 793 1471 856 1599
text 877 1420 990 1479
text 1054 1419 1210 1483
text 1287 971 1338 1130
text 1339 1071 1384 1166
text 1407 906 1518 950
text 1548 909 1651 947
text 1446 963 1569 1014
text 1269 1269 1326 1423
text 1327 1186 1384 1344
text 1322 1345 1386 1502
text 1427 1575 1513 1641
text 1545 1424 1658 1484
text 1724 1422 1833 1482
text 1938 936 1995 1095
text 1916 1212 1971 1365
text 1975 1213 2031 1365
text 2033 1091 2086 1247
text 2033 1250 2088 1406
text 2016 1465 2168 1519
text 2289 912 2393 950
text 2425 913 2528 951
text 2136 1544 2278 1600
text 2561 999 2643 1053
text 2593 1116 2669 1172
text 2581 1236 2637 1386
text 2579 1386 2737 1445
text 2579 1447 2738 1503
text 2581 1507 2731 1558
text 2581 1562 2731 1619
text 3169 892 3273 930
text 3306 892 3409 930
text 2786 1212 2867 1269
text 2729 969 2767 1068
text 2826 965 2864 1069
text 2944 1010 2979 1047
text 3038 1012 3078 1047
text 3138 957 3176 1069
text 3237 958 3272 1069
text 3334 961 3372 1071
text 3431 957 3469 1072
text 3527 986 3565 1068
text 3622 985 3658 1069
text 2927 1313 2965 1420
text 3029 1310 3064 1419
text 3127 1307 3165 1422
text 3230 1310 3269 1417
text 3324 1307 3362 1420
text 3427 1307 3465 1422
text 3526 1309 3568 1422
text 3619 1306 3660 1416
text 2513 338 2598 417
text 3403 345 3495 409
text 4027 911 4131 949
text 4166 909 4269 947
text 4303 344 4379 406
text 4462 357 4620 398
text 4482 706 4599 762
text 4471 888 4610 926
text 3779 986 3820 1067
text 3879 984 3917 1067
text 3978 982 4016 1069
text 4075 982 4112 1068
text 4171 985 4212 1064
text 4271 981 4309 1067
text 4369 985 4407 1064
text 4468 981 4505 1062
text 4557 1203 4634 1267
text 3779 1309 3822 1419
text 3879 1307 3914 1419
text 3975 1313 4016 1417
text 4074 1306 4112 1417
text 4174 1306 4210 1417
text 4269 1303 4309 1419
text 4368 1305 4405 1417
text 4467 1305 4503 1416
text 4476 1448 4593 1507
component 772 2065 1268 2129
text 1548 1676 1669 1733
text 1545 1734 1702 1793
text 1544 1795 1657 1854
text 1545 1851 1664 1913
text 1738 1755 1858 1814
text 1896 1633 1951 1755
text 1957 1700 2074 1748
text 1545 2195 1585 2292
text 1654 2193 1698 2322
text 1710 2193 1760 2319
text 1767 2199 1816 2320
text 1800 2130 1900 2184
text 1940 2203 2058 2264
text 1606 2330 1733 2379
text 1740 2330 1874 2376
text 1878 2329 2005 2376
text 2013 2329 2140 2374
text 2092 1834 2245 1888
text 2093 1892 2247 1948
text 2093 1954 2245 2006
text 2095 2012 2244 2067
text 2093 2068 2245 2122
text 2093 2131 2140 2243
text 2147 2129 2261 2181
text 2278 2293 2816 2393
text 2340 2462 2414 2514
text 2989 1636 3088 1698
text 3527 1836 3781 2060
text 3516 1536 4278 1662
text 4003 1778 4113 1824
text 3706 2471 4288 2603
text 4388 1898 4416 1953
text 4658 1998 4698 2081
text 4491 1813 4569 1869
text 4469 2344 4591 2391
text 658 2354 771 2424
text 569 2461 609 2564
text 850 2465 891 2568
text 555 2631 898 2681
text 968 2634 1086 2692
text 1334 2436 1430 2495
text 1386 2551 1475 2610
text 1214 2605 1269 2765
text 1096 2776 1145 2981
text 1165 2778 1300 2830
text 1162 2851 1292 2896
text 1213 2900 1267 3061
text 1547 2437 1600 2591
text 1614 2388 1655 2512
text 1657 2389 1698 2512
text 1709 2388 1757 2509
text 1769 2388 1816 2513
text 1830 2388 1872 2514
text 1907 2388 1951 2513
text 1967 2385 2010 2513
text 2016 2416 2069 2571
text 1612 2526 1660 2647
text 1626 2740 1671 2930
text 1251 3064 1334 3114
text 1361 3088 1399 3214
text 1400 3086 1440 3217
text 1536 3106 1579 3236
text 1595 3107 1634 3233
text 1633 3103 1675 3231
text 1674 3105 1715 3231
text 1715 3106 1754 3234
text 1754 3113 1796 3234
text 1811 3105 1853 3231
text 1853 3105 1891 3231
text 1890 3101 1931 3232
text 1938 3108 2064 3151
text 2074 3088 2196 3132
text 2211 3080 2294 3135
text 2057 2773 2165 2822
text 2056 2826 2186 2879
text 2056 2876 2180 2919
text 795 3088 852 3142
text 1016 3097 1080 3131
text 664 3074 716 3220
text 2356 3027 2400 3155
text 2435 3026 2478 3150
text 2504 3003 2660 3053
text 2583 2555 2632 2705
text 2602 2711 2652 2863
text 2952 2978 3027 3039
text 3220 2822 3260 2956
text 3341 2884 3415 2943
text 3470 2747 3510 2839
text 3567 2745 3607 2836
text 3659 2699 3701 2840
text 3759 2677 3798 2836
text 3174 3088 3215 3231
text 3272 3092 3312 3188
text 3369 3094 3407 3188
text 3469 3094 3507 3187
text 3565 3082 3606 3185
text 3662 3085 3703 3188
text 3759 3099 3799 3188
text 3974 2772 4012 2834
text 4069 2772 4110 2837
text 4169 2772 4207 2840
text 4267 2768 4304 2841
text 4364 2742 4404 2836
text 4459 2747 4501 2840
text 3973 3103 4015 3168
text 4073 3106 4110 3166
text 4169 3101 4207 3168
text 4265 3103 4306 3168
text 4363 3101 4407 3167
text 4463 3100 4502 3168
text 4553 2999 4614 3059
text 544 3230 723 3272
text 801 3240 919 3291
text 799 3630 923 3685
text 958 3317 1076 3369
text 957 3375 1074 3429
text 958 3431 1079 3489
text 1076 3238 1199 3293
text 1075 3631 1200 3679
text 1231 3316 1351 3368
text 1233 3374 1353 3427
text 1233 3434 1336 3486
text 1353 3237 1472 3291
text 1351 3630 1467 3679
text 1507 3314 1626 3369
text 1507 3372 1623 3426
text 1509 3433 1623 3486
text 1627 3237 1747 3288
text 1627 3629 1744 3679
text 1762 3313 1881 3369
text 1761 3372 1879 3427
text 1761 3431 1882 3484
text 2213 3496 2261 3636
text 2523 3500 2575 3634
text 2836 3506 2882 3638
text 3145 3498 3195 3637
text 3360 3626 3529 3678
text 3710 3626 3882 3676
text 4062 3626 4226 3676
text 4376 3627 4547 3676
text 4445 1633 4627 1681
text 2210 1598 2265 1755
text 2269 1596 2324 1758
text 2330 1610 2382 1755
text 2389 1602 2437 1758
text 2444 1596 2500 1754
pads 2406 1494 2442 1576
component 1013 1146 1135 1200
component 1576 1101 1800 1326
component 2291 1076 2479 1195
component 2874 2105 3159 2432
component 3167 1830 3438 2138
connector 620 2420 712 2627
component 1282 2677 1310 2726
component 1284 2967 1309 3011
component 1391 2648 1454 2743
component 1400 2939 1462 3029
component 2223 2610 2360 2716
component 2198 2948 2285 3021
component 2512 2618 2540 2672
connector 2588 354 2680 946
capacitor 1562 2125 1663 2186
