button 556 3305 927 3512
connector 944 3034 1605 3600
connector 1846 3027 2500 3612
connector 2763 3027 3393 3605
connector 3646 3029 4283 3597
button 4359 3297 4737 3502
jumper 4427 3034 4659 3139
jumper 4437 2292 4644 2400
connector 4407 1722 4639 2044
capacitor 4456 1563 4617 1678
connector 3922 817 4566 1046
connector 3037 827 3854 1031
button 4354 290 4556 653
button 4041 288 4241 663
button 3683 295 3890 656
button 3337 297 3539 658
switch 2895 266 3139 756
switch 2585 268 2829 761
switch 2273 268 2517 758
switch 1961 266 2202 758
resistor 1770 292 1848 336
resistor 1766 332 1848 373
resistor 1770 371 1848 416
resistor 1491 288 1572 336
resistor 1493 336 1570 373
resistor 1493 371 1574 416
resistor 1219 290 1301 334
resistor 1219 334 1301 373
resistor 1219 373 1301 414
resistor 944 290 1024 332
resistor 948 332 1024 369
resistor 946 373 1024 412
resistor 1926 816 1966 888
resistor 1885 812 1932 887
resistor 1844 808 1885 890
resistor 1750 810 1793 888
resistor 1713 814 1748 892
resistor 1674 814 1713 890
resistor 1630 812 1675 888
resistor 1272 875 1328 983
resistor 1271 1157 1329 1265
resistor 1342 1026 1421 1069
resistor 1344 1069 1419 1106
resistor 1662 1351 1734 1390
resistor 1732 1347 1813 1388
resistor 1834 1349 1913 1390
resistor 1909 1349 1987 1390
resistor 1909 1269 1950 1345
pads 1793 1259 1834 1336
resistor 1695 1271 1738 1345
resistor 2491 1212 2562 1322
resistor 2505 916 2595 967
resistor 1750 1720 1793 1796
resistor 1713 1716 1752 1798
resistor 1670 1718 1713 1794
resistor 2001 1808 2085 1855
pads 2003 1855 2083 1892
pads 2007 1892 2083 1928
pads 2003 1932 2081 1971
pads 2005 1971 2085 2014
resistor 744 2751 823 2800
resistor 1019 2951 1099 2992
resistor 1019 2910 1099 2949
resistor 1352 2853 1397 2926
resistor 1395 2843 1438 2932
resistor 1274 2655 1321 2737
resistor 1393 2575 1438 2655
resistor 1389 2455 1440 2541
resistor 1942 2734 1987 2814
resistor 1938 2457 1985 2539
resistor 1989 2457 2026 2539
resistor 2281 2341 2323 2422
resistor 2324 2337 2366 2420
resistor 2368 2339 2401 2416
resistor 2442 2341 2483 2418
resistor 2487 2416 2558 2457
resistor 2474 2453 2550 2502
led 605 706 650 806
led 821 563 909 600
led 1095 565 1191 604
led 1372 567 1462 606
led 1644 567 1738 608
led 813 292 915 410
led 1089 294 1193 416
led 1366 292 1466 420
led 1642 296 1742 412
led 579 2361 674 2404
led 581 2483 672 2520
led 687 3188 785 3234
connector 426 2573 702 2911
connector 447 1563 1537 2254
jumper 710 1261 832 1489
connector 468 834 1085 1216
connector 3734 2620 4560 2824
connector 2662 2614 3697 2818
capacitor 746 2878 815 2988
capacitor 737 2834 820 2875
capacitor 749 2799 815 2832
capacitor 759 2643 810 2669
capacitor 746 2596 823 2638
capacitor 728 2468 792 2574
capacitor 997 2442 1044 2478
ferrite 833 2891 887 2978
ferrite 800 2453 849 2548
capacitor 1536 810 1602 923
capacitor 1541 930 1605 1042
capacitor 1541 1092 1600 1199
capacitor 1421 1030 1462 1109
capacitor 1461 1023 1536 1074
capacitor 1618 899 1661 978
capacitor 1616 1171 1666 1256
capacitor 1539 1202 1602 1315
inductor 1348 851 1515 1015
inductor 1344 1133 1511 1296
inductor 2155 827 2323 995
inductor 2165 1124 2413 1366
ferrite 1585 1612 1640 1706
capacitor 1593 1943 1633 1963
capacitor 1592 1902 1630 1925
capacitor 1592 1864 1631 1884
capacitor 1574 1811 1653 1861
capacitor 1817 1671 1837 1715
capacitor 1931 1751 1955 1798
capacitor 1978 1736 2081 1794
capacitor 1860 1660 1937 1708
capacitor 2090 2648 2210 2808
capacitor 2150 2536 2240 2596
capacitor 2105 2466 2213 2526
capacitor 2488 2336 2558 2378
capacitor 2482 2376 2560 2420
capacitor 2490 2508 2554 2620
capacitor 1910 2104 1936 2146
capacitor 1956 2092 2074 2154
capacitor 2004 1198 2068 1316
capacitor 2000 1078 2050 1164
capacitor 1998 976 2046 1056
capacitor 1968 814 2004 888
capacitor 2008 826 2072 938
capacitor 2348 888 2412 994
capacitor 2422 884 2486 1004
capacitor 2466 1038 2582 1194
resistor 3262 996 3316 1080
capacitor 1656 1272 1692 1348
capacitor 1752 1258 1790 1340
capacitor 1828 1260 1874 1338
capacitor 1950 1270 1988 1350
ic 1674 1824 1934 2084
ic 868 2512 1252 2884
ic 1465 2485 1906 2920
ic 2258 2438 2438 2614
inductor 2230 2624 2552 2914
ic 3868 1522 4264 2078
ic 1672 931 1972 1228
ic 2687 1375 3550 2211
test 1446 1378 1542 1484
text 654 3522 790 3561
text 659 3243 793 3287
text 531 3184 662 3238
text 733 3120 890 3178
text 734 3060 875 3115
text 734 3004 895 3058
text 675 2909 731 3061
text 541 2922 651 2989
text 893 2902 949 3028
text 718 2714 844 2756
text 718 2674 844 2712
text 1130 2961 1292 3017
text 1130 2902 1289 2958
text 1620 3504 1708 3568
text 577 2414 702 2474
text 579 2296 733 2355
text 734 2294 793 2453
text 793 2312 856 2440
text 877 2432 990 2491
text 1054 2428 1210 2492
text 1287 2781 1338 2940
text 1339 2745 1384 2840
text 1407 2961 1518 3005
text 1548 2964 1651 3002
text 1446 2897 1569 2948
text 1269 2488 1326 2642
text 1327 2567 1384 2725
text 1322 2409 1386 2566
text 1427 2270 1513 2336
text 1545 2427 1658 2487
text 1724 2429 1833 2489
text 1938 2816 1995 2975
text 1916 2546 1971 2699
text 1975 2546 2031 2698
text 2033 2664 2086 2820
text 2033 2505 2088 2661
text 2016 2392 2168 2446
text 2289 2961 2393 2999
text 2425 2960 2528 2998
text 2136 2311 2278 2367
text 2561 2858 2643 2912
text 2593 2739 2669 2795
text 2581 2525 2637 2675
text 2579 2466 2737 2525
text 2579 2408 2738 2464
text 2581 2353 2731 2404
text 2581 2292 2731 2349
text 3169 2981 3273 3019
text 3306 2981 3409 3019
text 2786 2642 2867 2699
text 2729 2843 2767 2942
text 2826 2842 2864 2946
text 2944 2864 2979 2901
text 3038 2864 3078 2899
text 3138 2842 3176 2954
text 3237 2842 3272 2953
text 3334 2840 3372 2950
text 3431 2839 3469 2954
text 3527 2843 3565 2925
text 3622 2842 3658 2926
text 2927 2491 2965 2598
text 3029 2492 3064 2601
text 3127 2489 3165 2604
text 3230 2494 3269 2601
text 3324 2491 3362 2604
text 3427 2489 3465 2604
text 3526 2489 3568 2602
text 3619 2495 3660 2605
text 2513 3494 2598 3573
text 3403 3502 3495 3566
text 4027 2962 4131 3000
text 4166 2964 4269 3002
text 4303 3505 4379 3567
text 4462 3513 4620 3554
text 4482 3149 4599 3205
text 4471 2985 4610 3023
text 3779 2844 3820 2925
text 3879 2844 3917 2927
text 3978 2842 4016 2929
text 4075 2843 4112 2929
text 4171 2847 4212 2926
text 4271 2844 4309 2930
text 4369 2847 4407 2926
text 4468 2849 4505 2930
text 4557 2644 4634 2708
text 3779 2492 3822 2602
text 3879 2492 3914 2604
text 3975 2494 4016 2598
text 4074 2494 4112 2605
text 4174 2494 4210 2605
text 4269 2492 4309 2608
text 4368 2494 4405 2606
text 4467 2495 4503 2606
text 4476 2404 4593 2463
component 772 1782 1268 1846
text 1548 2178 1669 2235
text 1545 2118 1702 2177
text 1544 2057 1657 2116
text 1545 1998 1664 2060
text 1738 2097 1858 2156
text 1896 2156 1951 2278
text 1957 2163 2074 2211
text 1545 1619 1585 1716
text 1654 1589 1698 1718
text 1710 1592 1760 1718
text 1767 1591 1816 1712
text 1800 1727 1900 1781
text 1940 1647 2058 1708
text 1606 1532 1733 1581
text 1740 1535 1874 1581
text 1878 1535 2005 1582
text 2013 1537 2140 1582
text 2092 2023 2245 2077
text 2093 1963 2247 2019
text 2093 1905 2245 1957
text 2095 1844 2244 1899
text 2093 1789 2245 1843
text 2093 1668 2140 1780
text 2147 1730 2261 1782
text 2278 1518 2816 1618
text 2340 1397 2414 1449
text 2989 2213 3088 2275
text 3527 1851 3781 2075
text 3516 2249 4278 2375
text 4003 2087 4113 2133
text 3706 1308 4288 1440
text 4388 1958 4416 2013
text 4658 1830 4698 1913
text 4491 2042 4569 2098
text 4469 1520 4591 1567
text 658 1487 771 1557
text 569 1347 609 1450
text 850 1343 891 1446
text 555 1230 898 1280
text 968 1219 1086 1277
text 1334 1416 1430 1475
text 1386 1301 1475 1360
text 1214 1146 1269 1306
text 1096 930 1145 1135
text 1165 1081 1300 1133
text 1162 1015 1292 1060
text 1213 850 1267 1011
text 1547 1320 1600 1474
text 1614 1399 1655 1523
text 1657 1399 1698 1522
text 1709 1402 1757 1523
text 1769 1398 1816 1523
text 1830 1397 1872 1523
text 1907 1398 1951 1523
text 1967 1398 2010 1526
text 2016 1340 2069 1495
text 1612 1264 1660 1385
text 1626 981 1671 1171
text 1251 797 1334 847
text 1361 697 1399 823
text 1400 694 1440 825
text 1536 675 1579 805
text 1595 678 1634 804
text 1633 680 1675 808
text 1674 680 1715 806
text 1715 677 1754 805
text 1754 677 1796 798
text 1811 680 1853 806
text 1853 680 1891 806
text 1890 679 1931 810
text 1938 760 2064 803
text 2074 779 2196 823
text 2211 776 2294 831
text 2057 1089 2165 1138
text 2056 1032 2186 1085
text 2056 992 2180 1035
text 795 769 852 823
text 1016 780 1080 814
text 664 691 716 837
text 2356 756 2400 884
text 2435 761 2478 885
text 2504 858 2660 908
text 2583 1206 2632 1356
text 2602 1048 2652 1200
text 2952 872 3027 933
text 3220 955 3260 1089
text 3341 968 3415 1027
text 3470 1072 3510 1164
text 3567 1075 3607 1166
text 3659 1071 3701 1212
text 3759 1075 3798 1234
text 3174 680 3215 823
text 3272 723 3312 819
text 3369 723 3407 817
text 3469 724 3507 817
text 3565 726 3606 829
text 3662 723 3703 826
text 3759 723 3799 812
text 3974 1077 4012 1139
text 4069 1074 4110 1139
text 4169 1071 4207 1139
text 4267 1070 4304 1143
text 4364 1075 4404 1169
text 4459 1071 4501 1164
text 3973 743 4015 808
text 4073 745 4110 805
text 4169 743 4207 810
text 4265 743 4306 808
text 4363 744 4407 810
text 4463 743 4502 811
text 4553 852 4614 912
text 544 639 723 681
text 801 620 919 671
text 799 226 923 281
text 958 542 1076 594
text 957 482 1074 536
text 958 422 1079 480
text 1076 618 1199 673
text 1075 232 1200 280
text 1231 543 1351 595
text 1233 484 1353 537
text 1233 425 1336 477
text 1353 620 1472 674
text 1351 232 1467 281
text 1507 542 1626 597
text 1507 485 1623 539
text 1509 425 1623 478
text 1627 623 1747 674
text 1627 232 1744 282
text 1762 542 1881 598
text 1761 484 1879 539
text 1761 427 1882 480
text 2213 275 2261 415
text 2523 277 2575 411
text 2836 273 2882 405
text 3145 274 3195 413
text 3360 233 3529 285
text 3710 235 3882 285
text 4062 235 4226 285
text 4376 235 4547 284
text 4445 2230 4627 2278
text 2210 2156 2265 2313
text 2269 2153 2324 2315
text 2330 2156 2382 2301
text 2389 2153 2437 2309
text 2444 2157 2500 2315
pads 2406 2335 2442 2417
component 1013 2711 1135 2765
component 1576 2585 1800 2810
component 2291 2716 2479 2835
component 2874 1479 3159 1806
component 3167 1773 3438 2081
connector 620 1284 712 1491
component 1282 1185 1310 1234
component 1284 900 1309 944
component 1391 1168 1454 1263
component 1400 882 1462 972
component 2223 1195 2360 1301
component 2198 890 2285 963
component 2512 1239 2540 1293
connector 2588 2965 2680 3557
capacitor 1562 1725 1663 1786
