resistor 2441 1984 2460 2027
resistor 2414 1985 2433 2026
resistor 2295 1972 2313 2012
resistor 2262 1972 2283 2013
resistor 2229 1972 2250 2012
resistor 2201 1972 2220 2012
resistor 2169 1970 2188 2012
resistor 2137 1970 2156 2012
resistor 2105 1970 2124 2012
resistor 2076 1970 2095 2012
resistor 2499 1849 2518 1891
resistor 2474 1849 2493 1891
resistor 2450 1849 2469 1891
resistor 2586 1726 2605 1768
resistor 2554 1725 2572 1767
resistor 2520 1727 2541 1768
resistor 2489 1727 2510 1767
resistor 2459 1727 2480 1767
resistor 2428 1726 2448 1767
resistor 2399 1726 2419 1767
resistor 2367 1726 2387 1767
resistor 2335 1725 2355 1766
resistor 2306 1726 2326 1767
resistor 2274 1725 2294 1766
resistor 2242 1725 2262 1766
resistor 2210 1724 2230 1765
resistor 2180 1725 2200 1766
resistor 2149 1725 2169 1766
resistor 2117 1724 2137 1765
resistor 2052 1724 2073 1764
resistor 1990 1723 2011 1765
resistor 2024 1725 2045 1767
resistor 1961 1723 1982 1765
resistor 1928 1723 1949 1765
resistor 1899 1723 1920 1765
resistor 1865 1722 1886 1764
resistor 1834 1722 1855 1764
resistor 1804 1722 1823 1764
resistor 1774 1722 1793 1764
resistor 1742 1723 1761 1763
resistor 1709 1722 1729 1763
resistor 1678 1722 1698 1763
resistor 1616 1721 1636 1762
resistor 1584 1721 1604 1762
resistor 1684 1799 1704 1840
resistor 1658 1799 1678 1840
resistor 1561 1795 1581 1836
resistor 1533 1796 1553 1837
resistor 1686 1966 1706 2007
resistor 1656 1967 1676 2008
resistor 1560 1966 1580 2007
resistor 1531 1966 1549 2006
resistor 1453 2103 1471 2146
resistor 1452 2030 1473 2071
resistor 1453 1956 1474 1997
resistor 1453 1881 1474 1922
resistor 1522 1585 1543 1626
resistor 1458 1584 1479 1625
text 2440 2038 2467 2116
text 2412 2036 2439 2114
text 2290 2021 2318 2078
text 2256 2023 2285 2085
text 2225 2022 2254 2084
text 2196 2022 2225 2084
text 2163 2021 2192 2083
text 2132 2022 2161 2084
text 2103 2021 2132 2083
text 2070 2021 2099 2083
text 2498 1902 2525 1980
text 2470 1900 2497 1978
text 2443 1900 2470 1978
text 2584 1777 2611 1855
text 2551 1772 2578 1847
text 2520 1776 2547 1841
text 2487 1776 2513 1844
text 2457 1777 2483 1845
text 2427 1776 2454 1848
text 2398 1776 2425 1848
text 2364 1776 2391 1848
text 2335 1777 2362 1849
text 2304 1777 2331 1849
text 2270 1776 2297 1848
text 2240 1776 2268 1849
text 2205 1776 2234 1845
text 2175 1772 2206 1847
text 2148 1775 2174 1854
text 2114 1772 2140 1847
text 2048 1774 2077 1836
text 2018 1775 2047 1837
text 1989 1774 2018 1836
text 1955 1775 1984 1837
text 1927 1774 1953 1833
text 1892 1775 1919 1835
text 1863 1775 1890 1835
text 1834 1772 1860 1829
text 1803 1774 1831 1834
text 1768 1775 1797 1836
text 1738 1775 1767 1836
text 1711 1775 1738 1834
text 1644 1703 1672 1766
text 1547 1707 1575 1770
text 1517 1707 1545 1770
text 1627 1785 1654 1843
text 1595 1790 1623 1842
text 1502 1795 1528 1835
text 1475 1796 1501 1836
text 1441 1793 1469 1872
text 1379 1751 1420 1780
text 1478 1935 1506 2014
text 1681 2019 1708 2077
text 1653 2019 1680 2077
text 1556 2016 1584 2060
text 1524 2016 1552 2060
text 1483 2129 1561 2160
text 1482 2099 1561 2127
connector 1370 1794 1423 2160
diode 1293 2067 1349 2133
text 1261 2082 1292 2113
text 1181 1779 1210 1842
text 1150 1781 1177 1843
text 926 1779 954 1833
text 896 1777 925 1837
text 1114 2013 1141 2078
text 1086 2013 1113 2078
text 995 2008 1022 2073
text 965 2011 992 2070
text 890 1962 919 2041
text 778 1949 854 1981
ic 767 2003 864 2114
resistor 1121 1794 1140 1834
resistor 1093 1794 1113 1834
resistor 996 1792 1016 1832
resistor 969 1792 989 1832
resistor 1119 1961 1138 2001
resistor 1092 1961 1111 2001
resistor 994 1958 1014 1999
resistor 968 1958 988 1999
pins 934 1840 1296 1951
resistor 615 1964 635 2005
resistor 583 1963 603 2004
resistor 551 1962 571 2003
resistor 521 1962 541 2003
resistor 486 1962 506 2003
resistor 456 1962 476 2003
resistor 424 1962 444 2003
resistor 394 1962 414 2003
text 611 2018 640 2078
text 581 2017 610 2077
text 548 2018 577 2061
text 517 2017 546 2077
text 483 2018 512 2061
text 452 2017 481 2060
text 419 2016 445 2053
text 388 2017 417 2060
text 302 1992 371 2020
text 295 1962 372 1991
text 295 1844 368 1871
text 287 1818 368 1845
text 162 1892 234 1919
text 162 1861 239 1890
text 503 1795 582 1824
text 506 1740 587 1769
text 290 1869 367 1893
text 339 1891 366 1963
text 82 1866 123 1895
resistor 252 1922 293 1941
resistor 254 1896 293 1917
resistor 310 1900 329 1939
resistor 179 1834 221 1854
resistor 178 1809 220 1829
capacitor 169 1783 228 1805
text 162 1743 239 1772
capacitor 309 1801 337 1816
pads 302 1773 344 1793
pads 303 1748 346 1767
ic 351 1745 443 1822
transistor 82 1779 164 1856
resistor 451 1798 492 1819
resistor 453 1749 494 1770
text 390 1714 447 1743
pins 370 1835 732 1946
pins 2541 1847 2647 1892
pins 2062 1844 2422 1953
pins 2101 1583 2588 1700
pins 1439 1583 2054 1696
pins 1500 1841 1860 1952
pins 2542 1376 2653 1426
text 1867 1429 2301 1562
text 1785 1441 1812 1504
capacitor 1751 1440 1774 1501
capacitor 1654 1439 1677 1500
text 1623 1446 1650 1500
text 1684 1502 1742 1530
text 1629 1409 1689 1435
text 1631 1384 1688 1409
text 1628 1359 1690 1384
text 1631 1335 1691 1360
text 1631 1309 1690 1335
capacitor 1694 1473 1734 1494
capacitor 1694 1447 1734 1468
capacitor 1695 1422 1734 1443
capacitor 1695 1396 1733 1418
capacitor 1702 1375 1728 1390
capacitor 1701 1348 1728 1367
text 1487 1554 1515 1633
text 1422 1553 1450 1625
text 1214 1557 1370 1584
text 901 1601 1133 1647
text 700 1555 791 1580
text 826 1455 863 1484
text 355 1650 383 1728
text 267 1668 295 1746
text 372 1504 400 1582
text 268 1505 296 1583
capacitor 386 1679 401 1706
capacitor 297 1702 312 1729
connector 17 1524 104 1738
text 507 1627 583 1655
text 507 1567 583 1595
text 507 1513 583 1541
text 279 1585 355 1613
text 488 1463 564 1491
text 488 1433 564 1461
text 489 1402 565 1430
text 490 1373 566 1401
text 489 1344 565 1372
text 201 1438 271 1466
text 83 1478 165 1507
text 85 1403 167 1432
text 194 1411 272 1437
text 195 1382 273 1408
text 196 1350 272 1379
resistor 430 1450 471 1471
resistor 430 1425 471 1446
resistor 430 1401 471 1422
resistor 430 1376 471 1397
resistor 432 1352 472 1371
resistor 281 1425 322 1445
resistor 281 1400 322 1420
resistor 282 1376 323 1396
resistor 282 1350 323 1370
capacitor 467 1633 495 1647
capacitor 467 1571 495 1585
capacitor 304 1569 332 1583
capacitor 482 1514 499 1541
capacitor 346 1513 363 1540
resistor 106 1447 147 1470
resistor 108 1373 149 1396
text 351 1469 412 1501
ic 332 1361 418 1461
resistor 308 1512 327 1556
capacitor 2546 1342 2574 1359
capacitor 2428 1246 2450 1307
capacitor 2397 1265 2410 1290
capacitor 2373 1265 2386 1290
capacitor 2349 1264 2362 1289
capacitor 2324 1264 2337 1289
capacitor 2299 1264 2312 1289
capacitor 2274 1262 2287 1288
capacitor 2250 1262 2262 1289
capacitor 2224 1263 2238 1289
text 2465 1334 2539 1363
text 2425 1313 2453 1390
text 2395 1307 2423 1384
text 2367 1307 2394 1378
text 2343 1308 2368 1382
text 2318 1308 2343 1385
text 2294 1307 2319 1384
text 2270 1308 2295 1385
text 2244 1307 2269 1384
text 2220 1307 2245 1384
text 2259 1143 2336 1173
text 2587 1246 2668 1274
text 2496 1247 2577 1275
text 2394 1214 2475 1242
resistor 2593 1217 2632 1240
resistor 2534 1219 2573 1239
resistor 2347 1221 2384 1241
capacitor 2074 1181 2097 1242
capacitor 2042 1196 2063 1233
capacitor 2014 1193 2033 1233
capacitor 1989 1199 2006 1228
capacitor 1965 1199 1982 1228
capacitor 1940 1199 1957 1228
text 2073 1123 2100 1179
text 2044 1124 2071 1184
text 2015 1123 2042 1183
text 1985 1123 2011 1183
text 1955 1125 1983 1183
text 1927 1123 1953 1183
resistor 2069 1272 2106 1308
resistor 2053 1290 2090 1326
capacitor 1934 1269 1974 1309
capacitor 1913 1246 1953 1286
capacitor 1948 1284 2011 1343
capacitor 1958 1295 2080 1414
text 2106 1303 2171 1371
text 2083 1322 2149 1394
text 2031 1367 2085 1424
text 1905 1337 1956 1393
text 1890 1306 1938 1364
text 1859 1283 1915 1337
text 1553 1244 1611 1298
text 1530 1268 1588 1322
text 1509 1293 1565 1343
text 1491 1317 1545 1373
text 1470 1335 1524 1391
text 1367 1343 1416 1397
text 1443 1389 1517 1459
text 1300 1322 1367 1390
text 1279 1303 1343 1365
resistor 1440 1371 1479 1408
resistor 1357 1286 1396 1323
pads 1340 1269 1379 1306
capacitor 1377 1308 1454 1381
capacitor 1417 1287 1473 1342
capacitor 1442 1260 1499 1320
capacitor 1475 1250 1510 1286
capacitor 1495 1229 1533 1269
capacitor 1515 1209 1553 1249
pads 736 1308 960 1450
text 915 1272 977 1302
text 744 1279 804 1306
text 733 1248 803 1277
text 758 1204 839 1234
pads 861 1279 902 1299
pads 812 1278 853 1298
resistor 810 1252 851 1274
pads 847 1196 866 1238
text 537 1306 617 1331
resistor 555 1277 596 1298
text 480 1231 557 1261
capacitor 523 1206 552 1222
pins 2546 1026 2649 1196
text 2608 985 2688 1014
resistor 2558 986 2598 1009
text 2511 1038 2540 1121
resistor 2519 988 2539 1029
resistor 2469 1034 2490 1077
resistor 2445 1034 2466 1077
capacitor 2420 1034 2441 1077
capacitor 2399 1042 2413 1071
text 2472 952 2500 1030
text 2443 953 2471 1031
text 2413 952 2441 1030
text 2385 953 2413 1031
text 2272 971 2300 1049
resistor 2265 1060 2284 1100
text 2154 1071 2231 1099
resistor 2183 1104 2222 1123
text 2075 786 2104 848
text 2045 787 2074 849
text 2013 788 2042 850
text 1981 787 2010 849
text 1952 786 1981 841
text 1923 787 1952 849
capacitor 2076 851 2099 912
capacitor 2046 860 2066 901
capacitor 2016 859 2036 900
capacitor 1992 866 2009 895
capacitor 1968 865 1985 894
capacitor 1944 865 1959 893
text 1740 1125 1798 1179
text 1655 1169 1713 1223
text 1793 1064 1848 1119
text 1794 987 1848 1040
text 1738 921 1793 977
text 1694 912 1749 965
text 1660 1107 1714 1163
text 1616 1075 1670 1131
text 1577 1020 1631 1076
text 1594 985 1645 1033
text 1617 920 1670 975
text 1635 939 1691 991
text 1734 1025 1763 1083
capacitor 1710 1140 1736 1166
capacitor 1736 1112 1762 1138
capacitor 1776 1069 1802 1097
capacitor 1711 972 1736 998
capacitor 1681 971 1706 997
capacitor 1710 1084 1734 1110
capacitor 1709 1048 1725 1079
capacitor 1639 1056 1668 1083
capacitor 1643 1028 1670 1055
capacitor 1631 1003 1656 1031
capacitor 1684 1015 1710 1044
capacitor 1671 1004 1699 1029
capacitor 2269 1126 2296 1140
text 1444 1159 1471 1236
text 1371 1196 1444 1225
text 1363 1163 1444 1192
text 1368 1104 1394 1163
text 1341 1104 1367 1163
text 1315 1104 1341 1163
text 1250 1138 1311 1165
text 1250 1108 1311 1135
text 1171 1113 1232 1140
text 1181 959 1238 987
text 1257 960 1314 988
text 1487 1049 1513 1112
text 1457 1053 1484 1110
text 1488 996 1515 1047
text 1457 992 1484 1051
text 1556 933 1580 1010
text 1475 970 1553 997
text 1478 942 1556 969
text 1475 861 1502 941
text 1368 935 1397 996
text 1341 933 1370 994
text 1315 935 1343 992
text 1315 903 1394 930
text 1315 875 1394 902
capacitor 1447 1113 1466 1151
capacitor 1372 1051 1393 1091
capacitor 1348 1051 1369 1091
capacitor 1323 1051 1344 1091
capacitor 1323 1002 1344 1042
capacitor 1348 1003 1369 1043
capacitor 1373 1002 1394 1042
capacitor 1447 951 1468 991
capacitor 1448 882 1469 922
resistor 1399 1133 1439 1154
resistor 1400 1108 1440 1129
resistor 1401 972 1441 993
resistor 1401 948 1441 969
resistor 1400 903 1442 924
resistor 1400 879 1442 900
capacitor 1255 1070 1313 1095
capacitor 1254 1034 1312 1059
capacitor 1256 997 1314 1022
capacitor 1147 1034 1245 1105
capacitor 1176 988 1244 1028
capacitor 1426 1058 1439 1085
capacitor 1403 1058 1416 1085
capacitor 1426 1009 1439 1036
capacitor 1404 1009 1417 1036
text 1155 844 1183 921
text 1097 845 1125 913
text 1125 845 1153 904
capacitor 1155 793 1175 832
capacitor 1104 792 1124 831
ferrite 1127 789 1149 835
text 967 838 994 918
text 939 838 965 917
text 914 839 939 917
text 888 837 914 912
text 861 837 885 915
text 835 837 859 915
text 810 837 834 915
text 779 836 806 914
text 944 693 971 771
pads 969 785 988 826
resistor 944 785 963 825
resistor 919 785 938 825
resistor 894 785 913 825
resistor 857 784 876 824
resistor 832 784 851 824
resistor 808 784 827 824
resistor 783 784 802 824
text 426 1185 507 1212
text 430 1125 507 1153
text 432 1081 501 1109
text 425 1021 503 1048
text 446 1155 506 1181
text 443 1052 503 1078
text 484 972 562 999
pins 636 1209 684 1319
pins 640 912 685 1022
pins 579 965 622 1262
resistor 519 1178 559 1199
resistor 519 1079 559 1100
resistor 520 1030 560 1051
capacitor 526 1157 552 1171
capacitor 526 1057 553 1072
capacitor 527 1007 554 1022
text 470 927 548 954
text 439 885 519 913
text 264 856 346 883
text 413 886 439 963
text 387 887 412 967
text 580 850 607 927
text 552 849 577 927
text 521 848 548 924
pins 137 720 251 832
text 329 688 411 715
text 526 668 554 740
text 446 727 520 757
resistor 558 931 599 951
resistor 557 797 576 837
resistor 584 799 603 839
capacitor 532 796 550 837
capacitor 532 747 551 788
resistor 412 853 451 873
pads 382 832 401 873
resistor 356 833 377 872
resistor 309 829 350 850
ic 445 762 513 821
resistor 309 725 426 782
text 106 614 179 643
capacitor 109 568 181 609
resistor 127 529 167 551
text 109 490 189 520
ic 2552 754 2652 867
text 2604 706 2663 737
capacitor 2511 797 2524 823
text 2501 836 2529 892
text 2438 731 2465 808
text 2404 735 2431 806
text 2375 736 2402 812
text 2351 735 2376 807
text 2327 736 2352 808
text 2302 736 2327 808
text 2278 736 2303 808
text 2253 736 2278 808
text 2229 735 2254 807
text 2204 735 2229 807
capacitor 2440 815 2458 853
capacitor 2407 815 2427 853
capacitor 2380 819 2394 847
capacitor 2354 818 2370 847
capacitor 2329 818 2345 847
capacitor 2305 818 2321 847
capacitor 2280 817 2296 846
capacitor 2256 817 2272 846
capacitor 2231 817 2247 846
capacitor 2206 817 2222 846
text 1746 786 1807 812
text 1746 762 1807 787
text 1752 737 1807 761
text 1748 712 1806 737
text 1749 687 1807 712
text 1749 663 1807 688
text 1785 597 1814 657
text 1624 596 1650 655
text 1690 578 1748 604
capacitor 1757 600 1780 659
capacitor 1659 598 1682 657
capacitor 1705 757 1731 773
capacitor 1705 733 1731 749
capacitor 1705 709 1731 725
capacitor 1700 681 1739 702
capacitor 1700 657 1739 675
capacitor 1702 632 1739 651
capacitor 1701 607 1739 627
capacitor 1503 828 1539 869
capacitor 1475 808 1519 848
capacitor 1445 776 1505 834
capacitor 1408 738 1484 813
capacitor 1415 691 1455 711
resistor 1438 644 1457 685
resistor 1414 643 1433 684
text 1328 695 1406 724
text 1371 613 1399 694
text 1338 613 1366 694
text 1539 777 1594 833
text 1520 756 1575 812
text 1499 733 1554 789
text 1501 661 1569 730
text 1522 641 1590 710
pads 1472 717 1510 753
pads 1489 699 1528 737
transistor 1075 505 1235 639
text 1101 472 1142 500
text 1041 434 1068 516
text 1039 630 1065 703
pads 1042 578 1062 619
resistor 1041 519 1065 569
resistor 915 705 935 746
resistor 848 702 888 723
text 830 666 908 696
text 845 486 924 513
resistor 864 450 904 472
capacitor 864 425 905 446
text 846 384 914 413
pads 2517 641 2558 660
text 2507 667 2564 697
text 2392 675 2442 703
text 2273 673 2314 702
text 2063 635 2138 663
capacitor 2066 587 2136 629
pins 2233 455 2596 572
pins 1665 452 2159 566
text 1937 657 1995 686
text 1996 579 2025 656
text 1904 578 1931 654
resistor 1967 586 1985 626
resistor 1942 587 1960 627
capacitor 1950 632 1978 647
pads 2394 640 2435 659
pads 2268 638 2309 657
resistor 2541 593 2560 633
resistor 2516 593 2535 633
text 2600 588 2627 668
text 2572 589 2599 669
text 2448 590 2477 660
text 2354 588 2383 666
text 2317 586 2344 664
text 2228 586 2255 664
resistor 2418 592 2437 632
resistor 2394 591 2413 631
resistor 2290 589 2309 629
resistor 2267 590 2286 630
text 2011 106 2140 143
text 1827 72 2107 105
text 1907 107 1995 136
text 1810 104 1882 136
text 2640 637 2718 667
text 2640 611 2717 637
text 2682 529 2708 611
text 2649 530 2677 609
text 2656 498 2698 529
text 2640 461 2718 491
text 2643 433 2720 459
text 2680 352 2708 433
text 2653 354 2680 433
text 2661 320 2703 351
resistor 2593 425 2632 445
resistor 2594 397 2633 417
resistor 2615 350 2636 392
resistor 2592 350 2611 391
capacitor 2593 324 2632 344
resistor 2522 424 2561 444
resistor 2522 396 2563 418
resistor 2544 350 2565 392
resistor 2519 350 2540 392
capacitor 2521 322 2563 345
resistor 2452 424 2491 444
resistor 2450 395 2491 417
resistor 2474 348 2495 390
resistor 2449 348 2470 390
capacitor 2450 320 2492 343
capacitor 2376 320 2418 343
resistor 2400 348 2421 390
resistor 2375 348 2396 390
resistor 2378 394 2419 416
resistor 2378 423 2417 443
resistor 2304 422 2343 442
resistor 2303 393 2344 415
resistor 2326 347 2347 389
resistor 2301 346 2322 388
capacitor 2303 318 2345 341
resistor 2239 420 2281 441
resistor 2240 393 2281 415
resistor 2237 347 2258 389
resistor 2262 346 2283 388
capacitor 2240 318 2282 341
text 2442 289 2521 316
text 2354 288 2433 315
text 2238 282 2317 309
text 2441 262 2520 289
text 2354 260 2433 287
text 2238 255 2317 282
text 2561 163 2604 251
text 2537 163 2569 243
text 2537 127 2591 163
text 2481 127 2509 188
text 2453 126 2481 187
text 2349 122 2377 183
text 2320 122 2348 183
text 2413 114 2440 190
text 2383 114 2411 186
text 2396 87 2435 114
text 2281 169 2309 242
text 2247 169 2275 251
text 2258 140 2300 169
text 2148 429 2226 457
text 2151 401 2227 430
text 2198 319 2226 401
text 2159 322 2189 400
text 2172 289 2213 319
resistor 2464 199 2484 240
resistor 2437 198 2457 239
resistor 2375 198 2396 239
resistor 2339 197 2360 238
resistor 2155 195 2175 236
resistor 2119 194 2139 235
resistor 1934 192 1954 233
resistor 1897 191 1917 232
resistor 1712 214 1732 255
text 2085 183 2113 244
text 2056 185 2084 246
text 1929 243 1958 298
text 1892 242 1921 305
text 1740 206 1765 267
text 1543 205 1568 266
text 1345 202 1371 264
text 1147 199 1173 261
resistor 1515 211 1535 252
resistor 1317 209 1337 250
resistor 1119 208 1139 249
pins 1628 110 1672 357
pins 1429 106 1473 353
pins 1230 101 1274 348
ic 2064 347 2141 427
text 2061 309 2137 338
capacitor 2035 358 2049 386
text 1998 302 2027 380
ferrite 2006 407 2052 429
text 1972 386 2000 451
text 1930 359 1958 438
text 1847 288 1875 353
text 1805 279 1833 358
text 1773 282 1801 361
text 1737 280 1765 359
capacitor 1881 357 1922 432
capacitor 1796 358 1837 433
ferrite 1838 357 1878 432
capacitor 1774 377 1794 417
capacitor 1748 375 1768 415
text 1510 481 1538 563
text 1479 480 1508 556
text 1448 480 1478 558
text 1446 380 1524 409
text 1300 478 1374 508
resistor 1464 429 1484 470
resistor 1440 428 1460 469
capacitor 1414 429 1435 469
capacitor 1414 380 1435 420
text 879 281 905 343
text 849 281 875 343
text 919 153 946 207
text 888 146 916 209
text 890 73 918 136
text 919 72 947 135
text 928 232 956 273
text 713 285 748 313
text 795 196 838 225
text 797 123 839 151
text 781 320 837 348
text 606 323 668 352
text 422 321 484 350
text 251 325 313 354
text 384 281 424 310
text 448 195 491 224
text 455 124 496 152
text 551 284 579 318
text 614 215 638 275
text 587 215 613 275
text 593 145 619 205
text 618 145 643 201
text 619 71 644 132
text 594 71 619 132
text 564 70 590 132
text 534 71 560 133
text 534 144 560 206
text 560 145 586 207
text 487 283 513 345
text 517 283 543 345
pins 223 425 421 614
text 534 386 563 464
text 504 387 534 468
text 476 387 502 467
text 443 493 472 573
text 222 359 251 439
text 95 267 177 299
text 108 421 151 452
text 347 276 377 338
text 316 276 346 338
capacitor 896 231 917 272
capacitor 549 226 570 267
pads 450 387 469 428
resistor 786 292 828 314
resistor 612 291 654 313
resistor 438 289 480 311
resistor 265 288 307 310
resistor 103 306 145 328
resistor 847 228 867 271
resistor 822 228 842 271
resistor 823 155 842 197
resistor 848 156 868 197
resistor 851 81 871 122
resistor 826 81 845 123
transistor 722 220 791 279
transistor 724 147 793 206
transistor 723 72 792 131
transistor 376 216 445 275
transistor 376 143 445 202
transistor 377 69 446 128
text 205 42 246 112
text 245 48 283 114
text 280 131 302 202
text 250 131 285 212
resistor 674 227 694 270
resistor 647 227 667 270
resistor 649 153 669 196
resistor 674 153 694 196
resistor 675 78 695 121
resistor 650 78 670 121
resistor 501 226 519 267
resistor 474 226 495 266
resistor 499 152 521 194
resistor 475 152 496 193
resistor 501 77 522 120
resistor 475 76 496 119
resistor 325 225 346 266
resistor 301 223 322 266
resistor 337 150 357 192
resistor 312 149 332 191
resistor 338 74 357 118
resistor 311 74 330 118
transistor 96 339 177 419
resistor 186 370 208 412
pins 1033 104 1077 351
ic 1327 409 1398 472
resistor 448 444 469 486
resistor 424 386 443 427
resistor 399 387 418 428
text 1829 2022 1996 2143
pins 211 872 283 1349
text 1076 1270 1140 1338
component 348 741 392 768
component 1128 519 1191 612
test 654 785 699 833
