button 4939 399 5310 606
connector 4261 311 4922 877
connector 3366 299 4020 884
connector 2473 306 3103 884
connector 1583 314 2220 882
button 1129 409 1507 614
jumper 1207 772 1439 877
jumper 1222 1511 1429 1619
connector 1227 1867 1459 2189
capacitor 1249 2233 1410 2348
connector 1300 2865 1944 3094
connector 2012 2880 2829 3084
button 1310 3258 1512 3621
button 1625 3248 1825 3623
button 1976 3255 2183 3616
button 2327 3253 2529 3614
switch 2727 3155 2971 3645
switch 3037 3150 3281 3643
switch 3349 3153 3593 3643
switch 3664 3153 3905 3645
resistor 4018 3575 4096 3619
resistor 4018 3538 4100 3579
resistor 4018 3495 4096 3540
resistor 4294 3575 4375 3623
resistor 4296 3538 4373 3575
resistor 4292 3495 4373 3540
resistor 4565 3577 4647 3621
resistor 4565 3538 4647 3577
resistor 4565 3497 4647 3538
resistor 4842 3579 4922 3621
resistor 4842 3542 4918 3579
resistor 4842 3499 4920 3538
resistor 3900 3023 3940 3095
resistor 3934 3024 3981 3099
resistor 3981 3021 4022 3103
resistor 4073 3023 4116 3101
resistor 4118 3019 4153 3097
resistor 4153 3021 4192 3097
resistor 4191 3023 4236 3099
resistor 4538 2928 4594 3036
resistor 4537 2646 4595 2754
resistor 4445 2842 4524 2885
resistor 4447 2805 4522 2842
resistor 4132 2521 4204 2560
resistor 4053 2523 4134 2564
resistor 3953 2521 4032 2562
resistor 3879 2521 3957 2562
resistor 3916 2566 3957 2642
pads 4032 2575 4073 2652
resistor 4128 2566 4171 2640
resistor 3304 2589 3375 2699
resistor 3271 2944 3361 2995
resistor 4073 2115 4116 2191
resistor 4114 2113 4153 2195
resistor 4153 2117 4196 2193
resistor 3781 2056 3865 2103
pads 3783 2019 3863 2056
pads 3783 1983 3859 2019
pads 3785 1940 3863 1979
pads 3781 1897 3861 1940
resistor 5043 1111 5122 1160
resistor 4767 919 4847 960
resistor 4767 962 4847 1001
resistor 4469 985 4514 1058
resistor 4428 979 4471 1068
resistor 4545 1174 4592 1256
resistor 4428 1256 4473 1336
resistor 4426 1370 4477 1456
resistor 3879 1097 3924 1177
resistor 3881 1372 3928 1454
resistor 3840 1372 3877 1454
resistor 3543 1489 3585 1570
resistor 3500 1491 3542 1574
resistor 3465 1495 3498 1572
resistor 3383 1493 3424 1570
resistor 3308 1454 3379 1495
resistor 3316 1409 3392 1458
led 5216 3105 5261 3205
led 4957 3311 5045 3348
led 4675 3307 4771 3346
led 4404 3305 4494 3344
led 4128 3303 4222 3344
led 4951 3501 5053 3619
led 4673 3495 4777 3617
led 4400 3491 4500 3619
led 4124 3499 4224 3615
led 5192 1507 5287 1550
led 5194 1391 5285 1428
led 5081 677 5179 723
connector 5164 1000 5440 1338
connector 4329 1657 5419 2348
jumper 5034 2422 5156 2650
connector 4781 2695 5398 3077
connector 1306 1087 2132 1291
connector 2169 1093 3204 1297
capacitor 5051 923 5120 1033
capacitor 5046 1036 5129 1077
capacitor 5051 1079 5117 1112
capacitor 5056 1242 5107 1268
capacitor 5043 1273 5120 1315
capacitor 5074 1337 5138 1443
capacitor 4822 1433 4869 1469
ferrite 4979 933 5033 1020
ferrite 5017 1363 5066 1458
capacitor 4264 2988 4330 3101
capacitor 4261 2869 4325 2981
capacitor 4266 2712 4325 2819
capacitor 4404 2802 4445 2881
capacitor 4330 2837 4405 2888
capacitor 4205 2933 4248 3012
capacitor 4200 2655 4250 2740
capacitor 4264 2596 4327 2709
inductor 4351 2896 4518 3060
inductor 4355 2615 4522 2778
inductor 3543 2916 3711 3084
inductor 3453 2545 3701 2787
ferrite 4226 2205 4281 2299
capacitor 4233 1948 4273 1968
capacitor 4236 1986 4274 2009
capacitor 4235 2027 4274 2047
capacitor 4213 2050 4292 2100
capacitor 4029 2196 4049 2240
capacitor 3911 2113 3935 2160
capacitor 3785 2117 3888 2175
capacitor 3929 2203 4006 2251
capacitor 3656 1103 3776 1263
capacitor 3626 1315 3716 1375
capacitor 3653 1385 3761 1445
capacitor 3308 1533 3378 1575
capacitor 3306 1491 3384 1535
capacitor 3312 1291 3376 1403
capacitor 3930 1765 3956 1807
capacitor 3792 1757 3910 1819
capacitor 3798 2595 3862 2713
capacitor 3816 2747 3866 2833
capacitor 3820 2855 3868 2935
capacitor 3862 3023 3898 3097
capacitor 3794 2973 3858 3085
capacitor 3454 2917 3518 3023
capacitor 3380 2907 3444 3027
capacitor 3284 2717 3400 2873
resistor 2550 2831 2604 2915
capacitor 4174 2563 4210 2639
capacitor 4076 2571 4114 2653
capacitor 3992 2573 4038 2651
capacitor 3878 2561 3916 2641
ic 3932 1827 4192 2087
ic 4614 1027 4998 1399
ic 3960 991 4401 1426
ic 3428 1297 3608 1473
inductor 3314 997 3636 1287
ic 1602 1833 1998 2389
ic 3894 2683 4194 2980
ic 2316 1700 3179 2536
test 4324 2427 4420 2533
text 5076 350 5212 389
text 5073 624 5207 668
text 5204 673 5335 727
text 4976 733 5133 791
text 4991 796 5132 851
text 4971 853 5132 907
text 5135 850 5191 1002
text 5215 922 5325 989
text 4917 883 4973 1009
text 5022 1155 5148 1197
text 5022 1199 5148 1237
text 4574 894 4736 950
text 4577 953 4736 1009
text 4158 343 4246 407
text 5164 1437 5289 1497
text 5133 1556 5287 1615
text 5073 1458 5132 1617
text 5010 1471 5073 1599
text 4876 1420 4989 1479
text 4656 1419 4812 1483
text 4528 971 4579 1130
text 4482 1071 4527 1166
text 4348 906 4459 950
text 4215 909 4318 947
text 4297 963 4420 1014
text 4540 1269 4597 1423
text 4482 1186 4539 1344
text 4480 1345 4544 1502
text 4353 1575 4439 1641
text 4208 1424 4321 1484
text 4033 1422 4142 1482
text 3871 936 3928 1095
text 3895 1212 3950 1365
text 3835 1213 3891 1365
text 3780 1091 3833 1247
text 3778 1250 3833 1406
text 3698 1465 3850 1519
text 3473 912 3577 950
text 3338 913 3441 951
text 3588 1544 3730 1600
text 3223 999 3305 1053
text 3197 1116 3273 1172
text 3229 1236 3285 1386
text 3129 1386 3287 1445
text 3128 1447 3287 1503
text 3135 1507 3285 1558
text 3135 1562 3285 1619
text 2593 892 2697 930
text 2457 892 2560 930
text 2999 1212 3080 1269
text 3099 969 3137 1068
text 3002 965 3040 1069
text 2887 1010 2922 1047
text 2788 1012 2828 1047
text 2690 957 2728 1069
text 2594 958 2629 1069
text 2494 961 2532 1071
text 2397 957 2435 1072
text 2301 986 2339 1068
text 2208 985 2244 1069
text 2901 1313 2939 1420
text 2802 1310 2837 1419
text 2701 1307 2739 1422
text 2597 1310 2636 1417
text 2504 1307 2542 1420
text 2401 1307 2439 1422
text 2298 1309 2340 1422
text 2206 1306 2247 1416
text 3268 338 3353 417
text 2371 345 2463 409
text 1735 911 1839 949
text 1597 909 1700 947
text 1487 344 1563 406
text 1246 357 1404 398
text 1267 706 1384 762
text 1256 888 1395 926
text 2046 986 2087 1067
text 1949 984 1987 1067
text 1850 982 1888 1069
text 1754 982 1791 1068
text 1654 985 1695 1064
text 1557 981 1595 1067
text 1459 985 1497 1064
text 1361 981 1398 1062
text 1232 1203 1309 1267
text 2044 1309 2087 1419
text 1952 1307 1987 1419
text 1850 1313 1891 1417
text 1754 1306 1792 1417
text 1656 1306 1692 1417
text 1557 1303 1597 1419
text 1461 1305 1498 1417
text 1363 1305 1399 1416
text 1273 1448 1390 1507
component 4598 2065 5094 2129
text 4197 1676 4318 1733
text 4164 1734 4321 1793
text 4209 1795 4322 1854
text 4202 1851 4321 1913
text 4008 1755 4128 1814
text 3915 1633 3970 1755
text 3792 1700 3909 1748
text 4281 2195 4321 2292
text 4168 2193 4212 2322
text 4106 2193 4156 2319
text 4050 2199 4099 2320
text 3966 2130 4066 2184
text 3808 2203 3926 2264
text 4133 2330 4260 2379
text 3992 2330 4126 2376
text 3861 2329 3988 2376
text 3726 2329 3853 2374
text 3621 1834 3774 1888
text 3619 1892 3773 1948
text 3621 1954 3773 2006
text 3622 2012 3771 2067
text 3621 2068 3773 2122
text 3726 2131 3773 2243
text 3605 2129 3719 2181
text 3050 2293 3588 2393
text 3452 2462 3526 2514
text 2778 1636 2877 1698
text 2085 1836 2339 2060
text 1588 1536 2350 1662
text 1753 1778 1863 1824
text 1578 2471 2160 2603
text 1450 1898 1478 1953
text 1168 1998 1208 2081
text 1297 1813 1375 1869
text 1275 2344 1397 2391
text 5095 2354 5208 2424
text 5257 2461 5297 2564
text 4975 2465 5016 2568
text 4968 2631 5311 2681
text 4780 2634 4898 2692
text 4436 2436 4532 2495
text 4391 2551 4480 2610
text 4597 2605 4652 2765
text 4721 2776 4770 2981
text 4566 2778 4701 2830
text 4574 2851 4704 2896
text 4599 2900 4653 3061
text 4266 2437 4319 2591
text 4211 2388 4252 2512
text 4168 2389 4209 2512
text 4109 2388 4157 2509
text 4050 2388 4097 2513
text 3994 2388 4036 2514
text 3915 2388 3959 2513
text 3856 2385 3899 2513
text 3797 2416 3850 2571
text 4206 2526 4254 2647
text 4195 2740 4240 2930
text 4532 3064 4615 3114
text 4467 3088 4505 3214
text 4426 3086 4466 3217
text 4287 3106 4330 3236
text 4232 3107 4271 3233
text 4191 3103 4233 3231
text 4151 3105 4192 3231
text 4112 3106 4151 3234
text 4070 3113 4112 3234
text 4013 3105 4055 3231
text 3975 3105 4013 3231
text 3935 3101 3976 3232
text 3802 3108 3928 3151
text 3670 3088 3792 3132
text 3572 3080 3655 3135
text 3701 2773 3809 2822
text 3680 2826 3810 2879
text 3686 2876 3810 2919
text 5014 3088 5071 3142
text 4786 3097 4850 3131
text 5150 3074 5202 3220
text 3466 3027 3510 3155
text 3388 3026 3431 3150
text 3206 3003 3362 3053
text 3234 2555 3283 2705
text 3214 2711 3264 2863
text 2839 2978 2914 3039
text 2606 2822 2646 2956
text 2451 2884 2525 2943
text 2356 2747 2396 2839
text 2259 2745 2299 2836
text 2165 2699 2207 2840
text 2068 2677 2107 2836
text 2651 3088 2692 3231
text 2554 3092 2594 3188
text 2459 3094 2497 3188
text 2359 3094 2397 3187
text 2260 3082 2301 3185
text 2163 3085 2204 3188
text 2067 3099 2107 3188
text 1854 2772 1892 2834
text 1756 2772 1797 2837
text 1659 2772 1697 2840
text 1562 2768 1599 2841
text 1462 2742 1502 2836
text 1365 2747 1407 2840
text 1851 3103 1893 3168
text 1756 3106 1793 3166
text 1659 3101 1697 3168
text 1560 3103 1601 3168
text 1459 3101 1503 3167
text 1364 3100 1403 3168
text 1252 2999 1313 3059
text 5143 3230 5322 3272
text 4947 3240 5065 3291
text 4943 3630 5067 3685
text 4790 3317 4908 3369
text 4792 3375 4909 3429
text 4787 3431 4908 3489
text 4667 3238 4790 3293
text 4666 3631 4791 3679
text 4515 3316 4635 3368
text 4513 3374 4633 3427
text 4530 3434 4633 3486
text 4394 3237 4513 3291
text 4399 3630 4515 3679
text 4240 3314 4359 3369
text 4243 3372 4359 3426
text 4243 3433 4357 3486
text 4119 3237 4239 3288
text 4122 3629 4239 3679
text 3985 3313 4104 3369
text 3987 3372 4105 3427
text 3984 3431 4105 3484
text 3605 3496 3653 3636
text 3291 3500 3343 3634
text 2984 3506 3030 3638
text 2671 3498 2721 3637
text 2337 3626 2506 3678
text 1984 3626 2156 3676
text 1640 3626 1804 3676
text 1319 3627 1490 3676
text 1239 1633 1421 1681
text 3601 1598 3656 1755
text 3542 1596 3597 1758
text 3484 1610 3536 1755
text 3429 1602 3477 1758
text 3366 1596 3422 1754
pads 3424 1494 3460 1576
component 4731 1146 4853 1200
component 4066 1101 4290 1326
component 3387 1076 3575 1195
component 2707 2105 2992 2432
component 2428 1830 2699 2138
connector 5154 2420 5246 2627
component 4556 2677 4584 2726
component 4557 2967 4582 3011
component 4412 2648 4475 2743
component 4404 2939 4466 3029
component 3506 2610 3643 2716
component 3581 2948 3668 3021
component 3326 2618 3354 2672
connector 3186 354 3278 946
capacitor 4203 2125 4304 2186
