button 323 65 461 162
connector 181 206 370 430
connector 1 469 703 983
connector 177 989 361 1291
connector 444 367 592 448
unknown 465 206 508 261
button 2161 73 2289 162
pads 2125 177 2175 199
capacitor 2153 211 2199 231
capacitor 2067 231 2121 255
connector 1973 261 2131 552
connector 2136 343 2200 605
capacitor 2117 590 2136 633
resistor 1887 238 1905 286
capacitor 1796 265 1861 303
capacitor 1834 431 1854 483
capacitor 1773 260 1791 301
test 1721 233 1763 273
capacitor 1673 236 1713 256
resistor 1626 264 1693 292
resistor 1570 309 1599 373
ic 1684 358 1777 455
pads 1759 549 1808 571
resistor 1759 572 1805 594
test 1716 553 1750 591
capacitor 1598 432 1616 476
connector 1522 500 1667 579
resistor 1557 435 1577 477
pads 1532 433 1550 478
test 1546 385 1584 429
connector 2164 758 2370 1068
test 2194 1105 2230 1142
test 2194 1145 2231 1185
test 2190 1188 2235 1224
button 2167 1299 2286 1395
led 2266 1117 2352 1217
resistor 2164 1256 2208 1281
pads 2157 1228 2211 1254
resistor 2121 1112 2166 1135
resistor 2122 1154 2168 1176
resistor 2116 1190 2170 1217
capacitor 2102 960 2137 997
capacitor 1999 1065 2039 1103
resistor 1875 1190 1907 1223
capacitor 1723 1162 1754 1200
pads 2307 667 2346 742
capacitor 2275 690 2303 738
pads 2081 705 2100 754
pads 2058 694 2078 742
capacitor 2000 665 2033 701
resistor 1634 629 1685 687
resistor 1607 660 1661 714
capacitor 1704 637 1735 668
pads 1580 701 1643 762
test 1568 669 1604 705
resistor 1611 590 1653 609
connector 1426 594 1570 671
connector 1363 682 1509 759
connector 1267 774 1417 858
connector 1266 871 1416 951
connector 1214 962 1296 1109
connector 1123 960 1205 1109
pads 1694 1133 1728 1168
pads 1675 1115 1709 1149
pads 1658 1095 1693 1129
capacitor 1634 1065 1663 1099
capacitor 1585 1027 1617 1063
resistor 1537 1008 1572 1041
resistor 1513 977 1544 1012
pads 1482 1015 1537 1071
pads 1487 1071 1522 1108
pads 1445 1031 1484 1072
clock 1399 1058 1498 1158
connector 1471 1077 1630 1232
capacitor 1218 1205 1282 1237
capacitor 1135 1203 1196 1238
diode 1141 1118 1235 1181
pads 1428 856 1479 935
pads 1445 783 1468 840
pads 1476 768 1517 840
resistor 1528 788 1550 831
capacitor 1558 762 1578 803
capacitor 1543 695 1561 738
ic 928 1017 1122 1251
diode 862 1014 923 1110
diode 784 1014 846 1109
diode 712 1013 775 1110
diode 632 1013 699 1112
jumper 527 990 628 1147
connector 705 1148 907 1435
connector 303 1328 534 1406
pads 380 1251 496 1319
pads 504 1255 572 1295
pads 499 1213 577 1253
pads 503 1169 576 1209
pads 431 1195 484 1215
test 390 1181 426 1223
pads 307 1263 373 1305
test 607 1174 663 1229
inductor 461 1018 513 1058
resistor 461 986 512 1006
capacitor 487 1072 527 1092
unknown 405 1133 485 1169
unknown 407 1094 482 1129
unknown 404 1017 446 1094
inductor 340 986 398 1023
connector 1017 859 1096 1010
connector 930 863 1007 1010
resistor 896 897 917 944
capacitor 857 929 891 986
diode 787 885 846 985
diode 712 887 776 985
pads 730 827 802 862
pads 731 779 799 817
pads 748 747 793 771
pads 746 709 793 733
resistor 732 668 799 699
pads 736 621 798 653
clock 846 662 927 772
pads 786 565 832 590
pads 786 540 836 563
resistor 799 492 843 512
resistor 1112 886 1132 927
resistor 1187 832 1249 937
connector 867 450 973 636
pads 994 593 1058 632
inductor 348 435 411 474
test 398 362 440 404
capacitor 600 379 634 445
capacitor 1023 823 1058 842
resistor 1086 822 1127 842
ic 1017 677 1139 800
pads 993 801 1013 847
pads 950 799 973 849
capacitor 932 735 953 776
capacitor 934 671 952 715
capacitor 973 547 996 596
resistor 1008 564 1048 592
unknown 413 195 453 272
unknown 412 276 490 312
unknown 413 310 494 351
capacitor 522 205 548 251
led 571 229 641 268
led 573 277 639 315
resistor 528 332 599 364
resistor 575 204 620 224
pads 653 214 676 260
pads 678 213 707 265
capacitor 628 329 663 364
resistor 659 367 694 403
resistor 677 386 713 422
capacitor 700 406 737 446
capacitor 712 428 767 483
pads 894 321 918 369
pads 896 269 920 313
test 789 444 826 481
test 821 418 859 453
ic 685 223 872 417
resistor 873 212 898 264
resistor 902 212 927 263
clock 943 269 986 364
resistor 895 387 943 408
resistor 976 395 999 437
resistor 980 444 1027 460
resistor 1004 472 1026 514
connector 1012 341 1162 423
jumper 1086 202 1242 317
pads 1019 206 1068 232
test 1246 342 1280 378
test 1377 223 1413 258
pads 1144 468 1193 491
capacitor 1145 518 1194 540
ic 1316 392 1368 435
resistor 1284 387 1303 429
resistor 1257 388 1273 431
ic 1326 251 1371 304
capacitor 1450 292 1484 313
ic 1035 460 1139 550
ic 1443 229 1491 282
resistor 1486 321 1509 373
resistor 1381 387 1405 433
resistor 1408 390 1430 432
resistor 1434 456 1478 474
ic 1402 486 1454 536
connector 1278 450 1385 633
ic 1209 460 1270 519
diode 1258 691 1330 762
resistor 1222 717 1248 760
capacitor 1177 712 1211 776
resistor 1304 636 1353 658
resistor 1307 664 1354 687
capacitor 1180 671 1249 704
capacitor 1223 595 1244 637
capacitor 1153 651 1175 694
pads 1176 581 1211 665
test 931 226 968 265
test 975 219 1009 258
test 1262 223 1299 255
resistor 1489 381 1509 431
resistor 1462 385 1482 431
resistor 1461 509 1512 531
resistor 1459 540 1509 567
text 356 31 451 67
text 470 84 501 148
text 249 136 310 172
text 307 178 361 209
text 359 178 415 207
text 466 172 508 205
text 518 168 553 210
text 564 175 606 206
text 605 171 658 206
text 653 163 692 196
text 373 211 419 244
text 370 268 389 308
text 367 334 393 373
text 492 274 521 314
text 492 316 523 351
text 521 278 574 309
text 535 306 573 333
text 592 313 630 350
component 203 277 303 351
text 384 399 442 435
text 623 202 658 230
text 712 210 760 266
text 644 262 673 296
text 641 297 680 325
text 675 264 703 299
text 637 343 688 391
text 410 443 447 477
text 455 451 472 485
text 525 452 565 484
text 583 447 637 481
text 632 413 684 458
text 654 431 704 479
text 818 208 846 244
text 849 209 875 242
text 826 241 879 276
text 928 200 981 228
text 922 271 934 302
text 990 307 1024 338
text 927 356 944 388
text 870 274 897 312
text 867 325 898 364
text 785 371 853 436
text 841 378 894 422
text 901 406 949 436
text 947 368 985 396
text 952 394 978 447
text 1066 206 1088 241
text 1228 203 1264 236
text 1189 322 1246 352
text 1359 204 1377 234
text 1412 203 1447 234
ic 1436 321 1485 377
text 1414 235 1442 286
text 1376 263 1418 294
text 1164 338 1180 374
text 1188 356 1244 383
text 1165 391 1201 423
text 1022 422 1081 455
text 1083 426 1136 458
text 1142 437 1198 471
text 1202 383 1233 434
text 1233 383 1262 435
text 1205 431 1262 462
text 977 495 1005 553
text 1005 513 1034 567
text 976 462 997 495
text 1141 490 1197 520
text 1487 221 1523 258
text 1487 283 1531 320
text 1507 318 1540 376
text 1516 374 1550 431
text 1602 311 1633 370
text 1582 375 1608 423
text 1607 374 1637 426
text 1673 207 1710 240
text 1716 202 1768 236
text 1731 272 1768 302
text 1637 294 1673 326
text 1672 331 1690 363
text 1701 329 1744 362
text 1750 328 1771 360
text 1656 359 1677 392
text 1656 430 1676 459
text 1776 377 1808 409
text 1774 415 1811 447
text 1391 434 1426 465
text 1387 461 1416 496
text 1425 430 1480 459
text 1477 439 1506 494
text 1505 441 1533 493
text 1620 429 1649 467
text 1617 465 1651 500
text 1687 453 1710 486
text 1732 455 1765 486
text 1680 483 1770 519
connector 647 2 1409 200
connector 1417 1 2055 204
connector 911 1266 1535 1444
connector 1550 1261 2070 1443
text 1409 341 1438 383
text 1433 390 1461 428
text 1403 532 1459 562
text 1666 522 1698 559
text 1694 522 1762 554
text 1807 234 1850 265
text 1906 206 1925 235
text 1907 242 1942 300
text 1827 377 1857 433
text 1932 387 1969 426
text 1806 537 1865 565
text 1802 566 1860 593
text 1970 229 1987 258
text 2030 228 2070 258
text 2075 203 2128 229
text 2095 169 2128 203
text 2128 104 2145 136
text 2187 40 2256 71
text 2188 169 2252 198
text 2128 232 2152 264
text 2149 231 2206 258
text 2145 259 2185 287
text 2129 286 2202 316
text 2152 316 2182 346
text 2233 341 2338 654
component 104 660 598 793
text 706 486 738 538
text 703 538 733 593
resistor 1330 321 1373 339
resistor 1385 320 1428 338
resistor 1387 293 1430 311
resistor 1350 361 1393 379
capacitor 1274 321 1321 338
capacitor 1212 531 1231 569
resistor 1242 533 1266 574
text 735 453 788 501
text 755 474 808 516
text 703 593 735 641
text 703 641 731 698
text 707 706 738 773
text 830 453 865 483
text 785 513 838 541
text 835 519 867 572
text 798 588 850 617
text 848 604 867 633
text 800 616 850 646
text 797 645 851 673
text 800 671 851 703
text 794 708 849 736
text 798 744 847 775
text 798 788 850 819
text 798 816 852 848
text 700 849 737 884
text 800 854 835 880
text 975 494 1005 550
text 867 634 905 662
text 953 634 968 667
text 974 634 1003 687
text 1010 635 1050 665
text 1050 646 1101 678
unknown 1060 563 1096 624
capacitor 1102 605 1142 623
capacitor 1101 633 1141 651
text 1143 599 1175 652
text 1246 586 1273 639
text 1215 638 1264 668
text 1274 633 1295 663
text 1255 659 1311 689
unknown 870 788 925 818
resistor 870 826 930 856
text 770 862 791 889
text 849 871 877 924
text 877 861 929 892
text 955 680 982 732
text 955 747 984 799
text 982 692 1014 746
text 983 748 1011 800
text 937 821 949 858
text 895 948 922 998
text 1068 829 1084 858
text 1142 718 1175 778
text 1130 799 1182 829
text 1130 828 1182 859
text 1098 839 1127 887
text 1155 863 1183 917
text 1129 866 1156 923
text 1179 778 1211 831
text 1217 760 1247 814
text 1128 932 1183 958
text 1101 974 1122 1003
text 1353 648 1406 678
text 1330 702 1358 745
text 1387 548 1416 621
text 1387 615 1400 645
text 1418 565 1470 591
text 1469 564 1523 596
text 1572 590 1602 640
text 1510 679 1537 735
text 1418 786 1445 841
text 1418 838 1433 867
text 1362 953 1413 983
text 1415 931 1431 958
text 1482 881 1510 921
text 1527 862 1570 899
text 1562 734 1617 783
text 1543 675 1573 689
text 1580 611 1643 669
text 1660 556 1710 604
text 1673 594 1725 643
text 1653 614 1708 669
text 1725 598 1784 646
text 1525 906 1569 946
text 1502 941 1553 988
text 1794 611 1821 641
text 1819 590 1867 641
text 1870 574 1997 714
text 1970 556 1990 585
text 2098 553 2118 583
text 2034 637 2063 691
text 2061 649 2090 702
text 2081 585 2112 646
text 2089 656 2120 712
text 1985 704 2009 726
text 2000 714 2134 836
text 2158 599 2177 630
text 2242 699 2275 756
text 2348 702 2373 752
text 2348 761 2373 792
text 2085 859 2132 901
text 2088 904 2135 945
text 2110 978 2160 1024
text 2110 1026 2163 1059
text 2347 1029 2373 1071
component 190 1116 262 1186
text 370 1023 401 1061
text 368 1104 393 1171
text 374 1167 392 1199
text 399 986 453 1014
text 517 975 548 1012
text 452 1058 487 1088
text 485 1093 537 1121
text 486 1118 537 1146
text 484 1144 542 1172
text 428 1167 488 1198
text 366 1204 395 1266
text 395 1218 470 1251
text 562 1142 615 1174
text 573 1236 627 1265
text 570 1268 623 1297
text 625 1241 656 1298
text 655 1231 685 1306
text 648 1115 688 1148
text 693 1113 715 1140
text 720 1120 762 1146
text 769 1113 790 1139
text 793 1118 833 1149
text 840 1106 860 1138
text 862 1115 911 1146
text 908 1113 927 1142
text 877 1149 893 1183
text 693 1251 724 1314
text 693 984 715 1014
text 767 985 789 1015
text 841 987 863 1017
text 981 1021 998 1051
text 1040 1021 1063 1050
text 1102 1018 1118 1049
text 1077 1194 1110 1249
text 939 1233 963 1257
text 1120 1173 1143 1204
text 1173 1236 1227 1264
text 1253 1233 1308 1264
text 1250 1114 1301 1148
text 1301 981 1319 1014
text 1298 1057 1330 1114
text 1241 1166 1267 1196
text 1302 1168 1335 1221
text 1360 1115 1392 1169
text 1335 1171 1362 1221
text 1361 1169 1391 1223
text 1374 994 1429 1021
text 1372 1021 1431 1048
text 1377 1050 1395 1083
text 1392 1147 1424 1201
text 1424 1150 1460 1197
text 1437 1202 1487 1231
text 1438 1231 1491 1258
text 1488 1265 1522 1295
text 1537 1206 1587 1253
text 1586 1223 1604 1256
text 1592 1165 1610 1198
text 1532 971 1583 1023
text 1519 1046 1581 1096
text 1588 1004 1648 1060
text 1604 1077 1655 1127
text 1616 1124 1663 1174
text 1633 1148 1681 1198
text 1653 1169 1705 1216
text 1732 1180 1783 1226
ic 1550 621 2093 1170
text 1787 1164 1821 1200
text 1835 1162 1874 1199
text 1804 1198 1857 1226
text 1797 1227 1867 1257
text 1882 1201 1932 1248
text 1924 1234 1958 1262
text 2012 1078 2059 1126
text 2112 1025 2163 1056
text 2112 1058 2163 1091
text 2063 1110 2120 1141
text 2284 1074 2338 1099
resistor 2242 1081 2286 1099
text 2173 1109 2190 1139
text 2172 1151 2190 1181
text 2172 1193 2193 1221
text 2065 1153 2115 1182
text 2065 1191 2120 1219
text 2231 1096 2248 1128
text 2339 1084 2350 1111
text 2349 1096 2373 1149
text 2350 1155 2373 1207
text 2233 1207 2249 1234
text 2343 1211 2363 1237
text 243 1290 272 1348
text 272 1290 301 1351
text 366 1299 385 1327
text 351 1408 367 1433
text 475 1406 490 1433
text 515 1293 568 1321
text 538 1334 567 1389
text 570 1296 627 1329
text 693 1319 723 1376
text 694 1386 720 1427
text 683 1198 701 1227
text 2077 1226 2148 1255
text 2080 1257 2150 1283
text 2078 1281 2149 1313
text 2137 1332 2152 1361
text 2213 1234 2271 1263
text 2213 1263 2273 1292
text 2193 1394 2262 1423
text 2295 1314 2331 1379
text 307 99 322 129
pads 1291 361 1340 382
pads 1102 554 1170 596
connector 1012 236 1089 321
component 1576 326 1596 354
component 1645 266 1673 286
component 1701 377 1750 433
component 2220 816 2309 1007
component 1696 775 1981 1037
component 1208 862 1227 903
component 1281 696 1301 741
component 886 830 911 850
component 1173 1141 1212 1158
