connector 62 1668 360 2105
diode 453 1862 530 2013
inductor 551 1815 651 1968
button 669 1804 1159 2100
capacitor 1153 1856 1223 1994
connector 91 847 932 1588
connector 4 341 323 788
zener 309 211 428 271
capacitor 470 217 543 256
diode 338 319 545 562
capacitor 468 609 615 673
pads 587 688 906 822
diode 583 432 894 637
inductor 898 411 1081 643
capacitor 934 688 1074 756
zener 543 358 662 407
resistor 1006 351 1081 396
led 1043 294 1153 343
pads 1098 400 1249 475
capacitor 1102 483 1251 556
ic 1106 573 1272 719
resistor 949 775 1062 824
jumper 1057 805 1334 954
connector 1109 971 1340 1090
pads 1277 445 1309 522
resistor 1315 441 1353 522
resistor 1279 530 1351 564
resistor 1289 590 1370 628
resistor 1300 639 1377 681
resistor 1287 692 1362 743
resistor 1291 756 1366 790
capacitor 1121 764 1200 796
capacitor 1043 1060 1079 1130
capacitor 996 1056 1034 1132
capacitor 943 1056 979 1130
diode 998 1166 1060 1254
capacitor 940 1183 977 1262
capacitor 943 1292 974 1362
capacitor 940 1364 983 1443
capacitor 1009 1264 1049 1339
diode 1106 1245 1183 1345
pads 1302 1193 1374 1244
pads 1298 1151 1377 1190
diode 1232 1890 1277 1971
resistor 1226 2011 1291 2045
resistor 1289 1881 1366 1915
transistor 1370 1917 1515 2056
capacitor 1528 1945 1562 2017
ic 1562 1756 1787 1943
resistor 1647 2007 1711 2041
resistor 1730 1960 1787 1994
pads 1816 1722 1888 1756
resistor 1723 1658 1757 1719
resistor 1726 1594 1789 1632
pads 1960 594 2036 628
resistor 1962 545 2030 579
ic 2051 483 2277 668
capacitor 2274 462 2338 500
capacitor 2283 605 2364 645
resistor 2274 649 2355 690
resistor 2294 522 2366 562
resistor 2366 651 2438 690
pads 2381 571 2428 645
resistor 2474 656 2551 688
connector 2479 362 2936 617
ic 2979 556 3098 660
capacitor 2974 471 3015 543
resistor 3021 466 3060 541
resistor 3068 464 3104 543
resistor 2979 666 3013 741
resistor 3021 664 3057 739
resistor 3066 662 3102 739
resistor 2946 1099 2987 1126
resistor 2945 1250 2985 1275
pads 2997 1254 3021 1298
pads 2994 1075 3018 1123
capacitor 2563 1790 2634 1823
capacitor 2564 1742 2639 1772
capacitor 2563 1695 2631 1723
capacitor 2685 1790 2757 1820
capacitor 2688 1741 2755 1771
capacitor 2688 1689 2755 1722
capacitor 2821 1786 2890 1817
capacitor 2821 1738 2888 1771
capacitor 2821 1683 2887 1719
capacitor 2552 1833 2597 1945
unknown 2613 1825 2681 1962
unknown 2752 1825 2824 1956
unknown 2946 1826 2990 1935
capacitor 2861 1823 2942 1950
connector 3222 1908 3573 2150
resistor 3328 1090 3370 1119
pads 3390 1138 3428 1160
pads 3207 1713 3234 1760
resistor 3172 1713 3207 1736
connector 3233 1560 3721 1926
connector 3233 1166 3721 1489
connector 3128 278 3658 999
connector 2239 17 3070 341
connector 1247 10 2223 348
connector 1393 369 1642 1296
connector 1316 1318 1563 1883
capacitor 1565 1678 1602 1748
connector 1795 1761 2358 1999
connector 836 2063 2032 2427
connector 2035 2031 3051 2409
ic 1816 698 2949 1712
resistor 2688 633 2761 678
connector 1176 1548 1294 1775
text 507 2037 624 2342
text 384 1877 453 2122
component 96 1851 221 1973
text 288 1637 336 1704
text 474 1734 693 1794
text 716 1731 1072 1791
text 648 1880 691 1939
text 1074 1900 1115 1989
text 1115 1891 1151 1982
text 1233 1779 1284 1893
text 1124 1527 1167 1663
text 1296 2005 1357 2052
text 1300 1967 1358 2006
text 1296 1931 1355 1972
text 1564 2012 1624 2052
text 1579 1948 1653 2007
text 1658 1960 1710 2005
text 1737 2008 1791 2046
text 1824 2000 1937 2044
text 2365 1929 2441 1993
text 2362 1787 2446 1831
text 2363 1745 2445 1784
text 2363 1705 2444 1742
text 2464 1790 2546 1826
text 2458 1743 2543 1779
text 2459 1702 2543 1742
text 2494 1846 2539 1933
text 2615 1978 2674 2020
text 2674 1955 2752 2004
text 2755 1975 2810 2020
text 2820 1906 2860 1990
text 2937 1936 3098 2011
text 2991 1848 3034 1905
text 2918 1780 3002 1818
text 2919 1733 3004 1775
text 2918 1690 2998 1731
text 3158 1927 3216 2039
text 3158 1850 3211 1897
text 3182 1766 3224 1822
text 3085 1536 3152 1906
text 3153 1641 3231 1689
component 455 1026 596 1524
text 959 1492 1007 1557
text 1006 1488 1094 1533
text 1008 1442 1094 1487
text 1005 1399 1093 1445
text 1106 1442 1193 1489
text 1107 1396 1226 1442
text 1197 1315 1256 1360
text 1249 1352 1307 1436
text 1569 1615 1615 1671
text 1649 1592 1712 1643
text 1755 1687 1800 1749
text 1888 1717 1973 1759
text 1659 924 1756 1352
text 3080 1189 3154 1479
text 2980 1309 3048 1358
text 2946 1194 3033 1244
text 2947 1141 3029 1188
text 3028 1079 3088 1125
text 3172 1311 3223 1366
text 3391 1087 3448 1131
text 3323 1034 3402 1084
text 521 798 583 845
text 475 694 569 739
text 936 970 980 1055
text 990 967 1034 1058
text 1037 995 1086 1056
text 1203 1198 1297 1246
text 1204 1152 1294 1200
text 1187 1092 1265 1154
text 3034 851 3099 974
text 2964 749 3008 838
text 3012 748 3054 839
text 3055 746 3103 837
component 56 481 171 608
text 240 318 294 379
text 345 604 415 815
text 406 166 465 217
text 479 166 571 212
text 524 269 640 325
text 666 362 726 414
text 787 364 853 422
text 913 644 1006 692
text 1019 642 1084 690
text 909 359 999 404
text 1135 712 1197 757
text 1199 760 1290 805
text 1033 236 1153 286
text 1155 304 1247 349
text 1155 259 1245 306
text 1276 374 1336 450
text 1710 611 1795 660
text 1707 569 1793 612
text 1706 525 1792 568
text 1705 482 1789 527
text 1705 441 1790 481
text 1703 351 1746 440
text 1746 350 1790 438
text 1959 643 2023 687
text 1921 494 2003 543
text 1888 352 2057 426
text 2161 422 2242 477
text 2153 352 2305 422
text 2292 412 2345 455
text 2369 477 2423 522
text 2370 433 2423 478
text 2370 383 2424 433
text 2425 374 2479 453
text 2427 510 2466 594
text 2425 613 2475 655
text 2549 649 2634 691
text 2770 635 2853 683
text 2876 646 2947 706
text 2940 579 2979 643
text 2972 380 3016 467
text 3019 379 3062 466
text 3066 373 3107 466
text 981 836 1109 943
text 454 2016 515 2061
component 1416 1948 1464 2039
component 2061 884 2763 1284
component 2373 1446 2764 1575
component 982 790 1026 819
component 2104 507 2232 620
