connector 3370 1668 3668 2105
diode 3200 1862 3277 2013
inductor 3079 1815 3179 1968
button 2571 1804 3061 2100
capacitor 2507 1856 2577 1994
connector 2798 847 3639 1588
connector 3407 341 3726 788
zener 3302 211 3421 271
capacitor 3187 217 3260 256
diode 3185 319 3392 562
capacitor 3115 609 3262 673
pads 2824 688 3143 822
diode 2836 432 3147 637
inductor 2649 411 2832 643
capacitor 2656 688 2796 756
zener 3068 358 3187 407
resistor 2649 351 2724 396
led 2577 294 2687 343
pads 2481 400 2632 475
capacitor 2479 483 2628 556
ic 2458 573 2624 719
resistor 2668 775 2781 824
jumper 2396 805 2673 954
connector 2390 971 2621 1090
pads 2421 445 2453 522
resistor 2377 441 2415 522
resistor 2379 530 2451 564
resistor 2360 590 2441 628
resistor 2353 639 2430 681
resistor 2368 692 2443 743
resistor 2364 756 2439 790
capacitor 2530 764 2609 796
capacitor 2651 1060 2687 1130
capacitor 2696 1056 2734 1132
capacitor 2751 1056 2787 1130
diode 2670 1166 2732 1254
capacitor 2753 1183 2790 1262
capacitor 2756 1292 2787 1362
capacitor 2747 1364 2790 1443
capacitor 2681 1264 2721 1339
diode 2547 1245 2624 1345
pads 2356 1193 2428 1244
pads 2353 1151 2432 1190
diode 2453 1890 2498 1971
resistor 2439 2011 2504 2045
resistor 2364 1881 2441 1915
transistor 2215 1917 2360 2056
capacitor 2168 1945 2202 2017
ic 1943 1756 2168 1943
resistor 2019 2007 2083 2041
resistor 1943 1960 2000 1994
pads 1842 1722 1914 1756
resistor 1973 1658 2007 1719
resistor 1941 1594 2004 1632
pads 1694 594 1770 628
resistor 1700 545 1768 579
ic 1453 483 1679 668
capacitor 1392 462 1456 500
capacitor 1366 605 1447 645
resistor 1375 649 1456 690
resistor 1364 522 1436 562
resistor 1292 651 1364 690
pads 1302 571 1349 645
resistor 1179 656 1256 688
connector 794 362 1251 617
ic 632 556 751 660
capacitor 715 471 756 543
resistor 670 466 709 541
resistor 626 464 662 543
resistor 717 666 751 741
resistor 673 664 709 739
resistor 628 662 664 739
resistor 743 1099 784 1126
resistor 745 1250 785 1275
pads 709 1254 733 1298
pads 712 1075 736 1123
capacitor 1096 1790 1167 1823
capacitor 1091 1742 1166 1772
capacitor 1099 1695 1167 1723
capacitor 973 1790 1045 1820
capacitor 975 1741 1042 1771
capacitor 975 1689 1042 1722
capacitor 840 1786 909 1817
capacitor 842 1738 909 1771
capacitor 843 1683 909 1719
capacitor 1133 1833 1178 1945
unknown 1049 1825 1117 1962
unknown 906 1825 978 1956
unknown 740 1826 784 1935
capacitor 788 1823 869 1950
connector 157 1908 508 2150
resistor 360 1090 402 1119
pads 302 1138 340 1160
pads 496 1713 523 1760
resistor 523 1713 558 1736
connector 9 1560 497 1926
connector 9 1166 497 1489
connector 72 278 602 999
connector 660 17 1491 341
connector 1507 10 2483 348
connector 2088 369 2337 1296
connector 2167 1318 2414 1883
capacitor 2128 1678 2165 1748
connector 1372 1761 1935 1999
connector 1698 2063 2894 2427
connector 679 2031 1695 2409
ic 781 698 1914 1712
resistor 969 633 1042 678
connector 2436 1548 2554 1775
text 3106 2037 3223 2342
text 3277 1877 3346 2122
component 3509 1851 3634 1973
text 3394 1637 3442 1704
text 3037 1734 3256 1794
text 2658 1731 3014 1791
text 3039 1880 3082 1939
text 2615 1900 2656 1989
text 2579 1891 2615 1982
text 2446 1779 2497 1893
text 2563 1527 2606 1663
text 2373 2005 2434 2052
text 2372 1967 2430 2006
text 2375 1931 2434 1972
text 2106 2012 2166 2052
text 2077 1948 2151 2007
text 2020 1960 2072 2005
text 1939 2008 1993 2046
text 1793 2000 1906 2044
text 1289 1929 1365 1993
text 1284 1787 1368 1831
text 1285 1745 1367 1784
text 1286 1705 1367 1742
text 1184 1790 1266 1826
text 1187 1743 1272 1779
text 1187 1702 1271 1742
text 1191 1846 1236 1933
text 1056 1978 1115 2020
text 978 1955 1056 2004
text 920 1975 975 2020
text 870 1906 910 1990
text 632 1936 793 2011
text 696 1848 739 1905
text 728 1780 812 1818
text 726 1733 811 1775
text 732 1690 812 1731
text 514 1927 572 2039
text 519 1850 572 1897
text 506 1766 548 1822
text 578 1536 645 1906
text 499 1641 577 1689
component 3134 1026 3275 1524
text 2723 1492 2771 1557
text 2636 1488 2724 1533
text 2636 1442 2722 1487
text 2637 1399 2725 1445
text 2537 1442 2624 1489
text 2504 1396 2623 1442
text 2474 1315 2533 1360
text 2423 1352 2481 1436
text 2115 1615 2161 1671
text 2018 1592 2081 1643
text 1930 1687 1975 1749
text 1757 1717 1842 1759
text 1974 924 2071 1352
text 576 1189 650 1479
text 682 1309 750 1358
text 697 1194 784 1244
text 701 1141 783 1188
text 642 1079 702 1125
text 507 1311 558 1366
text 282 1087 339 1131
text 328 1034 407 1084
text 3147 798 3209 845
text 3161 694 3255 739
text 2750 970 2794 1055
text 2696 967 2740 1058
text 2644 995 2693 1056
text 2433 1198 2527 1246
text 2436 1152 2526 1200
text 2465 1092 2543 1154
text 631 851 696 974
text 722 749 766 838
text 676 748 718 839
text 627 746 675 837
component 3559 481 3674 608
text 3436 318 3490 379
text 3315 604 3385 815
text 3265 166 3324 217
text 3159 166 3251 212
text 3090 269 3206 325
text 3004 362 3064 414
text 2877 364 2943 422
text 2724 644 2817 692
text 2646 642 2711 690
text 2731 359 2821 404
text 2533 712 2595 757
text 2440 760 2531 805
text 2577 236 2697 286
text 2483 304 2575 349
text 2485 259 2575 306
text 2394 374 2454 450
text 1935 611 2020 660
text 1937 569 2023 612
text 1938 525 2024 568
text 1941 482 2025 527
text 1940 441 2025 481
text 1984 351 2027 440
text 1940 350 1984 438
text 1707 643 1771 687
text 1727 494 1809 543
text 1673 352 1842 426
text 1488 422 1569 477
text 1425 352 1577 422
text 1385 412 1438 455
text 1307 477 1361 522
text 1307 433 1360 478
text 1306 383 1360 433
text 1251 374 1305 453
text 1264 510 1303 594
text 1255 613 1305 655
text 1096 649 1181 691
text 877 635 960 683
text 783 646 854 706
text 751 579 790 643
text 714 380 758 467
text 668 379 711 466
text 623 373 664 466
text 2621 836 2749 943
text 3215 2016 3276 2061
component 2266 1948 2314 2039
component 967 884 1669 1284
component 966 1446 1357 1575
component 2704 790 2748 819
component 1498 507 1626 620
