connector 3370 323 3668 760
diode 3200 415 3277 566
inductor 3079 460 3179 613
button 2571 328 3061 624
capacitor 2507 434 2577 572
connector 2798 840 3639 1581
connector 3407 1640 3726 2087
zener 3302 2157 3421 2217
capacitor 3187 2172 3260 2211
diode 3185 1866 3392 2109
capacitor 3115 1755 3262 1819
pads 2824 1606 3143 1740
diode 2836 1791 3147 1996
inductor 2649 1785 2832 2017
capacitor 2656 1672 2796 1740
zener 3068 2021 3187 2070
resistor 2649 2032 2724 2077
led 2577 2085 2687 2134
pads 2481 1953 2632 2028
capacitor 2479 1872 2628 1945
ic 2458 1709 2624 1855
resistor 2668 1604 2781 1653
jumper 2396 1474 2673 1623
connector 2390 1338 2621 1457
pads 2421 1906 2453 1983
resistor 2377 1906 2415 1987
resistor 2379 1864 2451 1898
resistor 2360 1800 2441 1838
resistor 2353 1747 2430 1789
resistor 2368 1685 2443 1736
resistor 2364 1638 2439 1672
capacitor 2530 1632 2609 1664
capacitor 2651 1298 2687 1368
capacitor 2696 1296 2734 1372
capacitor 2751 1298 2787 1372
diode 2670 1174 2732 1262
capacitor 2753 1166 2790 1245
capacitor 2756 1066 2787 1136
capacitor 2747 985 2790 1064
capacitor 2681 1089 2721 1164
diode 2547 1083 2624 1183
pads 2356 1184 2428 1235
pads 2353 1238 2432 1277
diode 2453 457 2498 538
resistor 2439 383 2504 417
resistor 2364 513 2441 547
transistor 2215 372 2360 511
capacitor 2168 411 2202 483
ic 1943 485 2168 672
resistor 2019 387 2083 421
resistor 1943 434 2000 468
pads 1842 672 1914 706
resistor 1973 709 2007 770
resistor 1941 796 2004 834
pads 1694 1800 1770 1834
resistor 1700 1849 1768 1883
ic 1453 1760 1679 1945
capacitor 1392 1928 1456 1966
capacitor 1366 1783 1447 1823
resistor 1375 1738 1456 1779
resistor 1364 1866 1436 1906
resistor 1292 1738 1364 1777
pads 1302 1783 1349 1857
resistor 1179 1740 1256 1772
connector 794 1811 1251 2066
ic 632 1768 751 1872
capacitor 715 1885 756 1957
resistor 670 1887 709 1962
resistor 626 1885 662 1964
resistor 717 1687 751 1762
resistor 673 1689 709 1764
resistor 628 1689 664 1766
resistor 743 1302 784 1329
resistor 745 1153 785 1178
pads 709 1130 733 1174
pads 712 1305 736 1353
capacitor 1096 605 1167 638
capacitor 1091 656 1166 686
capacitor 1099 705 1167 733
capacitor 973 608 1045 638
capacitor 975 657 1042 687
capacitor 975 706 1042 739
capacitor 840 611 909 642
capacitor 842 657 909 690
capacitor 843 709 909 745
capacitor 1133 483 1178 595
unknown 1049 466 1117 603
unknown 906 472 978 603
unknown 740 493 784 602
capacitor 788 478 869 605
connector 157 278 508 520
resistor 360 1309 402 1338
pads 302 1268 340 1290
pads 496 668 523 715
resistor 523 692 558 715
connector 9 502 497 868
connector 9 939 497 1262
connector 72 1429 602 2150
connector 660 2087 1491 2411
connector 1507 2080 2483 2418
connector 2088 1132 2337 2059
connector 2167 545 2414 1110
capacitor 2128 680 2165 750
connector 1372 429 1935 667
connector 1698 1 2894 365
connector 679 19 1695 397
ic 781 716 1914 1730
resistor 969 1750 1042 1795
connector 2436 653 2554 880
text 3106 86 3223 391
text 3277 306 3346 551
component 3509 455 3634 577
text 3394 724 3442 791
text 3037 634 3256 694
text 2658 637 3014 697
text 3039 489 3082 548
text 2615 439 2656 528
text 2579 446 2615 537
text 2446 535 2497 649
text 2563 765 2606 901
text 2373 376 2434 423
text 2372 422 2430 461
text 2375 456 2434 497
text 2106 376 2166 416
text 2077 421 2151 480
text 2020 423 2072 468
text 1939 382 1993 420
text 1793 384 1906 428
text 1289 435 1365 499
text 1284 597 1368 641
text 1285 644 1367 683
text 1286 686 1367 723
text 1184 602 1266 638
text 1187 649 1272 685
text 1187 686 1271 726
text 1191 495 1236 582
text 1056 408 1115 450
text 978 424 1056 473
text 920 408 975 453
text 870 438 910 522
text 632 417 793 492
text 696 523 739 580
text 728 610 812 648
text 726 653 811 695
text 732 697 812 738
text 514 389 572 501
text 519 531 572 578
text 506 606 548 662
text 578 522 645 892
text 499 739 577 787
component 3134 904 3275 1402
text 2723 871 2771 936
text 2636 895 2724 940
text 2636 941 2722 986
text 2637 983 2725 1029
text 2537 939 2624 986
text 2504 986 2623 1032
text 2474 1068 2533 1113
text 2423 992 2481 1076
text 2115 757 2161 813
text 2018 785 2081 836
text 1930 679 1975 741
text 1757 669 1842 711
text 1974 1076 2071 1504
text 576 949 650 1239
text 682 1070 750 1119
text 697 1184 784 1234
text 701 1240 783 1287
text 642 1303 702 1349
text 507 1062 558 1117
text 282 1297 339 1341
text 328 1344 407 1394
text 3147 1583 3209 1630
text 3161 1689 3255 1734
text 2750 1373 2794 1458
text 2696 1370 2740 1461
text 2644 1372 2693 1433
text 2433 1182 2527 1230
text 2436 1228 2526 1276
text 2465 1274 2543 1336
text 631 1454 696 1577
text 722 1590 766 1679
text 676 1589 718 1680
text 627 1591 675 1682
component 3559 1820 3674 1947
text 3436 2049 3490 2110
text 3315 1613 3385 1824
text 3265 2211 3324 2262
text 3159 2216 3251 2262
text 3090 2103 3206 2159
text 3004 2014 3064 2066
text 2877 2006 2943 2064
text 2724 1736 2817 1784
text 2646 1738 2711 1786
text 2731 2024 2821 2069
text 2533 1671 2595 1716
text 2440 1623 2531 1668
text 2577 2142 2697 2192
text 2483 2079 2575 2124
text 2485 2122 2575 2169
text 2394 1978 2454 2054
text 1935 1768 2020 1817
text 1937 1816 2023 1859
text 1938 1860 2024 1903
text 1941 1901 2025 1946
text 1940 1947 2025 1987
text 1984 1988 2027 2077
text 1940 1990 1984 2078
text 1707 1741 1771 1785
text 1727 1885 1809 1934
text 1673 2002 1842 2076
text 1488 1951 1569 2006
text 1425 2006 1577 2076
text 1385 1973 1438 2016
text 1307 1906 1361 1951
text 1307 1950 1360 1995
text 1306 1995 1360 2045
text 1251 1975 1305 2054
text 1264 1834 1303 1918
text 1255 1773 1305 1815
text 1096 1737 1181 1779
text 877 1745 960 1793
text 783 1722 854 1782
text 751 1785 790 1849
text 714 1961 758 2048
text 668 1962 711 2049
text 623 1962 664 2055
text 2621 1485 2749 1592
text 3215 367 3276 412
component 2266 389 2314 480
component 967 1144 1669 1544
component 966 853 1357 982
component 2704 1609 2748 1638
component 1498 1808 1626 1921
