connector 62 323 360 760
diode 453 415 530 566
inductor 551 460 651 613
button 669 328 1159 624
capacitor 1153 434 1223 572
connector 91 840 932 1581
connector 4 1640 323 2087
zener 309 2157 428 2217
capacitor 470 2172 543 2211
diode 338 1866 545 2109
capacitor 468 1755 615 1819
pads 587 1606 906 1740
diode 583 1791 894 1996
inductor 898 1785 1081 2017
capacitor 934 1672 1074 1740
zener 543 2021 662 2070
resistor 1006 2032 1081 2077
led 1043 2085 1153 2134
pads 1098 1953 1249 2028
capacitor 1102 1872 1251 1945
ic 1106 1709 1272 1855
resistor 949 1604 1062 1653
jumper 1057 1474 1334 1623
connector 1109 1338 1340 1457
pads 1277 1906 1309 1983
resistor 1315 1906 1353 1987
resistor 1279 1864 1351 1898
resistor 1289 1800 1370 1838
resistor 1300 1747 1377 1789
resistor 1287 1685 1362 1736
resistor 1291 1638 1366 1672
capacitor 1121 1632 1200 1664
capacitor 1043 1298 1079 1368
capacitor 996 1296 1034 1372
capacitor 943 1298 979 1372
diode 998 1174 1060 1262
capacitor 940 1166 977 1245
capacitor 943 1066 974 1136
capacitor 940 985 983 1064
capacitor 1009 1089 1049 1164
diode 1106 1083 1183 1183
pads 1302 1184 1374 1235
pads 1298 1238 1377 1277
diode 1232 457 1277 538
resistor 1226 383 1291 417
resistor 1289 513 1366 547
transistor 1370 372 1515 511
capacitor 1528 411 1562 483
ic 1562 485 1787 672
resistor 1647 387 1711 421
resistor 1730 434 1787 468
pads 1816 672 1888 706
resistor 1723 709 1757 770
resistor 1726 796 1789 834
pads 1960 1800 2036 1834
resistor 1962 1849 2030 1883
ic 2051 1760 2277 1945
capacitor 2274 1928 2338 1966
capacitor 2283 1783 2364 1823
resistor 2274 1738 2355 1779
resistor 2294 1866 2366 1906
resistor 2366 1738 2438 1777
pads 2381 1783 2428 1857
resistor 2474 1740 2551 1772
connector 2479 1811 2936 2066
ic 2979 1768 3098 1872
capacitor 2974 1885 3015 1957
resistor 3021 1887 3060 1962
resistor 3068 1885 3104 1964
resistor 2979 1687 3013 1762
resistor 3021 1689 3057 1764
resistor 3066 1689 3102 1766
resistor 2946 1302 2987 1329
resistor 2945 1153 2985 1178
pads 2997 1130 3021 1174
pads 2994 1305 3018 1353
capacitor 2563 605 2634 638
capacitor 2564 656 2639 686
capacitor 2563 705 2631 733
capacitor 2685 608 2757 638
capacitor 2688 657 2755 687
capacitor 2688 706 2755 739
capacitor 2821 611 2890 642
capacitor 2821 657 2888 690
capacitor 2821 709 2887 745
capacitor 2552 483 2597 595
unknown 2613 466 2681 603
unknown 2752 472 2824 603
unknown 2946 493 2990 602
capacitor 2861 478 2942 605
connector 3222 278 3573 520
resistor 3328 1309 3370 1338
pads 3390 1268 3428 1290
pads 3207 668 3234 715
resistor 3172 692 3207 715
connector 3233 502 3721 868
connector 3233 939 3721 1262
connector 3128 1429 3658 2150
connector 2239 2087 3070 2411
connector 1247 2080 2223 2418
connector 1393 1132 1642 2059
connector 1316 545 1563 1110
capacitor 1565 680 1602 750
connector 1795 429 2358 667
connector 836 1 2032 365
connector 2035 19 3051 397
ic 1816 716 2949 1730
resistor 2688 1750 2761 1795
connector 1176 653 1294 880
text 507 86 624 391
text 384 306 453 551
component 96 455 221 577
text 288 724 336 791
text 474 634 693 694
text 716 637 1072 697
text 648 489 691 548
text 1074 439 1115 528
text 1115 446 1151 537
text 1233 535 1284 649
text 1124 765 1167 901
text 1296 376 1357 423
text 1300 422 1358 461
text 1296 456 1355 497
text 1564 376 1624 416
text 1579 421 1653 480
text 1658 423 1710 468
text 1737 382 1791 420
text 1824 384 1937 428
text 2365 435 2441 499
text 2362 597 2446 641
text 2363 644 2445 683
text 2363 686 2444 723
text 2464 602 2546 638
text 2458 649 2543 685
text 2459 686 2543 726
text 2494 495 2539 582
text 2615 408 2674 450
text 2674 424 2752 473
text 2755 408 2810 453
text 2820 438 2860 522
text 2937 417 3098 492
text 2991 523 3034 580
text 2918 610 3002 648
text 2919 653 3004 695
text 2918 697 2998 738
text 3158 389 3216 501
text 3158 531 3211 578
text 3182 606 3224 662
text 3085 522 3152 892
text 3153 739 3231 787
component 455 904 596 1402
text 959 871 1007 936
text 1006 895 1094 940
text 1008 941 1094 986
text 1005 983 1093 1029
text 1106 939 1193 986
text 1107 986 1226 1032
text 1197 1068 1256 1113
text 1249 992 1307 1076
text 1569 757 1615 813
text 1649 785 1712 836
text 1755 679 1800 741
text 1888 669 1973 711
text 1659 1076 1756 1504
text 3080 949 3154 1239
text 2980 1070 3048 1119
text 2946 1184 3033 1234
text 2947 1240 3029 1287
text 3028 1303 3088 1349
text 3172 1062 3223 1117
text 3391 1297 3448 1341
text 3323 1344 3402 1394
text 521 1583 583 1630
text 475 1689 569 1734
text 936 1373 980 1458
text 990 1370 1034 1461
text 1037 1372 1086 1433
text 1203 1182 1297 1230
text 1204 1228 1294 1276
text 1187 1274 1265 1336
text 3034 1454 3099 1577
text 2964 1590 3008 1679
text 3012 1589 3054 1680
text 3055 1591 3103 1682
component 56 1820 171 1947
text 240 2049 294 2110
text 345 1613 415 1824
text 406 2211 465 2262
text 479 2216 571 2262
text 524 2103 640 2159
text 666 2014 726 2066
text 787 2006 853 2064
text 913 1736 1006 1784
text 1019 1738 1084 1786
text 909 2024 999 2069
text 1135 1671 1197 1716
text 1199 1623 1290 1668
text 1033 2142 1153 2192
text 1155 2079 1247 2124
text 1155 2122 1245 2169
text 1276 1978 1336 2054
text 1710 1768 1795 1817
text 1707 1816 1793 1859
text 1706 1860 1792 1903
text 1705 1901 1789 1946
text 1705 1947 1790 1987
text 1703 1988 1746 2077
text 1746 1990 1790 2078
text 1959 1741 2023 1785
text 1921 1885 2003 1934
text 1888 2002 2057 2076
text 2161 1951 2242 2006
text 2153 2006 2305 2076
text 2292 1973 2345 2016
text 2369 1906 2423 1951
text 2370 1950 2423 1995
text 2370 1995 2424 2045
text 2425 1975 2479 2054
text 2427 1834 2466 1918
text 2425 1773 2475 1815
text 2549 1737 2634 1779
text 2770 1745 2853 1793
text 2876 1722 2947 1782
text 2940 1785 2979 1849
text 2972 1961 3016 2048
text 3019 1962 3062 2049
text 3066 1962 3107 2055
text 981 1485 1109 1592
text 454 367 515 412
component 1416 389 1464 480
component 2061 1144 2763 1544
component 2373 853 2764 982
component 982 1609 1026 1638
component 2104 1808 2232 1921
