button 1912 1282 2050 1379
connector 2003 1014 2192 1238
connector 1670 461 2372 975
connector 2012 153 2196 455
connector 1781 996 1929 1077
unknown 1865 1183 1908 1238
button 84 1282 212 1371
pads 198 1245 248 1267
capacitor 174 1213 220 1233
capacitor 252 1189 306 1213
connector 242 892 400 1183
connector 173 839 237 1101
capacitor 237 811 256 854
resistor 468 1158 486 1206
capacitor 512 1141 577 1179
capacitor 519 961 539 1013
capacitor 582 1143 600 1184
test 610 1171 652 1211
capacitor 660 1188 700 1208
resistor 680 1152 747 1180
resistor 774 1071 803 1135
ic 596 989 689 1086
pads 565 873 614 895
resistor 568 850 614 872
test 623 853 657 891
capacitor 757 968 775 1012
connector 706 865 851 944
resistor 796 967 816 1009
pads 823 966 841 1011
test 789 1015 827 1059
connector 3 376 209 686
test 143 302 179 339
test 142 259 179 299
test 138 220 183 256
button 87 49 206 145
led 21 227 107 327
resistor 165 163 209 188
pads 162 190 216 216
resistor 207 309 252 332
resistor 205 268 251 290
resistor 203 227 257 254
capacitor 236 447 271 484
capacitor 334 341 374 379
resistor 466 221 498 254
capacitor 619 244 650 282
pads 27 702 66 777
capacitor 70 706 98 754
pads 273 690 292 739
pads 295 702 315 750
capacitor 340 743 373 779
resistor 688 757 739 815
resistor 712 730 766 784
capacitor 638 776 669 807
pads 730 682 793 743
test 769 739 805 775
resistor 720 835 762 854
connector 803 773 947 850
connector 864 685 1010 762
connector 956 586 1106 670
connector 957 493 1107 573
connector 1077 335 1159 482
connector 1168 335 1250 484
pads 645 276 679 311
pads 664 295 698 329
pads 680 315 715 349
capacitor 710 345 739 379
capacitor 756 381 788 417
resistor 801 403 836 436
resistor 829 432 860 467
pads 836 373 891 429
pads 851 336 886 373
pads 889 372 928 413
clock 875 286 974 386
connector 743 212 902 367
capacitor 1091 207 1155 239
capacitor 1177 206 1238 241
diode 1138 263 1232 326
pads 894 509 945 588
pads 905 604 928 661
pads 856 604 897 676
resistor 823 613 845 656
capacitor 795 641 815 682
capacitor 812 706 830 749
ic 1251 193 1445 427
diode 1450 334 1511 430
diode 1527 335 1589 430
diode 1598 334 1661 431
diode 1674 332 1741 431
jumper 1745 297 1846 454
connector 1466 9 1668 296
connector 1839 38 2070 116
pads 1877 125 1993 193
pads 1801 149 1869 189
pads 1796 191 1874 231
pads 1797 235 1870 275
pads 1889 229 1942 249
test 1947 221 1983 263
pads 2000 139 2066 181
test 1710 215 1766 270
inductor 1860 386 1912 426
resistor 1861 438 1912 458
capacitor 1846 352 1886 372
unknown 1888 275 1968 311
unknown 1891 315 1966 350
unknown 1927 350 1969 427
inductor 1975 421 2033 458
connector 1277 434 1356 585
connector 1366 434 1443 581
resistor 1456 500 1477 547
capacitor 1482 458 1516 515
diode 1527 459 1586 559
diode 1597 459 1661 557
pads 1571 582 1643 617
pads 1574 627 1642 665
pads 1580 673 1625 697
pads 1580 711 1627 735
resistor 1574 745 1641 776
pads 1575 791 1637 823
clock 1446 672 1527 782
pads 1541 854 1587 879
pads 1537 881 1587 904
resistor 1530 932 1574 952
resistor 1241 517 1261 558
resistor 1124 507 1186 612
connector 1400 808 1506 994
pads 1315 812 1379 851
inductor 1962 970 2025 1009
test 1933 1040 1975 1082
capacitor 1739 999 1773 1065
capacitor 1315 602 1350 621
resistor 1246 602 1287 622
ic 1234 644 1356 767
pads 1360 597 1380 643
pads 1400 595 1423 645
capacitor 1420 668 1441 709
capacitor 1421 729 1439 773
capacitor 1377 848 1400 897
resistor 1325 852 1365 880
unknown 1920 1172 1960 1249
unknown 1883 1132 1961 1168
unknown 1879 1093 1960 1134
capacitor 1825 1193 1851 1239
led 1732 1176 1802 1215
led 1734 1129 1800 1167
resistor 1774 1080 1845 1112
resistor 1753 1220 1798 1240
pads 1697 1184 1720 1230
pads 1666 1179 1695 1231
capacitor 1710 1080 1745 1115
resistor 1679 1041 1714 1077
resistor 1660 1022 1696 1058
capacitor 1636 998 1673 1038
capacitor 1606 961 1661 1016
pads 1455 1075 1479 1123
pads 1453 1131 1477 1175
test 1547 963 1584 1000
test 1514 991 1552 1026
ic 1501 1027 1688 1221
resistor 1475 1180 1500 1232
resistor 1446 1181 1471 1232
clock 1387 1080 1430 1175
resistor 1430 1036 1478 1057
resistor 1374 1007 1397 1049
resistor 1346 984 1393 1000
resistor 1347 930 1369 972
connector 1211 1021 1361 1103
jumper 1131 1127 1287 1242
pads 1305 1212 1354 1238
test 1093 1066 1127 1102
test 960 1186 996 1221
pads 1180 953 1229 976
capacitor 1179 904 1228 926
ic 1005 1009 1057 1052
resistor 1070 1015 1089 1057
resistor 1100 1013 1116 1056
ic 1002 1140 1047 1193
capacitor 889 1131 923 1152
ic 1234 894 1338 984
ic 882 1162 930 1215
resistor 864 1071 887 1123
resistor 968 1011 992 1057
resistor 943 1012 965 1054
resistor 895 970 939 988
ic 919 908 971 958
connector 988 811 1095 994
ic 1103 925 1164 984
diode 1043 682 1115 753
resistor 1125 684 1151 727
capacitor 1162 668 1196 732
resistor 1020 786 1069 808
resistor 1019 757 1066 780
capacitor 1124 740 1193 773
capacitor 1129 807 1150 849
capacitor 1198 750 1220 793
pads 1162 779 1197 863
test 1405 1179 1442 1218
test 1364 1186 1398 1225
test 1074 1189 1111 1221
resistor 864 1013 884 1063
resistor 891 1013 911 1059
resistor 861 913 912 935
resistor 864 877 914 904
text 1922 1377 2017 1413
text 1872 1296 1903 1360
text 2063 1272 2124 1308
text 2012 1235 2066 1266
text 1958 1237 2014 1266
text 1865 1239 1907 1272
text 1820 1234 1855 1276
text 1767 1238 1809 1269
text 1715 1238 1768 1273
text 1681 1248 1720 1281
text 1954 1200 2000 1233
text 1984 1136 2003 1176
text 1980 1071 2006 1110
text 1852 1130 1881 1170
text 1850 1093 1881 1128
text 1799 1135 1852 1166
text 1800 1111 1838 1138
text 1743 1094 1781 1131
component 2070 1093 2170 1167
text 1931 1009 1989 1045
text 1715 1214 1750 1242
text 1613 1178 1661 1234
text 1700 1148 1729 1182
text 1693 1119 1732 1147
text 1670 1145 1698 1180
text 1685 1053 1736 1101
text 1926 967 1963 1001
text 1901 959 1918 993
text 1808 960 1848 992
text 1736 963 1790 997
text 1689 986 1741 1031
text 1669 965 1719 1013
text 1527 1200 1555 1236
text 1498 1202 1524 1235
text 1494 1168 1547 1203
text 1392 1216 1445 1244
text 1439 1142 1451 1173
text 1349 1106 1383 1137
text 1429 1056 1446 1088
text 1476 1132 1503 1170
text 1475 1080 1506 1119
text 1520 1008 1588 1073
text 1479 1022 1532 1066
text 1424 1008 1472 1038
text 1388 1048 1426 1076
text 1395 997 1421 1050
text 1285 1203 1307 1238
text 1109 1208 1145 1241
text 1127 1092 1184 1122
text 996 1210 1014 1240
text 926 1210 961 1241
ic 888 1067 937 1123
text 931 1158 959 1209
text 955 1150 997 1181
text 1193 1070 1209 1106
text 1129 1061 1185 1088
text 1172 1021 1208 1053
text 1292 989 1351 1022
text 1237 986 1290 1018
text 1175 973 1231 1007
text 1140 1010 1171 1061
text 1111 1009 1140 1061
text 1111 982 1168 1013
text 1368 891 1396 949
text 1339 877 1368 931
text 1376 949 1397 982
text 1176 924 1232 954
text 850 1186 886 1223
text 842 1124 886 1161
text 833 1068 866 1126
text 823 1013 857 1070
text 740 1074 771 1133
text 765 1021 791 1069
text 736 1018 766 1070
text 663 1204 700 1237
text 605 1208 657 1242
text 605 1142 642 1172
text 700 1118 736 1150
text 683 1081 701 1113
text 629 1082 672 1115
text 602 1084 623 1116
text 696 1052 717 1085
text 697 985 717 1014
text 565 1035 597 1067
text 562 997 599 1029
text 947 979 982 1010
text 957 948 986 983
text 893 985 948 1014
text 867 950 896 1005
text 840 951 868 1003
text 724 977 753 1015
text 722 944 756 979
text 663 958 686 991
text 608 958 641 989
text 603 925 693 961
connector 964 1244 1726 1442
connector 318 1240 956 1443
connector 838 0 1462 178
connector 303 1 823 183
text 935 1061 964 1103
text 912 1016 940 1054
text 914 882 970 912
text 675 885 707 922
text 611 890 679 922
text 523 1179 566 1210
text 448 1209 467 1238
text 431 1144 466 1202
text 516 1011 546 1067
text 404 1018 441 1057
text 508 879 567 907
text 513 851 571 878
text 386 1186 403 1215
text 303 1186 343 1216
text 245 1215 298 1241
text 245 1241 278 1275
text 228 1308 245 1340
text 117 1373 186 1404
text 121 1246 185 1275
text 221 1180 245 1212
text 167 1186 224 1213
text 188 1157 228 1185
text 171 1128 244 1158
text 191 1098 221 1128
text 35 790 140 1103
component 1775 651 2269 784
text 1635 906 1667 958
text 1640 851 1670 906
resistor 1000 1105 1043 1123
resistor 945 1106 988 1124
resistor 943 1133 986 1151
resistor 980 1065 1023 1083
capacitor 1052 1106 1099 1123
capacitor 1142 875 1161 913
resistor 1107 870 1131 911
text 1585 943 1638 991
text 1565 928 1618 970
text 1638 803 1670 851
text 1642 746 1670 803
text 1635 671 1666 738
text 1508 961 1543 991
text 1535 903 1588 931
text 1506 872 1538 925
text 1523 827 1575 856
text 1506 811 1525 840
text 1523 798 1573 828
text 1522 771 1576 799
text 1522 741 1573 773
text 1524 708 1579 736
text 1526 669 1575 700
text 1523 625 1575 656
text 1521 596 1575 628
text 1636 560 1673 595
text 1538 564 1573 590
text 1368 894 1398 950
text 1468 782 1506 810
text 1405 777 1420 810
text 1370 757 1399 810
text 1323 779 1363 809
text 1272 766 1323 798
unknown 1277 820 1313 881
capacitor 1231 821 1271 839
capacitor 1232 793 1272 811
text 1198 792 1230 845
text 1100 805 1127 858
text 1109 776 1158 806
text 1078 781 1099 811
text 1062 755 1118 785
unknown 1448 626 1503 656
resistor 1443 588 1503 618
text 1582 555 1603 582
text 1496 520 1524 573
text 1444 552 1496 583
text 1391 712 1418 764
text 1389 645 1418 697
text 1359 698 1391 752
text 1362 644 1390 696
text 1424 586 1436 623
text 1451 446 1478 496
text 1289 586 1305 615
text 1198 666 1231 726
text 1191 615 1243 645
text 1191 585 1243 616
text 1246 557 1275 605
text 1190 527 1218 581
text 1217 521 1244 578
text 1162 613 1194 666
text 1126 630 1156 684
text 1190 486 1245 512
text 1251 441 1272 470
text 967 766 1020 796
text 1015 699 1043 742
text 957 823 986 896
text 973 799 986 829
text 903 853 955 879
text 850 848 904 880
text 771 804 801 854
text 836 709 863 765
text 928 603 955 658
text 940 577 955 606
text 960 461 1011 491
text 942 486 958 513
text 863 523 891 563
text 803 545 846 582
text 756 661 811 710
text 800 755 830 769
text 730 775 793 833
text 663 840 713 888
text 648 801 700 850
text 665 775 720 830
text 589 798 648 846
text 804 498 848 538
text 820 456 871 503
text 552 803 579 833
text 506 803 554 854
text 376 730 503 870
text 383 859 403 888
text 255 861 275 891
text 310 753 339 807
text 283 742 312 795
text 261 798 292 859
text 253 732 284 788
text 364 718 388 740
text 239 608 373 730
text 196 814 215 845
text 98 688 131 745
text 0 692 25 742
text 0 652 25 683
text 241 543 288 585
text 238 499 285 540
text 213 420 263 466
text 210 385 263 418
text 0 373 26 415
component 2111 258 2183 328
text 1972 383 2003 421
text 1980 273 2005 340
text 1981 245 1999 277
text 1920 430 1974 458
text 1825 432 1856 469
text 1886 356 1921 386
text 1836 323 1888 351
text 1836 298 1887 326
text 1831 272 1889 300
text 1885 246 1945 277
text 1978 178 2007 240
text 1903 193 1978 226
text 1758 270 1811 302
text 1746 179 1800 208
text 1750 147 1803 176
text 1717 146 1748 203
text 1688 138 1718 213
text 1685 296 1725 329
text 1658 304 1680 331
text 1611 298 1653 324
text 1583 305 1604 331
text 1540 295 1580 326
text 1513 306 1533 338
text 1462 298 1511 329
text 1446 302 1465 331
text 1480 261 1496 295
text 1649 130 1680 193
text 1658 430 1680 460
text 1584 429 1606 459
text 1510 427 1532 457
text 1375 393 1392 423
text 1310 394 1333 423
text 1255 395 1271 426
text 1263 195 1296 250
text 1410 187 1434 211
text 1230 240 1253 271
text 1146 180 1200 208
text 1065 180 1120 211
text 1072 296 1123 330
text 1054 430 1072 463
text 1043 330 1075 387
text 1106 248 1132 278
text 1038 223 1071 276
text 981 275 1013 329
text 1011 223 1038 273
text 982 221 1012 275
text 944 423 999 450
text 942 396 1001 423
text 978 361 996 394
text 949 243 981 297
text 913 247 949 294
text 886 213 936 242
text 882 186 935 213
text 851 149 885 179
text 786 191 836 238
text 769 188 787 221
text 763 246 781 279
text 790 421 841 473
text 792 348 854 398
text 725 384 785 440
text 718 317 769 367
text 710 270 757 320
text 692 246 740 296
text 668 228 720 275
text 590 218 641 264
ic 280 274 823 823
text 552 244 586 280
text 499 245 538 282
text 516 218 569 246
text 506 187 576 217
text 441 196 491 243
text 415 182 449 210
text 314 318 361 366
text 210 388 261 419
text 210 353 261 386
text 253 303 310 334
text 35 345 89 370
resistor 87 345 131 363
text 183 305 200 335
text 183 263 201 293
text 180 223 201 251
text 258 262 308 291
text 253 225 308 253
text 125 316 142 348
text 23 333 34 360
text 0 295 24 348
text 0 237 23 289
text 124 210 140 237
text 10 207 30 233
text 2101 96 2130 154
text 2072 93 2101 154
text 1988 117 2007 145
text 2006 11 2022 36
text 1883 11 1898 38
text 1805 123 1858 151
text 1806 55 1835 110
text 1746 115 1803 148
text 1650 68 1680 125
text 1653 17 1679 58
text 1672 217 1690 246
text 225 189 296 218
text 223 161 293 187
text 224 131 295 163
text 221 83 236 112
text 102 181 160 210
text 100 152 160 181
text 111 21 180 50
text 42 65 78 130
text 2051 1315 2066 1345
pads 1033 1062 1082 1083
pads 1203 848 1271 890
connector 1284 1123 1361 1208
component 777 1090 797 1118
component 700 1158 728 1178
component 623 1011 672 1067
component 64 437 153 628
component 392 407 677 669
component 1146 541 1165 582
component 1072 703 1092 748
component 1462 594 1487 614
component 1161 286 1200 303
