button 1912 65 2050 162
connector 2003 206 2192 430
connector 1670 469 2372 983
connector 2012 989 2196 1291
connector 1781 367 1929 448
unknown 1865 206 1908 261
button 84 73 212 162
pads 198 177 248 199
capacitor 174 211 220 231
capacitor 252 231 306 255
connector 242 261 400 552
connector 173 343 237 605
capacitor 237 590 256 633
resistor 468 238 486 286
capacitor 512 265 577 303
capacitor 519 431 539 483
capacitor 582 260 600 301
test 610 233 652 273
capacitor 660 236 700 256
resistor 680 264 747 292
resistor 774 309 803 373
ic 596 358 689 455
pads 565 549 614 571
resistor 568 572 614 594
test 623 553 657 591
capacitor 757 432 775 476
connector 706 500 851 579
resistor 796 435 816 477
pads 823 433 841 478
test 789 385 827 429
connector 3 758 209 1068
test 143 1105 179 1142
test 142 1145 179 1185
test 138 1188 183 1224
button 87 1299 206 1395
led 21 1117 107 1217
resistor 165 1256 209 1281
pads 162 1228 216 1254
resistor 207 1112 252 1135
resistor 205 1154 251 1176
resistor 203 1190 257 1217
capacitor 236 960 271 997
capacitor 334 1065 374 1103
resistor 466 1190 498 1223
capacitor 619 1162 650 1200
pads 27 667 66 742
capacitor 70 690 98 738
pads 273 705 292 754
pads 295 694 315 742
capacitor 340 665 373 701
resistor 688 629 739 687
resistor 712 660 766 714
capacitor 638 637 669 668
pads 730 701 793 762
test 769 669 805 705
resistor 720 590 762 609
connector 803 594 947 671
connector 864 682 1010 759
connector 956 774 1106 858
connector 957 871 1107 951
connector 1077 962 1159 1109
connector 1168 960 1250 1109
pads 645 1133 679 1168
pads 664 1115 698 1149
pads 680 1095 715 1129
capacitor 710 1065 739 1099
capacitor 756 1027 788 1063
resistor 801 1008 836 1041
resistor 829 977 860 1012
pads 836 1015 891 1071
pads 851 1071 886 1108
pads 889 1031 928 1072
clock 875 1058 974 1158
connector 743 1077 902 1232
capacitor 1091 1205 1155 1237
capacitor 1177 1203 1238 1238
diode 1138 1118 1232 1181
pads 894 856 945 935
pads 905 783 928 840
pads 856 768 897 840
resistor 823 788 845 831
capacitor 795 762 815 803
capacitor 812 695 830 738
ic 1251 1017 1445 1251
diode 1450 1014 1511 1110
diode 1527 1014 1589 1109
diode 1598 1013 1661 1110
diode 1674 1013 1741 1112
jumper 1745 990 1846 1147
connector 1466 1148 1668 1435
connector 1839 1328 2070 1406
pads 1877 1251 1993 1319
pads 1801 1255 1869 1295
pads 1796 1213 1874 1253
pads 1797 1169 1870 1209
pads 1889 1195 1942 1215
test 1947 1181 1983 1223
pads 2000 1263 2066 1305
test 1710 1174 1766 1229
inductor 1860 1018 1912 1058
resistor 1861 986 1912 1006
capacitor 1846 1072 1886 1092
unknown 1888 1133 1968 1169
unknown 1891 1094 1966 1129
unknown 1927 1017 1969 1094
inductor 1975 986 2033 1023
connector 1277 859 1356 1010
connector 1366 863 1443 1010
resistor 1456 897 1477 944
capacitor 1482 929 1516 986
diode 1527 885 1586 985
diode 1597 887 1661 985
pads 1571 827 1643 862
pads 1574 779 1642 817
pads 1580 747 1625 771
pads 1580 709 1627 733
resistor 1574 668 1641 699
pads 1575 621 1637 653
clock 1446 662 1527 772
pads 1541 565 1587 590
pads 1537 540 1587 563
resistor 1530 492 1574 512
resistor 1241 886 1261 927
resistor 1124 832 1186 937
connector 1400 450 1506 636
pads 1315 593 1379 632
inductor 1962 435 2025 474
test 1933 362 1975 404
capacitor 1739 379 1773 445
capacitor 1315 823 1350 842
resistor 1246 822 1287 842
ic 1234 677 1356 800
pads 1360 801 1380 847
pads 1400 799 1423 849
capacitor 1420 735 1441 776
capacitor 1421 671 1439 715
capacitor 1377 547 1400 596
resistor 1325 564 1365 592
unknown 1920 195 1960 272
unknown 1883 276 1961 312
unknown 1879 310 1960 351
capacitor 1825 205 1851 251
led 1732 229 1802 268
led 1734 277 1800 315
resistor 1774 332 1845 364
resistor 1753 204 1798 224
pads 1697 214 1720 260
pads 1666 213 1695 265
capacitor 1710 329 1745 364
resistor 1679 367 1714 403
resistor 1660 386 1696 422
capacitor 1636 406 1673 446
capacitor 1606 428 1661 483
pads 1455 321 1479 369
pads 1453 269 1477 313
test 1547 444 1584 481
test 1514 418 1552 453
ic 1501 223 1688 417
resistor 1475 212 1500 264
resistor 1446 212 1471 263
clock 1387 269 1430 364
resistor 1430 387 1478 408
resistor 1374 395 1397 437
resistor 1346 444 1393 460
resistor 1347 472 1369 514
connector 1211 341 1361 423
jumper 1131 202 1287 317
pads 1305 206 1354 232
test 1093 342 1127 378
test 960 223 996 258
pads 1180 468 1229 491
capacitor 1179 518 1228 540
ic 1005 392 1057 435
resistor 1070 387 1089 429
resistor 1100 388 1116 431
ic 1002 251 1047 304
capacitor 889 292 923 313
ic 1234 460 1338 550
ic 882 229 930 282
resistor 864 321 887 373
resistor 968 387 992 433
resistor 943 390 965 432
resistor 895 456 939 474
ic 919 486 971 536
connector 988 450 1095 633
ic 1103 460 1164 519
diode 1043 691 1115 762
resistor 1125 717 1151 760
capacitor 1162 712 1196 776
resistor 1020 636 1069 658
resistor 1019 664 1066 687
capacitor 1124 671 1193 704
capacitor 1129 595 1150 637
capacitor 1198 651 1220 694
pads 1162 581 1197 665
test 1405 226 1442 265
test 1364 219 1398 258
test 1074 223 1111 255
resistor 864 381 884 431
resistor 891 385 911 431
resistor 861 509 912 531
resistor 864 540 914 567
text 1922 31 2017 67
text 1872 84 1903 148
text 2063 136 2124 172
text 2012 178 2066 209
text 1958 178 2014 207
text 1865 172 1907 205
text 1820 168 1855 210
text 1767 175 1809 206
text 1715 171 1768 206
text 1681 163 1720 196
text 1954 211 2000 244
text 1984 268 2003 308
text 1980 334 2006 373
text 1852 274 1881 314
text 1850 316 1881 351
text 1799 278 1852 309
text 1800 306 1838 333
text 1743 313 1781 350
component 2070 277 2170 351
text 1931 399 1989 435
text 1715 202 1750 230
text 1613 210 1661 266
text 1700 262 1729 296
text 1693 297 1732 325
text 1670 264 1698 299
text 1685 343 1736 391
text 1926 443 1963 477
text 1901 451 1918 485
text 1808 452 1848 484
text 1736 447 1790 481
text 1689 413 1741 458
text 1669 431 1719 479
text 1527 208 1555 244
text 1498 209 1524 242
text 1494 241 1547 276
text 1392 200 1445 228
text 1439 271 1451 302
text 1349 307 1383 338
text 1429 356 1446 388
text 1476 274 1503 312
text 1475 325 1506 364
text 1520 371 1588 436
text 1479 378 1532 422
text 1424 406 1472 436
text 1388 368 1426 396
text 1395 394 1421 447
text 1285 206 1307 241
text 1109 203 1145 236
text 1127 322 1184 352
text 996 204 1014 234
text 926 203 961 234
ic 888 321 937 377
text 931 235 959 286
text 955 263 997 294
text 1193 338 1209 374
text 1129 356 1185 383
text 1172 391 1208 423
text 1292 422 1351 455
text 1237 426 1290 458
text 1175 437 1231 471
text 1140 383 1171 434
text 1111 383 1140 435
text 1111 431 1168 462
text 1368 495 1396 553
text 1339 513 1368 567
text 1376 462 1397 495
text 1176 490 1232 520
text 850 221 886 258
text 842 283 886 320
text 833 318 866 376
text 823 374 857 431
text 740 311 771 370
text 765 375 791 423
text 736 374 766 426
text 663 207 700 240
text 605 202 657 236
text 605 272 642 302
text 700 294 736 326
text 683 331 701 363
text 629 329 672 362
text 602 328 623 360
text 696 359 717 392
text 697 430 717 459
text 565 377 597 409
text 562 415 599 447
text 947 434 982 465
text 957 461 986 496
text 893 430 948 459
text 867 439 896 494
text 840 441 868 493
text 724 429 753 467
text 722 465 756 500
text 663 453 686 486
text 608 455 641 486
text 603 483 693 519
connector 964 2 1726 200
connector 318 1 956 204
connector 838 1266 1462 1444
connector 303 1261 823 1443
text 935 341 964 383
text 912 390 940 428
text 914 532 970 562
text 675 522 707 559
text 611 522 679 554
text 523 234 566 265
text 448 206 467 235
text 431 242 466 300
text 516 377 546 433
text 404 387 441 426
text 508 537 567 565
text 513 566 571 593
text 386 229 403 258
text 303 228 343 258
text 245 203 298 229
text 245 169 278 203
text 228 104 245 136
text 117 40 186 71
text 121 169 185 198
text 221 232 245 264
text 167 231 224 258
text 188 259 228 287
text 171 286 244 316
text 191 316 221 346
text 35 341 140 654
component 1775 660 2269 793
text 1635 486 1667 538
text 1640 538 1670 593
resistor 1000 321 1043 339
resistor 945 320 988 338
resistor 943 293 986 311
resistor 980 361 1023 379
capacitor 1052 321 1099 338
capacitor 1142 531 1161 569
resistor 1107 533 1131 574
text 1585 453 1638 501
text 1565 474 1618 516
text 1638 593 1670 641
text 1642 641 1670 698
text 1635 706 1666 773
text 1508 453 1543 483
text 1535 513 1588 541
text 1506 519 1538 572
text 1523 588 1575 617
text 1506 604 1525 633
text 1523 616 1573 646
text 1522 645 1576 673
text 1522 671 1573 703
text 1524 708 1579 736
text 1526 744 1575 775
text 1523 788 1575 819
text 1521 816 1575 848
text 1636 849 1673 884
text 1538 854 1573 880
text 1368 494 1398 550
text 1468 634 1506 662
text 1405 634 1420 667
text 1370 634 1399 687
text 1323 635 1363 665
text 1272 646 1323 678
unknown 1277 563 1313 624
capacitor 1231 605 1271 623
capacitor 1232 633 1272 651
text 1198 599 1230 652
text 1100 586 1127 639
text 1109 638 1158 668
text 1078 633 1099 663
text 1062 659 1118 689
unknown 1448 788 1503 818
resistor 1443 826 1503 856
text 1582 862 1603 889
text 1496 871 1524 924
text 1444 861 1496 892
text 1391 680 1418 732
text 1389 747 1418 799
text 1359 692 1391 746
text 1362 748 1390 800
text 1424 821 1436 858
text 1451 948 1478 998
text 1289 829 1305 858
text 1198 718 1231 778
text 1191 799 1243 829
text 1191 828 1243 859
text 1246 839 1275 887
text 1190 863 1218 917
text 1217 866 1244 923
text 1162 778 1194 831
text 1126 760 1156 814
text 1190 932 1245 958
text 1251 974 1272 1003
text 967 648 1020 678
text 1015 702 1043 745
text 957 548 986 621
text 973 615 986 645
text 903 565 955 591
text 850 564 904 596
text 771 590 801 640
text 836 679 863 735
text 928 786 955 841
text 940 838 955 867
text 960 953 1011 983
text 942 931 958 958
text 863 881 891 921
text 803 862 846 899
text 756 734 811 783
text 800 675 830 689
text 730 611 793 669
text 663 556 713 604
text 648 594 700 643
text 665 614 720 669
text 589 598 648 646
text 804 906 848 946
text 820 941 871 988
text 552 611 579 641
text 506 590 554 641
text 376 574 503 714
text 383 556 403 585
text 255 553 275 583
text 310 637 339 691
text 283 649 312 702
text 261 585 292 646
text 253 656 284 712
text 364 704 388 726
text 239 714 373 836
text 196 599 215 630
text 98 699 131 756
text 0 702 25 752
text 0 761 25 792
text 241 859 288 901
text 238 904 285 945
text 213 978 263 1024
text 210 1026 263 1059
text 0 1029 26 1071
component 2111 1116 2183 1186
text 1972 1023 2003 1061
text 1980 1104 2005 1171
text 1981 1167 1999 1199
text 1920 986 1974 1014
text 1825 975 1856 1012
text 1886 1058 1921 1088
text 1836 1093 1888 1121
text 1836 1118 1887 1146
text 1831 1144 1889 1172
text 1885 1167 1945 1198
text 1978 1204 2007 1266
text 1903 1218 1978 1251
text 1758 1142 1811 1174
text 1746 1236 1800 1265
text 1750 1268 1803 1297
text 1717 1241 1748 1298
text 1688 1231 1718 1306
text 1685 1115 1725 1148
text 1658 1113 1680 1140
text 1611 1120 1653 1146
text 1583 1113 1604 1139
text 1540 1118 1580 1149
text 1513 1106 1533 1138
text 1462 1115 1511 1146
text 1446 1113 1465 1142
text 1480 1149 1496 1183
text 1649 1251 1680 1314
text 1658 984 1680 1014
text 1584 985 1606 1015
text 1510 987 1532 1017
text 1375 1021 1392 1051
text 1310 1021 1333 1050
text 1255 1018 1271 1049
text 1263 1194 1296 1249
text 1410 1233 1434 1257
text 1230 1173 1253 1204
text 1146 1236 1200 1264
text 1065 1233 1120 1264
text 1072 1114 1123 1148
text 1054 981 1072 1014
text 1043 1057 1075 1114
text 1106 1166 1132 1196
text 1038 1168 1071 1221
text 981 1115 1013 1169
text 1011 1171 1038 1221
text 982 1169 1012 1223
text 944 994 999 1021
text 942 1021 1001 1048
text 978 1050 996 1083
text 949 1147 981 1201
text 913 1150 949 1197
text 886 1202 936 1231
text 882 1231 935 1258
text 851 1265 885 1295
text 786 1206 836 1253
text 769 1223 787 1256
text 763 1165 781 1198
text 790 971 841 1023
text 792 1046 854 1096
text 725 1004 785 1060
text 718 1077 769 1127
text 710 1124 757 1174
text 692 1148 740 1198
text 668 1169 720 1216
text 590 1180 641 1226
ic 280 621 823 1170
text 552 1164 586 1200
text 499 1162 538 1199
text 516 1198 569 1226
text 506 1227 576 1257
text 441 1201 491 1248
text 415 1234 449 1262
text 314 1078 361 1126
text 210 1025 261 1056
text 210 1058 261 1091
text 253 1110 310 1141
text 35 1074 89 1099
resistor 87 1081 131 1099
text 183 1109 200 1139
text 183 1151 201 1181
text 180 1193 201 1221
text 258 1153 308 1182
text 253 1191 308 1219
text 125 1096 142 1128
text 23 1084 34 1111
text 0 1096 24 1149
text 0 1155 23 1207
text 124 1207 140 1234
text 10 1211 30 1237
text 2101 1290 2130 1348
text 2072 1290 2101 1351
text 1988 1299 2007 1327
text 2006 1408 2022 1433
text 1883 1406 1898 1433
text 1805 1293 1858 1321
text 1806 1334 1835 1389
text 1746 1296 1803 1329
text 1650 1319 1680 1376
text 1653 1386 1679 1427
text 1672 1198 1690 1227
text 225 1226 296 1255
text 223 1257 293 1283
text 224 1281 295 1313
text 221 1332 236 1361
text 102 1234 160 1263
text 100 1263 160 1292
text 111 1394 180 1423
text 42 1314 78 1379
text 2051 99 2066 129
pads 1033 361 1082 382
pads 1203 554 1271 596
connector 1284 236 1361 321
component 777 326 797 354
component 700 266 728 286
component 623 377 672 433
component 64 816 153 1007
component 392 775 677 1037
component 1146 862 1165 903
component 1072 696 1092 741
component 1462 830 1487 850
component 1161 1141 1200 1158
