resistor 1006 1381 1042 1402
led 909 1361 959 1404
connector 696 1308 844 1425
transistor 964 1357 1000 1386
ic 889 1149 1042 1300
capacitor 1053 1281 1070 1313
capacitor 1001 1303 1033 1320
capacitor 869 1255 886 1287
capacitor 1044 1160 1059 1191
capacitor 1026 1116 1042 1147
capacitor 1008 1114 1025 1148
capacitor 990 1116 1008 1147
capacitor 954 1125 989 1144
capacitor 910 1125 943 1144
capacitor 778 1140 796 1171
capacitor 970 874 986 915
capacitor 925 942 939 981
capacitor 899 944 918 977
resistor 1062 1159 1081 1193
pads 791 1281 826 1301
resistor 850 1199 883 1217
pads 792 1233 825 1251
resistor 648 1289 669 1322
resistor 629 1288 648 1322
resistor 607 1288 629 1322
resistor 586 1288 607 1321
resistor 567 1289 586 1321
resistor 491 1330 510 1362
led 580 1360 628 1402
ic 800 1138 862 1187
inductor 789 1255 826 1279
transistor 587 1324 602 1354
resistor 742 1049 761 1083
connector 1183 628 1434 899
capacitor 909 797 942 817
resistor 1139 860 1180 875
resistor 1138 840 1180 853
resistor 1139 818 1178 833
resistor 1138 797 1180 812
resistor 1138 776 1178 790
resistor 1139 755 1180 770
resistor 1138 734 1179 747
resistor 1140 714 1178 728
ic 642 879 894 1044
ic 636 556 900 818
capacitor 620 846 633 883
capacitor 547 824 588 837
capacitor 487 838 528 851
capacitor 596 799 628 819
capacitor 595 779 628 798
ic 419 655 538 795
capacitor 513 633 546 653
capacitor 410 631 451 644
capacitor 594 560 627 579
capacitor 591 542 633 556
capacitor 908 560 942 578
capacitor 905 540 946 554
ic 1021 556 1163 676
capacitor 1001 585 1016 621
capacitor 1019 533 1052 553
capacitor 939 483 980 499
capacitor 1238 409 1264 453
capacitor 1271 410 1294 454
capacitor 1301 408 1328 452
pads 1348 492 1367 526
capacitor 1298 464 1324 509
resistor 1191 509 1226 527
resistor 1370 491 1385 526
resistor 1391 470 1407 508
resistor 1392 425 1406 461
ic 1328 420 1386 477
inductor 1278 284 1391 403
transistor 1187 538 1228 578
diode 1234 535 1263 589
connector 410 90 1121 337
inductor 410 1112 561 1250
inductor 132 1114 284 1252
inductor 186 926 289 1034
ic 424 1327 486 1381
capacitor 457 1299 491 1317
capacitor 301 1334 319 1365
pads 358 1203 403 1229
pads 300 1204 347 1230
capacitor 299 1169 346 1195
capacitor 299 1131 345 1159
capacitor 358 1169 404 1196
capacitor 356 1132 403 1158
capacitor 409 1090 442 1108
capacitor 279 1091 297 1125
capacitor 391 1039 407 1080
capacitor 291 1005 326 1024
capacitor 398 949 425 995
capacitor 366 950 394 995
capacitor 336 949 365 996
capacitor 305 949 332 996
resistor 422 1298 457 1318
resistor 379 1300 415 1379
ic 326 1322 373 1360
resistor 375 1089 409 1108
resistor 298 1092 332 1110
resistor 297 1024 331 1042
connector 100 631 351 895
resistor 358 826 397 840
resistor 358 805 397 818
resistor 357 784 398 798
resistor 357 763 398 776
resistor 357 742 398 756
resistor 358 722 397 735
resistor 357 700 398 715
resistor 357 680 398 694
capacitor 232 597 275 612
transistor 160 473 301 591
ic 203 349 265 403
resistor 166 389 199 408
resistor 179 351 198 383
resistor 269 333 287 366
resistor 391 517 409 550
resistor 305 492 338 511
resistor 314 527 333 559
diode 334 565 390 590
transistor 338 519 386 559
capacitor 342 491 375 510
capacitor 209 414 250 427
capacitor 290 368 308 407
capacitor 270 371 287 404
capacitor 207 327 239 344
resistor 1149 387 1184 405
resistor 1149 345 1184 364
resistor 1115 387 1149 406
resistor 1080 387 1115 406
resistor 1046 387 1080 406
resistor 1011 387 1045 406
resistor 976 387 1010 406
resistor 941 388 975 407
resistor 1115 345 1149 365
resistor 1079 345 1115 365
resistor 1045 346 1081 365
resistor 1011 345 1045 365
resistor 976 346 1010 365
resistor 941 346 975 365
resistor 906 346 940 366
resistor 872 346 906 366
resistor 906 387 940 408
resistor 871 387 906 408
resistor 837 388 872 407
resistor 836 347 872 367
resistor 802 388 837 407
resistor 802 347 836 367
capacitor 1150 365 1184 385
capacitor 1115 366 1150 386
capacitor 1080 366 1115 386
capacitor 1046 367 1080 385
capacitor 1010 367 1045 386
capacitor 976 366 1010 386
capacitor 941 367 976 386
capacitor 906 367 941 386
capacitor 871 367 906 387
capacitor 836 367 872 387
capacitor 802 367 836 387
capacitor 767 367 801 388
capacitor 732 367 767 388
capacitor 697 367 732 388
capacitor 663 368 697 388
capacitor 628 368 663 388
capacitor 593 368 628 388
capacitor 559 368 593 388
capacitor 524 368 559 387
capacitor 489 369 524 388
capacitor 455 369 489 389
capacitor 420 370 454 389
capacitor 385 370 420 389
capacitor 351 370 386 388
resistor 697 389 732 408
resistor 663 389 698 408
resistor 628 389 663 409
resistor 593 389 628 409
resistor 559 389 593 409
resistor 524 389 558 409
resistor 489 389 524 409
resistor 455 390 489 409
resistor 420 390 454 409
resistor 386 390 420 410
resistor 352 390 386 410
resistor 697 348 733 367
resistor 663 347 698 367
resistor 628 348 663 368
resistor 593 348 628 367
resistor 559 348 593 367
resistor 524 348 559 368
resistor 489 348 524 369
resistor 454 348 489 368
resistor 420 349 455 369
resistor 385 348 420 368
resistor 352 349 385 370
resistor 767 347 802 366
resistor 733 348 767 366
resistor 767 389 802 408
resistor 732 388 767 408
text 1111 1143 1402 1226
text 1043 1381 1099 1404
text 1075 1275 1101 1335
text 969 1333 997 1353
text 884 1358 906 1406
text 950 1305 999 1326
text 891 1302 939 1322
text 845 1242 868 1300
text 1090 1100 1112 1159
text 1061 1194 1085 1248
text 1042 1195 1062 1245
text 1069 1101 1090 1159
text 1048 1103 1069 1160
text 933 1102 987 1125
text 876 1101 931 1125
text 833 1219 887 1239
text 786 1201 840 1221
text 734 1281 788 1302
text 754 1255 782 1277
text 737 1225 790 1247
text 756 1130 776 1188
text 685 1282 714 1304
text 632 1359 652 1400
text 610 1325 639 1346
text 647 1227 670 1280
text 627 1229 648 1285
text 609 1229 627 1284
text 589 1229 608 1283
text 569 1228 589 1284
text 496 1296 551 1320
text 511 1325 533 1382
text 432 1382 488 1401
text 369 1380 426 1402
text 527 1090 561 1110
text 448 1087 503 1109
text 422 1276 478 1297
text 326 1360 378 1380
text 272 1367 324 1388
text 356 1272 414 1294
text 357 1252 414 1271
text 355 1231 413 1252
text 294 1273 351 1293
text 296 1252 351 1271
text 294 1232 350 1251
text 986 961 1296 1022
text 1180 891 1193 915
text 985 872 1009 919
text 919 981 943 1039
text 896 978 920 1036
text 711 1046 736 1104
text 642 1047 685 1070
text 496 945 519 1005
text 477 944 497 1004
text 455 945 476 1003
text 435 945 455 1004
text 406 1033 427 1089
text 337 1066 391 1088
text 333 1024 389 1046
text 328 1000 384 1022
text 361 925 414 945
text 355 903 415 924
text 367 883 414 903
text 367 862 413 882
text 279 1068 334 1089
text 261 1040 292 1060
text 258 1062 277 1112
text 163 1090 197 1113
text 264 899 295 921
text 1092 856 1135 878
text 1090 837 1134 855
text 1090 815 1134 835
text 1088 793 1135 815
text 1089 774 1134 794
text 1090 753 1134 773
text 1089 732 1133 752
text 1091 710 1134 730
text 903 773 958 796
text 978 577 999 624
text 904 579 962 600
text 594 838 616 884
text 537 840 594 863
text 483 854 529 874
text 576 754 633 776
text 582 733 633 753
text 460 799 504 823
text 465 633 511 652
text 368 839 412 863
text 363 655 407 676
text 361 636 407 655
text 360 612 406 635
text 409 609 451 629
text 371 588 417 611
text 345 609 355 630
text 311 563 334 617
text 171 591 229 613
text 1388 510 1409 567
text 1328 510 1349 569
text 1307 512 1328 572
text 1285 511 1306 569
text 1265 539 1284 583
text 1194 600 1223 623
text 1194 579 1222 600
text 1274 459 1295 514
text 1247 457 1270 515
text 1224 454 1247 515
text 1136 503 1191 529
text 1117 529 1160 553
text 1162 448 1202 470
text 1173 428 1203 449
text 1160 408 1202 428
text 1011 512 1057 533
text 898 518 957 538
text 1125 448 1160 470
text 1131 428 1161 447
text 1129 409 1161 427
text 1082 449 1125 471
text 1088 427 1125 448
text 1083 408 1125 427
text 1043 449 1082 470
text 1051 428 1082 449
text 1039 409 1082 427
text 900 479 938 500
text 994 449 1040 470
text 996 428 1040 449
text 993 409 1039 428
text 950 449 993 471
text 951 429 994 448
text 951 409 994 428
text 904 449 950 471
text 905 429 950 450
text 903 409 949 427
text 859 450 903 470
text 861 430 903 449
text 859 409 902 427
text 814 450 858 470
text 815 430 858 450
text 813 408 857 428
text 645 532 688 555
text 579 518 636 538
text 580 497 636 518
text 769 450 815 470
text 768 429 812 449
text 768 410 814 430
text 739 451 769 471
text 738 430 768 451
text 738 408 767 431
text 705 451 737 472
text 706 431 736 451
text 706 409 736 430
text 663 451 705 473
text 674 428 705 451
text 621 450 663 471
text 633 431 663 450
text 622 410 664 430
text 578 452 621 472
text 580 430 621 450
text 579 411 621 430
text 532 450 577 473
text 535 430 577 451
text 533 411 578 431
text 487 452 532 472
text 491 431 532 452
text 491 410 531 431
text 442 452 488 472
text 445 430 488 451
text 441 411 488 430
text 403 452 443 473
text 400 431 440 452
text 399 412 441 430
text 395 556 426 579
text 410 501 433 559
text 379 478 437 502
text 303 471 358 491
text 357 452 402 473
text 355 433 400 452
text 356 413 399 431
text 311 452 354 472
text 310 433 356 451
text 312 412 355 432
text 266 454 310 473
text 266 432 309 452
text 272 411 310 432
text 197 429 253 452
text 171 462 200 487
text 145 407 199 431
text 1390 367 1412 422
text 1353 260 1385 282
text 1219 312 1274 335
text 1227 382 1261 404
text 1227 363 1259 382
text 1224 340 1257 361
text 1193 383 1224 404
text 1198 361 1223 382
text 1197 340 1223 361
text 1124 307 1151 331
text 329 347 350 407
text 309 347 330 406
text 287 308 311 361
text 241 291 264 348
text 154 330 176 386
text 148 309 205 331
