resistor 478 98 514 119
led 561 96 611 139
connector 676 75 824 192
transistor 520 114 556 143
ic 478 200 631 351
capacitor 450 187 467 219
capacitor 487 180 519 197
capacitor 634 213 651 245
capacitor 461 309 476 340
capacitor 478 353 494 384
capacitor 495 352 512 386
capacitor 512 353 530 384
capacitor 531 356 566 375
capacitor 577 356 610 375
capacitor 724 329 742 360
capacitor 534 585 550 626
capacitor 581 519 595 558
capacitor 602 523 621 556
resistor 439 307 458 341
pads 694 199 729 219
resistor 637 283 670 301
pads 695 249 728 267
resistor 851 178 872 211
resistor 872 178 891 212
resistor 891 178 913 212
resistor 913 179 934 212
resistor 934 179 953 211
resistor 1010 138 1029 170
led 892 98 940 140
ic 658 313 720 362
inductor 694 221 731 245
transistor 918 146 933 176
resistor 759 417 778 451
connector 86 601 337 872
capacitor 578 683 611 703
resistor 340 625 381 640
resistor 340 647 382 660
resistor 342 667 381 682
resistor 340 688 382 703
resistor 342 710 382 724
resistor 340 730 381 745
resistor 341 753 382 766
resistor 342 772 380 786
ic 626 456 878 621
ic 620 682 884 944
capacitor 887 617 900 654
capacitor 932 663 973 676
capacitor 992 649 1033 662
capacitor 892 681 924 701
capacitor 892 702 925 721
ic 982 705 1101 845
capacitor 974 847 1007 867
capacitor 1069 856 1110 869
capacitor 893 921 926 940
capacitor 887 944 929 958
capacitor 578 922 612 940
capacitor 574 946 615 960
ic 357 824 499 944
capacitor 504 879 519 915
capacitor 468 947 501 967
capacitor 540 1001 581 1017
capacitor 256 1047 282 1091
capacitor 226 1046 249 1090
capacitor 192 1048 219 1092
pads 153 974 172 1008
capacitor 196 991 222 1036
resistor 294 973 329 991
resistor 135 974 150 1009
resistor 113 992 129 1030
resistor 114 1039 128 1075
ic 134 1023 192 1080
inductor 129 1097 242 1216
transistor 292 922 333 962
diode 257 911 286 965
connector 399 1163 1110 1410
inductor 959 250 1110 388
inductor 1236 248 1388 386
inductor 1231 466 1334 574
ic 1034 119 1096 173
capacitor 1029 183 1063 201
capacitor 1201 135 1219 166
pads 1117 271 1162 297
pads 1173 270 1220 296
capacitor 1174 305 1221 331
capacitor 1175 341 1221 369
capacitor 1116 304 1162 331
capacitor 1117 342 1164 368
capacitor 1078 392 1111 410
capacitor 1223 375 1241 409
capacitor 1113 420 1129 461
capacitor 1194 476 1229 495
capacitor 1095 505 1122 551
capacitor 1126 505 1154 550
capacitor 1155 504 1184 551
capacitor 1188 504 1215 551
resistor 1063 182 1098 202
resistor 1105 121 1141 200
ic 1147 140 1194 178
resistor 1111 392 1145 411
resistor 1188 390 1222 408
resistor 1189 458 1223 476
connector 1169 605 1420 869
resistor 1123 660 1162 674
resistor 1123 682 1162 695
resistor 1122 702 1163 716
resistor 1122 724 1163 737
resistor 1122 744 1163 758
resistor 1123 765 1162 778
resistor 1122 785 1163 800
resistor 1122 806 1163 820
capacitor 1245 888 1288 903
transistor 1219 909 1360 1027
ic 1255 1097 1317 1151
resistor 1321 1092 1354 1111
resistor 1322 1117 1341 1149
resistor 1233 1134 1251 1167
resistor 1111 950 1129 983
resistor 1182 989 1215 1008
resistor 1187 941 1206 973
diode 1130 910 1186 935
transistor 1134 941 1182 981
capacitor 1145 990 1178 1009
capacitor 1270 1073 1311 1086
capacitor 1212 1093 1230 1132
capacitor 1233 1096 1250 1129
capacitor 1281 1156 1313 1173
resistor 336 1095 371 1113
resistor 336 1136 371 1155
resistor 371 1094 405 1113
resistor 405 1094 440 1113
resistor 440 1094 474 1113
resistor 475 1094 509 1113
resistor 510 1094 544 1113
resistor 545 1093 579 1112
resistor 371 1135 405 1155
resistor 405 1135 441 1155
resistor 439 1135 475 1154
resistor 475 1135 509 1155
resistor 510 1135 544 1154
resistor 545 1135 579 1154
resistor 580 1134 614 1154
resistor 614 1134 648 1154
resistor 580 1092 614 1113
resistor 614 1092 649 1113
resistor 648 1093 683 1112
resistor 648 1133 684 1153
resistor 683 1093 718 1112
resistor 684 1133 718 1153
capacitor 336 1115 370 1135
capacitor 370 1114 405 1134
capacitor 405 1114 440 1134
capacitor 440 1115 474 1133
capacitor 475 1114 510 1133
capacitor 510 1114 544 1134
capacitor 544 1114 579 1133
capacitor 579 1114 614 1133
capacitor 614 1113 649 1133
capacitor 648 1113 684 1133
capacitor 684 1113 718 1133
capacitor 719 1112 753 1133
capacitor 753 1112 788 1133
capacitor 788 1112 823 1133
capacitor 823 1112 857 1132
capacitor 857 1112 892 1132
capacitor 892 1112 927 1132
capacitor 927 1112 961 1132
capacitor 961 1113 996 1132
capacitor 996 1112 1031 1131
capacitor 1031 1111 1065 1131
capacitor 1066 1111 1100 1130
capacitor 1100 1111 1135 1130
capacitor 1134 1112 1169 1130
resistor 788 1092 823 1111
resistor 822 1092 857 1111
resistor 857 1091 892 1111
resistor 892 1091 927 1111
resistor 927 1091 961 1111
resistor 962 1091 996 1111
resistor 996 1091 1031 1111
resistor 1031 1091 1065 1110
resistor 1066 1091 1100 1110
resistor 1100 1090 1134 1110
resistor 1134 1090 1168 1110
resistor 787 1133 823 1152
resistor 822 1133 857 1153
resistor 857 1132 892 1152
resistor 892 1133 927 1152
resistor 927 1133 961 1152
resistor 961 1132 996 1152
resistor 996 1131 1031 1152
resistor 1031 1132 1066 1152
resistor 1065 1131 1100 1151
resistor 1100 1132 1135 1152
resistor 1135 1130 1168 1151
resistor 718 1134 753 1153
resistor 753 1134 787 1152
resistor 718 1092 753 1111
resistor 753 1092 788 1112
text 118 274 409 357
text 421 96 477 119
text 419 165 445 225
text 523 147 551 167
text 614 94 636 142
text 521 174 570 195
text 581 178 629 198
text 652 200 675 258
text 408 341 430 400
text 435 252 459 306
text 458 255 478 305
text 430 341 451 399
text 451 340 472 397
text 533 375 587 398
text 589 375 644 399
text 633 261 687 281
text 680 279 734 299
text 732 198 786 219
text 738 223 766 245
text 730 253 783 275
text 744 312 764 370
text 806 196 835 218
text 868 100 888 141
text 881 154 910 175
text 850 220 873 273
text 872 215 893 271
text 893 216 911 271
text 912 217 931 271
text 931 216 951 272
text 969 180 1024 204
text 987 118 1009 175
text 1032 99 1088 118
text 1094 98 1151 120
text 959 390 993 410
text 1017 391 1072 413
text 1042 203 1098 224
text 1142 120 1194 140
text 1196 112 1248 133
text 1106 206 1164 228
text 1106 229 1163 248
text 1107 248 1165 269
text 1169 207 1226 227
text 1169 229 1224 248
text 1170 249 1226 268
text 224 478 534 539
text 327 585 340 609
text 511 581 535 628
text 577 461 601 519
text 600 464 624 522
text 784 396 809 454
text 835 430 878 453
text 1001 495 1024 555
text 1023 496 1043 556
text 1044 497 1065 555
text 1065 496 1085 555
text 1093 411 1114 467
text 1129 412 1183 434
text 1131 454 1187 476
text 1136 478 1192 500
text 1106 555 1159 575
text 1105 576 1165 597
text 1106 597 1153 617
text 1107 618 1153 638
text 1186 411 1241 432
text 1228 440 1259 460
text 1243 388 1262 438
text 1323 387 1357 410
text 1225 579 1256 601
text 385 622 428 644
text 386 645 430 663
text 386 665 430 685
text 385 685 432 707
text 386 706 431 726
text 386 727 430 747
text 387 748 431 768
text 386 770 429 790
text 562 704 617 727
text 521 876 542 923
text 558 900 616 921
text 904 616 926 662
text 926 637 983 660
text 991 626 1037 646
text 887 724 944 746
text 887 747 938 767
text 1016 677 1060 701
text 1009 848 1055 867
text 1108 637 1152 661
text 1113 824 1157 845
text 1113 845 1159 864
text 1114 865 1160 888
text 1069 871 1111 891
text 1103 889 1149 912
text 1165 870 1175 891
text 1186 883 1209 937
text 1291 887 1349 909
text 111 933 132 990
text 171 931 192 990
text 192 928 213 988
text 214 931 235 989
text 236 917 255 961
text 297 877 326 900
text 298 900 326 921
text 225 986 246 1041
text 250 985 273 1043
text 273 985 296 1046
text 329 971 384 997
text 360 947 403 971
text 318 1030 358 1052
text 317 1051 347 1072
text 318 1072 360 1092
text 463 967 509 988
text 563 962 622 982
text 360 1030 395 1052
text 359 1053 389 1072
text 359 1073 391 1091
text 395 1029 438 1051
text 395 1052 432 1073
text 395 1073 437 1092
text 438 1030 477 1051
text 438 1051 469 1072
text 438 1073 481 1091
text 582 1000 620 1021
text 480 1030 526 1051
text 480 1051 524 1072
text 481 1072 527 1091
text 527 1029 570 1051
text 526 1052 569 1071
text 526 1072 569 1091
text 570 1029 616 1051
text 570 1050 615 1071
text 571 1073 617 1091
text 617 1030 661 1050
text 617 1051 659 1070
text 618 1073 661 1091
text 662 1030 706 1050
text 662 1050 705 1070
text 663 1072 707 1092
text 832 945 875 968
text 884 962 941 982
text 884 982 940 1003
text 705 1030 751 1050
text 708 1051 752 1071
text 706 1070 752 1090
text 751 1029 781 1049
text 752 1049 782 1070
text 753 1069 782 1092
text 783 1028 815 1049
text 784 1049 814 1069
text 784 1070 814 1091
text 815 1027 857 1049
text 815 1049 846 1072
text 857 1029 899 1050
text 857 1050 887 1069
text 856 1070 898 1090
text 899 1028 942 1048
text 899 1050 940 1070
text 899 1070 941 1089
text 943 1027 988 1050
text 943 1049 985 1070
text 942 1069 987 1089
text 988 1028 1033 1048
text 988 1048 1029 1069
text 989 1069 1029 1090
text 1032 1028 1078 1048
text 1032 1049 1075 1070
text 1032 1070 1079 1089
text 1077 1027 1117 1048
text 1080 1048 1120 1069
text 1079 1070 1121 1088
text 1094 921 1125 944
text 1087 941 1110 999
text 1083 998 1141 1022
text 1162 1009 1217 1029
text 1118 1027 1163 1048
text 1120 1048 1165 1067
text 1121 1069 1164 1087
text 1166 1028 1209 1048
text 1164 1049 1210 1067
text 1165 1068 1208 1088
text 1210 1027 1254 1046
text 1211 1048 1254 1068
text 1210 1068 1248 1089
text 1267 1048 1323 1071
text 1320 1013 1349 1038
text 1321 1069 1375 1093
text 108 1078 130 1133
text 135 1218 167 1240
text 246 1165 301 1188
text 259 1096 293 1118
text 261 1118 293 1137
text 263 1139 296 1160
text 296 1096 327 1117
text 297 1118 322 1139
text 297 1139 323 1160
text 369 1169 396 1193
text 1170 1093 1191 1153
text 1190 1094 1211 1153
text 1209 1139 1233 1192
text 1256 1152 1279 1209
text 1344 1114 1366 1170
text 1315 1169 1372 1191
