resistor 1006 98 1042 119
led 909 96 959 139
connector 696 75 844 192
transistor 964 114 1000 143
ic 889 200 1042 351
capacitor 1053 187 1070 219
capacitor 1001 180 1033 197
capacitor 869 213 886 245
capacitor 1044 309 1059 340
capacitor 1026 353 1042 384
capacitor 1008 352 1025 386
capacitor 990 353 1008 384
capacitor 954 356 989 375
capacitor 910 356 943 375
capacitor 778 329 796 360
capacitor 970 585 986 626
capacitor 925 519 939 558
capacitor 899 523 918 556
resistor 1062 307 1081 341
pads 791 199 826 219
resistor 850 283 883 301
pads 792 249 825 267
resistor 648 178 669 211
resistor 629 178 648 212
resistor 607 178 629 212
resistor 586 179 607 212
resistor 567 179 586 211
resistor 491 138 510 170
led 580 98 628 140
ic 800 313 862 362
inductor 789 221 826 245
transistor 587 146 602 176
resistor 742 417 761 451
connector 1183 601 1434 872
capacitor 909 683 942 703
resistor 1139 625 1180 640
resistor 1138 647 1180 660
resistor 1139 667 1178 682
resistor 1138 688 1180 703
resistor 1138 710 1178 724
resistor 1139 730 1180 745
resistor 1138 753 1179 766
resistor 1140 772 1178 786
ic 642 456 894 621
ic 636 682 900 944
capacitor 620 617 633 654
capacitor 547 663 588 676
capacitor 487 649 528 662
capacitor 596 681 628 701
capacitor 595 702 628 721
ic 419 705 538 845
capacitor 513 847 546 867
capacitor 410 856 451 869
capacitor 594 921 627 940
capacitor 591 944 633 958
capacitor 908 922 942 940
capacitor 905 946 946 960
ic 1021 824 1163 944
capacitor 1001 879 1016 915
capacitor 1019 947 1052 967
capacitor 939 1001 980 1017
capacitor 1238 1047 1264 1091
capacitor 1271 1046 1294 1090
capacitor 1301 1048 1328 1092
pads 1348 974 1367 1008
capacitor 1298 991 1324 1036
resistor 1191 973 1226 991
resistor 1370 974 1385 1009
resistor 1391 992 1407 1030
resistor 1392 1039 1406 1075
ic 1328 1023 1386 1080
inductor 1278 1097 1391 1216
transistor 1187 922 1228 962
diode 1234 911 1263 965
connector 410 1163 1121 1410
inductor 410 250 561 388
inductor 132 248 284 386
inductor 186 466 289 574
ic 424 119 486 173
capacitor 457 183 491 201
capacitor 301 135 319 166
pads 358 271 403 297
pads 300 270 347 296
capacitor 299 305 346 331
capacitor 299 341 345 369
capacitor 358 304 404 331
capacitor 356 342 403 368
capacitor 409 392 442 410
capacitor 279 375 297 409
capacitor 391 420 407 461
capacitor 291 476 326 495
capacitor 398 505 425 551
capacitor 366 505 394 550
capacitor 336 504 365 551
capacitor 305 504 332 551
resistor 422 182 457 202
resistor 379 121 415 200
ic 326 140 373 178
resistor 375 392 409 411
resistor 298 390 332 408
resistor 297 458 331 476
connector 100 605 351 869
resistor 358 660 397 674
resistor 358 682 397 695
resistor 357 702 398 716
resistor 357 724 398 737
resistor 357 744 398 758
resistor 358 765 397 778
resistor 357 785 398 800
resistor 357 806 398 820
capacitor 232 888 275 903
transistor 160 909 301 1027
ic 203 1097 265 1151
resistor 166 1092 199 1111
resistor 179 1117 198 1149
resistor 269 1134 287 1167
resistor 391 950 409 983
resistor 305 989 338 1008
resistor 314 941 333 973
diode 334 910 390 935
transistor 338 941 386 981
capacitor 342 990 375 1009
capacitor 209 1073 250 1086
capacitor 290 1093 308 1132
capacitor 270 1096 287 1129
capacitor 207 1156 239 1173
resistor 1149 1095 1184 1113
resistor 1149 1136 1184 1155
resistor 1115 1094 1149 1113
resistor 1080 1094 1115 1113
resistor 1046 1094 1080 1113
resistor 1011 1094 1045 1113
resistor 976 1094 1010 1113
resistor 941 1093 975 1112
resistor 1115 1135 1149 1155
resistor 1079 1135 1115 1155
resistor 1045 1135 1081 1154
resistor 1011 1135 1045 1155
resistor 976 1135 1010 1154
resistor 941 1135 975 1154
resistor 906 1134 940 1154
resistor 872 1134 906 1154
resistor 906 1092 940 1113
resistor 871 1092 906 1113
resistor 837 1093 872 1112
resistor 836 1133 872 1153
resistor 802 1093 837 1112
resistor 802 1133 836 1153
capacitor 1150 1115 1184 1135
capacitor 1115 1114 1150 1134
capacitor 1080 1114 1115 1134
capacitor 1046 1115 1080 1133
capacitor 1010 1114 1045 1133
capacitor 976 1114 1010 1134
capacitor 941 1114 976 1133
capacitor 906 1114 941 1133
capacitor 871 1113 906 1133
capacitor 836 1113 872 1133
capacitor 802 1113 836 1133
capacitor 767 1112 801 1133
capacitor 732 1112 767 1133
capacitor 697 1112 732 1133
capacitor 663 1112 697 1132
capacitor 628 1112 663 1132
capacitor 593 1112 628 1132
capacitor 559 1112 593 1132
capacitor 524 1113 559 1132
capacitor 489 1112 524 1131
capacitor 455 1111 489 1131
capacitor 420 1111 454 1130
capacitor 385 1111 420 1130
capacitor 351 1112 386 1130
resistor 697 1092 732 1111
resistor 663 1092 698 1111
resistor 628 1091 663 1111
resistor 593 1091 628 1111
resistor 559 1091 593 1111
resistor 524 1091 558 1111
resistor 489 1091 524 1111
resistor 455 1091 489 1110
resistor 420 1091 454 1110
resistor 386 1090 420 1110
resistor 352 1090 386 1110
resistor 697 1133 733 1152
resistor 663 1133 698 1153
resistor 628 1132 663 1152
resistor 593 1133 628 1152
resistor 559 1133 593 1152
resistor 524 1132 559 1152
resistor 489 1131 524 1152
resistor 454 1132 489 1152
resistor 420 1131 455 1151
resistor 385 1132 420 1152
resistor 352 1130 385 1151
resistor 767 1134 802 1153
resistor 733 1134 767 1152
resistor 767 1092 802 1111
resistor 732 1092 767 1112
text 1111 274 1402 357
text 1043 96 1099 119
text 1075 165 1101 225
text 969 147 997 167
text 884 94 906 142
text 950 174 999 195
text 891 178 939 198
text 845 200 868 258
text 1090 341 1112 400
text 1061 252 1085 306
text 1042 255 1062 305
text 1069 341 1090 399
text 1048 340 1069 397
text 933 375 987 398
text 876 375 931 399
text 833 261 887 281
text 786 279 840 299
text 734 198 788 219
text 754 223 782 245
text 737 253 790 275
text 756 312 776 370
text 685 196 714 218
text 632 100 652 141
text 610 154 639 175
text 647 220 670 273
text 627 215 648 271
text 609 216 627 271
text 589 217 608 271
text 569 216 589 272
text 496 180 551 204
text 511 118 533 175
text 432 99 488 118
text 369 98 426 120
text 527 390 561 410
text 448 391 503 413
text 422 203 478 224
text 326 120 378 140
text 272 112 324 133
text 356 206 414 228
text 357 229 414 248
text 355 248 413 269
text 294 207 351 227
text 296 229 351 248
text 294 249 350 268
text 986 478 1296 539
text 1180 585 1193 609
text 985 581 1009 628
text 919 461 943 519
text 896 464 920 522
text 711 396 736 454
text 642 430 685 453
text 496 495 519 555
text 477 496 497 556
text 455 497 476 555
text 435 496 455 555
text 406 411 427 467
text 337 412 391 434
text 333 454 389 476
text 328 478 384 500
text 361 555 414 575
text 355 576 415 597
text 367 597 414 617
text 367 618 413 638
text 279 411 334 432
text 261 440 292 460
text 258 388 277 438
text 163 387 197 410
text 264 579 295 601
text 1092 622 1135 644
text 1090 645 1134 663
text 1090 665 1134 685
text 1088 685 1135 707
text 1089 706 1134 726
text 1090 727 1134 747
text 1089 748 1133 768
text 1091 770 1134 790
text 903 704 958 727
text 978 876 999 923
text 904 900 962 921
text 594 616 616 662
text 537 637 594 660
text 483 626 529 646
text 576 724 633 746
text 582 747 633 767
text 460 677 504 701
text 465 848 511 867
text 368 637 412 661
text 363 824 407 845
text 361 845 407 864
text 360 865 406 888
text 409 871 451 891
text 371 889 417 912
text 345 870 355 891
text 311 883 334 937
text 171 887 229 909
text 1388 933 1409 990
text 1328 931 1349 990
text 1307 928 1328 988
text 1285 931 1306 989
text 1265 917 1284 961
text 1194 877 1223 900
text 1194 900 1222 921
text 1274 986 1295 1041
text 1247 985 1270 1043
text 1224 985 1247 1046
text 1136 971 1191 997
text 1117 947 1160 971
text 1162 1030 1202 1052
text 1173 1051 1203 1072
text 1160 1072 1202 1092
text 1011 967 1057 988
text 898 962 957 982
text 1125 1030 1160 1052
text 1131 1053 1161 1072
text 1129 1073 1161 1091
text 1082 1029 1125 1051
text 1088 1052 1125 1073
text 1083 1073 1125 1092
text 1043 1030 1082 1051
text 1051 1051 1082 1072
text 1039 1073 1082 1091
text 900 1000 938 1021
text 994 1030 1040 1051
text 996 1051 1040 1072
text 993 1072 1039 1091
text 950 1029 993 1051
text 951 1052 994 1071
text 951 1072 994 1091
text 904 1029 950 1051
text 905 1050 950 1071
text 903 1073 949 1091
text 859 1030 903 1050
text 861 1051 903 1070
text 859 1073 902 1091
text 814 1030 858 1050
text 815 1050 858 1070
text 813 1072 857 1092
text 645 945 688 968
text 579 962 636 982
text 580 982 636 1003
text 769 1030 815 1050
text 768 1051 812 1071
text 768 1070 814 1090
text 739 1029 769 1049
text 738 1049 768 1070
text 738 1069 767 1092
text 705 1028 737 1049
text 706 1049 736 1069
text 706 1070 736 1091
text 663 1027 705 1049
text 674 1049 705 1072
text 621 1029 663 1050
text 633 1050 663 1069
text 622 1070 664 1090
text 578 1028 621 1048
text 580 1050 621 1070
text 579 1070 621 1089
text 532 1027 577 1050
text 535 1049 577 1070
text 533 1069 578 1089
text 487 1028 532 1048
text 491 1048 532 1069
text 491 1069 531 1090
text 442 1028 488 1048
text 445 1049 488 1070
text 441 1070 488 1089
text 403 1027 443 1048
text 400 1048 440 1069
text 399 1070 441 1088
text 395 921 426 944
text 410 941 433 999
text 379 998 437 1022
text 303 1009 358 1029
text 357 1027 402 1048
text 355 1048 400 1067
text 356 1069 399 1087
text 311 1028 354 1048
text 310 1049 356 1067
text 312 1068 355 1088
text 266 1027 310 1046
text 266 1048 309 1068
text 272 1068 310 1089
text 197 1048 253 1071
text 171 1013 200 1038
text 145 1069 199 1093
text 1390 1078 1412 1133
text 1353 1218 1385 1240
text 1219 1165 1274 1188
text 1227 1096 1261 1118
text 1227 1118 1259 1137
text 1224 1139 1257 1160
text 1193 1096 1224 1117
text 1198 1118 1223 1139
text 1197 1139 1223 1160
text 1124 1169 1151 1193
text 329 1093 350 1153
text 309 1094 330 1153
text 287 1139 311 1192
text 241 1152 264 1209
text 154 1114 176 1170
text 148 1169 205 1191
