text 3686 449 3725 696
text 3681 696 3727 724
text 3556 592 3615 620
text 3497 631 3548 678
text 3525 447 3570 482
text 3359 531 3423 628
text 3218 435 3261 470
text 3201 582 3255 608
text 3176 469 3213 497
text 3004 619 3159 678
text 2937 701 3164 740
text 2923 443 2970 477
text 2919 577 2976 603
text 2886 623 2934 674
text 2764 517 2831 613
text 2629 437 2674 474
text 2556 466 2611 493
text 2325 432 2372 468
text 2384 585 2616 734
text 2321 572 2376 595
text 2297 611 2348 661
text 2157 492 2224 592
text 2022 428 2071 461
text 2014 573 2071 597
text 1886 240 1960 272
text 1753 571 1809 599
text 1735 414 1781 448
text 1720 608 1770 661
text 1580 499 1641 594
text 1438 415 1483 450
text 1424 569 1482 595
text 1400 768 1436 799
text 1182 415 1221 444
text 1163 562 1221 586
text 1142 610 1193 661
text 1023 487 1088 584
text 917 558 954 585
text 895 415 933 442
text 758 302 803 541
text 764 583 883 1092
text 1061 907 1119 935
text 1062 961 1117 986
text 1062 1003 1117 1032
text 1259 826 1287 897
text 1186 848 1250 912
text 1164 1099 1223 1150
text 1162 1048 1224 1108
text 1162 995 1234 1069
text 1227 1138 1276 1189
text 933 1148 957 1181
text 1377 826 1433 855
text 1566 910 1621 937
text 1565 947 1620 975
text 1562 991 1619 1020
text 1564 1028 1619 1056
text 1560 1074 1618 1102
text 1375 1165 1419 1193
text 1630 1066 1668 1093
text 1687 1063 1744 1089
text 1778 911 1836 938
text 1778 950 1837 975
text 1778 985 1835 1013
text 1860 854 1891 925
text 1894 897 1954 959
text 2002 860 2064 925
text 1891 952 1956 1026
text 2001 917 2070 987
text 1891 1026 1950 1087
text 2001 989 2060 1048
text 1890 1092 1947 1153
text 2004 1050 2066 1111
text 1962 852 1988 893
text 2024 1140 2080 1166
text 2022 1175 2080 1202
text 2163 942 2219 969
text 2160 979 2213 1008
text 2159 1021 2219 1048
text 2160 1061 2217 1091
text 2162 1103 2219 1133
text 2231 939 2289 969
text 2236 984 2293 1012
text 2237 1022 2293 1050
text 2237 1065 2293 1094
text 2417 804 2449 877
text 2452 928 2515 989
text 2454 986 2520 1057
text 2446 1042 2505 1108
text 2576 806 2601 866
text 2619 848 2682 915
text 2613 900 2684 974
text 2613 966 2672 1028
text 2615 1028 2674 1087
text 2682 1142 2737 1168
text 2744 932 2799 960
text 2748 982 2804 1008
text 2746 1023 2800 1050
text 2744 1053 2799 1078
text 2758 1075 2782 1131
text 2850 1072 2874 1133
text 3003 1088 3028 1144
text 2930 929 2988 956
text 2931 969 2988 998
text 2931 1003 2988 1030
text 3162 823 3192 877
text 3084 901 3150 934
text 3068 953 3152 989
text 3080 1017 3146 1049
text 3084 1052 3152 1085
text 3170 1119 3236 1168
text 3073 1092 3172 1171
text 3025 1097 3115 1169
text 3019 1152 3045 1204
text 3344 960 3401 987
text 3344 999 3399 1028
text 3340 1038 3399 1067
text 3338 1076 3392 1103
text 3341 1108 3397 1135
text 3449 918 3504 946
text 3398 983 3450 1013
text 3447 1050 3502 1076
text 3521 752 3551 825
text 3519 882 3552 951
text 3525 1026 3554 1083
text 3527 1117 3586 1144
text 3401 1188 3456 1217
text 3238 1185 3291 1215
text 3290 1243 3340 1269
text 3239 1241 3291 1272
text 3305 1354 3332 1414
text 3332 1451 3356 1492
text 3262 1509 3288 1547
text 3225 1505 3252 1541
text 3260 1303 3287 1342
text 3168 1283 3234 1336
text 3058 1284 3159 1352
text 2980 1281 3101 1365
text 3186 1434 3217 1496
text 3148 1428 3176 1487
text 3100 1400 3134 1464
text 3164 1554 3219 1581
text 3110 1521 3140 1540
text 3113 1484 3139 1505
text 3082 1484 3108 1540
text 3007 1545 3033 1603
text 2941 1555 2998 1579
text 2879 1219 2930 1250
text 2922 1461 2948 1517
text 2909 1524 2965 1549
text 2786 1552 2839 1579
text 2719 1496 2764 1548
text 2782 1267 2837 1295
text 2780 1315 2837 1344
text 2780 1353 2837 1380
text 2782 1387 2837 1413
text 2780 1419 2834 1446
text 2602 1338 2651 1390
text 2473 1344 2546 1382
text 2372 1188 2403 1254
text 2373 1328 2421 1381
text 2347 1416 2418 1450
text 2292 1448 2343 1494
text 2252 1487 2337 1570
text 2250 1310 2319 1341
text 2135 1248 2162 1305
text 2185 1316 2240 1342
text 2135 1377 2215 1460
text 2106 1454 2182 1528
text 2131 1482 2201 1552
text 2200 1515 2234 1554
text 2072 1534 2126 1561
text 2070 1477 2126 1504
text 2067 1448 2126 1474
text 2066 1408 2123 1433
text 2039 1327 2066 1402
text 1989 1290 2060 1321
text 1961 1325 2018 1352
text 1960 1611 2019 1636
text 1870 1609 1942 1638
text 1838 1569 1870 1593
text 1838 1540 1871 1566
text 1840 1498 1870 1523
text 1841 1455 1871 1478
text 1782 1391 1862 1428
text 1797 1349 1866 1380
text 1940 1212 1998 1271
text 1874 1200 1947 1282
text 1821 1198 1891 1280
text 1754 1199 1830 1281
text 1748 1244 1775 1305
text 1766 1502 1795 1562
text 1725 1586 1782 1616
text 1705 1632 1789 1664
text 1530 1197 1558 1255
text 1552 1336 1716 1372
text 1550 1388 1715 1421
text 1667 1481 1724 1544
text 1661 1541 1717 1599
text 1489 1343 1515 1399
text 1515 1505 1577 1564
text 1513 1564 1573 1626
text 1531 1644 1575 1685
text 1458 1510 1511 1701
text 1356 1279 1396 1308
text 1361 1391 1402 1417
text 1387 1526 1430 1615
text 1162 1701 1220 1729
text 998 1403 1021 1441
text 876 1397 923 1442
text 748 1724 987 1825
text 987 1770 1016 1831
text 1082 1760 1138 1791
text 887 1993 941 2021
text 887 2155 974 2181
text 812 2193 868 2218
text 890 2195 944 2221
text 1026 1976 1084 1999
text 1101 1976 1156 2001
text 1082 1935 1148 1959
text 1057 2193 1093 2219
text 1309 2013 1364 2047
text 1280 1766 1293 1789
text 1335 1768 1351 1791
text 1515 1756 1542 1813
text 1533 1938 1563 2006
text 1635 1943 1669 2013
text 1467 2166 1515 2201
text 1693 2162 1740 2196
text 1635 1901 1701 1932
text 1752 1764 1781 1832
text 1838 1852 1870 1897
text 1730 1947 1801 1979
text 1904 2083 1960 2113
text 1966 2107 1992 2168
text 1939 1804 1993 1846
text 1995 1788 2025 1856
text 2034 1789 2062 1854
text 2156 1667 2189 1858
text 2131 1767 2168 1809
text 2090 1668 2124 1854
text 2075 1697 2104 1738
text 2068 1748 2102 1787
text 1959 2031 2021 2059
text 2021 2032 2080 2058
text 2080 2032 2138 2060
text 2146 2035 2205 2060
text 2222 1753 2254 1790
text 2335 1877 2383 1925
text 2203 1870 2257 1901
text 2244 1924 2312 1954
text 2208 2034 2258 2060
text 2210 2085 2238 2153
text 2291 2023 2344 2046
text 2254 1937 2318 1994
text 2197 1919 2234 1952
text 2498 2160 2554 2187
text 2605 2152 2678 2181
text 2495 2013 2576 2098
text 2564 2005 2643 2091
text 2633 2023 2703 2094
text 2549 1903 2576 1943
text 2665 1966 2693 2003
text 2705 1962 2731 2017
text 2735 1972 2762 2046
text 2691 1833 2725 1871
text 2769 1848 2826 1871
text 2730 1768 2773 1806
text 2754 1759 2793 1798
text 2764 1742 2800 1779
text 2778 1724 2816 1759
text 2779 1695 2820 1735
text 2730 1835 2765 1871
text 2738 1884 2762 1941
text 2827 1936 2882 1962
text 2864 1847 2920 1875
text 2901 1938 2958 1963
text 2941 1849 2998 1875
text 3022 1849 3077 1875
text 2983 1943 3039 1969
text 3057 1943 3115 1972
text 2809 1586 2836 1640
text 2754 1608 2809 1669
text 2845 1605 2900 1630
text 2896 1619 2924 1673
text 2801 1754 2864 1778
text 2888 1756 2952 1779
text 2951 1712 2990 1740
text 2937 1735 2989 1784
text 2981 1730 3036 1784
text 3019 1735 3066 1787
text 3004 1696 3031 1752
text 3108 1624 3160 1652
text 3168 1655 3225 1679
text 3096 1749 3150 1772
text 3159 1752 3216 1776
text 3104 1795 3154 1823
text 3100 1832 3153 1861
text 3154 1871 3208 1900
text 3154 1963 3210 1987
text 3155 2027 3211 2057
text 3222 2088 3256 2117
text 3220 2126 3258 2155
text 3220 2164 3256 2191
text 3218 2201 3255 2226
text 3219 2238 3256 2264
text 3288 2286 3315 2329
text 3128 1965 3153 2023
text 3096 1984 3124 2040
text 3033 2051 3058 2105
text 2995 2051 3023 2108
text 2952 2050 2976 2106
text 2915 2051 2939 2122
text 2876 2050 2903 2122
text 2831 2049 2862 2104
text 2794 2050 2822 2123
text 2912 2118 2965 2146
text 2906 2157 2965 2185
text 3081 2266 3108 2290
text 2964 2265 2992 2286
text 2986 2275 3072 2309
text 2844 2318 2873 2370
text 2846 2289 2884 2316
text 2691 2166 2727 2245
text 2653 2261 2699 2293
text 2560 2223 2614 2252
text 2559 2258 2612 2286
text 2403 2238 2492 2270
text 2460 2299 2487 2353
text 2286 2251 2311 2314
text 2336 2409 2415 2438
text 2122 2235 2147 2292
text 2085 2212 2141 2237
text 2010 2218 2067 2242
text 1911 2247 1959 2279
text 1834 2290 1877 2324
text 1811 2418 1841 2506
text 1720 2353 1747 2427
text 1638 2366 1667 2421
text 1511 2351 1538 2425
text 1720 2489 1742 2530
text 1504 2537 1546 2562
text 1403 2449 1428 2506
text 1467 2240 1489 2279
text 1400 2228 1424 2284
text 1274 2299 1303 2391
text 1258 2415 1313 2441
text 1229 2272 1274 2307
text 1017 2475 1096 2515
text 764 2302 782 2330
text 1003 2404 1051 2425
text 1075 2449 1125 2473
text 1533 2383 1581 2406
text 1738 2386 1789 2408
text 2169 2414 2218 2436
text 782 2402 830 2435
text 1257 2447 1307 2496
text 1466 2369 1511 2416
text 1673 2372 1721 2419
text 2286 2400 2333 2452
text 2406 2412 2453 2456
text 3597 2342 3707 2379
text 3468 2531 3579 2565
text 3186 2528 3304 2564
text 3341 2530 3445 2562
text 3300 2318 3444 2359
text 3218 2361 3287 2389
text 3346 2361 3388 2390
text 3459 2359 3505 2390
text 3402 2359 3448 2387
text 3077 2470 3106 2490
text 2959 2468 2990 2489
text 2988 2448 3078 2479
text 3011 2531 3117 2559
text 2818 2526 2932 2558
text 2846 2459 2871 2514
text 2830 2429 2886 2456
text 2821 2392 2890 2421
text 2693 2477 2729 2528
text 2213 2492 2292 2528
text 1961 2483 1989 2524
text 1292 2635 1342 2666
resistor 3484 513 3660 595
resistor 3140 508 3320 588
resistor 2850 502 3029 584
resistor 2555 498 2735 583
resistor 2251 496 2431 579
resistor 1961 495 2140 573
resistor 1685 493 1862 576
resistor 1374 484 1553 571
resistor 1095 484 1273 568
resistor 840 484 1015 563
resistor 926 956 991 982
resistor 927 989 992 1020
resistor 926 1056 992 1086
resistor 1489 944 1556 974
resistor 1485 988 1551 1019
resistor 1487 1069 1555 1102
resistor 1620 1092 1682 1124
resistor 2083 981 2149 1011
resistor 2081 1059 2148 1092
resistor 2086 1102 2150 1131
resistor 2083 1143 2148 1170
resistor 2085 1177 2148 1211
resistor 2297 1067 2359 1098
resistor 2675 980 2741 1011
resistor 2676 1022 2741 1055
resistor 2676 1110 2739 1140
resistor 3271 960 3340 994
resistor 3273 1036 3338 1067
resistor 3270 1111 3337 1143
resistor 3302 1436 3330 1506
resistor 3263 1436 3290 1504
resistor 3282 1563 3348 1595
resistor 3163 1581 3229 1612
resistor 3111 1549 3142 1611
resistor 3030 1545 3063 1617
resistor 2838 1520 2902 1549
resistor 2840 1556 2905 1583
resistor 2840 1267 2906 1298
resistor 2839 1315 2904 1344
resistor 2836 1353 2904 1382
resistor 2837 1387 2902 1420
resistor 2161 1340 2228 1372
resistor 1958 1353 2024 1385
resistor 1955 1400 2018 1437
resistor 1954 1441 2021 1480
resistor 1953 1489 2018 1526
resistor 1955 1532 2018 1569
resistor 1951 1576 2016 1610
resistor 980 1827 1010 1896
resistor 1160 1730 1226 1763
resistor 939 1994 968 2066
resistor 1025 2005 1089 2032
resistor 1099 2005 1163 2034
resistor 810 2222 876 2250
resistor 883 2224 948 2251
resistor 1499 1939 1528 2013
resistor 1602 1946 1634 2016
resistor 1725 1976 1791 2011
resistor 1886 2051 1955 2082
resistor 2101 1782 2167 1849
resistor 2060 1787 2086 1854
resistor 1992 2109 2020 2180
resistor 2287 1990 2354 2025
resistor 2760 1975 2787 2044
resistor 2796 1974 2825 2046
resistor 2878 1977 2905 2046
resistor 2916 1974 2943 2043
resistor 2996 1978 3025 2047
resistor 2797 1874 2825 1939
resistor 2836 1870 2863 1938
resistor 2917 1873 2943 1941
resistor 2952 1876 2981 1943
resistor 3034 1875 3061 1946
resistor 3071 1872 3100 1943
resistor 3031 1977 3061 2049
resistor 2965 2116 3029 2148
resistor 2963 2155 3028 2187
resistor 3153 1792 3220 1829
resistor 3151 1895 3218 1929
resistor 3155 1996 3219 2026
resistor 3258 2117 3323 2152
resistor 3256 2156 3322 2190
resistor 3255 2228 3323 2264
resistor 2815 2310 2845 2379
resistor 2778 2470 2842 2502
resistor 2492 2186 2559 2215
resistor 2492 2221 2559 2254
resistor 2494 2258 2557 2291
resistor 2459 2355 2487 2423
resistor 2011 2247 2076 2275
resistor 2103 2409 2146 2440
resistor 1633 2424 1662 2495
resistor 1430 2422 1461 2491
capacitor 3549 722 3611 848
capacitor 3458 605 3524 672
capacitor 2852 596 2921 667
capacitor 2268 584 2335 653
capacitor 1678 583 1746 654
capacitor 1106 592 1170 659
capacitor 926 921 993 947
capacitor 1125 907 1192 937
capacitor 1121 954 1191 987
capacitor 1117 1000 1188 1032
capacitor 1488 908 1559 941
capacitor 1703 904 1772 939
capacitor 1703 942 1772 977
capacitor 1703 981 1772 1015
capacitor 1690 1090 1762 1124
capacitor 2078 938 2151 970
capacitor 2292 942 2362 976
capacitor 2295 980 2362 1014
capacitor 2292 1018 2362 1053
capacitor 2675 931 2744 965
capacitor 2862 929 2931 962
capacitor 2863 966 2930 1000
capacitor 2861 1001 2931 1036
capacitor 3268 1072 3337 1105
capacitor 3449 945 3519 979
capacitor 3450 982 3518 1017
capacitor 3436 1019 3506 1052
capacitor 3551 852 3615 979
capacitor 3547 985 3614 1109
capacitor 3487 1141 3613 1206
resistor 3232 1301 3259 1372
capacitor 3264 1346 3303 1423
capacitor 3224 1431 3252 1503
capacitor 3152 1354 3180 1428
capacitor 3077 1542 3105 1613
capacitor 3162 1623 3230 1652
capacitor 3155 1678 3221 1705
capacitor 3015 1206 3040 1277
capacitor 2835 1424 2905 1457
capacitor 2796 1456 2921 1521
capacitor 2729 1501 2795 1572
resistor 2933 1579 3001 1610
capacitor 2612 1351 2678 1419
capacitor 2340 1337 2408 1405
capacitor 2161 1239 2190 1316
capacitor 2160 1520 2227 1590
capacitor 1787 1585 1855 1619
capacitor 1464 1344 1489 1415
capacitor 1076 1790 1146 1817
capacitor 1488 1742 1515 1816
text 1947 1775 1965 1800
text 1982 1775 2000 1801
capacitor 1944 1656 2009 1778
capacitor 2012 1656 2076 1784
capacitor 2219 1760 2283 1824
capacitor 2351 1885 2417 1951
capacitor 2659 1887 2687 1960
capacitor 2699 1887 2726 1960
capacitor 2762 1872 2786 1939
capacitor 2582 1975 2651 2004
capacitor 2879 1875 2905 1939
capacitor 2999 1871 3025 1942
capacitor 2833 1974 2861 2048
capacitor 2951 1973 2980 2046
capacitor 3069 1976 3096 2047
capacitor 3113 1893 3140 1967
capacitor 2806 1642 2834 1713
capacitor 2832 1629 2898 1757
capacitor 2900 1674 2926 1743
capacitor 3007 1621 3029 1695
capacitor 3036 1622 3103 1750
capacitor 3108 1674 3136 1747
capacitor 3152 1836 3220 1868
capacitor 3150 1934 3218 1965
capacitor 3256 2080 3325 2115
capacitor 3257 2194 3322 2225
capacitor 2147 2234 2173 2308
capacitor 2080 2184 2146 2215
capacitor 1126 2416 1251 2482
resistor 844 2408 912 2428
led 916 2408 995 2432
electrolytic 2985 281 3198 523
electrolytic 2402 264 2595 505
electrolytic 1797 272 2014 502
electrolytic 1201 575 1429 816
electrolytic 1269 859 1486 1094
electrolytic 1544 1738 1723 1904
electrolytic 1210 2063 1448 2266
electrolytic 2288 2021 2487 2263
ic 3296 706 3486 905
ic 2701 706 2886 898
ic 2100 702 2286 890
ic 1516 695 1700 884
ic 960 694 1145 887
ic 1559 1145 1716 1320
ic 2217 1134 2373 1301
ic 2971 1376 3088 1495
ic 2259 1393 2747 1887
ic 1738 1630 1944 1793
transistor 1236 1521 1443 1792
ic 1021 1820 1197 1937
ic 2028 2061 2210 2176
ic 2936 1218 3006 1320
transistor 974 2037 1168 2197
transistor 1487 2014 1648 2201
transistor 1710 2016 1863 2214
transistor 3209 2271 3288 2344
transistor 2490 2292 2745 2475
ic 2178 2200 2287 2345
transistor 1864 2286 2144 2448
transistor 760 2265 1045 2414
connector 3269 365 3518 506
connector 2669 352 2915 494
connector 2074 340 2320 485
connector 1484 339 1727 474
connector 930 335 1183 473
connector 1018 1143 1229 1671
connector 582 1988 851 2199
connector 3351 1213 3734 1582
connector 3233 1582 3773 2018
connector 3364 2002 3772 2365
connector 3581 2378 3728 2562
connector 3522 2562 3708 2707
connector 3342 2562 3523 2706
connector 3152 2561 3340 2706
connector 2969 2558 3156 2701
connector 2787 2555 2973 2698
connector 2381 2482 2660 2847
connector 2096 2480 2379 2836
connector 1814 2480 2097 2835
connector 1615 2549 1816 2819
connector 1407 2545 1608 2803
connector 1067 2520 1282 2795
connector 761 2430 1051 2792
component 3532 529 3618 574
component 3190 523 3270 567
component 2901 518 2982 561
component 2606 515 2686 559
component 2302 515 2387 556
component 2007 514 2092 555
component 1734 511 1818 553
component 1425 502 1506 550
component 1146 506 1226 549
component 887 501 967 544
component 3028 360 3163 462
component 2430 341 2564 437
component 1830 336 1963 436
component 1227 659 1359 755
component 1291 906 1439 997
component 1568 1763 1644 1878
component 1280 2100 1382 2239
component 2316 2120 2455 2221
component 948 960 969 977
component 945 998 968 1015
component 944 1063 969 1080
component 1512 950 1533 967
component 1506 992 1530 1010
component 1508 1078 1529 1094
component 1637 1099 1661 1116
component 2103 986 2126 1002
component 2103 1068 2126 1083
component 2106 1108 2128 1124
component 2315 1070 2338 1091
component 2698 986 2720 1006
component 2696 1030 2720 1046
component 3296 970 3317 986
component 3295 1043 3317 1059
resistor 3387 1135 3469 1186
component 3403 1151 3448 1170
component 3295 1117 3316 1133
component 3309 1459 3325 1483
component 3272 1459 3287 1483
component 3241 1327 3256 1348
component 3306 1570 3327 1591
component 3186 1587 3209 1605
component 3117 1565 3135 1588
component 2998 1401 3061 1468
component 3039 1570 3055 1592
component 2957 1583 2980 1601
component 2945 1259 2989 1279
component 2859 1274 2883 1292
component 2860 1320 2881 1338
component 2860 1357 2883 1373
component 2861 1396 2881 1412
component 2864 1524 2886 1541
component 2860 1559 2883 1576
component 2183 1345 2206 1363
component 1979 1359 2001 1376
component 1977 1405 1998 1426
component 1975 1452 1996 1471
component 1974 1499 1996 1516
component 1972 1544 1996 1562
component 1974 1585 1996 1604
diode 1223 1308 1420 1392
diode 1237 1196 1421 1276
diode 1227 1421 1430 1500
component 1288 1207 1349 1247
component 1298 1432 1356 1468
component 1286 1328 1344 1371
component 1183 1740 1202 1754
component 1274 1591 1369 1649
component 1263 1677 1331 1705
component 2064 1810 2081 1834
component 2123 1807 2144 1828
component 2395 1491 2489 1586
clock 2926 1612 3006 1710
component 2944 1634 2987 1690
component 3176 1723 3201 1742
component 3361 1649 3673 1966
component 3278 2126 3302 2143
component 3278 2165 3300 2181
component 3278 2237 3298 2254
component 3174 1800 3198 1819
component 3173 1902 3197 1920
component 3176 2003 3198 2022
component 3079 1899 3093 1921
component 3041 1896 3057 1919
component 3038 2002 3056 2024
component 2921 1896 2937 1919
component 2803 1895 2820 1920
component 2920 2000 2937 2024
component 2802 1998 2819 2022
component 3005 2003 3020 2023
component 2962 1899 2976 1920
component 2887 2000 2901 2023
component 2844 1896 2857 1919
component 2767 1999 2783 2022
clock 2578 1873 2659 1972
component 2310 2002 2331 2015
component 1909 2059 1930 2075
component 1746 1985 1769 2003
diode 1866 1815 1947 1999
component 1882 1890 1919 1946
component 1722 1267 1740 1290
component 2106 1149 2127 1165
component 2106 1187 2127 1204
component 986 1849 1001 1871
component 831 2229 852 2244
component 903 2228 927 2247
component 1118 2009 1142 2027
component 1046 2010 1067 2026
component 946 2019 962 2044
component 1034 2077 1089 2172
diode 1045 2227 1230 2309
component 1082 2242 1149 2280
component 1525 2084 1617 2142
component 1743 2088 1827 2136
diode 1694 2209 1880 2290
component 1767 2232 1824 2271
component 1998 2132 2014 2155
component 2033 2253 2054 2267
component 2515 2194 2536 2206
component 2515 2264 2537 2283
component 2987 2126 3008 2141
component 2986 2163 3007 2180
component 2825 2336 2838 2359
component 2799 2479 2820 2497
component 2110 2417 2125 2434
component 1638 2446 1655 2468
component 1436 2446 1455 2471
connector 3239 293 3549 409
connector 2633 287 2954 406
connector 2036 284 2356 397
connector 1450 270 1769 388
connector 908 267 1218 380
connector 3562 651 3686 719
text 3603 1195 3640 1218
connector 3631 727 3737 1200
connector 2390 878 2462 1067
connector 2563 867 2619 1105
connector 895 1179 1022 1379
connector 889 1451 1029 1655
pads 771 1380 995 1718
pads 924 1018 992 1052
connector 1219 898 1274 1131
pads 1486 1024 1557 1062
connector 1840 924 1900 1163
connector 1952 882 2007 1119
pads 2079 1018 2150 1052
connector 1764 1275 1992 1331
component 2697 1117 2718 1132
pads 2784 1075 2833 1136
pads 2872 1079 2924 1139
pads 2956 1078 3006 1140
pads 2672 1062 2742 1101
connector 3152 885 3203 1118
pads 3269 998 3340 1034
pads 3294 1187 3355 1242
ferrite 3187 1353 3226 1434
connector 3057 1167 3240 1228
connector 3055 1229 3242 1285
connector 2165 1330 2355 1521
connector 1709 1329 1774 1571
led 1869 1347 1954 1387
led 1868 1396 1951 1434
led 1871 1439 1952 1481
led 1872 1486 1950 1526
led 1870 1531 1949 1568
led 1869 1575 1949 1611
connector 2019 1405 2069 1638
connector 1557 1491 1640 1668
text 968 1991 1016 2041
diode 1388 1727 1470 1866
pads 1212 1796 1477 2008
connector 1954 1856 2203 1916
connector 1948 1974 2257 2034
connector 1952 1915 2197 1975
inductor 2707 1777 2773 1843
pads 2752 1635 2786 1673
pads 2751 1664 2787 1701
pads 2751 1694 2786 1731
pads 2737 1709 2771 1750
pads 2720 1724 2755 1761
pads 2705 1736 2740 1775
text 2782 1817 2808 1851
connector 2803 1779 3105 1846
connector 2561 2086 2746 2153
component 1612 1967 1629 1990
component 1505 1966 1523 1991
led 934 2069 971 2153
connector 848 2035 925 2143
text 978 2155 1003 2206
connector 1300 2268 1369 2398
diode 1486 2207 1671 2286
led 1483 2419 1567 2457
led 1689 2423 1772 2461
connector 2333 2265 2461 2336
connector 2331 2338 2459 2408
component 2606 2294 2712 2335
button 2665 2510 2781 2671
connector 2754 2287 2818 2477
connector 3054 2489 3130 2552
connector 3066 2197 3126 2261
button 2731 2134 2853 2297
test 2859 2352 2894 2390
test 3173 2350 3212 2399
connector 3218 2387 3575 2445
text 3081 2368 3107 2397
connector 2967 2370 3094 2435
connector 2965 2308 3093 2371
connector 2948 2198 3008 2259
connector 2939 2489 3009 2553
component 2462 2376 2481 2403
component 2513 2229 2536 2245
text 861 1663 914 1685
text 956 1135 1005 1181
connector 1676 2468 1788 2549
connector 1467 2462 1579 2543
