text 3497 2602 3605 2668
pins 3226 2584 3471 2673
text 2939 2610 3036 2674
text 2823 2417 3144 2541
text 2707 2304 3154 2377
text 2340 2604 2440 2669
text 1740 2601 1838 2671
text 1299 2523 2394 2604
text 1562 2457 2391 2519
text 1110 2413 2387 2470
text 1141 2603 1236 2669
text 738 2296 806 2333
text 738 2235 925 2277
text 735 2180 804 2214
text 735 2119 923 2156
text 734 2061 803 2095
text 734 1939 803 1973
text 733 1999 921 2036
text 732 1880 920 1917
text 1085 1950 1154 1984
text 986 2125 1157 2169
text 969 2067 1158 2104
text 965 2004 1156 2047
text 1097 1885 1349 1926
text 1070 1845 1139 1879
text 1068 1781 1139 1818
text 1305 1842 1557 1883
text 1308 1782 1547 1820
text 1133 1737 1344 1774
text 1562 2141 1752 2183
text 1551 2081 1754 2121
text 1562 2024 1754 2058
text 1685 1963 1754 2000
text 1851 2007 1920 2044
text 1849 2068 1919 2104
text 1851 2128 1921 2168
text 2302 1934 2371 1971
text 2178 2115 2372 2151
text 2163 2068 2371 2103
text 2178 2024 2371 2060
text 2563 1895 2632 1932
text 2566 2072 2758 2112
text 2562 2013 2771 2050
text 2562 1954 2756 1994
text 2930 2096 3126 2136
text 2917 2037 3126 2078
text 2930 1977 3127 2015
text 3054 1918 3123 1955
text 3502 1927 3665 2048
text 3419 1852 3460 1890
text 3100 1792 3141 1830
text 3433 1577 3474 1615
text 3434 1632 3474 1657
text 3101 1428 3142 1466
text 3102 1678 3142 1703
text 3102 1558 3142 1583
text 3434 1342 3474 1367
text 3413 1212 3671 1321
text 2834 1502 2903 1539
text 2830 1442 2907 1477
text 2836 1379 2885 1416
text 2666 1498 2729 1560
text 2670 1436 2730 1497
text 2683 1663 2855 1705
text 2681 1620 2853 1662
text 2587 1782 2623 1879
text 2526 1780 2562 1878
text 2447 1780 2487 1879
text 2392 1786 2426 1855
text 2366 1593 2586 1632
text 2364 1531 2584 1570
text 2364 1471 2584 1510
text 2362 1409 2582 1448
text 2185 1625 2346 1784
text 2142 1668 2303 1831
text 1982 1678 2057 1714
text 1953 1632 2024 1670
text 1898 1587 2069 1623
text 1906 1544 2098 1577
text 1235 1616 1679 1680
text 1376 1452 1538 1508
text 1267 1127 1302 1204
text 1328 1098 1362 1204
text 1382 1095 1424 1200
text 1445 1095 1484 1203
text 1505 1093 1543 1204
text 1632 971 1673 1074
text 1695 971 1732 1077
text 1753 969 1795 1077
text 2060 1075 2126 1110
text 2126 916 2160 988
text 2054 1184 2202 1333
text 2136 1181 2277 1334
text 2225 1272 2252 1338
text 2247 1339 2326 1380
text 2331 1287 2358 1328
text 2316 1183 2349 1252
text 2361 1182 2396 1252
text 2184 903 2220 988
text 2246 904 2278 988
text 2307 904 2337 986
text 2367 903 2400 986
text 2407 889 3149 1332
text 3152 827 3286 1215
text 3414 987 3438 1019
text 3420 822 3436 850
text 3410 867 3444 975
text 3539 573 3565 607
text 3415 571 3520 607
text 3371 580 3402 598
text 3249 579 3279 600
text 2774 596 2803 617
text 2563 596 2585 618
text 2480 600 2503 615
text 2177 601 2202 616
text 1719 604 1742 619
text 744 582 768 602
text 735 457 762 472
text 900 457 923 470
text 1095 456 1117 468
text 1289 453 1317 468
text 1470 455 1496 469
text 780 452 802 474
text 961 453 983 473
text 1155 452 1178 473
text 1336 451 1357 471
text 1530 449 1553 473
text 1907 595 1931 623
text 2030 595 2054 622
text 2289 597 2315 620
text 2708 595 2731 621
text 2921 595 2944 618
text 3149 579 3173 604
text 3189 569 3233 610
text 2817 589 2901 626
text 2770 781 3143 843
text 2729 734 3143 777
text 2939 692 3011 730
text 2758 648 3010 685
text 2608 583 2689 628
text 2356 587 2440 626
text 2093 591 2136 628
text 1783 590 1867 629
text 1850 821 2241 886
text 1823 780 2236 825
text 2019 737 2232 777
text 1847 741 1915 781
text 1475 694 1539 737
text 1473 640 1541 675
text 1471 577 1537 615
text 1403 448 1487 536
text 1237 434 1326 523
text 1026 443 1111 523
text 817 437 900 524
text 682 437 770 523
text 743 522 765 541
text 714 650 801 738
text 1361 721 1503 880
text 1272 726 1348 803
text 1309 555 1369 618
text 1195 514 1302 638
text 1163 494 1203 714
text 1144 521 1164 587
text 1097 581 1148 606
text 1035 535 1068 559
text 951 496 1003 523
text 932 515 954 579
text 1089 660 1148 725
text 896 479 931 590
text 975 669 1075 775
text 910 662 1026 778
text 849 661 962 781
connector 3187 2668 3518 2787
pins 2671 2590 2908 2681
connector 2625 2664 2955 2794
pins 2077 2587 2314 2676
connector 2035 2660 2358 2786
connector 1424 2658 1753 2776
connector 829 2657 1144 2777
pins 1471 2581 1713 2670
pins 867 2565 1102 2659
pins 653 1871 730 2344
connector 1165 1939 1228 2186
pins 1142 1775 1309 1888
connector 1756 1948 1823 2197
connector 2379 1921 2442 2173
connector 2485 1883 2549 2127
connector 3125 1904 3191 2154
connector 3369 1667 3491 1834
connector 3379 1394 3485 1555
pins 3173 1396 3349 1862
connector 2745 1365 2830 1544
connector 2384 1706 2629 1775
connector 2306 1396 2363 1641
pins 2021 1527 2204 1715
pins 718 1316 776 1448
pins 788 967 883 1065
pins 874 813 975 935
pins 989 1102 1098 1393
pins 1258 1208 1558 1273
pins 1622 887 1801 959
pins 2115 995 2417 1065
pins 2178 1065 2418 1183
pads 2252 1278 2327 1332
pins 3557 852 3670 1006
connector 3474 867 3560 981
pins 3384 649 3564 746
pins 3013 630 3144 732
pins 3384 356 3574 550
pins 3129 352 3286 469
pins 2783 348 2925 471
connector 2805 466 2915 549
connector 2592 461 2704 549
pins 2568 354 2713 466
pins 2303 358 2492 551
pins 2261 651 2438 746
pins 2024 354 2208 514
pins 1741 356 1924 554
connector 1917 619 2019 772
pins 1649 658 1829 746
connector 1540 564 1597 746
pins 640 386 1562 453
pins 672 491 734 675
pins 774 603 1129 662
pads 952 525 1027 579
pads 1067 521 1144 576
connector 1229 489 1407 550
connector 1268 613 1379 730
connector 1230 786 1405 849
test 1141 648 1174 688
test 1461 648 1493 688
pins 1921 1988 1986 2177
pins 687 2356 809 2420
pins 2614 1468 2670 1712
pins 714 1065 772 1197
pins 790 682 885 780
