text 507 340 615 406
pins 641 335 886 424
text 1076 334 1173 398
text 968 467 1289 591
text 958 631 1405 704
text 1672 339 1772 404
text 2274 337 2372 407
text 1718 404 2813 485
text 1721 489 2550 551
text 1725 538 3002 595
text 2876 339 2971 405
text 3306 675 3374 712
text 3187 731 3374 773
text 3308 794 3377 828
text 3189 852 3377 889
text 3309 913 3378 947
text 3309 1035 3378 1069
text 3191 972 3379 1009
text 3192 1091 3380 1128
text 2958 1024 3027 1058
text 2955 839 3126 883
text 2954 904 3143 941
text 2956 961 3147 1004
text 2763 1082 3015 1123
text 2973 1129 3042 1163
text 2973 1190 3044 1227
text 2555 1125 2807 1166
text 2565 1188 2804 1226
text 2768 1234 2979 1271
text 2360 825 2550 867
text 2358 887 2561 927
text 2358 950 2550 984
text 2358 1008 2427 1045
text 2192 964 2261 1001
text 2193 904 2263 940
text 2191 840 2261 880
text 1741 1037 1810 1074
text 1740 857 1934 893
text 1741 905 1949 940
text 1741 948 1934 984
text 1480 1076 1549 1113
text 1354 896 1546 936
text 1341 958 1550 995
text 1356 1014 1550 1054
text 986 872 1182 912
text 986 930 1195 971
text 985 993 1182 1031
text 989 1053 1058 1090
text 447 960 610 1081
text 652 1118 693 1156
text 971 1178 1012 1216
text 638 1393 679 1431
text 638 1351 678 1376
text 970 1542 1011 1580
text 970 1305 1010 1330
text 970 1425 1010 1450
text 638 1641 678 1666
text 441 1687 699 1796
text 1209 1469 1278 1506
text 1205 1531 1282 1566
text 1227 1592 1276 1629
text 1383 1448 1446 1510
text 1382 1511 1442 1572
text 1257 1303 1429 1345
text 1259 1346 1431 1388
text 1489 1129 1525 1226
text 1550 1130 1586 1228
text 1625 1129 1665 1228
text 1686 1153 1720 1222
text 1526 1376 1746 1415
text 1528 1438 1748 1477
text 1528 1498 1748 1537
text 1530 1560 1750 1599
text 1766 1224 1927 1383
text 1809 1177 1970 1340
text 2055 1294 2130 1330
text 2088 1338 2159 1376
text 2043 1385 2214 1421
text 2014 1431 2206 1464
text 2433 1328 2877 1392
text 2574 1500 2736 1556
text 2810 1804 2845 1881
text 2750 1804 2784 1910
text 2688 1808 2730 1913
text 2628 1805 2667 1913
text 2569 1804 2607 1915
text 2439 1934 2480 2037
text 2380 1931 2417 2037
text 2317 1931 2359 2039
text 1986 1898 2052 1933
text 1952 2020 1986 2092
text 1910 1675 2058 1824
text 1835 1674 1976 1827
text 1860 1670 1887 1736
text 1786 1628 1865 1669
text 1754 1680 1781 1721
text 1763 1756 1796 1825
text 1716 1756 1751 1826
text 1892 2020 1928 2105
text 1834 2020 1866 2104
text 1775 2022 1805 2104
text 1712 2022 1745 2105
text 963 1676 1705 2119
text 826 1793 960 2181
text 674 1989 698 2021
text 676 2158 692 2186
text 668 2033 702 2141
text 547 2401 573 2435
text 592 2401 697 2437
text 710 2410 741 2428
text 833 2408 863 2429
text 1309 2391 1338 2412
text 1527 2390 1549 2412
text 1609 2393 1632 2408
text 1910 2392 1935 2407
text 2370 2389 2393 2404
text 3344 2406 3368 2426
text 3350 2536 3377 2551
text 3189 2538 3212 2551
text 2995 2540 3017 2552
text 2795 2540 2823 2555
text 2616 2539 2642 2553
text 3310 2534 3332 2556
text 3129 2535 3151 2555
text 2934 2535 2957 2556
text 2755 2537 2776 2557
text 2559 2535 2582 2559
text 2181 2385 2205 2413
text 2058 2386 2082 2413
text 1797 2388 1823 2411
text 1381 2387 1404 2413
text 1168 2390 1191 2413
text 939 2404 963 2429
text 879 2398 923 2439
text 1211 2382 1295 2419
text 969 2165 1342 2227
text 969 2231 1383 2274
text 1101 2278 1173 2316
text 1102 2323 1354 2360
text 1423 2380 1504 2425
text 1672 2382 1756 2421
text 1976 2380 2019 2417
text 2245 2379 2329 2418
text 1871 2122 2262 2187
text 1876 2183 2289 2228
text 1880 2231 2093 2271
text 2197 2227 2265 2267
text 2573 2271 2637 2314
text 2571 2333 2639 2368
text 2575 2393 2641 2431
text 2625 2472 2709 2560
text 2786 2485 2875 2574
text 3001 2485 3086 2565
text 3212 2484 3295 2571
text 3342 2485 3430 2571
text 3347 2467 3369 2486
text 3311 2270 3398 2358
text 2609 2128 2751 2287
text 2764 2205 2840 2282
text 2743 2390 2803 2453
text 2810 2370 2917 2494
text 2909 2294 2949 2514
text 2948 2421 2968 2487
text 2964 2402 3015 2427
text 3044 2449 3077 2473
text 3109 2485 3161 2512
text 3158 2429 3180 2493
text 2964 2283 3023 2348
text 3181 2418 3216 2529
text 3037 2233 3137 2339
text 3086 2230 3202 2346
text 3150 2227 3263 2347
connector 594 221 925 340
pins 1204 327 1441 418
connector 1157 214 1487 344
pins 1798 332 2035 421
connector 1754 222 2077 348
connector 2359 232 2688 350
connector 2968 231 3283 351
pins 2399 338 2641 427
pins 3010 349 3245 443
pins 3382 664 3459 1137
connector 2884 822 2947 1069
pins 2803 1120 2970 1233
connector 2289 811 2356 1060
connector 1670 835 1733 1087
connector 1563 881 1627 1125
connector 921 854 987 1104
connector 621 1174 743 1341
connector 627 1453 733 1614
pins 763 1146 939 1612
connector 1282 1464 1367 1643
connector 1483 1233 1728 1302
connector 1749 1367 1806 1612
pins 1908 1293 2091 1481
pins 3336 1560 3394 1692
pins 3229 1943 3324 2041
pins 3137 2073 3238 2195
pins 3014 1615 3123 1906
pins 2554 1735 2854 1800
pins 2311 2049 2490 2121
pins 1695 1943 1997 2013
pins 1694 1825 1934 1943
pads 1785 1676 1860 1730
pins 442 2002 555 2156
connector 552 2027 638 2141
pins 548 2262 728 2359
pins 968 2276 1099 2378
pins 538 2458 728 2652
pins 826 2539 983 2656
pins 1187 2537 1329 2660
connector 1197 2459 1307 2542
connector 1408 2459 1520 2547
pins 1399 2542 1544 2654
pins 1620 2457 1809 2650
pins 1674 2262 1851 2357
pins 1904 2494 2088 2654
pins 2188 2454 2371 2652
connector 2093 2236 2195 2389
pins 2283 2262 2463 2350
connector 2515 2262 2572 2444
pins 2550 2555 3472 2622
pins 3378 2333 3440 2517
pins 2983 2346 3338 2405
pads 3085 2429 3160 2483
pads 2968 2432 3045 2487
connector 2705 2458 2883 2519
connector 2733 2278 2844 2395
connector 2707 2159 2882 2222
test 2938 2320 2971 2360
test 2619 2320 2651 2360
pins 2126 831 2191 1020
pins 3303 588 3425 652
pins 1442 1296 1498 1540
pins 3340 1811 3398 1943
pins 3227 2228 3322 2326
