text 507 2602 615 2668
pins 641 2584 886 2673
text 1076 2610 1173 2674
text 968 2417 1289 2541
text 958 2304 1405 2377
text 1672 2604 1772 2669
text 2274 2601 2372 2671
text 1718 2523 2813 2604
text 1721 2457 2550 2519
text 1725 2413 3002 2470
text 2876 2603 2971 2669
text 3306 2296 3374 2333
text 3187 2235 3374 2277
text 3308 2180 3377 2214
text 3189 2119 3377 2156
text 3309 2061 3378 2095
text 3309 1939 3378 1973
text 3191 1999 3379 2036
text 3192 1880 3380 1917
text 2958 1950 3027 1984
text 2955 2125 3126 2169
text 2954 2067 3143 2104
text 2956 2004 3147 2047
text 2763 1885 3015 1926
text 2973 1845 3042 1879
text 2973 1781 3044 1818
text 2555 1842 2807 1883
text 2565 1782 2804 1820
text 2768 1737 2979 1774
text 2360 2141 2550 2183
text 2358 2081 2561 2121
text 2358 2024 2550 2058
text 2358 1963 2427 2000
text 2192 2007 2261 2044
text 2193 2068 2263 2104
text 2191 2128 2261 2168
text 1741 1934 1810 1971
text 1740 2115 1934 2151
text 1741 2068 1949 2103
text 1741 2024 1934 2060
text 1480 1895 1549 1932
text 1354 2072 1546 2112
text 1341 2013 1550 2050
text 1356 1954 1550 1994
text 986 2096 1182 2136
text 986 2037 1195 2078
text 985 1977 1182 2015
text 989 1918 1058 1955
text 447 1927 610 2048
text 652 1852 693 1890
text 971 1792 1012 1830
text 638 1577 679 1615
text 638 1632 678 1657
text 970 1428 1011 1466
text 970 1678 1010 1703
text 970 1558 1010 1583
text 638 1342 678 1367
text 441 1212 699 1321
text 1209 1502 1278 1539
text 1205 1442 1282 1477
text 1227 1379 1276 1416
text 1383 1498 1446 1560
text 1382 1436 1442 1497
text 1257 1663 1429 1705
text 1259 1620 1431 1662
text 1489 1782 1525 1879
text 1550 1780 1586 1878
text 1625 1780 1665 1879
text 1686 1786 1720 1855
text 1526 1593 1746 1632
text 1528 1531 1748 1570
text 1528 1471 1748 1510
text 1530 1409 1750 1448
text 1766 1625 1927 1784
text 1809 1668 1970 1831
text 2055 1678 2130 1714
text 2088 1632 2159 1670
text 2043 1587 2214 1623
text 2014 1544 2206 1577
text 2433 1616 2877 1680
text 2574 1452 2736 1508
text 2810 1127 2845 1204
text 2750 1098 2784 1204
text 2688 1095 2730 1200
text 2628 1095 2667 1203
text 2569 1093 2607 1204
text 2439 971 2480 1074
text 2380 971 2417 1077
text 2317 969 2359 1077
text 1986 1075 2052 1110
text 1952 916 1986 988
text 1910 1184 2058 1333
text 1835 1181 1976 1334
text 1860 1272 1887 1338
text 1786 1339 1865 1380
text 1754 1287 1781 1328
text 1763 1183 1796 1252
text 1716 1182 1751 1252
text 1892 903 1928 988
text 1834 904 1866 988
text 1775 904 1805 986
text 1712 903 1745 986
text 963 889 1705 1332
text 826 827 960 1215
text 674 987 698 1019
text 676 822 692 850
text 668 867 702 975
text 547 573 573 607
text 592 571 697 607
text 710 580 741 598
text 833 579 863 600
text 1309 596 1338 617
text 1527 596 1549 618
text 1609 600 1632 615
text 1910 601 1935 616
text 2370 604 2393 619
text 3344 582 3368 602
text 3350 457 3377 472
text 3189 457 3212 470
text 2995 456 3017 468
text 2795 453 2823 468
text 2616 455 2642 469
text 3310 452 3332 474
text 3129 453 3151 473
text 2934 452 2957 473
text 2755 451 2776 471
text 2559 449 2582 473
text 2181 595 2205 623
text 2058 595 2082 622
text 1797 597 1823 620
text 1381 595 1404 621
text 1168 595 1191 618
text 939 579 963 604
text 879 569 923 610
text 1211 589 1295 626
text 969 781 1342 843
text 969 734 1383 777
text 1101 692 1173 730
text 1102 648 1354 685
text 1423 583 1504 628
text 1672 587 1756 626
text 1976 591 2019 628
text 2245 590 2329 629
text 1871 821 2262 886
text 1876 780 2289 825
text 1880 737 2093 777
text 2197 741 2265 781
text 2573 694 2637 737
text 2571 640 2639 675
text 2575 577 2641 615
text 2625 448 2709 536
text 2786 434 2875 523
text 3001 443 3086 523
text 3212 437 3295 524
text 3342 437 3430 523
text 3347 522 3369 541
text 3311 650 3398 738
text 2609 721 2751 880
text 2764 726 2840 803
text 2743 555 2803 618
text 2810 514 2917 638
text 2909 494 2949 714
text 2948 521 2968 587
text 2964 581 3015 606
text 3044 535 3077 559
text 3109 496 3161 523
text 3158 515 3180 579
text 2964 660 3023 725
text 3181 479 3216 590
text 3037 669 3137 775
text 3086 662 3202 778
text 3150 661 3263 781
connector 594 2668 925 2787
pins 1204 2590 1441 2681
connector 1157 2664 1487 2794
pins 1798 2587 2035 2676
connector 1754 2660 2077 2786
connector 2359 2658 2688 2776
connector 2968 2657 3283 2777
pins 2399 2581 2641 2670
pins 3010 2565 3245 2659
pins 3382 1871 3459 2344
connector 2884 1939 2947 2186
pins 2803 1775 2970 1888
connector 2289 1948 2356 2197
connector 1670 1921 1733 2173
connector 1563 1883 1627 2127
connector 921 1904 987 2154
connector 621 1667 743 1834
connector 627 1394 733 1555
pins 763 1396 939 1862
connector 1282 1365 1367 1544
connector 1483 1706 1728 1775
connector 1749 1396 1806 1641
pins 1908 1527 2091 1715
pins 3336 1316 3394 1448
pins 3229 967 3324 1065
pins 3137 813 3238 935
pins 3014 1102 3123 1393
pins 2554 1208 2854 1273
pins 2311 887 2490 959
pins 1695 995 1997 1065
pins 1694 1065 1934 1183
pads 1785 1278 1860 1332
pins 442 852 555 1006
connector 552 867 638 981
pins 548 649 728 746
pins 968 630 1099 732
pins 538 356 728 550
pins 826 352 983 469
pins 1187 348 1329 471
connector 1197 466 1307 549
connector 1408 461 1520 549
pins 1399 354 1544 466
pins 1620 358 1809 551
pins 1674 651 1851 746
pins 1904 354 2088 514
pins 2188 356 2371 554
connector 2093 619 2195 772
pins 2283 658 2463 746
connector 2515 564 2572 746
pins 2550 386 3472 453
pins 3378 491 3440 675
pins 2983 603 3338 662
pads 3085 525 3160 579
pads 2968 521 3045 576
connector 2705 489 2883 550
connector 2733 613 2844 730
connector 2707 786 2882 849
test 2938 648 2971 688
test 2619 648 2651 688
pins 2126 1988 2191 2177
pins 3303 2356 3425 2420
pins 1442 1468 1498 1712
pins 3340 1065 3398 1197
pins 3227 682 3322 780
