text 3497 340 3605 406
pins 3226 335 3471 424
text 2939 334 3036 398
text 2823 467 3144 591
text 2707 631 3154 704
text 2340 339 2440 404
text 1740 337 1838 407
text 1299 404 2394 485
text 1562 489 2391 551
text 1110 538 2387 595
text 1141 339 1236 405
text 738 675 806 712
text 738 731 925 773
text 735 794 804 828
text 735 852 923 889
text 734 913 803 947
text 734 1035 803 1069
text 733 972 921 1009
text 732 1091 920 1128
text 1085 1024 1154 1058
text 986 839 1157 883
text 969 904 1158 941
text 965 961 1156 1004
text 1097 1082 1349 1123
text 1070 1129 1139 1163
text 1068 1190 1139 1227
text 1305 1125 1557 1166
text 1308 1188 1547 1226
text 1133 1234 1344 1271
text 1562 825 1752 867
text 1551 887 1754 927
text 1562 950 1754 984
text 1685 1008 1754 1045
text 1851 964 1920 1001
text 1849 904 1919 940
text 1851 840 1921 880
text 2302 1037 2371 1074
text 2178 857 2372 893
text 2163 905 2371 940
text 2178 948 2371 984
text 2563 1076 2632 1113
text 2566 896 2758 936
text 2562 958 2771 995
text 2562 1014 2756 1054
text 2930 872 3126 912
text 2917 930 3126 971
text 2930 993 3127 1031
text 3054 1053 3123 1090
text 3502 960 3665 1081
text 3419 1118 3460 1156
text 3100 1178 3141 1216
text 3433 1393 3474 1431
text 3434 1351 3474 1376
text 3101 1542 3142 1580
text 3102 1305 3142 1330
text 3102 1425 3142 1450
text 3434 1641 3474 1666
text 3413 1687 3671 1796
text 2834 1469 2903 1506
text 2830 1531 2907 1566
text 2836 1592 2885 1629
text 2666 1448 2729 1510
text 2670 1511 2730 1572
text 2683 1303 2855 1345
text 2681 1346 2853 1388
text 2587 1129 2623 1226
text 2526 1130 2562 1228
text 2447 1129 2487 1228
text 2392 1153 2426 1222
text 2366 1376 2586 1415
text 2364 1438 2584 1477
text 2364 1498 2584 1537
text 2362 1560 2582 1599
text 2185 1224 2346 1383
text 2142 1177 2303 1340
text 1982 1294 2057 1330
text 1953 1338 2024 1376
text 1898 1385 2069 1421
text 1906 1431 2098 1464
text 1235 1328 1679 1392
text 1376 1500 1538 1556
text 1267 1804 1302 1881
text 1328 1804 1362 1910
text 1382 1808 1424 1913
text 1445 1805 1484 1913
text 1505 1804 1543 1915
text 1632 1934 1673 2037
text 1695 1931 1732 2037
text 1753 1931 1795 2039
text 2060 1898 2126 1933
text 2126 2020 2160 2092
text 2054 1675 2202 1824
text 2136 1674 2277 1827
text 2225 1670 2252 1736
text 2247 1628 2326 1669
text 2331 1680 2358 1721
text 2316 1756 2349 1825
text 2361 1756 2396 1826
text 2184 2020 2220 2105
text 2246 2020 2278 2104
text 2307 2022 2337 2104
text 2367 2022 2400 2105
text 2407 1676 3149 2119
text 3152 1793 3286 2181
text 3414 1989 3438 2021
text 3420 2158 3436 2186
text 3410 2033 3444 2141
text 3539 2401 3565 2435
text 3415 2401 3520 2437
text 3371 2410 3402 2428
text 3249 2408 3279 2429
text 2774 2391 2803 2412
text 2563 2390 2585 2412
text 2480 2393 2503 2408
text 2177 2392 2202 2407
text 1719 2389 1742 2404
text 744 2406 768 2426
text 735 2536 762 2551
text 900 2538 923 2551
text 1095 2540 1117 2552
text 1289 2540 1317 2555
text 1470 2539 1496 2553
text 780 2534 802 2556
text 961 2535 983 2555
text 1155 2535 1178 2556
text 1336 2537 1357 2557
text 1530 2535 1553 2559
text 1907 2385 1931 2413
text 2030 2386 2054 2413
text 2289 2388 2315 2411
text 2708 2387 2731 2413
text 2921 2390 2944 2413
text 3149 2404 3173 2429
text 3189 2398 3233 2439
text 2817 2382 2901 2419
text 2770 2165 3143 2227
text 2729 2231 3143 2274
text 2939 2278 3011 2316
text 2758 2323 3010 2360
text 2608 2380 2689 2425
text 2356 2382 2440 2421
text 2093 2380 2136 2417
text 1783 2379 1867 2418
text 1850 2122 2241 2187
text 1823 2183 2236 2228
text 2019 2231 2232 2271
text 1847 2227 1915 2267
text 1475 2271 1539 2314
text 1473 2333 1541 2368
text 1471 2393 1537 2431
text 1403 2472 1487 2560
text 1237 2485 1326 2574
text 1026 2485 1111 2565
text 817 2484 900 2571
text 682 2485 770 2571
text 743 2467 765 2486
text 714 2270 801 2358
text 1361 2128 1503 2287
text 1272 2205 1348 2282
text 1309 2390 1369 2453
text 1195 2370 1302 2494
text 1163 2294 1203 2514
text 1144 2421 1164 2487
text 1097 2402 1148 2427
text 1035 2449 1068 2473
text 951 2485 1003 2512
text 932 2429 954 2493
text 1089 2283 1148 2348
text 896 2418 931 2529
text 975 2233 1075 2339
text 910 2230 1026 2346
text 849 2227 962 2347
connector 3187 221 3518 340
pins 2671 327 2908 418
connector 2625 214 2955 344
pins 2077 332 2314 421
connector 2035 222 2358 348
connector 1424 232 1753 350
connector 829 231 1144 351
pins 1471 338 1713 427
pins 867 349 1102 443
pins 653 664 730 1137
connector 1165 822 1228 1069
pins 1142 1120 1309 1233
connector 1756 811 1823 1060
connector 2379 835 2442 1087
connector 2485 881 2549 1125
connector 3125 854 3191 1104
connector 3369 1174 3491 1341
connector 3379 1453 3485 1614
pins 3173 1146 3349 1612
connector 2745 1464 2830 1643
connector 2384 1233 2629 1302
connector 2306 1367 2363 1612
pins 2021 1293 2204 1481
pins 718 1560 776 1692
pins 788 1943 883 2041
pins 874 2073 975 2195
pins 989 1615 1098 1906
pins 1258 1735 1558 1800
pins 1622 2049 1801 2121
pins 2115 1943 2417 2013
pins 2178 1825 2418 1943
pads 2252 1676 2327 1730
pins 3557 2002 3670 2156
connector 3474 2027 3560 2141
pins 3384 2262 3564 2359
pins 3013 2276 3144 2378
pins 3384 2458 3574 2652
pins 3129 2539 3286 2656
pins 2783 2537 2925 2660
connector 2805 2459 2915 2542
connector 2592 2459 2704 2547
pins 2568 2542 2713 2654
pins 2303 2457 2492 2650
pins 2261 2262 2438 2357
pins 2024 2494 2208 2654
pins 1741 2454 1924 2652
connector 1917 2236 2019 2389
pins 1649 2262 1829 2350
connector 1540 2262 1597 2444
pins 640 2555 1562 2622
pins 672 2333 734 2517
pins 774 2346 1129 2405
pads 952 2429 1027 2483
pads 1067 2432 1144 2487
connector 1229 2458 1407 2519
connector 1268 2278 1379 2395
connector 1230 2159 1405 2222
test 1141 2320 1174 2360
test 1461 2320 1493 2360
pins 1921 831 1986 1020
pins 687 588 809 652
pins 2614 1296 2670 1540
pins 714 1811 772 1943
pins 790 2228 885 2326
