text 387 449 426 696
text 385 696 431 724
text 497 592 556 620
text 564 631 615 678
text 542 447 587 482
text 689 531 753 628
text 851 435 894 470
text 857 582 911 608
text 899 469 936 497
text 953 619 1108 678
text 948 701 1175 740
text 1142 443 1189 477
text 1136 577 1193 603
text 1178 623 1226 674
text 1281 517 1348 613
text 1438 437 1483 474
text 1501 466 1556 493
text 1740 432 1787 468
text 1496 585 1728 734
text 1736 572 1791 595
text 1764 611 1815 661
text 1888 492 1955 592
text 2041 428 2090 461
text 2041 573 2098 597
text 2152 240 2226 272
text 2303 571 2359 599
text 2331 414 2377 448
text 2342 608 2392 661
text 2471 499 2532 594
text 2629 415 2674 450
text 2630 569 2688 595
text 2676 768 2712 799
text 2891 415 2930 444
text 2891 562 2949 586
text 2919 610 2970 661
text 3024 487 3089 584
text 3158 558 3195 585
text 3179 415 3217 442
text 3309 302 3354 541
text 3229 583 3348 1092
text 2993 907 3051 935
text 2995 961 3050 986
text 2995 1003 3050 1032
text 2825 826 2853 897
text 2862 848 2926 912
text 2889 1099 2948 1150
text 2888 1048 2950 1108
text 2878 995 2950 1069
text 2836 1138 2885 1189
text 3155 1148 3179 1181
text 2679 826 2735 855
text 2491 910 2546 937
text 2492 947 2547 975
text 2493 991 2550 1020
text 2493 1028 2548 1056
text 2494 1074 2552 1102
text 2693 1165 2737 1193
text 2444 1066 2482 1093
text 2368 1063 2425 1089
text 2276 911 2334 938
text 2275 950 2334 975
text 2277 985 2334 1013
text 2221 854 2252 925
text 2158 897 2218 959
text 2048 860 2110 925
text 2156 952 2221 1026
text 2042 917 2111 987
text 2162 1026 2221 1087
text 2052 989 2111 1048
text 2165 1092 2222 1153
text 2046 1050 2108 1111
text 2124 852 2150 893
text 2032 1140 2088 1166
text 2032 1175 2090 1202
text 1893 942 1949 969
text 1899 979 1952 1008
text 1893 1021 1953 1048
text 1895 1061 1952 1091
text 1893 1103 1950 1133
text 1823 939 1881 969
text 1819 984 1876 1012
text 1819 1022 1875 1050
text 1819 1065 1875 1094
text 1663 804 1695 877
text 1597 928 1660 989
text 1592 986 1658 1057
text 1607 1042 1666 1108
text 1511 806 1536 866
text 1430 848 1493 915
text 1428 900 1499 974
text 1440 966 1499 1028
text 1438 1028 1497 1087
text 1375 1142 1430 1168
text 1313 932 1368 960
text 1308 982 1364 1008
text 1312 1023 1366 1050
text 1313 1053 1368 1078
text 1330 1075 1354 1131
text 1238 1072 1262 1133
text 1084 1088 1109 1144
text 1124 929 1182 956
text 1124 969 1181 998
text 1124 1003 1181 1030
text 920 823 950 877
text 962 901 1028 934
text 960 953 1044 989
text 966 1017 1032 1049
text 960 1052 1028 1085
text 876 1119 942 1168
text 940 1092 1039 1171
text 997 1097 1087 1169
text 1067 1152 1093 1204
text 711 960 768 987
text 713 999 768 1028
text 713 1038 772 1067
text 720 1076 774 1103
text 715 1108 771 1135
text 608 918 663 946
text 662 983 714 1013
text 610 1050 665 1076
text 561 752 591 825
text 560 882 593 951
text 558 1026 587 1083
text 526 1117 585 1144
text 656 1188 711 1217
text 821 1185 874 1215
text 772 1243 822 1269
text 821 1241 873 1272
text 780 1354 807 1414
text 756 1451 780 1492
text 824 1509 850 1547
text 860 1505 887 1541
text 825 1303 852 1342
text 878 1283 944 1336
text 953 1284 1054 1352
text 1011 1281 1132 1365
text 895 1434 926 1496
text 936 1428 964 1487
text 978 1400 1012 1464
text 893 1554 948 1581
text 972 1521 1002 1540
text 973 1484 999 1505
text 1004 1484 1030 1540
text 1079 1545 1105 1603
text 1114 1555 1171 1579
text 1182 1219 1233 1250
text 1164 1461 1190 1517
text 1147 1524 1203 1549
text 1273 1552 1326 1579
text 1348 1496 1393 1548
text 1275 1267 1330 1295
text 1275 1315 1332 1344
text 1275 1353 1332 1380
text 1275 1387 1330 1413
text 1278 1419 1332 1446
text 1461 1338 1510 1390
text 1566 1344 1639 1382
text 1709 1188 1740 1254
text 1691 1328 1739 1381
text 1694 1416 1765 1450
text 1769 1448 1820 1494
text 1775 1487 1860 1570
text 1793 1310 1862 1341
text 1950 1248 1977 1305
text 1872 1316 1927 1342
text 1897 1377 1977 1460
text 1930 1454 2006 1528
text 1911 1482 1981 1552
text 1878 1515 1912 1554
text 1986 1534 2040 1561
text 1986 1477 2042 1504
text 1986 1448 2045 1474
text 1989 1408 2046 1433
text 2046 1327 2073 1402
text 2052 1290 2123 1321
text 2094 1325 2151 1352
text 2093 1611 2152 1636
text 2170 1609 2242 1638
text 2242 1569 2274 1593
text 2241 1540 2274 1566
text 2242 1498 2272 1523
text 2241 1455 2271 1478
text 2250 1391 2330 1428
text 2246 1349 2315 1380
text 2114 1212 2172 1271
text 2165 1200 2238 1282
text 2221 1198 2291 1280
text 2282 1199 2358 1281
text 2337 1244 2364 1305
text 2317 1502 2346 1562
text 2330 1586 2387 1616
text 2323 1632 2407 1664
text 2554 1197 2582 1255
text 2396 1336 2560 1372
text 2397 1388 2562 1421
text 2388 1481 2445 1544
text 2395 1541 2451 1599
text 2597 1343 2623 1399
text 2535 1505 2597 1564
text 2539 1564 2599 1626
text 2537 1644 2581 1685
text 2601 1510 2654 1701
text 2716 1279 2756 1308
text 2710 1391 2751 1417
text 2682 1526 2725 1615
text 2892 1701 2950 1729
text 3091 1403 3114 1441
text 3189 1397 3236 1442
text 3125 1724 3364 1825
text 3096 1770 3125 1831
text 2974 1760 3030 1791
text 3171 1993 3225 2021
text 3138 2155 3225 2181
text 3244 2193 3300 2218
text 3168 2195 3222 2221
text 3028 1976 3086 1999
text 2956 1976 3011 2001
text 2964 1935 3030 1959
text 3019 2193 3055 2219
text 2748 2013 2803 2047
text 2819 1766 2832 1789
text 2761 1768 2777 1791
text 2570 1756 2597 1813
text 2549 1938 2579 2006
text 2443 1943 2477 2013
text 2597 2166 2645 2201
text 2372 2162 2419 2196
text 2411 1901 2477 1932
text 2331 1764 2360 1832
text 2242 1852 2274 1897
text 2311 1947 2382 1979
text 2152 2083 2208 2113
text 2120 2107 2146 2168
text 2119 1804 2173 1846
text 2087 1788 2117 1856
text 2050 1789 2078 1854
text 1923 1667 1956 1858
text 1944 1767 1981 1809
text 1988 1668 2022 1854
text 2008 1697 2037 1738
text 2010 1748 2044 1787
text 2091 2031 2153 2059
text 2032 2032 2091 2058
text 1974 2032 2032 2060
text 1907 2035 1966 2060
text 1858 1753 1890 1790
text 1729 1877 1777 1925
text 1855 1870 1909 1901
text 1800 1924 1868 1954
text 1854 2034 1904 2060
text 1874 2085 1902 2153
text 1768 2023 1821 2046
text 1794 1937 1858 1994
text 1878 1919 1915 1952
text 1558 2160 1614 2187
text 1434 2152 1507 2181
text 1536 2013 1617 2098
text 1469 2005 1548 2091
text 1409 2023 1479 2094
text 1536 1903 1563 1943
text 1419 1966 1447 2003
text 1381 1962 1407 2017
text 1350 1972 1377 2046
text 1387 1833 1421 1871
text 1286 1848 1343 1871
text 1339 1768 1382 1806
text 1319 1759 1358 1798
text 1312 1742 1348 1779
text 1296 1724 1334 1759
text 1292 1695 1333 1735
text 1347 1835 1382 1871
text 1350 1884 1374 1941
text 1230 1936 1285 1962
text 1192 1847 1248 1875
text 1154 1938 1211 1963
text 1114 1849 1171 1875
text 1035 1849 1090 1875
text 1073 1943 1129 1969
text 997 1943 1055 1972
text 1276 1586 1303 1640
text 1303 1608 1358 1669
text 1212 1605 1267 1630
text 1188 1619 1216 1673
text 1248 1754 1311 1778
text 1160 1756 1224 1779
text 1122 1712 1161 1740
text 1123 1735 1175 1784
text 1076 1730 1131 1784
text 1046 1735 1093 1787
text 1081 1696 1108 1752
text 952 1624 1004 1652
text 887 1655 944 1679
text 962 1749 1016 1772
text 896 1752 953 1776
text 958 1795 1008 1823
text 959 1832 1012 1861
text 904 1871 958 1900
text 902 1963 958 1987
text 901 2027 957 2057
text 856 2088 890 2117
text 854 2126 892 2155
text 856 2164 892 2191
text 857 2201 894 2226
text 856 2238 893 2264
text 797 2286 824 2329
text 959 1965 984 2023
text 988 1984 1016 2040
text 1054 2051 1079 2105
text 1089 2051 1117 2108
text 1136 2050 1160 2106
text 1173 2051 1197 2122
text 1209 2050 1236 2122
text 1250 2049 1281 2104
text 1290 2050 1318 2123
text 1147 2118 1200 2146
text 1147 2157 1206 2185
text 1004 2266 1031 2290
text 1120 2265 1148 2286
text 1040 2275 1126 2309
text 1239 2318 1268 2370
text 1228 2289 1266 2316
text 1385 2166 1421 2245
text 1413 2261 1459 2293
text 1498 2223 1552 2252
text 1500 2258 1553 2286
text 1620 2238 1709 2270
text 1625 2299 1652 2353
text 1801 2251 1826 2314
text 1697 2409 1776 2438
text 1965 2235 1990 2292
text 1971 2212 2027 2237
text 2045 2218 2102 2242
text 2153 2247 2201 2279
text 2235 2290 2278 2324
text 2271 2418 2301 2506
text 2365 2353 2392 2427
text 2445 2366 2474 2421
text 2574 2351 2601 2425
text 2370 2489 2392 2530
text 2566 2537 2608 2562
text 2684 2449 2709 2506
text 2623 2240 2645 2279
text 2688 2228 2712 2284
text 2809 2299 2838 2391
text 2799 2415 2854 2441
text 2838 2272 2883 2307
text 3016 2475 3095 2515
text 3330 2302 3348 2330
text 3061 2404 3109 2425
text 2987 2449 3037 2473
text 2531 2383 2579 2406
text 2323 2386 2374 2408
text 1894 2414 1943 2436
text 3282 2402 3330 2435
text 2805 2447 2855 2496
text 2601 2369 2646 2416
text 2391 2372 2439 2419
text 1779 2400 1826 2452
text 1659 2412 1706 2456
text 405 2342 515 2379
text 533 2531 644 2565
text 808 2528 926 2564
text 667 2530 771 2562
text 668 2318 812 2359
text 825 2361 894 2389
text 724 2361 766 2390
text 607 2359 653 2390
text 664 2359 710 2387
text 1006 2470 1035 2490
text 1122 2468 1153 2489
text 1034 2448 1124 2479
text 995 2531 1101 2559
text 1180 2526 1294 2558
text 1241 2459 1266 2514
text 1226 2429 1282 2456
text 1222 2392 1291 2421
text 1383 2477 1419 2528
text 1820 2492 1899 2528
text 2123 2483 2151 2524
text 2770 2635 2820 2666
resistor 452 513 628 595
resistor 792 508 972 588
resistor 1083 502 1262 584
resistor 1377 498 1557 583
resistor 1681 496 1861 579
resistor 1972 495 2151 573
resistor 2250 493 2427 576
resistor 2559 484 2738 571
resistor 2839 484 3017 568
resistor 3097 484 3272 563
resistor 3121 956 3186 982
resistor 3120 989 3185 1020
resistor 3120 1056 3186 1086
resistor 2556 944 2623 974
resistor 2561 988 2627 1019
resistor 2557 1069 2625 1102
resistor 2430 1092 2492 1124
resistor 1963 981 2029 1011
resistor 1964 1059 2031 1092
resistor 1962 1102 2026 1131
resistor 1964 1143 2029 1170
resistor 1964 1177 2027 1211
resistor 1753 1067 1815 1098
resistor 1371 980 1437 1011
resistor 1371 1022 1436 1055
resistor 1373 1110 1436 1140
resistor 772 960 841 994
resistor 774 1036 839 1067
resistor 775 1111 842 1143
resistor 782 1436 810 1506
resistor 822 1436 849 1504
resistor 764 1563 830 1595
resistor 883 1581 949 1612
resistor 970 1549 1001 1611
resistor 1049 1545 1082 1617
resistor 1210 1520 1274 1549
resistor 1207 1556 1272 1583
resistor 1206 1267 1272 1298
resistor 1208 1315 1273 1344
resistor 1208 1353 1276 1382
resistor 1210 1387 1275 1420
resistor 1884 1340 1951 1372
resistor 2088 1353 2154 1385
resistor 2094 1400 2157 1437
resistor 2091 1441 2158 1480
resistor 2094 1489 2159 1526
resistor 2094 1532 2157 1569
resistor 2096 1576 2161 1610
resistor 3102 1827 3132 1896
resistor 2886 1730 2952 1763
resistor 3144 1994 3173 2066
resistor 3023 2005 3087 2032
resistor 2949 2005 3013 2034
resistor 3236 2222 3302 2250
resistor 3164 2224 3229 2251
resistor 2584 1939 2613 2013
resistor 2478 1946 2510 2016
resistor 2321 1976 2387 2011
resistor 2157 2051 2226 2082
resistor 1945 1782 2011 1849
resistor 2026 1787 2052 1854
resistor 2092 2109 2120 2180
resistor 1758 1990 1825 2025
resistor 1325 1975 1352 2044
resistor 1287 1974 1316 2046
resistor 1207 1977 1234 2046
resistor 1169 1974 1196 2043
resistor 1087 1978 1116 2047
resistor 1287 1874 1315 1939
resistor 1249 1870 1276 1938
resistor 1169 1873 1195 1941
resistor 1131 1876 1160 1943
resistor 1051 1875 1078 1946
resistor 1012 1872 1041 1943
resistor 1051 1977 1081 2049
resistor 1083 2116 1147 2148
resistor 1084 2155 1149 2187
resistor 892 1792 959 1829
resistor 894 1895 961 1929
resistor 893 1996 957 2026
resistor 789 2117 854 2152
resistor 790 2156 856 2190
resistor 789 2228 857 2264
resistor 1267 2310 1297 2379
resistor 1270 2470 1334 2502
resistor 1553 2186 1620 2215
resistor 1553 2221 1620 2254
resistor 1555 2258 1618 2291
resistor 1625 2355 1653 2423
resistor 2036 2247 2101 2275
resistor 1966 2409 2009 2440
resistor 2450 2424 2479 2495
resistor 2651 2422 2682 2491
capacitor 501 722 563 848
capacitor 588 605 654 672
capacitor 1191 596 1260 667
capacitor 1777 584 1844 653
capacitor 2366 583 2434 654
capacitor 2942 592 3006 659
capacitor 3119 921 3186 947
capacitor 2920 907 2987 937
capacitor 2921 954 2991 987
capacitor 2924 1000 2995 1032
capacitor 2553 908 2624 941
capacitor 2340 904 2409 939
capacitor 2340 942 2409 977
capacitor 2340 981 2409 1015
capacitor 2350 1090 2422 1124
capacitor 1961 938 2034 970
capacitor 1750 942 1820 976
capacitor 1750 980 1817 1014
capacitor 1750 1018 1820 1053
capacitor 1368 931 1437 965
capacitor 1181 929 1250 962
capacitor 1182 966 1249 1000
capacitor 1181 1001 1251 1036
capacitor 775 1072 844 1105
capacitor 593 945 663 979
capacitor 594 982 662 1017
capacitor 606 1019 676 1052
capacitor 497 852 561 979
capacitor 498 985 565 1109
capacitor 499 1141 625 1206
resistor 853 1301 880 1372
capacitor 809 1346 848 1423
capacitor 860 1431 888 1503
capacitor 932 1354 960 1428
capacitor 1007 1542 1035 1613
capacitor 882 1623 950 1652
capacitor 891 1678 957 1705
capacitor 1072 1206 1097 1277
capacitor 1207 1424 1277 1457
capacitor 1191 1456 1316 1521
capacitor 1317 1501 1383 1572
resistor 1111 1579 1179 1610
capacitor 1434 1351 1500 1419
capacitor 1704 1337 1772 1405
capacitor 1922 1239 1951 1316
capacitor 1885 1520 1952 1590
capacitor 2257 1585 2325 1619
capacitor 2623 1344 2648 1415
capacitor 2966 1790 3036 1817
capacitor 2597 1742 2624 1816
text 2147 1775 2165 1800
text 2112 1775 2130 1801
capacitor 2103 1656 2168 1778
capacitor 2036 1656 2100 1784
capacitor 1829 1760 1893 1824
capacitor 1695 1885 1761 1951
capacitor 1425 1887 1453 1960
capacitor 1386 1887 1413 1960
capacitor 1326 1872 1350 1939
capacitor 1461 1975 1530 2004
capacitor 1207 1875 1233 1939
capacitor 1087 1871 1113 1942
capacitor 1251 1974 1279 2048
capacitor 1132 1973 1161 2046
capacitor 1016 1976 1043 2047
capacitor 972 1893 999 1967
capacitor 1278 1642 1306 1713
capacitor 1214 1629 1280 1757
capacitor 1186 1674 1212 1743
capacitor 1083 1621 1105 1695
capacitor 1009 1622 1076 1750
capacitor 976 1674 1004 1747
capacitor 892 1836 960 1868
capacitor 894 1934 962 1965
capacitor 787 2080 856 2115
capacitor 790 2194 855 2225
capacitor 1939 2234 1965 2308
capacitor 1966 2184 2032 2215
capacitor 2861 2416 2986 2482
resistor 3200 2408 3268 2428
led 3117 2408 3196 2432
electrolytic 914 281 1127 523
electrolytic 1517 264 1710 505
electrolytic 2098 272 2315 502
electrolytic 2683 575 2911 816
electrolytic 2626 859 2843 1094
electrolytic 2389 1738 2568 1904
electrolytic 2664 2063 2902 2266
electrolytic 1625 2021 1824 2263
ic 626 706 816 905
ic 1226 706 1411 898
ic 1826 702 2012 890
ic 2412 695 2596 884
ic 2967 694 3152 887
ic 2396 1145 2553 1320
ic 1739 1134 1895 1301
ic 1024 1376 1141 1495
ic 1365 1393 1853 1887
ic 2168 1630 2374 1793
transistor 2669 1521 2876 1792
ic 2915 1820 3091 1937
ic 1902 2061 2084 2176
ic 1106 1218 1176 1320
transistor 2944 2037 3138 2197
transistor 2464 2014 2625 2201
transistor 2249 2016 2402 2214
transistor 824 2271 903 2344
transistor 1367 2292 1622 2475
ic 1825 2200 1934 2345
transistor 1968 2286 2248 2448
transistor 3067 2265 3352 2414
connector 594 365 843 506
connector 1197 352 1443 494
connector 1792 340 2038 485
connector 2385 339 2628 474
connector 2929 335 3182 473
connector 2883 1143 3094 1671
connector 3261 1988 3530 2199
connector 378 1213 761 1582
connector 339 1582 879 2018
connector 340 2002 748 2365
connector 384 2378 531 2562
connector 404 2562 590 2707
connector 589 2562 770 2706
connector 772 2561 960 2706
connector 956 2558 1143 2701
connector 1139 2555 1325 2698
connector 1452 2482 1731 2847
connector 1733 2480 2016 2836
connector 2015 2480 2298 2835
connector 2296 2549 2497 2819
connector 2504 2545 2705 2803
connector 2830 2520 3045 2795
connector 3061 2430 3351 2792
component 494 529 580 574
component 842 523 922 567
component 1130 518 1211 561
component 1426 515 1506 559
component 1725 515 1810 556
component 2020 514 2105 555
component 2294 511 2378 553
component 2606 502 2687 550
component 2886 506 2966 549
component 3145 501 3225 544
component 949 360 1084 462
component 1548 341 1682 437
component 2149 336 2282 436
component 2753 659 2885 755
component 2673 906 2821 997
component 2468 1763 2544 1878
component 2730 2100 2832 2239
component 1657 2120 1796 2221
component 3143 960 3164 977
component 3144 998 3167 1015
component 3143 1063 3168 1080
component 2579 950 2600 967
component 2582 992 2606 1010
component 2583 1078 2604 1094
component 2451 1099 2475 1116
component 1986 986 2009 1002
component 1986 1068 2009 1083
component 1984 1108 2006 1124
component 1774 1070 1797 1091
component 1392 986 1414 1006
component 1392 1030 1416 1046
component 795 970 816 986
component 795 1043 817 1059
resistor 643 1135 725 1186
component 664 1151 709 1170
component 796 1117 817 1133
component 787 1459 803 1483
component 825 1459 840 1483
component 856 1327 871 1348
component 785 1570 806 1591
component 903 1587 926 1605
component 977 1565 995 1588
component 1051 1401 1114 1468
component 1057 1570 1073 1592
component 1132 1583 1155 1601
component 1123 1259 1167 1279
component 1229 1274 1253 1292
component 1231 1320 1252 1338
component 1229 1357 1252 1373
component 1231 1396 1251 1412
component 1226 1524 1248 1541
component 1229 1559 1252 1576
component 1906 1345 1929 1363
component 2111 1359 2133 1376
component 2114 1405 2135 1426
component 2116 1452 2137 1471
component 2116 1499 2138 1516
component 2116 1544 2140 1562
component 2116 1585 2138 1604
diode 2692 1308 2889 1392
diode 2691 1196 2875 1276
diode 2682 1421 2885 1500
component 2763 1207 2824 1247
component 2756 1432 2814 1468
component 2768 1328 2826 1371
component 2910 1740 2929 1754
component 2743 1591 2838 1649
component 2781 1677 2849 1705
component 2031 1810 2048 1834
component 1968 1807 1989 1828
component 1623 1491 1717 1586
clock 1106 1612 1186 1710
component 1125 1634 1168 1690
component 911 1723 936 1742
component 439 1649 751 1966
component 810 2126 834 2143
component 812 2165 834 2181
component 814 2237 834 2254
component 914 1800 938 1819
component 915 1902 939 1920
component 914 2003 936 2022
component 1019 1899 1033 1921
component 1055 1896 1071 1919
component 1056 2002 1074 2024
component 1175 1896 1191 1919
component 1292 1895 1309 1920
component 1175 2000 1192 2024
component 1293 1998 1310 2022
component 1092 2003 1107 2023
component 1136 1899 1150 1920
component 1211 2000 1225 2023
component 1255 1896 1268 1919
component 1329 1999 1345 2022
clock 1453 1873 1534 1972
component 1781 2002 1802 2015
component 2182 2059 2203 2075
component 2343 1985 2366 2003
diode 2165 1815 2246 1999
component 2193 1890 2230 1946
component 2372 1267 2390 1290
component 1985 1149 2006 1165
component 1985 1187 2006 1204
component 3111 1849 3126 1871
component 3260 2229 3281 2244
component 3185 2228 3209 2247
component 2970 2009 2994 2027
component 3045 2010 3066 2026
component 3150 2019 3166 2044
component 3023 2077 3078 2172
diode 2882 2227 3067 2309
component 2963 2242 3030 2280
component 2495 2084 2587 2142
component 2285 2088 2369 2136
diode 2232 2209 2418 2290
component 2288 2232 2345 2271
component 2098 2132 2114 2155
component 2058 2253 2079 2267
component 1576 2194 1597 2206
component 1575 2264 1597 2283
component 1104 2126 1125 2141
component 1105 2163 1126 2180
component 1274 2336 1287 2359
component 1292 2479 1313 2497
component 1987 2417 2002 2434
component 2457 2446 2474 2468
component 2657 2446 2676 2471
connector 563 293 873 409
connector 1158 287 1479 406
connector 1756 284 2076 397
connector 2343 270 2662 388
connector 2894 267 3204 380
connector 426 651 550 719
text 472 1195 509 1218
connector 375 727 481 1200
connector 1650 878 1722 1067
connector 1493 867 1549 1105
connector 3090 1179 3217 1379
connector 3083 1451 3223 1655
pads 3117 1380 3341 1718
pads 3120 1018 3188 1052
connector 2838 898 2893 1131
pads 2555 1024 2626 1062
connector 2212 924 2272 1163
connector 2105 882 2160 1119
pads 1962 1018 2033 1052
connector 2120 1275 2348 1331
component 1394 1117 1415 1132
pads 1279 1075 1328 1136
pads 1188 1079 1240 1139
pads 1106 1078 1156 1140
pads 1370 1062 1440 1101
connector 909 885 960 1118
pads 772 998 843 1034
pads 757 1187 818 1242
ferrite 886 1353 925 1434
connector 872 1167 1055 1228
connector 870 1229 1057 1285
connector 1757 1330 1947 1521
connector 2338 1329 2403 1571
led 2158 1347 2243 1387
led 2161 1396 2244 1434
led 2160 1439 2241 1481
led 2162 1486 2240 1526
led 2163 1531 2242 1568
led 2163 1575 2243 1611
connector 2043 1405 2093 1638
connector 2472 1491 2555 1668
text 3096 1991 3144 2041
diode 2642 1727 2724 1866
pads 2635 1796 2900 2008
connector 1909 1856 2158 1916
connector 1855 1974 2164 2034
connector 1915 1915 2160 1975
inductor 1339 1777 1405 1843
pads 1326 1635 1360 1673
pads 1325 1664 1361 1701
pads 1326 1694 1361 1731
pads 1341 1709 1375 1750
pads 1357 1724 1392 1761
pads 1372 1736 1407 1775
text 1304 1817 1330 1851
connector 1007 1779 1309 1846
connector 1366 2086 1551 2153
component 2483 1967 2500 1990
component 2589 1966 2607 1991
led 3141 2069 3178 2153
connector 3187 2035 3264 2143
text 3109 2155 3134 2206
connector 2743 2268 2812 2398
diode 2441 2207 2626 2286
led 2545 2419 2629 2457
led 2340 2423 2423 2461
connector 1651 2265 1779 2336
connector 1653 2338 1781 2408
component 1400 2294 1506 2335
button 1331 2510 1447 2671
connector 1294 2287 1358 2477
connector 982 2489 1058 2552
connector 986 2197 1046 2261
button 1259 2134 1381 2297
test 1218 2352 1253 2390
test 900 2350 939 2399
connector 537 2387 894 2445
text 1005 2368 1031 2397
connector 1018 2370 1145 2435
connector 1019 2308 1147 2371
connector 1104 2198 1164 2259
connector 1103 2489 1173 2553
component 1631 2376 1650 2403
component 1576 2229 1599 2245
text 3198 1663 3251 1685
text 3107 1135 3156 1181
connector 2324 2468 2436 2549
connector 2533 2462 2645 2543
