text 3686 2312 3725 2559
text 3681 2284 3727 2312
text 3556 2388 3615 2416
text 3497 2330 3548 2377
text 3525 2526 3570 2561
text 3359 2380 3423 2477
text 3218 2538 3261 2573
text 3201 2400 3255 2426
text 3176 2511 3213 2539
text 3004 2330 3159 2389
text 2937 2268 3164 2307
text 2923 2531 2970 2565
text 2919 2405 2976 2431
text 2886 2334 2934 2385
text 2764 2395 2831 2491
text 2629 2534 2674 2571
text 2556 2515 2611 2542
text 2325 2540 2372 2576
text 2384 2274 2616 2423
text 2321 2413 2376 2436
text 2297 2347 2348 2397
text 2157 2416 2224 2516
text 2022 2547 2071 2580
text 2014 2411 2071 2435
text 1886 2736 1960 2768
text 1753 2409 1809 2437
text 1735 2560 1781 2594
text 1720 2347 1770 2400
text 1580 2414 1641 2509
text 1438 2558 1483 2593
text 1424 2413 1482 2439
text 1400 2209 1436 2240
text 1182 2564 1221 2593
text 1163 2422 1221 2446
text 1142 2347 1193 2398
text 1023 2424 1088 2521
text 917 2423 954 2450
text 895 2566 933 2593
text 758 2467 803 2706
text 764 1916 883 2425
text 1061 2073 1119 2101
text 1062 2022 1117 2047
text 1062 1976 1117 2005
text 1259 2111 1287 2182
text 1186 2096 1250 2160
text 1164 1858 1223 1909
text 1162 1900 1224 1960
text 1162 1939 1234 2013
text 1227 1819 1276 1870
text 933 1827 957 1860
text 1377 2153 1433 2182
text 1566 2071 1621 2098
text 1565 2033 1620 2061
text 1562 1988 1619 2017
text 1564 1952 1619 1980
text 1560 1906 1618 1934
text 1375 1815 1419 1843
text 1630 1915 1668 1942
text 1687 1919 1744 1945
text 1778 2070 1836 2097
text 1778 2033 1837 2058
text 1778 1995 1835 2023
text 1860 2083 1891 2154
text 1894 2049 1954 2111
text 2002 2083 2064 2148
text 1891 1982 1956 2056
text 2001 2021 2070 2091
text 1891 1921 1950 1982
text 2001 1960 2060 2019
text 1890 1855 1947 1916
text 2004 1897 2066 1958
text 1962 2115 1988 2156
text 2024 1842 2080 1868
text 2022 1806 2080 1833
text 2163 2039 2219 2066
text 2160 2000 2213 2029
text 2159 1960 2219 1987
text 2160 1917 2217 1947
text 2162 1875 2219 1905
text 2231 2039 2289 2069
text 2236 1996 2293 2024
text 2237 1958 2293 1986
text 2237 1914 2293 1943
text 2417 2131 2449 2204
text 2452 2019 2515 2080
text 2454 1951 2520 2022
text 2446 1900 2505 1966
text 2576 2142 2601 2202
text 2619 2093 2682 2160
text 2613 2034 2684 2108
text 2613 1980 2672 2042
text 2615 1921 2674 1980
text 2682 1840 2737 1866
text 2744 2048 2799 2076
text 2748 2000 2804 2026
text 2746 1958 2800 1985
text 2744 1930 2799 1955
text 2758 1877 2782 1933
text 2850 1875 2874 1936
text 3003 1864 3028 1920
text 2930 2052 2988 2079
text 2931 2010 2988 2039
text 2931 1978 2988 2005
text 3162 2131 3192 2185
text 3084 2074 3150 2107
text 3068 2019 3152 2055
text 3080 1959 3146 1991
text 3084 1923 3152 1956
text 3170 1840 3236 1889
text 3073 1837 3172 1916
text 3025 1839 3115 1911
text 3019 1804 3045 1856
text 3344 2021 3401 2048
text 3344 1980 3399 2009
text 3340 1941 3399 1970
text 3338 1905 3392 1932
text 3341 1873 3397 1900
text 3449 2062 3504 2090
text 3398 1995 3450 2025
text 3447 1932 3502 1958
text 3521 2183 3551 2256
text 3519 2057 3552 2126
text 3525 1925 3554 1982
text 3527 1864 3586 1891
text 3401 1791 3456 1820
text 3238 1793 3291 1823
text 3290 1739 3340 1765
text 3239 1736 3291 1767
text 3305 1594 3332 1654
text 3332 1516 3356 1557
text 3262 1461 3288 1499
text 3225 1467 3252 1503
text 3260 1666 3287 1705
text 3168 1672 3234 1725
text 3058 1656 3159 1724
text 2980 1643 3101 1727
text 3186 1512 3217 1574
text 3148 1521 3176 1580
text 3100 1544 3134 1608
text 3164 1427 3219 1454
text 3110 1468 3140 1487
text 3113 1503 3139 1524
text 3082 1468 3108 1524
text 3007 1405 3033 1463
text 2941 1429 2998 1453
text 2879 1758 2930 1789
text 2922 1491 2948 1547
text 2909 1459 2965 1484
text 2786 1429 2839 1456
text 2719 1460 2764 1512
text 2782 1713 2837 1741
text 2780 1664 2837 1693
text 2780 1628 2837 1655
text 2782 1595 2837 1621
text 2780 1562 2834 1589
text 2602 1618 2651 1670
text 2473 1626 2546 1664
text 2372 1754 2403 1820
text 2373 1627 2421 1680
text 2347 1558 2418 1592
text 2292 1514 2343 1560
text 2252 1438 2337 1521
text 2250 1667 2319 1698
text 2135 1703 2162 1760
text 2185 1666 2240 1692
text 2135 1548 2215 1631
text 2106 1480 2182 1554
text 2131 1456 2201 1526
text 2200 1454 2234 1493
text 2072 1447 2126 1474
text 2070 1504 2126 1531
text 2067 1534 2126 1560
text 2066 1575 2123 1600
text 2039 1606 2066 1681
text 1989 1687 2060 1718
text 1961 1656 2018 1683
text 1960 1372 2019 1397
text 1870 1370 1942 1399
text 1838 1415 1870 1439
text 1838 1442 1871 1468
text 1840 1485 1870 1510
text 1841 1530 1871 1553
text 1782 1580 1862 1617
text 1797 1628 1866 1659
text 1940 1737 1998 1796
text 1874 1726 1947 1808
text 1821 1728 1891 1810
text 1754 1727 1830 1809
text 1748 1703 1775 1764
text 1766 1446 1795 1506
text 1725 1392 1782 1422
text 1705 1344 1789 1376
text 1530 1753 1558 1811
text 1552 1636 1716 1672
text 1550 1587 1715 1620
text 1667 1464 1724 1527
text 1661 1409 1717 1467
text 1489 1609 1515 1665
text 1515 1444 1577 1503
text 1513 1382 1573 1444
text 1531 1323 1575 1364
text 1458 1307 1511 1498
text 1356 1700 1396 1729
text 1361 1591 1402 1617
text 1387 1393 1430 1482
text 1162 1279 1220 1307
text 998 1567 1021 1605
text 876 1566 923 1611
text 748 1183 987 1284
text 987 1177 1016 1238
text 1082 1217 1138 1248
text 887 987 941 1015
text 887 827 974 853
text 812 790 868 815
text 890 787 944 813
text 1026 1009 1084 1032
text 1101 1007 1156 1032
text 1082 1049 1148 1073
text 1057 789 1093 815
text 1309 961 1364 995
text 1280 1219 1293 1242
text 1335 1217 1351 1240
text 1515 1195 1542 1252
text 1533 1002 1563 1070
text 1635 995 1669 1065
text 1467 807 1515 842
text 1693 812 1740 846
text 1635 1076 1701 1107
text 1752 1176 1781 1244
text 1838 1111 1870 1156
text 1730 1029 1801 1061
text 1904 895 1960 925
text 1966 840 1992 901
text 1939 1162 1993 1204
text 1995 1152 2025 1220
text 2034 1154 2062 1219
text 2156 1150 2189 1341
text 2131 1199 2168 1241
text 2090 1154 2124 1340
text 2075 1270 2104 1311
text 2068 1221 2102 1260
text 1959 949 2021 977
text 2021 950 2080 976
text 2080 948 2138 976
text 2146 948 2205 973
text 2222 1218 2254 1255
text 2335 1083 2383 1131
text 2203 1107 2257 1138
text 2244 1054 2312 1084
text 2208 948 2258 974
text 2210 855 2238 923
text 2291 962 2344 985
text 2254 1014 2318 1071
text 2197 1056 2234 1089
text 2498 821 2554 848
text 2605 827 2678 856
text 2495 910 2576 995
text 2564 917 2643 1003
text 2633 914 2703 985
text 2549 1065 2576 1105
text 2665 1005 2693 1042
text 2705 991 2731 1046
text 2735 962 2762 1036
text 2691 1137 2725 1175
text 2769 1137 2826 1160
text 2730 1202 2773 1240
text 2754 1210 2793 1249
text 2764 1229 2800 1266
text 2778 1249 2816 1284
text 2779 1273 2820 1313
text 2730 1137 2765 1173
text 2738 1067 2762 1124
text 2827 1046 2882 1072
text 2864 1133 2920 1161
text 2901 1045 2958 1070
text 2941 1133 2998 1159
text 3022 1133 3077 1159
text 2983 1039 3039 1065
text 3057 1036 3115 1065
text 2809 1368 2836 1422
text 2754 1339 2809 1400
text 2845 1378 2900 1403
text 2896 1335 2924 1389
text 2801 1230 2864 1254
text 2888 1229 2952 1252
text 2951 1268 2990 1296
text 2937 1224 2989 1273
text 2981 1224 3036 1278
text 3019 1221 3066 1273
text 3004 1256 3031 1312
text 3108 1356 3160 1384
text 3168 1329 3225 1353
text 3096 1236 3150 1259
text 3159 1232 3216 1256
text 3104 1185 3154 1213
text 3100 1147 3153 1176
text 3154 1108 3208 1137
text 3154 1021 3210 1045
text 3155 951 3211 981
text 3222 891 3256 920
text 3220 853 3258 882
text 3220 817 3256 844
text 3218 782 3255 807
text 3219 744 3256 770
text 3288 679 3315 722
text 3128 985 3153 1043
text 3096 968 3124 1024
text 3033 903 3058 957
text 2995 900 3023 957
text 2952 902 2976 958
text 2915 886 2939 957
text 2876 886 2903 958
text 2831 904 2862 959
text 2794 885 2822 958
text 2912 862 2965 890
text 2906 823 2965 851
text 3081 718 3108 742
text 2964 722 2992 743
text 2986 699 3072 733
text 2844 638 2873 690
text 2846 692 2884 719
text 2691 763 2727 842
text 2653 715 2699 747
text 2560 756 2614 785
text 2559 722 2612 750
text 2403 738 2492 770
text 2460 655 2487 709
text 2286 694 2311 757
text 2336 570 2415 599
text 2122 716 2147 773
text 2085 771 2141 796
text 2010 766 2067 790
text 1911 729 1959 761
text 1834 684 1877 718
text 1811 502 1841 590
text 1720 581 1747 655
text 1638 587 1667 642
text 1511 583 1538 657
text 1720 478 1742 519
text 1504 446 1546 471
text 1403 502 1428 559
text 1467 729 1489 768
text 1400 724 1424 780
text 1274 617 1303 709
text 1258 567 1313 593
text 1229 701 1274 736
text 1017 493 1096 533
text 764 678 782 706
text 1003 583 1051 604
text 1075 535 1125 559
text 1533 602 1581 625
text 1738 600 1789 622
text 2169 572 2218 594
text 782 573 830 606
text 1257 512 1307 561
text 1466 592 1511 639
text 1673 589 1721 636
text 2286 556 2333 608
text 2406 552 2453 596
text 3597 629 3707 666
text 3468 443 3579 477
text 3186 444 3304 480
text 3341 446 3445 478
text 3300 649 3444 690
text 3218 619 3287 647
text 3346 618 3388 647
text 3459 618 3505 649
text 3402 621 3448 649
text 3077 518 3106 538
text 2959 519 2990 540
text 2988 529 3078 560
text 3011 449 3117 477
text 2818 450 2932 482
text 2846 494 2871 549
text 2830 552 2886 579
text 2821 587 2890 616
text 2693 480 2729 531
text 2213 480 2292 516
text 1961 484 1989 525
text 1292 342 1342 373
resistor 3484 2413 3660 2495
resistor 3140 2420 3320 2500
resistor 2850 2424 3029 2506
resistor 2555 2425 2735 2510
resistor 2251 2429 2431 2512
resistor 1961 2435 2140 2513
resistor 1685 2432 1862 2515
resistor 1374 2437 1553 2524
resistor 1095 2440 1273 2524
resistor 840 2445 1015 2524
resistor 926 2026 991 2052
resistor 927 1988 992 2019
resistor 926 1922 992 1952
resistor 1489 2034 1556 2064
resistor 1485 1989 1551 2020
resistor 1487 1906 1555 1939
resistor 1620 1884 1682 1916
resistor 2083 1997 2149 2027
resistor 2081 1916 2148 1949
resistor 2086 1877 2150 1906
resistor 2083 1838 2148 1865
resistor 2085 1797 2148 1831
resistor 2297 1910 2359 1941
resistor 2675 1997 2741 2028
resistor 2676 1953 2741 1986
resistor 2676 1868 2739 1898
resistor 3271 2014 3340 2048
resistor 3273 1941 3338 1972
resistor 3270 1865 3337 1897
resistor 3302 1502 3330 1572
resistor 3263 1504 3290 1572
resistor 3282 1413 3348 1445
resistor 3163 1396 3229 1427
resistor 3111 1397 3142 1459
resistor 3030 1391 3063 1463
resistor 2838 1459 2902 1488
resistor 2840 1425 2905 1452
resistor 2840 1710 2906 1741
resistor 2839 1664 2904 1693
resistor 2836 1626 2904 1655
resistor 2837 1588 2902 1621
resistor 2161 1636 2228 1668
resistor 1958 1623 2024 1655
resistor 1955 1571 2018 1608
resistor 1954 1528 2021 1567
resistor 1953 1482 2018 1519
resistor 1955 1439 2018 1476
resistor 1951 1398 2016 1432
resistor 980 1112 1010 1181
resistor 1160 1245 1226 1278
resistor 939 942 968 1014
resistor 1025 976 1089 1003
resistor 1099 974 1163 1003
resistor 810 758 876 786
resistor 883 757 948 784
resistor 1499 995 1528 1069
resistor 1602 992 1634 1062
resistor 1725 997 1791 1032
resistor 1886 926 1955 957
resistor 2101 1159 2167 1226
resistor 2060 1154 2086 1221
resistor 1992 828 2020 899
resistor 2287 983 2354 1018
resistor 2760 964 2787 1033
resistor 2796 962 2825 1034
resistor 2878 962 2905 1031
resistor 2916 965 2943 1034
resistor 2996 961 3025 1030
resistor 2797 1069 2825 1134
resistor 2836 1070 2863 1138
resistor 2917 1067 2943 1135
resistor 2952 1065 2981 1132
resistor 3034 1062 3061 1133
resistor 3071 1065 3100 1136
resistor 3031 959 3061 1031
resistor 2965 860 3029 892
resistor 2963 821 3028 853
resistor 3153 1179 3220 1216
resistor 3151 1079 3218 1113
resistor 3155 982 3219 1012
resistor 3258 856 3323 891
resistor 3256 818 3322 852
resistor 3255 744 3323 780
resistor 2815 629 2845 698
resistor 2778 506 2842 538
resistor 2492 793 2559 822
resistor 2492 754 2559 787
resistor 2494 717 2557 750
resistor 2459 585 2487 653
resistor 2011 733 2076 761
resistor 2103 568 2146 599
resistor 1633 513 1662 584
resistor 1430 517 1461 586
capacitor 3549 2160 3611 2286
capacitor 3458 2336 3524 2403
capacitor 2852 2341 2921 2412
capacitor 2268 2355 2335 2424
capacitor 1678 2354 1746 2425
capacitor 1106 2349 1170 2416
capacitor 926 2061 993 2087
capacitor 1125 2071 1192 2101
capacitor 1121 2021 1191 2054
capacitor 1117 1976 1188 2008
capacitor 1488 2067 1559 2100
capacitor 1703 2069 1772 2104
capacitor 1703 2031 1772 2066
capacitor 1703 1993 1772 2027
capacitor 1690 1884 1762 1918
capacitor 2078 2038 2151 2070
capacitor 2292 2032 2362 2066
capacitor 2295 1994 2362 2028
capacitor 2292 1955 2362 1990
capacitor 2675 2043 2744 2077
capacitor 2862 2046 2931 2079
capacitor 2863 2008 2930 2042
capacitor 2861 1972 2931 2007
capacitor 3268 1903 3337 1936
capacitor 3449 2029 3519 2063
capacitor 3450 1991 3518 2026
capacitor 3436 1956 3506 1989
capacitor 3551 2029 3615 2156
capacitor 3547 1899 3614 2023
capacitor 3487 1802 3613 1867
resistor 3232 1636 3259 1707
capacitor 3264 1585 3303 1662
capacitor 3224 1505 3252 1577
capacitor 3152 1580 3180 1654
capacitor 3077 1395 3105 1466
capacitor 3162 1356 3230 1385
capacitor 3155 1303 3221 1330
capacitor 3015 1731 3040 1802
capacitor 2835 1551 2905 1584
capacitor 2796 1487 2921 1552
capacitor 2729 1436 2795 1507
resistor 2933 1398 3001 1429
capacitor 2612 1589 2678 1657
capacitor 2340 1603 2408 1671
capacitor 2161 1692 2190 1769
capacitor 2160 1418 2227 1488
capacitor 1787 1389 1855 1423
capacitor 1464 1593 1489 1664
capacitor 1076 1191 1146 1218
capacitor 1488 1192 1515 1266
text 1947 1208 1965 1233
text 1982 1207 2000 1233
capacitor 1944 1230 2009 1352
capacitor 2012 1224 2076 1352
capacitor 2219 1184 2283 1248
capacitor 2351 1057 2417 1123
capacitor 2659 1048 2687 1121
capacitor 2699 1048 2726 1121
capacitor 2762 1069 2786 1136
capacitor 2582 1004 2651 1033
capacitor 2879 1069 2905 1133
capacitor 2999 1066 3025 1137
capacitor 2833 960 2861 1034
capacitor 2951 962 2980 1035
capacitor 3069 961 3096 1032
capacitor 3113 1041 3140 1115
capacitor 2806 1295 2834 1366
capacitor 2832 1251 2898 1379
capacitor 2900 1265 2926 1334
capacitor 3007 1313 3029 1387
capacitor 3036 1258 3103 1386
capacitor 3108 1261 3136 1334
capacitor 3152 1140 3220 1172
capacitor 3150 1043 3218 1074
capacitor 3256 893 3325 928
capacitor 3257 783 3322 814
capacitor 2147 700 2173 774
capacitor 2080 793 2146 824
capacitor 1126 526 1251 592
resistor 844 580 912 600
led 916 576 995 600
electrolytic 2985 2485 3198 2727
electrolytic 2402 2503 2595 2744
electrolytic 1797 2506 2014 2736
electrolytic 1201 2192 1429 2433
electrolytic 1269 1914 1486 2149
electrolytic 1544 1104 1723 1270
electrolytic 1210 742 1448 945
electrolytic 2288 745 2487 987
ic 3296 2103 3486 2302
ic 2701 2110 2886 2302
ic 2100 2118 2286 2306
ic 1516 2124 1700 2313
ic 960 2121 1145 2314
ic 1559 1688 1716 1863
ic 2217 1707 2373 1874
ic 2971 1513 3088 1632
ic 2259 1121 2747 1615
ic 1738 1215 1944 1378
transistor 1236 1216 1443 1487
ic 1021 1071 1197 1188
ic 2028 832 2210 947
ic 2936 1688 3006 1790
transistor 974 811 1168 971
transistor 1487 807 1648 994
transistor 1710 794 1863 992
transistor 3209 664 3288 737
transistor 2490 533 2745 716
ic 2178 663 2287 808
transistor 1864 560 2144 722
transistor 760 594 1045 743
connector 3269 2502 3518 2643
connector 2669 2514 2915 2656
connector 2074 2523 2320 2668
connector 1484 2534 1727 2669
connector 930 2535 1183 2673
connector 1018 1337 1229 1865
connector 582 809 851 1020
connector 3351 1426 3734 1795
connector 3233 990 3773 1426
connector 3364 643 3772 1006
connector 3581 446 3728 630
connector 3522 301 3708 446
connector 3342 302 3523 446
connector 3152 302 3340 447
connector 2969 307 3156 450
connector 2787 310 2973 453
connector 2381 161 2660 526
connector 2096 172 2379 528
connector 1814 173 2097 528
connector 1615 189 1816 459
connector 1407 205 1608 463
connector 1067 213 1282 488
connector 761 216 1051 578
component 3532 2434 3618 2479
component 3190 2441 3270 2485
component 2901 2447 2982 2490
component 2606 2449 2686 2493
component 2302 2452 2387 2493
component 2007 2453 2092 2494
component 1734 2455 1818 2497
component 1425 2458 1506 2506
component 1146 2459 1226 2502
component 887 2464 967 2507
component 3028 2546 3163 2648
component 2430 2571 2564 2667
component 1830 2572 1963 2672
component 1227 2253 1359 2349
component 1291 2011 1439 2102
component 1568 1130 1644 1245
component 1280 769 1382 908
component 2316 787 2455 888
component 948 2031 969 2048
component 945 1993 968 2010
component 944 1928 969 1945
component 1512 2041 1533 2058
component 1506 1998 1530 2016
component 1508 1914 1529 1930
component 1637 1892 1661 1909
component 2103 2006 2126 2022
component 2103 1925 2126 1940
component 2106 1884 2128 1900
component 2315 1917 2338 1938
component 2698 2002 2720 2022
component 2696 1962 2720 1978
component 3296 2022 3317 2038
component 3295 1949 3317 1965
resistor 3387 1822 3469 1873
component 3403 1838 3448 1857
component 3295 1875 3316 1891
component 3309 1525 3325 1549
component 3272 1525 3287 1549
component 3241 1660 3256 1681
component 3306 1417 3327 1438
component 3186 1403 3209 1421
component 3117 1420 3135 1443
component 2998 1540 3061 1607
component 3039 1416 3055 1438
component 2957 1407 2980 1425
component 2945 1729 2989 1749
component 2859 1716 2883 1734
component 2860 1670 2881 1688
component 2860 1635 2883 1651
component 2861 1596 2881 1612
component 2864 1467 2886 1484
component 2860 1432 2883 1449
component 2183 1645 2206 1663
component 1979 1632 2001 1649
component 1977 1582 1998 1603
component 1975 1537 1996 1556
component 1974 1492 1996 1509
component 1972 1446 1996 1464
component 1974 1404 1996 1423
diode 1223 1616 1420 1700
diode 1237 1732 1421 1812
diode 1227 1508 1430 1587
component 1288 1761 1349 1801
component 1298 1540 1356 1576
component 1286 1637 1344 1680
component 1183 1254 1202 1268
component 1274 1359 1369 1417
component 1263 1303 1331 1331
component 2064 1174 2081 1198
component 2123 1180 2144 1201
component 2395 1422 2489 1517
clock 2926 1298 3006 1396
component 2944 1318 2987 1374
component 3176 1266 3201 1285
component 3361 1042 3673 1359
component 3278 865 3302 882
component 3278 827 3300 843
component 3278 754 3298 771
component 3174 1189 3198 1208
component 3173 1088 3197 1106
component 3176 986 3198 1005
component 3079 1087 3093 1109
component 3041 1089 3057 1112
component 3038 984 3056 1006
component 2921 1089 2937 1112
component 2803 1088 2820 1113
component 2920 984 2937 1008
component 2802 986 2819 1010
component 3005 985 3020 1005
component 2962 1088 2976 1109
component 2887 985 2901 1008
component 2844 1089 2857 1112
component 2767 986 2783 1009
clock 2578 1036 2659 1135
component 2310 993 2331 1006
component 1909 933 1930 949
component 1746 1005 1769 1023
diode 1866 1009 1947 1193
component 1882 1062 1919 1118
component 1722 1718 1740 1741
component 2106 1843 2127 1859
component 2106 1804 2127 1821
component 986 1137 1001 1159
component 831 764 852 779
component 903 761 927 780
component 1118 981 1142 999
component 1046 982 1067 998
component 946 964 962 989
component 1034 836 1089 931
diode 1045 699 1230 781
component 1082 728 1149 766
component 1525 866 1617 924
component 1743 872 1827 920
diode 1694 718 1880 799
component 1767 737 1824 776
component 1998 853 2014 876
component 2033 741 2054 755
component 2515 802 2536 814
component 2515 725 2537 744
component 2987 867 3008 882
component 2986 828 3007 845
component 2825 649 2838 672
component 2799 511 2820 529
component 2110 574 2125 591
component 1638 540 1655 562
component 1436 537 1455 562
connector 3239 2599 3549 2715
connector 2633 2602 2954 2721
connector 2036 2611 2356 2724
connector 1450 2620 1769 2738
connector 908 2628 1218 2741
connector 3562 2289 3686 2357
text 3603 1790 3640 1813
connector 3631 1808 3737 2281
connector 2390 1941 2462 2130
connector 2563 1903 2619 2141
connector 895 1629 1022 1829
connector 889 1353 1029 1557
pads 771 1290 995 1628
pads 924 1956 992 1990
connector 1219 1877 1274 2110
pads 1486 1946 1557 1984
connector 1840 1845 1900 2084
connector 1952 1889 2007 2126
pads 2079 1956 2150 1990
connector 1764 1677 1992 1733
component 2697 1876 2718 1891
pads 2784 1872 2833 1933
pads 2872 1869 2924 1929
pads 2956 1868 3006 1930
pads 2672 1907 2742 1946
connector 3152 1890 3203 2123
pads 3269 1974 3340 2010
pads 3294 1766 3355 1821
ferrite 3187 1574 3226 1655
connector 3057 1780 3240 1841
connector 3055 1723 3242 1779
connector 2165 1487 2355 1678
connector 1709 1437 1774 1679
led 1869 1621 1954 1661
led 1868 1574 1951 1612
led 1871 1527 1952 1569
led 1872 1482 1950 1522
led 1870 1440 1949 1477
led 1869 1397 1949 1433
connector 2019 1370 2069 1603
connector 1557 1340 1640 1517
text 968 967 1016 1017
diode 1388 1142 1470 1281
pads 1212 1000 1477 1212
connector 1954 1092 2203 1152
connector 1948 974 2257 1034
connector 1952 1033 2197 1093
inductor 2707 1165 2773 1231
pads 2752 1335 2786 1373
pads 2751 1307 2787 1344
pads 2751 1277 2786 1314
pads 2737 1258 2771 1299
pads 2720 1247 2755 1284
pads 2705 1233 2740 1272
text 2782 1157 2808 1191
connector 2803 1162 3105 1229
connector 2561 855 2746 922
component 1612 1018 1629 1041
component 1505 1017 1523 1042
led 934 855 971 939
connector 848 865 925 973
text 978 802 1003 853
connector 1300 610 1369 740
diode 1486 722 1671 801
led 1483 551 1567 589
led 1689 547 1772 585
connector 2333 672 2461 743
connector 2331 600 2459 670
component 2606 673 2712 714
button 2665 337 2781 498
connector 2754 531 2818 721
connector 3054 456 3130 519
connector 3066 747 3126 811
button 2731 711 2853 874
test 2859 618 2894 656
test 3173 609 3212 658
connector 3218 563 3575 621
text 3081 611 3107 640
connector 2967 573 3094 638
connector 2965 637 3093 700
connector 2948 749 3008 810
connector 2939 455 3009 519
component 2462 605 2481 632
component 2513 763 2536 779
text 861 1323 914 1345
text 956 1827 1005 1873
connector 1676 459 1788 540
connector 1467 465 1579 546
