connector 10 6 791 51
resistor 694 55 751 75
capacitor 695 79 748 112
diode 640 84 684 116
diode 639 126 687 158
diode 696 153 714 173
pads 637 166 692 200
jumper 751 114 784 155
emi 727 157 758 176
capacitor 603 109 634 160
capacitor 604 165 634 217
capacitor 524 75 574 106
emi 480 87 511 105
resistor 434 77 453 88
led 430 91 456 103
capacitor 456 108 487 159
capacitor 457 160 486 210
capacitor 413 160 443 210
capacitor 370 160 400 211
ic 408 116 434 144
resistor 385 111 405 120
resistor 385 123 404 133
resistor 385 134 404 144
ic 365 71 388 98
ic 330 71 353 98
ic 295 71 318 98
ic 260 71 283 98
ic 225 71 248 98
ic 189 70 212 98
ic 153 71 177 98
ic 120 70 142 98
ic 83 70 107 98
ic 89 100 127 125
ic 91 127 134 157
pads 39 114 57 124
resistor 40 125 57 134
pads 39 137 57 147
connector 7 98 30 146
ic 108 160 126 181
capacitor 89 185 139 215
ic 9 154 84 202
emi 104 218 136 238
ic 95 238 134 264
ic 95 265 132 290
resistor 68 235 88 244
resistor 69 257 88 267
resistor 69 279 88 288
resistor 69 300 88 310
connector 9 219 60 344
ic 62 312 137 387
led 153 113 178 126
ic 82 390 105 418
ic 117 391 140 417
ic 153 391 175 417
ic 153 355 188 386
resistor 196 374 214 383
ic 188 391 211 418
ic 223 390 246 417
ic 260 389 282 417
ic 295 389 318 418
ic 330 390 353 417
ic 366 390 388 418
switch 413 362 456 431
capacitor 367 320 416 351
resistor 328 354 348 363
resistor 308 353 327 363
resistor 453 391 495 418
resistor 454 336 495 364
resistor 484 303 504 327
button 419 272 455 353
ic 364 286 405 315
emi 364 263 397 282
jumper 454 253 525 273
led 420 235 433 263
led 438 234 450 264
emi 457 225 488 243
capacitor 496 202 527 253
ic 533 202 575 261
test 591 213 601 234
ic 604 222 645 255
capacitor 598 257 618 270
capacitor 621 258 640 269
test 506 382 516 401
ic 509 274 631 394
test 647 381 684 404
emi 633 269 651 302
led 668 206 695 220
resistor 671 220 691 231
ic 667 249 684 266
ic 655 276 698 306
emi 642 327 675 346
capacitor 641 349 661 360
resistor 641 360 661 372
pads 715 420 752 438
ic 731 345 771 392
unknown 697 259 711 287
unknown 698 231 712 260
connector 723 193 878 307
connector 10 450 790 503
text 790 7 801 23
text 788 30 801 48
text 749 54 764 76
text 747 82 760 98
text 671 70 688 84
text 618 95 634 108
text 584 95 602 107
text 539 59 558 72
text 472 52 498 66
text 490 69 514 85
text 458 96 476 108
text 415 78 431 90
text 397 89 427 102
text 436 103 452 115
text 353 86 364 99
text 318 83 331 100
text 439 121 450 147
text 429 147 445 159
text 383 148 399 159
text 361 110 384 122
text 368 122 386 135
text 368 135 385 146
text 284 81 295 99
text 248 82 260 100
text 212 77 224 100
text 178 79 189 100
text 143 77 153 99
text 108 76 120 98
text 72 76 83 100
text 33 89 45 113
text 58 112 81 125
text 57 126 81 137
text 56 136 83 148
text 128 100 140 126
text 133 129 144 153
text 90 160 103 183
text 11 205 35 217
text 41 203 59 218
text 76 202 88 225
text 90 216 101 240
text 64 224 89 235
text 65 246 90 258
text 134 239 145 264
text 133 265 145 290
text 69 267 89 278
text 66 288 89 299
text 108 298 134 311
text 10 346 57 358
text 19 357 44 369
text 40 434 61 449
text 69 394 81 419
text 105 396 116 419
text 139 364 151 388
text 140 395 150 419
text 177 396 187 418
text 212 396 222 419
text 216 372 239 384
text 243 356 276 367
text 247 401 259 419
text 284 401 295 418
text 319 402 329 418
text 287 353 307 365
text 353 400 365 419
text 349 353 371 364
text 393 354 418 366
text 421 433 446 448
text 401 373 413 429
text 391 372 402 430
text 472 436 498 449
text 469 420 494 434
text 466 366 490 378
text 471 305 482 329
text 477 289 503 304
text 456 291 468 311
text 406 297 417 317
text 399 260 411 283
text 420 216 432 234
text 437 215 450 234
text 464 243 490 257
text 460 212 485 224
text 506 190 528 203
text 518 381 530 405
text 587 202 603 213
text 591 187 602 203
text 646 206 664 218
text 645 228 658 243
text 656 220 671 232
text 577 224 588 248
text 529 263 542 273
text 578 249 602 262
text 617 373 640 385
text 647 316 674 327
text 656 306 666 316
text 633 302 656 315
text 674 307 696 318
text 698 288 709 311
text 697 205 710 230
text 693 191 705 206
text 698 426 713 440
text 698 382 709 406
text 687 373 697 410
text 717 360 728 381
text 661 360 685 372
text 661 349 685 359
text 719 307 740 318
text 780 322 791 378
text 784 127 794 148
text 769 107 787 121
text 714 155 725 178
text 691 173 715 184
text 691 130 703 147
text 789 458 799 472
text 790 482 799 497
text 506 403 676 434
text 216 101 297 117
text 216 115 295 130
text 180 114 210 126
text 163 100 178 114
ic 145 136 361 353
ic 499 113 596 185
component 709 61 719 69
component 650 90 682 109
component 651 132 681 151
component 514 144 584 179
component 539 213 568 246
component 178 163 325 336
component 33 158 56 199
component 69 322 131 343
component 431 374 450 382
component 421 409 448 421
component 417 387 425 409
component 467 400 481 410
component 467 346 482 354
component 543 306 597 362
connector 453 273 528 292
jumper 712 114 752 153
