connector 88 6 869 51
resistor 128 55 185 75
capacitor 131 79 184 112
diode 195 84 239 116
diode 192 126 240 158
diode 165 153 183 173
pads 187 166 242 200
jumper 95 114 128 155
emi 121 157 152 176
capacitor 245 109 276 160
capacitor 245 165 275 217
capacitor 305 75 355 106
emi 368 87 399 105
resistor 426 77 445 88
led 423 91 449 103
capacitor 392 108 423 159
capacitor 393 160 422 210
capacitor 436 160 466 210
capacitor 479 160 509 211
ic 445 116 471 144
resistor 474 111 494 120
resistor 475 123 494 133
resistor 475 134 494 144
ic 491 71 514 98
ic 526 71 549 98
ic 561 71 584 98
ic 596 71 619 98
ic 631 71 654 98
ic 667 70 690 98
ic 702 71 726 98
ic 737 70 759 98
ic 772 70 796 98
ic 752 100 790 125
ic 745 127 788 157
pads 822 114 840 124
resistor 822 125 839 134
pads 822 137 840 147
connector 849 98 872 146
ic 753 160 771 181
capacitor 740 185 790 215
ic 795 154 870 202
emi 743 218 775 238
ic 745 238 784 264
ic 747 265 784 290
resistor 791 235 811 244
resistor 791 257 810 267
resistor 791 279 810 288
resistor 791 300 810 310
connector 819 219 870 344
ic 742 312 817 387
led 701 113 726 126
ic 774 390 797 418
ic 739 391 762 417
ic 704 391 726 417
ic 691 355 726 386
resistor 665 374 683 383
ic 668 391 691 418
ic 633 390 656 417
ic 597 389 619 417
ic 561 389 584 418
ic 526 390 549 417
ic 491 390 513 418
switch 423 362 466 431
capacitor 463 320 512 351
resistor 531 354 551 363
resistor 552 353 571 363
resistor 384 391 426 418
resistor 384 336 425 364
resistor 375 303 395 327
button 424 272 460 353
ic 474 286 515 315
emi 482 263 515 282
jumper 354 253 425 273
led 446 235 459 263
led 429 234 441 264
emi 391 225 422 243
capacitor 352 202 383 253
ic 304 202 346 261
test 278 213 288 234
ic 234 222 275 255
capacitor 261 257 281 270
capacitor 239 258 258 269
test 363 382 373 401
ic 248 274 370 394
test 195 381 232 404
emi 228 269 246 302
led 184 206 211 220
resistor 188 220 208 231
ic 195 249 212 266
ic 181 276 224 306
emi 204 327 237 346
capacitor 218 349 238 360
resistor 218 360 238 372
pads 127 420 164 438
ic 108 345 148 392
unknown 168 259 182 287
unknown 167 231 181 260
connector 1 193 156 307
connector 89 450 869 503
text 78 7 89 23
text 78 30 91 48
text 115 54 130 76
text 119 82 132 98
text 191 70 208 84
text 245 95 261 108
text 277 95 295 107
text 321 59 340 72
text 381 52 407 66
text 365 69 389 85
text 403 96 421 108
text 448 78 464 90
text 452 89 482 102
text 427 103 443 115
text 515 86 526 99
text 548 83 561 100
text 429 121 440 147
text 434 147 450 159
text 480 148 496 159
text 495 110 518 122
text 493 122 511 135
text 494 135 511 146
text 584 81 595 99
text 619 82 631 100
text 655 77 667 100
text 690 79 701 100
text 726 77 736 99
text 759 76 771 98
text 796 76 807 100
text 834 89 846 113
text 798 112 821 125
text 798 126 822 137
text 796 136 823 148
text 739 100 751 126
text 735 129 746 153
text 776 160 789 183
text 844 205 868 217
text 820 203 838 218
text 791 202 803 225
text 778 216 789 240
text 790 224 815 235
text 789 246 814 258
text 734 239 745 264
text 734 265 746 290
text 790 267 810 278
text 790 288 813 299
text 745 298 771 311
text 822 346 869 358
text 835 357 860 369
text 818 434 839 449
text 798 394 810 419
text 763 396 774 419
text 728 364 740 388
text 729 395 739 419
text 692 396 702 418
text 657 396 667 419
text 640 372 663 384
text 603 356 636 367
text 620 401 632 419
text 584 401 595 418
text 550 402 560 418
text 572 353 592 365
text 514 400 526 419
text 508 353 530 364
text 461 354 486 366
text 433 433 458 448
text 466 373 478 429
text 477 372 488 430
text 381 436 407 449
text 385 420 410 434
text 389 366 413 378
text 397 305 408 329
text 376 289 402 304
text 411 291 423 311
text 462 297 473 317
text 468 260 480 283
text 447 216 459 234
text 429 215 442 234
text 389 243 415 257
text 394 212 419 224
text 351 190 373 203
text 349 381 361 405
text 276 202 292 213
text 277 187 288 203
text 215 206 233 218
text 221 228 234 243
text 208 220 223 232
text 291 224 302 248
text 337 263 350 273
text 277 249 301 262
text 239 373 262 385
text 205 316 232 327
text 213 306 223 316
text 223 302 246 315
text 183 307 205 318
text 170 288 181 311
text 169 205 182 230
text 174 191 186 206
text 166 426 181 440
text 170 382 181 406
text 182 373 192 410
text 151 360 162 381
text 194 360 218 372
text 194 349 218 359
text 139 307 160 318
text 88 322 99 378
text 85 127 95 148
text 92 107 110 121
text 154 155 165 178
text 164 173 188 184
text 176 130 188 147
text 80 458 90 472
text 80 482 89 497
text 203 403 373 434
text 582 101 663 117
text 584 115 663 130
text 669 114 699 126
text 701 100 716 114
ic 518 136 734 353
ic 283 113 380 185
component 160 61 170 69
component 197 90 229 109
component 198 132 228 151
component 295 144 365 179
component 311 213 340 246
component 554 163 701 336
component 823 158 846 199
component 748 322 810 343
component 429 374 448 382
component 431 409 458 421
component 454 387 462 409
component 398 400 412 410
component 397 346 412 354
component 282 306 336 362
connector 351 273 426 292
jumper 127 114 167 153
