resistor 28 158 47 168
resistor 28 182 47 191
resistor 98 114 116 125
resistor 155 114 173 125
resistor 294 252 302 271
resistor 319 299 328 318
resistor 329 323 337 342
resistor 331 314 348 323
resistor 421 241 430 260
resistor 439 239 449 259
resistor 423 355 433 378
resistor 435 357 444 379
resistor 433 289 452 298
resistor 446 269 465 280
resistor 561 255 570 275
resistor 572 254 582 275
resistor 547 286 566 296
resistor 591 217 601 237
resistor 618 313 625 330
resistor 76 374 94 383
resistor 110 354 118 372
resistor 110 336 119 353
pads 148 356 169 368
capacitor 43 126 54 145
capacitor 106 127 123 138
capacitor 94 138 105 156
capacitor 115 160 126 180
capacitor 169 159 186 170
capacitor 155 202 175 213
capacitor 162 238 180 250
capacitor 193 173 203 192
capacitor 202 105 253 135
capacitor 203 213 220 224
capacitor 201 239 219 250
capacitor 235 315 254 326
capacitor 202 355 252 386
capacitor 289 354 339 387
capacitor 273 231 292 242
capacitor 245 203 256 221
capacitor 248 261 257 277
capacitor 375 305 393 316
capacitor 391 287 402 306
capacitor 329 257 346 269
capacitor 338 241 357 253
capacitor 304 231 324 241
capacitor 304 213 315 231
resistor 309 187 319 206
capacitor 291 105 341 135
capacitor 355 203 367 224
capacitor 415 131 435 143
capacitor 536 112 555 123
capacitor 614 122 627 143
capacitor 769 154 780 173
capacitor 559 224 577 234
capacitor 531 233 550 244
capacitor 603 277 619 288
capacitor 510 346 521 365
capacitor 570 372 587 383
capacitor 519 306 530 325
capacitor 530 295 547 307
resistor 63 210 87 231
resistor 102 241 123 266
resistor 86 282 111 303
resistor 452 338 494 364
resistor 587 241 608 265
resistor 615 253 632 262
unknown 762 231 783 276
unknown 764 108 784 152
pads 584 87 617 106
transistor 613 226 633 250
ic 529 309 605 356
transistor 468 265 491 287
pads 547 167 558 187
test 560 167 569 187
resistor 535 201 544 220
resistor 546 201 554 219
resistor 556 201 564 221
resistor 566 202 574 220
diode 626 121 644 140
capacitor 153 292 165 311
capacitor 165 274 184 285
capacitor 174 258 191 269
capacitor 163 221 182 232
capacitor 209 303 220 322
capacitor 230 285 249 297
capacitor 190 356 201 376
capacitor 246 304 266 316
capacitor 283 330 301 342
capacitor 301 321 312 342
capacitor 209 257 229 269
capacitor 219 239 239 250
capacitor 221 212 239 224
capacitor 150 156 162 175
capacitor 29 146 47 156
capacitor 164 174 183 184
capacitor 161 185 181 196
capacitor 246 154 257 174
capacitor 251 139 270 152
capacitor 275 141 293 151
capacitor 319 147 339 159
capacitor 265 172 275 190
capacitor 256 191 266 211
capacitor 273 192 284 212
capacitor 284 192 296 211
capacitor 331 175 349 186
capacitor 319 192 338 203
capacitor 338 194 350 214
capacitor 339 219 351 239
capacitor 246 221 257 241
capacitor 247 243 258 259
capacitor 263 252 274 271
diode 436 319 452 333
capacitor 614 290 625 311
capacitor 543 371 563 383
capacitor 604 324 614 343
capacitor 568 278 586 288
capacitor 540 268 559 279
capacitor 730 163 749 174
capacitor 257 214 275 225
capacitor 356 275 367 295
test 564 296 583 306
text 52 372 76 384
text 108 373 120 397
text 150 370 173 382
text 200 385 226 398
text 233 326 258 338
text 315 387 338 400
text 337 325 349 349
text 354 304 375 316
text 435 308 458 320
text 423 333 434 357
text 434 333 445 358
text 459 324 486 336
text 508 367 522 391
text 507 310 519 332
text 544 355 571 370
text 587 371 612 384
text 603 343 616 367
text 626 308 638 333
text 760 217 785 230
text 620 275 645 289
text 633 251 658 264
text 622 213 641 226
text 586 295 609 309
text 591 192 603 218
text 516 268 539 280
text 529 243 553 256
text 534 221 559 232
text 560 235 570 255
text 574 230 585 255
text 524 285 546 295
text 504 294 528 305
text 499 177 510 194
text 510 177 521 195
text 522 176 531 195
text 530 178 542 194
text 559 152 570 166
text 547 143 559 166
text 476 254 492 266
text 453 286 478 300
text 422 268 446 280
text 438 216 449 240
text 420 216 432 240
text 391 263 403 287
text 330 300 353 312
text 319 276 331 299
text 347 257 371 270
text 358 240 382 254
text 368 200 380 223
text 308 242 329 252
text 303 250 316 273
text 436 130 460 143
text 307 162 320 185
text 273 243 294 254
text 315 207 327 230
text 235 182 247 203
text 276 109 288 134
text 190 110 201 136
text 235 257 247 281
text 197 228 218 239
text 137 239 160 250
text 100 228 124 240
text 110 314 121 336
text 64 232 88 243
text 133 202 156 213
text 85 271 110 282
text 50 181 72 191
text 49 158 71 169
text 54 125 66 146
text 92 157 103 180
text 80 126 105 136
text 97 103 120 115
text 130 115 154 126
text 196 202 218 214
text 204 170 215 194
text 187 158 212 171
text 536 95 552 107
text 584 72 609 85
text 614 105 627 123
text 644 123 656 145
text 780 152 792 176
text 785 108 796 129
text 44 83 90 105
text 75 72 170 85
text 72 56 240 73
text 126 158 138 181
connector 7 99 31 145
connector 8 1 790 51
connector 8 453 796 502
pins 1 221 57 348
pins 716 224 757 274
pins 750 283 789 326
component 558 313 583 354
component 466 345 481 354
pins 750 173 789 208
