resistor 28 335 47 345
resistor 28 312 47 321
resistor 98 378 116 389
resistor 155 378 173 389
resistor 294 232 302 251
resistor 319 185 328 204
resistor 329 161 337 180
resistor 331 180 348 189
resistor 421 243 430 262
resistor 439 244 449 264
resistor 423 125 433 148
resistor 435 124 444 146
resistor 433 205 452 214
resistor 446 223 465 234
resistor 561 228 570 248
resistor 572 228 582 249
resistor 547 207 566 217
resistor 591 266 601 286
resistor 618 173 625 190
resistor 76 120 94 129
resistor 110 131 118 149
resistor 110 150 119 167
pads 148 135 169 147
capacitor 43 358 54 377
capacitor 106 365 123 376
capacitor 94 347 105 365
capacitor 115 323 126 343
capacitor 169 333 186 344
capacitor 155 290 175 301
capacitor 162 253 180 265
capacitor 193 311 203 330
capacitor 202 368 253 398
capacitor 203 279 220 290
capacitor 201 253 219 264
capacitor 235 177 254 188
capacitor 202 117 252 148
capacitor 289 116 339 149
capacitor 273 261 292 272
capacitor 245 282 256 300
capacitor 248 226 257 242
capacitor 375 187 393 198
capacitor 391 197 402 216
capacitor 329 234 346 246
capacitor 338 250 357 262
capacitor 304 262 324 272
capacitor 304 272 315 290
resistor 309 297 319 316
capacitor 291 368 341 398
capacitor 355 279 367 300
capacitor 415 360 435 372
capacitor 536 380 555 391
capacitor 614 360 627 381
capacitor 769 330 780 349
capacitor 559 269 577 279
capacitor 531 259 550 270
capacitor 603 215 619 226
capacitor 510 138 521 157
capacitor 570 120 587 131
capacitor 519 178 530 197
capacitor 530 196 547 208
resistor 63 272 87 293
resistor 102 237 123 262
resistor 86 200 111 221
resistor 452 139 494 165
resistor 587 238 608 262
resistor 615 241 632 250
unknown 762 227 783 272
unknown 764 351 784 395
pads 584 397 617 416
transistor 613 253 633 277
ic 529 147 605 194
transistor 468 216 491 238
pads 547 316 558 336
test 560 316 569 336
resistor 535 283 544 302
resistor 546 284 554 302
resistor 556 282 564 302
resistor 566 283 574 301
diode 626 363 644 382
capacitor 153 192 165 211
capacitor 165 218 184 229
capacitor 174 234 191 245
capacitor 163 271 182 282
capacitor 209 181 220 200
capacitor 230 206 249 218
capacitor 190 127 201 147
capacitor 246 187 266 199
capacitor 283 161 301 173
capacitor 301 161 312 182
capacitor 209 234 229 246
capacitor 219 253 239 264
capacitor 221 279 239 291
capacitor 150 328 162 347
capacitor 29 347 47 357
capacitor 164 319 183 329
capacitor 161 307 181 318
capacitor 246 329 257 349
capacitor 251 351 270 364
capacitor 275 352 293 362
capacitor 319 344 339 356
capacitor 265 313 275 331
capacitor 256 292 266 312
capacitor 273 291 284 311
capacitor 284 292 296 311
capacitor 331 317 349 328
capacitor 319 300 338 311
capacitor 338 289 350 309
capacitor 339 264 351 284
capacitor 246 262 257 282
capacitor 247 244 258 260
capacitor 263 232 274 251
diode 436 170 452 184
capacitor 614 192 625 213
capacitor 543 120 563 132
capacitor 604 160 614 179
capacitor 568 215 586 225
capacitor 540 224 559 235
capacitor 730 329 749 340
capacitor 257 278 275 289
capacitor 356 208 367 228
test 564 197 583 207
text 52 119 76 131
text 108 106 120 130
text 150 121 173 133
text 200 105 226 118
text 233 165 258 177
text 315 103 338 116
text 337 154 349 178
text 354 187 375 199
text 435 183 458 195
text 423 146 434 170
text 434 145 445 170
text 459 167 486 179
text 508 112 522 136
text 507 171 519 193
text 544 133 571 148
text 587 119 612 132
text 603 136 616 160
text 626 170 638 195
text 760 273 785 286
text 620 214 645 228
text 633 239 658 252
text 622 277 641 290
text 586 194 609 208
text 591 285 603 311
text 516 223 539 235
text 529 247 553 260
text 534 271 559 282
text 560 248 570 268
text 574 248 585 273
text 524 208 546 218
text 504 198 528 209
text 499 309 510 326
text 510 308 521 326
text 522 308 531 327
text 530 309 542 325
text 559 337 570 351
text 547 337 559 360
text 476 237 492 249
text 453 203 478 217
text 422 223 446 235
text 438 263 449 287
text 420 263 432 287
text 391 216 403 240
text 330 191 353 203
text 319 204 331 227
text 347 233 371 246
text 358 249 382 263
text 368 280 380 303
text 308 251 329 261
text 303 230 316 253
text 436 360 460 373
text 307 318 320 341
text 273 249 294 260
text 315 273 327 296
text 235 300 247 321
text 276 369 288 394
text 190 367 201 393
text 235 222 247 246
text 197 264 218 275
text 137 253 160 264
text 100 263 124 275
text 110 167 121 189
text 64 260 88 271
text 133 290 156 301
text 85 221 110 232
text 50 312 72 322
text 49 334 71 345
text 54 357 66 378
text 92 323 103 346
text 80 367 105 377
text 97 388 120 400
text 130 377 154 388
text 196 289 218 301
text 204 309 215 333
text 187 332 212 345
text 536 396 552 408
text 584 418 609 431
text 614 380 627 398
text 644 358 656 380
text 780 327 792 351
text 785 374 796 395
text 44 398 90 420
text 75 418 170 431
text 72 430 240 447
text 126 322 138 345
connector 7 358 31 404
connector 8 452 790 502
connector 8 1 796 50
pins 1 155 57 282
pins 716 229 757 279
pins 750 177 789 220
component 558 149 583 190
component 466 149 481 158
pins 750 295 789 330
