connector 10 452 791 497
resistor 694 428 751 448
capacitor 695 391 748 424
diode 640 387 684 419
diode 639 345 687 377
diode 696 330 714 350
pads 637 303 692 337
jumper 751 348 784 389
emi 727 327 758 346
capacitor 603 343 634 394
capacitor 604 286 634 338
capacitor 524 397 574 428
emi 480 398 511 416
resistor 434 415 453 426
led 430 400 456 412
capacitor 456 344 487 395
capacitor 457 293 486 343
capacitor 413 293 443 343
capacitor 370 292 400 343
ic 408 359 434 387
resistor 385 383 405 392
resistor 385 370 404 380
resistor 385 359 404 369
ic 365 405 388 432
ic 330 405 353 432
ic 295 405 318 432
ic 260 405 283 432
ic 225 405 248 432
ic 189 405 212 433
ic 153 405 177 432
ic 120 405 142 433
ic 83 405 107 433
ic 89 378 127 403
ic 91 346 134 376
pads 39 379 57 389
resistor 40 369 57 378
pads 39 356 57 366
connector 7 357 30 405
ic 108 322 126 343
capacitor 89 288 139 318
ic 9 301 84 349
emi 104 265 136 285
ic 95 239 134 265
ic 95 213 132 238
resistor 68 259 88 268
resistor 69 236 88 246
resistor 69 215 88 224
resistor 69 193 88 203
connector 9 159 60 284
ic 62 116 137 191
led 153 377 178 390
ic 82 85 105 113
ic 117 86 140 112
ic 153 86 175 112
ic 153 117 188 148
resistor 196 120 214 129
ic 188 85 211 112
ic 223 86 246 113
ic 260 86 282 114
ic 295 85 318 114
ic 330 86 353 113
ic 366 85 388 113
switch 413 72 456 141
capacitor 367 152 416 183
resistor 328 140 348 149
resistor 308 140 327 150
resistor 453 85 495 112
resistor 454 139 495 167
resistor 484 176 504 200
button 419 150 455 231
ic 364 188 405 217
emi 364 221 397 240
jumper 454 230 525 250
led 420 240 433 268
led 438 239 450 269
emi 457 260 488 278
capacitor 496 250 527 301
ic 533 242 575 301
test 591 269 601 290
ic 604 248 645 281
capacitor 598 233 618 246
capacitor 621 234 640 245
test 506 102 516 121
ic 509 109 631 229
test 647 99 684 122
emi 633 201 651 234
led 668 283 695 297
resistor 671 272 691 283
ic 667 237 684 254
ic 655 197 698 227
emi 642 157 675 176
capacitor 641 143 661 154
resistor 641 131 661 143
pads 715 65 752 83
ic 731 111 771 158
unknown 697 216 711 244
unknown 698 243 712 272
connector 723 196 878 310
connector 10 0 790 53
text 790 480 801 496
text 788 455 801 473
text 749 427 764 449
text 747 405 760 421
text 671 419 688 433
text 618 395 634 408
text 584 396 602 408
text 539 431 558 444
text 472 437 498 451
text 490 418 514 434
text 458 395 476 407
text 415 413 431 425
text 397 401 427 414
text 436 388 452 400
text 353 404 364 417
text 318 403 331 420
text 439 356 450 382
text 429 344 445 356
text 383 344 399 355
text 361 381 384 393
text 368 368 386 381
text 368 357 385 368
text 284 404 295 422
text 248 403 260 421
text 212 403 224 426
text 178 403 189 424
text 143 404 153 426
text 108 405 120 427
text 72 403 83 427
text 33 390 45 414
text 58 378 81 391
text 57 366 81 377
text 56 355 83 367
text 128 377 140 403
text 133 350 144 374
text 90 320 103 343
text 11 286 35 298
text 41 285 59 300
text 76 278 88 301
text 90 263 101 287
text 64 268 89 279
text 65 245 90 257
text 134 239 145 264
text 133 213 145 238
text 69 225 89 236
text 66 204 89 215
text 108 192 134 205
text 10 145 57 157
text 19 134 44 146
text 40 54 61 69
text 69 84 81 109
text 105 84 116 107
text 139 115 151 139
text 140 84 150 108
text 177 85 187 107
text 212 84 222 107
text 216 119 239 131
text 243 136 276 147
text 247 84 259 102
text 284 85 295 102
text 319 85 329 101
text 287 138 307 150
text 353 84 365 103
text 349 139 371 150
text 393 137 418 149
text 421 55 446 70
text 401 74 413 130
text 391 73 402 131
text 472 54 498 67
text 469 69 494 83
text 466 125 490 137
text 471 174 482 198
text 477 199 503 214
text 456 192 468 212
text 406 186 417 206
text 399 220 411 243
text 420 269 432 287
text 437 269 450 288
text 464 246 490 260
text 460 279 485 291
text 506 300 528 313
text 518 98 530 122
text 587 290 603 301
text 591 300 602 316
text 646 285 664 297
text 645 260 658 275
text 656 271 671 283
text 577 255 588 279
text 529 230 542 240
text 578 241 602 254
text 617 118 640 130
text 647 176 674 187
text 656 187 666 197
text 633 188 656 201
text 674 185 696 196
text 698 192 709 215
text 697 273 710 298
text 693 297 705 312
text 698 63 713 77
text 698 97 709 121
text 687 93 697 130
text 717 122 728 143
text 661 131 685 143
text 661 144 685 154
text 719 185 740 196
text 780 125 791 181
text 784 355 794 376
text 769 382 787 396
text 714 325 725 348
text 691 319 715 330
text 691 356 703 373
text 789 31 799 45
text 790 6 799 21
text 506 69 676 100
text 216 386 297 402
text 216 373 295 388
text 180 377 210 389
text 163 389 178 403
ic 145 150 361 367
ic 499 318 596 390
component 709 434 719 442
component 650 394 682 413
component 651 352 681 371
component 514 324 584 359
component 539 257 568 290
component 178 167 325 340
component 33 304 56 345
component 69 160 131 181
component 431 121 450 129
component 421 82 448 94
component 417 94 425 116
component 467 93 481 103
component 467 149 482 157
component 543 141 597 197
connector 453 211 528 230
jumper 712 350 752 389
