button 277 584 528 778
button 274 237 530 450
led 345 461 472 584
led 334 786 477 899
led 343 903 481 1018
led 340 1018 479 1135
led 340 1137 477 1246
led 345 1246 479 1361
connector 13 1493 557 1733
connector 2336 1633 3266 1820
connector 3311 1546 3855 1793
connector 3385 1084 3860 1344
connector 2334 171 2981 308
ic 1898 299 2306 708
connector 1060 169 1262 305
ic 1406 286 1609 486
connector 1079 737 1657 882
connector 1002 680 1072 820
connector 1954 801 2090 1552
connector 2334 1505 2728 1580
connector 3172 793 3385 1548
connector 3315 571 3513 782
ic 1566 1039 1738 1214
ic 1164 1437 1334 1612
ic 2838 1478 3085 1631
ic 2053 1584 2194 1722
ic 2019 1754 2087 1850
ic 840 1067 887 1112
ic 843 1214 913 1267
ic 853 1397 900 1465
ic 711 1429 787 1490
ic 881 1499 968 1565
ic 1022 1067 1069 1112
ic 1158 1178 1207 1225
ic 1385 1721 1433 1760
ic 730 1527 776 1599
ic 1548 1734 1596 1779
ic 1654 1460 1704 1507
ic 1537 1509 1582 1557
ic 3128 328 3228 424
ic 3152 672 3231 728
connector 2694 418 2788 591
connector 2522 488 2596 625
connector 2524 360 2661 436
connector 2843 357 2981 436
connector 2142 866 2281 942
transistor 1021 530 1099 610
transistor 688 1304 778 1384
transistor 655 1652 734 1736
transistor 816 1684 894 1758
transistor 3060 576 3137 655
unknown 3013 413 3140 525
unknown 3013 218 3139 336
pads 3319 501 3419 555
pads 3322 440 3422 493
capacitor 3279 333 3333 428
capacitor 3243 348 3276 407
capacitor 3134 213 3227 264
capacitor 3140 269 3227 321
capacitor 3131 491 3224 539
capacitor 3139 434 3225 488
ic 2975 840 3070 934
resistor 3351 267 3385 328
resistor 3248 270 3304 300
resistor 3248 299 3303 330
resistor 3251 457 3304 482
resistor 3251 484 3303 509
resistor 3055 700 3104 725
resistor 3054 675 3104 700
resistor 3103 830 3134 881
resistor 2924 684 2987 721
resistor 2907 637 2964 666
resistor 2909 604 2966 636
resistor 2907 548 2963 579
resistor 2825 482 2885 516
resistor 2825 552 2857 609
resistor 2794 582 2828 636
resistor 2870 773 2910 809
resistor 2994 360 3051 391
resistor 3043 1319 3104 1355
resistor 2433 1476 2488 1506
resistor 2437 1443 2488 1476
resistor 2243 1516 2299 1551
resistor 2137 1460 2166 1513
resistor 2104 1496 2136 1555
resistor 2261 1597 2319 1630
resistor 2213 1622 2270 1660
resistor 2212 1679 2246 1739
resistor 2296 1684 2325 1736
resistor 2210 1784 2242 1843
resistor 2109 1763 2166 1799
resistor 2003 1567 2060 1597
resistor 1972 1546 2036 1570
resistor 1282 1357 1312 1416
resistor 1206 1367 1233 1427
resistor 1148 1372 1175 1422
resistor 1149 1306 1204 1336
resistor 478 1245 534 1276
resistor 791 1793 845 1824
resistor 666 1734 725 1769
resistor 478 1128 536 1161
resistor 475 1012 537 1048
resistor 478 897 534 931
resistor 475 797 533 833
resistor 637 675 667 736
resistor 606 649 640 706
resistor 472 481 528 509
resistor 634 348 664 407
resistor 606 319 639 379
resistor 1218 599 1246 652
resistor 1248 599 1278 657
resistor 1291 600 1324 657
resistor 1325 599 1357 655
resistor 1213 679 1246 733
resistor 1249 681 1278 737
resistor 1294 676 1324 734
resistor 1325 675 1355 737
resistor 1421 685 1451 737
resistor 1455 685 1485 739
resistor 1500 685 1530 742
resistor 1531 685 1563 737
pads 1215 652 1276 681
pads 1296 655 1355 678
pads 1424 660 1482 685
pads 1499 661 1561 687
pads 1422 603 1454 660
pads 1457 606 1485 658
pads 1500 604 1530 663
pads 1534 604 1563 661
resistor 2087 764 2113 821
resistor 2115 764 2140 822
resistor 2140 767 2164 818
resistor 2163 760 2191 822
resistor 2190 766 2216 822
resistor 2218 763 2240 818
resistor 2242 764 2269 821
resistor 2272 758 2309 822
resistor 1797 1012 1842 1037
resistor 1793 1039 1842 1064
resistor 2418 433 2467 463
resistor 2415 463 2468 485
resistor 2413 486 2468 511
resistor 2412 513 2468 537
resistor 2412 537 2469 563
resistor 2411 563 2469 587
resistor 2413 588 2470 614
resistor 2398 657 2454 687
resistor 2399 687 2454 719
resistor 2397 722 2455 750
resistor 2392 816 2431 855
resistor 2376 833 2413 873
resistor 2555 648 2610 680
unknown 2399 751 2454 782
connector 3381 802 3435 945
capacitor 960 552 994 610
capacitor 1088 640 1140 736
capacitor 803 1113 834 1169
capacitor 879 1115 930 1145
capacitor 976 1113 1034 1145
capacitor 1103 1103 1158 1131
capacitor 1051 1279 1085 1339
capacitor 910 1291 936 1346
capacitor 794 1393 846 1419
capacitor 703 1487 731 1540
capacitor 822 1461 854 1519
capacitor 893 1460 954 1491
capacitor 791 1573 840 1600
capacitor 678 1596 733 1625
capacitor 728 1728 760 1784
capacitor 866 1763 894 1822
capacitor 818 1648 870 1679
capacitor 1169 1631 1195 1687
capacitor 1222 1631 1247 1688
capacitor 1338 1694 1386 1718
capacitor 1341 1662 1389 1688
capacitor 1452 1330 1481 1386
capacitor 1442 1458 1470 1512
capacitor 1485 1484 1537 1514
capacitor 1483 1094 1539 1121
capacitor 1482 1065 1539 1095
capacitor 1351 270 1380 322
capacitor 1435 213 1461 268
capacitor 1463 206 1487 266
capacitor 1326 329 1381 358
capacitor 1308 369 1363 397
capacitor 1305 397 1368 426
capacitor 1312 444 1372 481
capacitor 1411 516 1435 569
capacitor 1438 516 1461 573
capacitor 1481 517 1507 574
capacitor 1508 516 1535 574
capacitor 1554 517 1585 574
capacitor 1583 514 1613 575
capacitor 1633 365 1687 395
capacitor 1631 394 1689 423
capacitor 1847 262 1874 318
capacitor 1769 490 1826 523
capacitor 1865 730 1926 765
capacitor 1722 957 1748 1016
capacitor 1698 957 1721 1014
capacitor 1842 1008 1869 1066
capacitor 1765 1009 1791 1066
capacitor 1765 1064 1817 1087
capacitor 1783 1087 1838 1114
capacitor 1759 1112 1820 1140
capacitor 1703 1268 1725 1312
capacitor 1678 1269 1700 1316
unknown 1674 1239 1726 1265
pads 1674 1317 1726 1343
pads 1596 1317 1651 1343
unknown 1357 1513 1382 1558
unknown 1283 1625 1337 1655
pads 2093 1812 2148 1845
pads 1982 1757 2011 1814
capacitor 1909 1703 1943 1761
capacitor 1998 1690 2029 1747
capacitor 1960 1634 2011 1661
capacitor 2150 1512 2180 1566
capacitor 2209 1565 2241 1622
capacitor 2748 1578 2807 1613
capacitor 2539 1455 2582 1504
capacitor 2420 1342 2472 1392
capacitor 2273 1196 2320 1247
capacitor 2233 988 2282 1018
capacitor 2351 849 2395 896
capacitor 2017 764 2070 795
capacitor 2502 683 2559 740
capacitor 2357 503 2391 564
capacitor 2368 356 2428 390
capacitor 2187 192 2221 252
capacitor 2678 635 2728 686
capacitor 2916 819 2964 862
capacitor 3035 965 3086 1017
capacitor 2844 745 2894 791
capacitor 3025 1177 3078 1236
capacitor 2983 1212 3044 1274
capacitor 2931 1264 2993 1326
capacitor 2900 1304 2954 1360
capacitor 2752 1440 2813 1504
capacitor 2964 1365 3015 1392
capacitor 2931 1445 2989 1474
unknown 2954 1394 3155 1449
unknown 3165 749 3261 796
unknown 3167 601 3264 656
unknown 3244 506 3305 539
pads 2274 1735 2331 1768
unknown 1947 1712 1977 1765
unknown 1948 1657 1976 1710
unknown 1976 1604 2034 1632
unknown 1930 1578 1983 1606
pads 2102 1443 2134 1496
pads 2133 1419 2189 1449
pads 2181 1332 2238 1369
unknown 1765 1434 1800 1494
unknown 1761 1179 1793 1239
unknown 1722 1460 1756 1522
unknown 978 614 1080 670
unknown 1234 1136 1269 1196
unknown 1483 1152 1542 1184
unknown 1572 1236 1598 1297
unknown 1598 1239 1648 1268
unknown 1599 1264 1622 1317
unknown 1624 1266 1647 1318
unknown 1651 1238 1673 1292
unknown 1604 1344 1641 1395
unknown 1680 1344 1721 1396
unknown 1638 1397 1670 1458
unknown 1603 1419 1637 1479
unknown 1665 957 1696 1014
unknown 1383 513 1411 573
unknown 1360 514 1385 573
unknown 1331 516 1357 570
unknown 1583 1781 1637 1810
unknown 1581 1651 1613 1717
unknown 1576 1548 1634 1582
unknown 1481 1556 1541 1586
unknown 1418 1523 1486 1560
unknown 1283 1658 1337 1718
unknown 1390 1609 1444 1645
unknown 1421 1655 1454 1714
unknown 1468 1700 1522 1730
unknown 1465 1786 1521 1821
unknown 1302 1725 1360 1757
unknown 1378 1347 1408 1406
unknown 1351 1329 1378 1386
unknown 1320 1318 1350 1377
unknown 1248 1309 1307 1344
unknown 1178 1340 1231 1365
unknown 1118 1340 1176 1368
unknown 1112 1399 1142 1456
unknown 1178 1370 1203 1425
unknown 1233 1361 1254 1410
capacitor 1255 1357 1281 1417
unknown 1357 1435 1413 1462
unknown 1385 1461 1420 1534
unknown 1385 1539 1421 1610
unknown 1250 1630 1276 1686
unknown 1195 1631 1221 1686
unknown 1469 1453 1528 1484
unknown 1107 1149 1159 1182
unknown 1034 1135 1064 1195
unknown 1033 988 1067 1044
unknown 978 1038 1033 1068
unknown 947 1238 978 1292
unknown 560 1592 595 1653
unknown 737 1612 767 1670
unknown 789 1613 842 1645
unknown 638 1591 677 1671
unknown 643 1518 699 1551
unknown 642 1466 698 1496
unknown 664 1364 718 1392
unknown 663 1394 720 1423
unknown 777 1353 831 1384
unknown 909 1400 969 1435
unknown 843 1570 881 1644
unknown 717 1388 793 1426
unknown 834 1288 867 1347
unknown 668 1271 726 1296
unknown 696 1200 756 1232
unknown 709 1171 768 1199
unknown 711 1139 764 1165
resistor 748 1266 803 1297
unknown 841 1134 873 1192
unknown 785 1030 844 1066
unknown 872 1036 929 1069
unknown 922 1006 983 1043
test 576 797 624 853
test 738 1085 787 1134
test 639 1220 685 1269
test 704 1225 750 1273
test 757 1215 801 1259
test 799 1169 839 1210
test 903 1255 941 1292
test 862 1311 906 1355
test 885 1346 927 1385
test 939 1288 994 1341
test 1010 1348 1055 1395
test 952 1348 1003 1403
test 957 1427 1011 1481
test 1066 1004 1117 1057
test 1059 1173 1110 1229
test 1148 1122 1188 1162
test 1199 1073 1250 1125
test 1262 1032 1299 1071
test 1266 1127 1317 1180
test 1267 1262 1317 1313
test 1090 1453 1138 1494
test 1088 1492 1141 1541
test 1097 1538 1153 1587
test 1046 1599 1087 1636
test 759 1671 810 1720
test 767 1722 818 1773
test 1085 1610 1131 1659
test 1124 1587 1173 1634
test 1299 274 1348 325
test 1362 210 1417 262
test 1508 185 1557 234
test 1748 290 1799 345
test 1757 345 1804 392
test 1897 245 1941 290
test 1695 413 1748 466
test 1708 543 1760 599
test 1695 643 1741 692
test 1748 760 1820 874
test 2253 720 2297 762
test 2320 760 2366 811
test 2283 890 2336 939
test 2208 941 2257 992
test 1788 1148 1834 1194
test 2257 1311 2308 1360
test 2122 1367 2171 1418
test 2251 1445 2300 1497
test 2197 1471 2246 1524
test 1909 1150 1953 1199
test 1494 1195 1539 1243
test 1524 1225 1571 1280
test 1543 1369 1590 1418
test 1339 1264 1388 1313
test 1399 1252 1438 1290
test 1744 1341 1794 1392
test 1404 1332 1452 1381
test 1404 1390 1455 1443
test 1322 1394 1371 1441
test 1336 1559 1383 1604
test 1332 1599 1376 1648
test 1732 1402 1773 1438
test 1652 1545 1692 1585
test 1483 1604 1531 1655
test 1541 1592 1590 1645
test 1710 1545 1760 1594
test 1762 1603 1804 1643
test 1652 1636 1703 1690
test 1439 1718 1476 1757
test 1476 1732 1529 1781
test 1522 1787 1555 1824
test 1522 1695 1560 1731
test 1495 1413 1534 1457
test 2166 1788 2211 1839
test 2245 1683 2295 1731
test 2464 422 2513 469
test 2590 441 2638 487
test 2401 611 2452 659
test 2466 576 2517 625
test 2459 632 2508 681
test 2445 766 2495 818
test 2869 562 2920 615
test 2804 638 2853 685
test 2803 687 2853 734
test 2978 788 3027 838
test 3092 778 3143 827
test 3066 1008 3117 1060
test 2510 1413 2560 1462
test 2866 1348 2917 1399
test 2768 1513 2821 1564
test 3090 1508 3143 1557
text 560 306 603 410
text 522 492 567 550
text 569 654 613 725
text 668 151 842 854
text 846 157 946 850
text 968 836 1078 882
text 1135 314 1190 354
text 1604 195 1769 268
text 1365 695 1408 732
text 2454 331 2496 368
text 2446 368 2504 410
text 2474 473 2514 513
text 2469 518 2521 554
text 2528 116 2588 154
text 2610 117 2787 154
text 2763 311 2815 348
text 2760 351 2820 390
text 2606 508 2650 566
text 2653 466 2690 606
text 526 816 566 881
text 525 949 571 996
text 527 1046 570 1116
text 528 1170 569 1218
text 527 1289 571 1332
text 1829 792 1885 833
text 1828 831 1887 874
text 2170 817 2232 854
text 2090 1162 2129 1225
ic 2292 708 3042 1455
text 3113 1155 3147 1229
text 466 1381 504 1441
text 507 1338 556 1481
text 2434 1576 2500 1617
text 2523 1578 2645 1620
text 2288 1827 3252 1903
text 666 115 701 160
text 846 118 879 159
component 1437 313 1574 436
component 1947 408 2249 617
component 2510 976 2828 1289
component 1592 1081 1701 1177
component 2027 1770 2075 1839
component 2088 1617 2170 1687
test 790 1510 828 1549
test 3173 81 3253 166
