text 2394 1366 2438 1398
led 2321 1346 2390 1382
resistor 2329 1322 2372 1342
resistor 2328 1270 2349 1315
text 2356 1290 2408 1317
text 2296 1267 2320 1326
text 2219 1359 2269 1391
inductor 2203 1275 2286 1350
capacitor 2031 1308 2172 1379
text 1989 1317 2020 1388
text 2414 1189 2439 1250
text 2412 1126 2438 1187
resistor 2387 1222 2407 1267
resistor 2387 1170 2407 1215
ic 2260 1137 2364 1248
capacitor 2198 1168 2237 1265
text 2161 1175 2192 1244
text 2195 1132 2260 1163
capacitor 2350 1120 2394 1143
capacitor 2219 1079 2321 1127
text 2387 1091 2443 1115
text 2333 1065 2395 1093
text 2522 1130 2558 1177
text 2461 1132 2495 1162
text 2400 989 2433 1039
text 2155 1070 2191 1119
text 2112 1169 2144 1239
capacitor 2110 1094 2136 1160
text 2084 1243 2112 1300
text 2055 1241 2080 1300
text 2029 1242 2055 1299
resistor 2085 1189 2105 1234
resistor 2057 1190 2077 1233
capacitor 2029 1190 2049 1234
ic 2048 1088 2100 1165
text 1993 1174 2022 1239
text 1960 1174 1990 1239
text 1942 1112 1967 1173
capacitor 2007 1093 2038 1161
capacitor 1976 1105 1998 1151
inductor 2143 860 2349 1065
connector 2448 736 2582 1124
text 2522 694 2559 724
text 2460 705 2496 722
text 2353 910 2379 969
text 2386 872 2414 932
text 2414 751 2441 812
resistor 2385 810 2407 855
resistor 2386 757 2407 802
resistor 2354 856 2376 902
ic 2262 729 2365 836
capacitor 2354 709 2399 730
text 2370 674 2429 702
capacitor 2196 756 2236 854
capacitor 2215 665 2318 716
text 2160 781 2189 852
text 2133 695 2203 727
text 2127 766 2159 834
capacitor 1988 989 2126 1057
capacitor 1988 912 2126 979
text 1960 998 1983 1058
text 1958 914 1984 977
resistor 1930 1001 1951 1044
resistor 1905 1001 1926 1044
resistor 1881 1002 1902 1045
resistor 1857 1001 1878 1044
resistor 1831 1001 1852 1044
resistor 1806 1001 1827 1044
resistor 1782 1002 1803 1045
resistor 1757 1002 1778 1045
capacitor 1732 1001 1751 1046
capacitor 1777 1182 1846 1320
text 1739 1233 1767 1305
text 1699 1349 1755 1377
capacitor 1639 1340 1682 1362
capacitor 1591 1183 1662 1321
text 1671 1234 1703 1302
text 1929 1053 1955 1112
text 1905 1053 1929 1112
text 1880 1054 1904 1113
text 1855 1054 1879 1112
text 1829 1055 1853 1112
text 1806 1052 1831 1113
text 1782 1058 1806 1113
text 1755 1057 1781 1113
text 1732 1054 1755 1109
text 1679 992 1705 1050
capacitor 1711 1021 1724 1043
text 1681 905 1707 963
capacitor 1710 926 1723 948
text 1581 967 1636 994
resistor 1579 1000 1626 1022
transistor 1566 1036 1638 1119
text 1648 1053 1679 1091
text 1219 1322 1572 1398
text 1284 1276 1581 1317
capacitor 1549 1237 1572 1252
text 1493 1241 1542 1268
text 1222 1222 1470 1265
text 1080 1177 1466 1221
pads 1448 981 1517 1119
text 1415 1060 1442 1130
text 1365 1032 1400 1104
capacitor 1367 884 1436 1022
resistor 1296 885 1339 908
ic 1286 918 1349 983
text 1295 988 1348 1013
text 1288 1015 1352 1045
text 1229 1034 1262 1102
text 1163 1035 1196 1103
text 1099 1035 1132 1104
text 1017 1063 1084 1094
text 966 1046 997 1113
text 957 948 982 1005
text 1028 1357 1085 1385
capacitor 1210 882 1278 1019
capacitor 1136 881 1203 1019
capacitor 1060 881 1129 1018
pads 987 883 1055 1019
capacitor 961 883 982 926
resistor 967 1358 1010 1378
led 903 1356 957 1380
text 840 1352 886 1385
text 851 1242 886 1320
text 941 1141 1001 1172
text 839 1098 885 1128
button 892 1180 1014 1323
ic 789 890 942 1091
connector 310 1209 743 1385
text 288 1244 315 1295
connector 1 747 789 1230
component 558 825 646 1160
component 492 841 537 1156
component 379 855 457 1136
text 2285 591 2310 649
text 2286 530 2313 588
text 2232 601 2257 657
resistor 2256 552 2276 596
resistor 2254 500 2275 544
resistor 2201 598 2223 643
ic 2134 470 2240 579
inductor 2077 608 2160 681
text 2035 635 2066 685
capacitor 2073 499 2112 596
text 2037 533 2065 594
text 2035 442 2064 509
text 2002 563 2032 633
text 2002 433 2030 500
capacitor 1952 406 1995 504
capacitor 1951 522 1995 622
text 2002 788 2032 847
text 2004 687 2033 756
capacitor 1955 788 1995 886
capacitor 1953 669 1995 767
resistor 2027 857 2118 882
text 2045 811 2113 845
resistor 1931 904 1950 949
resistor 1906 903 1925 948
resistor 1881 904 1900 949
resistor 1856 903 1875 948
resistor 1831 903 1850 948
resistor 1806 904 1825 949
resistor 1782 904 1801 949
resistor 1756 904 1775 949
resistor 1731 905 1750 950
ic 1579 664 1929 892
ic 1580 401 1930 629
text 1535 739 1564 798
text 1534 470 1563 540
capacitor 1460 713 1527 852
text 1499 631 1529 700
text 1500 389 1532 457
capacitor 1460 467 1527 605
ic 1014 448 1439 870
capacitor 929 711 998 848
text 892 764 923 829
capacitor 963 682 1005 704
text 898 679 952 704
text 986 643 1010 677
capacitor 963 611 1005 632
text 902 613 954 640
capacitor 930 469 999 607
text 885 413 917 479
resistor 887 490 910 580
text 847 424 879 495
text 837 844 877 869
text 799 795 823 836
text 841 738 879 761
resistor 829 816 871 836
resistor 829 792 871 812
resistor 829 767 871 787
text 852 651 883 698
ic 780 654 843 729
text 813 608 840 649
resistor 783 603 804 647
text 831 517 862 566
inductor 785 494 821 583
text 757 733 795 763
inductor 656 729 742 765
capacitor 579 732 644 760
text 516 713 573 747
ic 554 490 765 701
text 512 614 542 660
text 786 429 815 475
ic 714 407 780 472
resistor 658 442 702 462
text 609 439 648 468
text 861 342 923 375
resistor 851 270 948 340
ic 799 294 835 329
text 796 252 842 283
capacitor 813 360 835 375
text 748 357 803 385
ic 569 285 708 425
text 719 294 751 340
text 436 687 483 719
capacitor 329 680 423 722
capacitor 172 667 308 735
text 134 669 163 707
resistor 317 623 358 645
text 271 626 310 651
ic 291 489 408 608
text 243 583 285 610
capacitor 255 560 275 575
text 262 501 289 538
capacitor 242 514 252 534
text 205 528 231 567
text 155 548 184 593
connector 80 292 251 546
text 428 551 465 576
text 461 526 499 553
capacitor 422 523 443 538
capacitor 421 507 441 519
text 479 504 518 529
text 479 479 520 502
resistor 429 482 471 503
capacitor 455 451 499 472
capacitor 440 452 452 473
capacitor 421 451 435 474
capacitor 352 447 415 476
text 518 456 559 482
text 518 431 590 458
text 272 457 347 484
text 511 377 538 432
resistor 483 381 503 429
ic 359 314 471 427
text 319 305 348 351
diode 259 364 333 455
text 263 329 296 356
capacitor 490 341 555 369
text 491 300 558 331
text 426 275 465 303
pads 373 277 416 301
pads 210 270 252 291
text 213 237 252 264
text 167 213 201 240
resistor 152 254 196 274
text 276 283 311 305
pads 2326 243 2555 580
text 2427 236 2458 280
capacitor 2222 436 2265 458
text 2219 403 2276 428
inductor 2077 310 2161 386
text 2033 323 2064 373
capacitor 2070 205 2111 300
text 2034 227 2064 294
resistor 2201 305 2221 350
text 2230 307 2253 366
text 2253 308 2277 367
resistor 2251 258 2271 302
resistor 2251 204 2271 250
text 2280 198 2308 258
ic 2133 177 2239 284
text 2068 169 2133 199
text 2290 153 2342 182
capacitor 2232 158 2277 180
capacitor 2092 113 2195 163
text 2043 100 2075 166
text 2318 119 2388 150
capacitor 2244 36 2383 108
diode 2077 23 2211 105
text 2027 24 2074 63
text 2013 392 2082 424
capacitor 2093 409 2196 458
connector 1924 92 1974 263
text 1815 229 1845 289
text 1814 150 1842 191
text 1814 58 1844 118
text 1880 34 1958 69
text 1698 161 1782 278
text 1729 27 1790 151
text 1630 300 1657 357
text 1600 317 1627 373
capacitor 1626 271 1640 291
capacitor 1602 266 1624 310
text 1131 32 1664 98
capacitor 1589 98 1657 236
text 1554 134 1582 204
text 1405 262 1520 377
text 1345 138 1440 239
text 1335 285 1367 352
capacitor 1309 357 1338 424
resistor 1182 154 1226 177
text 1124 157 1177 182
inductor 1263 342 1299 429
text 1295 281 1327 331
text 1263 272 1292 320
inductor 1217 272 1254 363
capacitor 1093 295 1161 434
capacitor 1018 295 1088 434
text 1106 226 1137 285
text 1050 223 1082 286
text 1177 283 1206 331
inductor 1175 338 1210 427
capacitor 1216 390 1230 412
text 1213 206 1240 263
text 1242 206 1268 263
capacitor 1234 374 1253 419
text 1016 160 1046 228
text 853 152 889 232
text 1019 41 1067 69
text 838 42 881 73
resistor 964 45 1007 67
led 893 41 949 68
button 885 92 1015 250
text 700 96 731 168
text 562 91 591 171
text 420 103 451 164
pads 667 86 691 176
pads 527 86 550 179
pads 387 84 413 179
text 651 219 679 233
text 513 220 539 233
text 374 218 400 234
text 579 228 646 261
text 449 233 516 265
text 312 233 371 267
jumper 581 29 653 160
jumper 438 36 517 163
jumper 292 94 373 226
connector 593 158 657 222
connector 453 161 521 226
connector 312 38 376 95
resistor 1005 1100 1094 1125
text 161 1202 196 1222
text 1872 1246 1984 1356
text 1803 255 1932 332
component 2225 1291 2264 1341
component 2289 1164 2339 1222
component 2219 908 2276 1045
component 1591 1068 1625 1090
component 311 510 385 585
component 585 514 733 675
component 1091 462 1353 846
component 1589 677 1622 760
component 1590 413 1621 493
component 1807 718 1880 788
component 1804 458 1878 526
component 1652 716 1785 809
component 1659 452 1781 543
component 2103 620 2137 671
component 2166 494 2214 552
component 2290 752 2340 812
component 2101 322 2135 375
component 2164 201 2212 259
component 877 294 915 314
