text 2540 1145 2567 1207
text 2540 1079 2568 1140
pads 2533 1025 2554 1072
pads 2533 971 2553 1016
resistor 2472 1198 2516 1220
text 2470 1226 2522 1255
text 2475 1124 2504 1183
pads 2478 1071 2502 1116
text 2443 1069 2472 1137
pads 2410 942 2519 1052
diode 2221 1142 2312 1224
text 2201 1108 2246 1137
text 2210 1080 2270 1109
capacitor 2256 1114 2278 1126
diode 2168 959 2250 1051
text 2120 985 2153 1035
text 2183 1268 2215 1340
resistor 2154 1278 2174 1328
transistor 2055 1258 2133 1348
text 2073 1351 2121 1386
text 2042 1227 2088 1258
transistor 1964 1196 2040 1285
capacitor 2031 1171 2102 1199
text 2111 1158 2170 1188
text 2108 1080 2172 1112
capacitor 2109 1121 2176 1148
resistor 1978 1294 2029 1315
text 1970 1321 2003 1389
text 1934 1350 1966 1423
resistor 1891 1252 1959 1346
text 1878 1343 1909 1413
text 1869 1418 1928 1446
resistor 1811 1411 1857 1437
text 1778 1384 1813 1412
text 1540 1393 1581 1427
text 1532 1173 1571 1203
text 2410 1073 2440 1144
pads 2320 1045 2408 1122
pads 2500 875 2521 921
text 2527 873 2553 932
resistor 2471 838 2540 867
capacitor 2446 845 2470 861
text 2468 806 2526 833
text 2457 779 2516 807
pads 2379 930 2402 976
text 2378 985 2404 1041
pads 2327 908 2371 1010
pads 2377 872 2485 923
text 2249 863 2320 898
text 2256 830 2325 862
resistor 2529 676 2553 727
text 2527 735 2554 796
text 2455 678 2489 727
text 2257 737 2319 765
capacitor 2327 738 2374 761
resistor 2256 692 2304 712
text 2310 680 2367 712
pins 2273 891 2317 1112
pins 1977 832 2093 1182
pins 1911 1074 1953 1182
pins 1907 829 1954 939
capacitor 2101 863 2167 893
text 2099 904 2171 936
capacitor 2029 816 2097 845
text 1950 799 2020 833
text 1889 1219 1952 1248
resistor 1921 1191 1967 1211
text 1774 1192 1809 1214
capacitor 1819 1172 1866 1192
text 1790 1137 1842 1165
text 1845 1114 1915 1144
resistor 1855 1087 1905 1108
resistor 1764 1073 1806 1095
resistor 1782 1098 1827 1120
text 1714 1119 1775 1149
text 1695 1090 1755 1119
transistor 1844 991 1926 1070
transistor 1809 894 1902 973
text 1931 1003 1961 1052
text 1914 945 1947 991
text 1745 1031 1804 1058
capacitor 1811 1037 1833 1052
text 1756 980 1810 1008
resistor 1757 949 1801 973
resistor 1752 919 1804 936
text 1774 875 1835 905
text 1701 982 1729 1042
text 1673 982 1701 1042
text 1649 979 1673 1045
text 1624 974 1650 1049
text 1598 976 1624 1051
text 1573 977 1599 1052
text 1548 979 1574 1054
text 1522 979 1548 1054
text 1494 981 1520 1056
text 1469 978 1495 1053
text 1443 982 1469 1057
text 1419 979 1445 1054
text 1393 978 1419 1053
text 1368 978 1394 1053
text 1343 979 1369 1054
text 1318 1013 1344 1088
text 1292 976 1316 1046
text 1270 977 1294 1047
text 1182 934 1211 1022
capacitor 1703 914 1723 959
capacitor 1677 914 1697 959
capacitor 1651 914 1671 959
capacitor 1626 913 1646 958
capacitor 1600 915 1620 960
pads 1575 915 1594 961
capacitor 1548 915 1568 960
capacitor 1523 915 1543 960
capacitor 1498 915 1518 960
capacitor 1472 916 1492 961
pads 1448 915 1467 961
pads 1395 915 1416 963
pads 1292 916 1313 964
capacitor 1421 916 1441 961
capacitor 1370 916 1390 961
capacitor 1345 917 1365 962
capacitor 1319 916 1339 961
capacitor 1267 916 1287 961
capacitor 1221 920 1264 1022
text 1315 839 1343 907
text 1287 1401 1328 1431
text 1271 1173 1305 1203
text 1021 1396 1063 1426
text 722 1386 799 1425
text 696 1124 1100 1215
connector 716 1213 1879 1385
text 1037 908 1110 934
capacitor 1007 913 1031 929
capacitor 976 890 988 913
capacitor 909 965 924 989
capacitor 888 913 909 931
capacitor 886 890 910 905
capacitor 928 888 951 901
capacitor 958 863 980 877
capacitor 997 843 1021 857
capacitor 835 861 861 877
capacitor 725 916 749 932
capacitor 766 916 789 931
capacitor 649 971 664 994
text 967 922 995 997
text 929 937 958 1013
text 804 913 877 938
text 806 885 879 911
text 725 886 801 910
text 640 910 718 938
text 755 852 830 880
text 1028 834 1101 862
text 957 780 984 853
text 1191 880 1216 913
text 877 854 949 881
text 1089 859 1148 888
text 828 1001 852 1055
text 802 1000 827 1056
text 777 1000 803 1052
text 753 999 776 1056
text 726 1000 752 1056
text 699 1000 723 1057
text 672 1000 698 1056
text 644 1003 670 1061
resistor 829 946 849 990
resistor 804 946 824 990
resistor 777 946 798 991
resistor 752 945 773 993
resistor 728 947 748 994
resistor 702 947 722 992
resistor 673 946 697 993
diode 458 1358 600 1445
text 503 1321 551 1355
text 476 1243 555 1271
capacitor 502 1219 525 1235
capacitor 273 1364 416 1435
text 295 1316 391 1350
text 243 1241 272 1301
resistor 247 1308 269 1355
text 101 1206 212 1332
pins 45 791 160 1164
capacitor 235 1155 280 1176
capacitor 255 1137 278 1150
text 295 1156 372 1184
text 295 1127 372 1155
text 213 973 325 1115
resistor 236 903 259 948
text 234 837 263 895
connector 2163 309 2570 680
component 2500 467 2532 546
component 2289 442 2357 670
text 2140 629 2166 689
text 2139 559 2166 619
text 2111 665 2140 724
text 2077 731 2103 789
text 2033 737 2060 797
text 2007 735 2033 789
text 1964 734 1992 792
text 1937 733 1963 793
text 1835 738 1864 796
text 1833 669 1889 698
text 1833 607 1890 636
text 1834 570 1890 597
text 1782 576 1815 646
text 1865 521 1921 547
text 1963 498 1987 558
text 2051 495 2077 555
text 2092 524 2153 553
resistor 2079 679 2102 725
capacitor 2033 700 2048 724
capacitor 2018 700 2033 725
capacitor 1958 700 1973 723
capacitor 1943 701 1957 724
capacitor 1840 705 1855 731
capacitor 2094 644 2116 657
capacitor 2094 585 2116 600
capacitor 2082 559 2127 582
capacitor 1897 571 1941 594
capacitor 1897 612 1921 630
resistor 1896 673 1943 696
resistor 2089 609 2135 630
capacitor 2030 503 2045 526
capacitor 1994 503 2007 526
capacitor 1928 522 1953 540
capacitor 2021 417 2037 441
capacitor 1995 415 2008 441
capacitor 1974 409 1989 433
capacitor 1905 446 1929 462
capacitor 1649 867 1696 887
capacitor 1649 840 1694 861
capacitor 1651 815 1696 836
capacitor 1649 788 1694 809
capacitor 1650 763 1695 784
capacitor 1650 737 1695 758
capacitor 1649 712 1694 733
capacitor 1771 658 1813 758
capacitor 1648 635 1693 656
capacitor 1648 609 1693 630
capacitor 1649 583 1694 604
capacitor 1648 558 1693 579
capacitor 1648 532 1693 553
capacitor 1648 507 1693 528
capacitor 1647 481 1692 502
resistor 1845 862 1891 885
text 1845 828 1904 857
text 2043 411 2067 467
text 1992 447 2015 496
text 1962 439 1988 497
text 1886 416 1945 442
text 1704 865 1775 892
text 1702 838 1775 864
text 1704 814 1776 838
text 1702 789 1775 814
text 1701 764 1774 789
text 1701 734 1765 758
text 1701 709 1764 734
text 1702 633 1767 658
text 1699 607 1774 635
text 1700 582 1766 608
text 1700 557 1773 582
text 1701 530 1761 557
text 1699 503 1757 529
text 1699 479 1755 503
text 1375 845 1403 905
text 1439 799 1467 857
text 1470 789 1545 815
text 1498 707 1526 782
text 1530 670 1597 698
text 1500 591 1525 666
text 1466 486 1493 560
text 1438 592 1463 668
text 1407 495 1433 569
text 1361 492 1388 567
text 1273 474 1300 549
text 1225 570 1300 600
text 1295 593 1321 669
text 1207 640 1280 669
text 1380 704 1403 769
text 1270 773 1338 800
text 1248 735 1321 763
text 1304 705 1378 731
text 1230 706 1303 732
text 1070 804 1145 831
text 1086 778 1145 804
text 1073 750 1147 776
text 1085 723 1145 748
text 1068 698 1145 722
text 1072 672 1146 698
text 1070 643 1144 669
text 1034 617 1100 644
text 1072 586 1146 612
text 1072 556 1146 585
text 1077 528 1144 556
text 1031 747 1060 823
text 1003 700 1030 776
text 970 649 995 720
text 934 654 960 719
text 899 699 927 773
text 843 640 911 665
text 839 572 914 600
text 922 537 948 609
text 990 532 1064 560
text 952 507 979 583
text 810 499 882 525
text 767 799 825 827
text 844 683 869 743
text 756 749 828 776
text 730 722 803 749
text 657 694 734 722
text 653 665 732 692
text 736 667 809 690
text 677 532 706 592
text 390 570 416 628
text 249 764 307 794
text 291 724 368 751
text 289 693 365 721
text 73 695 107 744
text 267 437 345 466
text 425 393 453 473
text 474 437 577 558
capacitor 1477 674 1522 695
capacitor 1468 616 1490 660
capacitor 1470 567 1491 613
capacitor 1446 760 1491 782
capacitor 1344 777 1391 797
capacitor 1328 738 1352 754
capacitor 1327 674 1374 698
capacitor 1279 674 1325 697
capacitor 1221 676 1266 697
capacitor 1328 595 1349 642
capacitor 1329 576 1349 591
capacitor 1308 529 1328 576
capacitor 1411 621 1433 668
capacitor 1410 575 1432 621
resistor 1412 850 1431 896
resistor 1410 803 1431 846
pads 1469 711 1491 757
pads 1407 703 1430 749
pads 1411 752 1431 798
text 1620 415 1646 475
resistor 1155 848 1201 870
capacitor 1154 806 1200 827
capacitor 1155 753 1201 774
capacitor 1154 703 1200 724
capacitor 1154 677 1200 698
capacitor 1153 651 1199 672
capacitor 1152 587 1198 608
capacitor 1154 561 1199 583
capacitor 1154 534 1199 556
resistor 1155 780 1201 800
resistor 1155 729 1201 748
capacitor 1034 712 1049 736
capacitor 981 725 998 749
capacitor 941 725 957 750
capacitor 875 721 892 745
capacitor 835 752 861 766
capacitor 782 700 808 714
capacitor 742 698 768 715
capacitor 722 644 746 661
capacitor 761 643 789 660
capacitor 836 618 860 633
capacitor 863 606 889 620
capacitor 924 616 950 632
capacitor 953 589 978 606
capacitor 973 616 986 643
capacitor 1004 642 1029 657
capacitor 994 570 1019 588
resistor 833 798 881 822
resistor 813 689 836 735
resistor 679 477 702 524
text 416 579 480 1199
resistor 391 634 412 681
resistor 317 767 364 788
capacitor 254 732 281 747
capacitor 236 700 284 721
diode 44 553 132 692
text 264 582 301 674
text 227 536 264 644
text 175 524 225 650
text 136 455 176 737
text 2106 427 2165 455
text 2102 338 2161 366
text 2489 257 2561 286
text 2411 173 2468 202
text 2347 144 2407 171
text 2280 232 2309 293
text 2235 95 2264 156
text 2202 158 2261 185
text 2143 240 2173 294
text 2095 102 2120 159
text 2063 161 2121 186
text 2082 23 2139 53
text 1979 60 2009 112
text 1952 205 2013 233
text 1953 175 2011 203
text 1761 347 1795 421
text 1950 110 1976 175
text 1895 55 1955 85
text 1818 32 1850 95
text 1777 68 1811 91
text 1787 258 1829 284
text 1520 275 1565 305
text 1520 53 1560 81
text 1276 277 1320 305
text 1261 52 1296 84
text 1013 284 1056 310
text 1015 57 1060 86
text 720 272 800 310
text 735 61 789 97
text 1587 328 1612 398
text 1564 325 1587 398
text 1538 324 1561 397
text 1508 324 1535 400
text 1481 325 1506 399
text 1457 324 1480 400
text 1430 324 1455 392
text 1402 323 1427 399
text 1373 321 1400 399
text 1348 325 1375 401
text 1323 318 1350 396
text 1293 319 1321 397
text 1266 319 1291 397
text 1053 406 1078 482
text 958 392 1032 421
text 928 373 956 447
text 869 369 896 445
text 746 475 820 500
text 739 395 813 420
text 646 421 716 450
text 387 266 413 318
text 411 162 489 191
text 414 131 493 158
text 376 51 457 84
text 224 144 257 235
text 171 146 205 236
text 15 265 46 357
capacitor 2450 224 2480 293
diode 2346 208 2428 292
diode 2197 218 2275 308
pads 2350 178 2400 199
pins 2299 42 2344 218
text 2358 32 2398 87
resistor 2271 120 2292 169
pads 2210 188 2263 212
pads 2058 217 2133 313
pins 2155 44 2200 220
resistor 2060 58 2152 82
resistor 2127 124 2150 169
pads 2074 191 2123 212
resistor 2112 397 2156 419
resistor 2111 372 2155 394
resistor 1900 198 1945 218
resistor 1896 168 1945 190
ic 1900 121 1937 162
resistor 1982 123 2008 169
resistor 1898 89 1943 116
ic 1800 352 1867 425
connector 708 90 1865 269
connector 644 103 693 282
capacitor 1582 406 1605 451
capacitor 1557 406 1580 451
capacitor 1532 406 1555 451
capacitor 1505 405 1528 450
capacitor 1480 405 1503 450
capacitor 1455 406 1478 451
capacitor 1429 406 1452 451
capacitor 1403 407 1426 452
capacitor 1378 406 1401 451
capacitor 1352 408 1375 453
capacitor 1327 407 1350 452
capacitor 1300 407 1323 452
capacitor 1276 408 1299 453
capacitor 1031 438 1046 465
capacitor 983 425 1007 442
capacitor 933 453 948 478
capacitor 872 452 888 478
capacitor 833 478 857 494
capacitor 787 451 810 468
capacitor 762 426 785 441
capacitor 721 427 746 443
capacitor 402 419 416 445
capacitor 354 442 401 463
resistor 389 332 410 375
capacitor 376 165 400 180
capacitor 351 136 402 159
capacitor 220 55 366 129
pads 219 246 293 391
pads 138 248 210 392
pads 52 248 126 395
pads 1363 573 1387 620
capacitor 1406 673 1451 697
pins 2014 47 2059 223
pins 2391 767 2457 836
pins 2392 1166 2458 1244
pins 2127 1179 2191 1240
capacitor 1321 980 1336 1005
component 1917 1276 1935 1322
component 487 1374 561 1426
component 60 574 112 654
component 2353 217 2379 286
component 2494 844 2522 864
pins 2125 767 2191 836
