text 58 268 85 330
text 57 335 85 396
pads 71 403 92 450
pads 72 459 92 504
resistor 109 255 153 277
text 103 220 155 249
text 121 292 150 351
pads 123 359 147 404
text 153 338 182 406
pads 106 423 215 533
diode 313 251 404 333
text 379 338 424 367
text 355 366 415 395
capacitor 347 349 369 361
diode 375 424 457 516
text 472 440 505 490
text 410 135 442 207
resistor 451 147 471 197
transistor 492 127 570 217
text 504 89 552 124
text 537 217 583 248
transistor 585 190 661 279
capacitor 523 276 594 304
text 455 287 514 317
text 453 363 517 395
capacitor 449 327 516 354
resistor 596 160 647 181
text 622 86 655 154
text 659 52 691 125
resistor 666 129 734 223
text 716 62 747 132
text 697 29 756 57
resistor 768 38 814 64
text 812 63 847 91
text 1044 48 1085 82
text 1054 272 1093 302
text 185 331 215 402
pads 217 353 305 430
pads 104 554 125 600
text 72 543 98 602
resistor 85 608 154 637
capacitor 155 614 179 630
text 99 642 157 669
text 109 668 168 696
pads 223 499 246 545
text 221 434 247 490
pads 254 465 298 567
pads 140 552 248 603
text 305 577 376 612
text 300 613 369 645
resistor 72 748 96 799
text 71 679 98 740
text 136 748 170 797
text 306 710 368 738
capacitor 251 714 298 737
resistor 321 763 369 783
text 258 763 315 795
pins 308 363 352 584
pins 532 293 648 643
pins 672 293 714 401
pins 671 536 718 646
capacitor 458 582 524 612
text 454 539 526 571
capacitor 528 630 596 659
text 605 642 675 676
text 673 227 736 256
resistor 658 264 704 284
text 816 261 851 283
capacitor 759 283 806 303
text 783 310 835 338
text 710 331 780 361
resistor 720 367 770 388
resistor 819 380 861 402
resistor 798 355 843 377
text 850 326 911 356
text 870 356 930 385
transistor 699 405 781 484
transistor 723 502 816 581
text 664 423 694 472
text 678 484 711 530
text 821 417 880 444
capacitor 792 423 814 438
text 815 467 869 495
resistor 824 502 868 526
resistor 821 539 873 556
text 790 570 851 600
text 896 433 924 493
text 924 433 952 493
text 952 430 976 496
text 975 426 1001 501
text 1001 424 1027 499
text 1026 423 1052 498
text 1051 421 1077 496
text 1077 421 1103 496
text 1105 419 1131 494
text 1130 422 1156 497
text 1156 418 1182 493
text 1180 421 1206 496
text 1206 422 1232 497
text 1231 422 1257 497
text 1256 421 1282 496
text 1281 387 1307 462
text 1309 429 1333 499
text 1331 428 1355 498
text 1414 453 1443 541
capacitor 902 516 922 561
capacitor 928 516 948 561
capacitor 954 516 974 561
capacitor 979 517 999 562
capacitor 1005 515 1025 560
pads 1031 514 1050 560
capacitor 1057 515 1077 560
capacitor 1082 515 1102 560
capacitor 1107 515 1127 560
capacitor 1133 514 1153 559
pads 1158 514 1177 560
pads 1209 512 1230 560
pads 1312 511 1333 559
capacitor 1184 514 1204 559
capacitor 1235 514 1255 559
capacitor 1260 513 1280 558
capacitor 1286 514 1306 559
capacitor 1338 514 1358 559
capacitor 1361 453 1404 555
text 1282 568 1310 636
text 1297 44 1338 74
text 1320 272 1354 302
text 1562 49 1604 79
text 1826 50 1903 89
text 1525 260 1929 351
connector 746 90 1909 262
text 1515 541 1588 567
capacitor 1594 546 1618 562
capacitor 1637 562 1649 585
capacitor 1701 486 1716 510
capacitor 1716 544 1737 562
capacitor 1715 570 1739 585
capacitor 1674 574 1697 587
capacitor 1645 598 1667 612
capacitor 1604 618 1628 632
capacitor 1764 598 1790 614
capacitor 1876 543 1900 559
capacitor 1836 544 1859 559
capacitor 1961 481 1976 504
text 1630 478 1658 553
text 1667 462 1696 538
text 1748 537 1821 562
text 1746 564 1819 590
text 1824 565 1900 589
text 1907 537 1985 565
text 1795 595 1870 623
text 1524 613 1597 641
text 1641 622 1668 695
text 1409 562 1434 595
text 1676 594 1748 621
text 1477 587 1536 616
text 1773 420 1797 474
text 1798 419 1823 475
text 1822 423 1848 475
text 1849 419 1872 476
text 1873 419 1899 475
text 1902 418 1926 475
text 1927 419 1953 475
text 1955 414 1981 472
resistor 1776 485 1796 529
resistor 1801 485 1821 529
resistor 1827 484 1848 529
resistor 1852 482 1873 530
resistor 1877 481 1897 528
resistor 1903 483 1923 528
resistor 1928 482 1952 529
diode 2025 30 2167 117
text 2074 120 2122 154
text 2070 204 2149 232
capacitor 2100 240 2123 256
capacitor 2209 40 2352 111
text 2234 125 2330 159
text 2353 174 2382 234
resistor 2356 120 2378 167
text 2413 143 2524 269
pins 2465 311 2580 684
capacitor 2345 299 2390 320
capacitor 2347 325 2370 338
text 2253 291 2330 319
text 2253 320 2330 348
text 2300 360 2412 502
resistor 2366 527 2389 572
text 2362 580 2391 638
connector 55 795 462 1166
component 93 929 125 1008
component 268 805 336 1033
text 459 786 485 846
text 459 856 486 916
text 485 751 514 810
text 522 686 548 744
text 565 678 592 738
text 592 686 618 740
text 633 683 661 741
text 662 682 688 742
text 761 679 790 737
text 736 777 792 806
text 735 839 792 868
text 735 878 791 905
text 810 829 843 899
text 704 928 760 954
text 638 917 662 977
text 548 920 574 980
text 472 922 533 951
resistor 523 750 546 796
capacitor 577 751 592 775
capacitor 592 750 607 775
capacitor 652 752 667 775
capacitor 668 751 682 774
capacitor 770 744 785 770
capacitor 509 818 531 831
capacitor 509 875 531 890
capacitor 498 893 543 916
capacitor 684 881 728 904
capacitor 704 845 728 863
resistor 682 779 729 802
resistor 490 845 536 866
capacitor 580 949 595 972
capacitor 618 949 631 972
capacitor 672 935 697 953
capacitor 588 1034 604 1058
capacitor 617 1034 630 1060
capacitor 636 1042 651 1066
capacitor 696 1013 720 1029
capacitor 929 588 976 608
capacitor 931 614 976 635
capacitor 929 639 974 660
capacitor 931 666 976 687
capacitor 930 691 975 712
capacitor 930 717 975 738
capacitor 931 742 976 763
capacitor 812 717 854 817
capacitor 932 819 977 840
capacitor 932 845 977 866
capacitor 931 871 976 892
capacitor 932 896 977 917
capacitor 932 922 977 943
capacitor 932 947 977 968
capacitor 933 973 978 994
resistor 734 590 780 613
text 721 618 780 647
text 558 1008 582 1064
text 610 979 633 1028
text 637 978 663 1036
text 680 1033 739 1059
text 850 583 921 610
text 850 611 923 637
text 849 637 921 661
text 850 661 923 686
text 851 686 924 711
text 860 717 924 741
text 861 741 924 766
text 858 817 923 842
text 851 840 926 868
text 859 867 925 893
text 852 893 925 918
text 864 918 924 945
text 868 946 926 972
text 870 972 926 996
text 1222 570 1250 630
text 1158 618 1186 676
text 1080 660 1155 686
text 1099 693 1127 768
text 1028 777 1095 805
text 1100 809 1125 884
text 1132 915 1159 989
text 1162 807 1187 883
text 1192 906 1218 980
text 1237 908 1264 983
text 1325 926 1352 1001
text 1325 875 1400 905
text 1304 806 1330 882
text 1345 806 1418 835
text 1222 706 1245 771
text 1287 675 1355 702
text 1304 712 1377 740
text 1247 744 1321 770
text 1322 743 1395 769
text 1480 644 1555 671
text 1480 671 1539 697
text 1478 699 1552 725
text 1480 727 1540 752
text 1480 753 1557 777
text 1479 777 1553 803
text 1481 806 1555 832
text 1525 831 1591 858
text 1479 863 1553 889
text 1479 890 1553 919
text 1481 919 1548 947
text 1565 652 1594 728
text 1595 699 1622 775
text 1630 755 1655 826
text 1665 756 1691 821
text 1698 702 1726 776
text 1714 810 1782 835
text 1711 875 1786 903
text 1677 866 1703 938
text 1561 915 1635 943
text 1646 892 1673 968
text 1743 950 1815 976
text 1800 648 1858 676
text 1756 732 1781 792
text 1797 699 1869 726
text 1822 726 1895 753
text 1891 753 1968 781
text 1893 783 1972 810
text 1816 785 1889 808
text 1919 883 1948 943
text 2209 847 2235 905
text 2318 681 2376 711
text 2257 724 2334 751
text 2260 754 2336 782
text 2518 731 2552 780
text 2280 1009 2358 1038
text 2172 1002 2200 1082
text 2048 917 2151 1038
capacitor 1103 780 1148 801
capacitor 1135 815 1157 859
capacitor 1134 862 1155 908
capacitor 1134 693 1179 715
capacitor 1234 678 1281 698
capacitor 1273 721 1297 737
capacitor 1251 777 1298 801
capacitor 1300 778 1346 801
capacitor 1359 778 1404 799
capacitor 1276 833 1297 880
capacitor 1276 884 1296 899
capacitor 1297 899 1317 946
capacitor 1192 807 1214 854
capacitor 1193 854 1215 900
resistor 1194 579 1213 625
resistor 1194 629 1215 672
pads 1134 718 1156 764
pads 1195 726 1218 772
pads 1194 677 1214 723
text 979 1000 1005 1060
resistor 1424 605 1470 627
capacitor 1425 648 1471 669
capacitor 1424 701 1470 722
capacitor 1425 751 1471 772
capacitor 1425 777 1471 798
capacitor 1426 803 1472 824
capacitor 1427 867 1473 888
capacitor 1426 892 1471 914
capacitor 1426 919 1471 941
resistor 1424 675 1470 695
resistor 1424 727 1470 746
capacitor 1576 739 1591 763
capacitor 1627 726 1644 750
capacitor 1668 725 1684 750
capacitor 1733 730 1750 754
capacitor 1764 709 1790 723
capacitor 1817 761 1843 775
capacitor 1857 760 1883 777
capacitor 1879 814 1903 831
capacitor 1836 815 1864 832
capacitor 1765 842 1789 857
capacitor 1736 855 1762 869
capacitor 1675 843 1701 859
capacitor 1647 869 1672 886
capacitor 1639 832 1652 859
capacitor 1596 818 1621 833
capacitor 1606 887 1631 905
resistor 1744 653 1792 677
resistor 1789 740 1812 786
resistor 1923 951 1946 998
text 2145 276 2209 896
resistor 2213 794 2234 841
resistor 2261 687 2308 708
capacitor 2344 728 2371 743
capacitor 2341 754 2389 775
diode 2493 783 2581 922
text 2324 801 2361 893
text 2361 831 2398 939
text 2400 825 2450 951
text 2449 738 2489 1020
text 460 1020 519 1048
text 464 1109 523 1137
text 64 1189 136 1218
text 157 1273 214 1302
text 218 1304 278 1331
text 316 1182 345 1243
text 361 1319 390 1380
text 364 1290 423 1317
text 452 1181 482 1235
text 505 1316 530 1373
text 504 1289 562 1314
text 486 1422 543 1452
text 616 1363 646 1415
text 612 1242 673 1270
text 614 1272 672 1300
text 830 1054 864 1128
text 649 1300 675 1365
text 670 1390 730 1420
text 775 1380 807 1443
text 814 1384 848 1407
text 796 1191 838 1217
text 1060 1170 1105 1200
text 1065 1394 1105 1422
text 1305 1170 1349 1198
text 1329 1391 1364 1423
text 1569 1165 1612 1191
text 1565 1389 1610 1418
text 1825 1165 1905 1203
text 1836 1378 1890 1414
text 1013 1077 1038 1147
text 1038 1077 1061 1150
text 1064 1078 1087 1151
text 1090 1075 1117 1151
text 1119 1076 1144 1150
text 1145 1075 1168 1151
text 1170 1083 1195 1151
text 1198 1076 1223 1152
text 1225 1076 1252 1154
text 1250 1074 1277 1150
text 1275 1079 1302 1157
text 1304 1078 1332 1156
text 1334 1078 1359 1156
text 1547 993 1572 1069
text 1593 1054 1667 1083
text 1669 1028 1697 1102
text 1729 1030 1756 1106
text 1805 975 1879 1000
text 1812 1055 1886 1080
text 1909 1025 1979 1054
text 2212 1157 2238 1209
text 2136 1284 2214 1313
text 2132 1317 2211 1344
text 2168 1391 2249 1424
text 2368 1240 2401 1331
text 2420 1239 2454 1329
text 2579 1118 2610 1210
capacitor 145 1182 175 1251
diode 197 1183 279 1267
diode 350 1167 428 1257
pads 225 1276 275 1297
pins 281 1257 326 1433
text 227 1388 267 1443
resistor 333 1306 354 1355
pads 362 1263 415 1287
pads 492 1162 567 1258
pins 425 1255 470 1431
resistor 473 1393 565 1417
resistor 475 1306 498 1351
pads 502 1263 551 1284
resistor 469 1056 513 1078
resistor 470 1081 514 1103
resistor 680 1257 725 1277
resistor 680 1285 729 1307
ic 688 1313 725 1354
resistor 617 1306 643 1352
resistor 682 1359 727 1386
ic 758 1050 825 1123
connector 760 1206 1917 1385
connector 1932 1193 1981 1372
capacitor 1020 1024 1043 1069
capacitor 1045 1024 1068 1069
capacitor 1070 1024 1093 1069
capacitor 1097 1025 1120 1070
capacitor 1122 1025 1145 1070
capacitor 1147 1024 1170 1069
capacitor 1173 1024 1196 1069
capacitor 1199 1023 1222 1068
capacitor 1224 1024 1247 1069
capacitor 1250 1022 1273 1067
capacitor 1275 1023 1298 1068
capacitor 1302 1023 1325 1068
capacitor 1326 1022 1349 1067
capacitor 1579 1010 1594 1037
capacitor 1618 1033 1642 1050
capacitor 1677 997 1692 1022
capacitor 1737 997 1753 1023
capacitor 1768 981 1792 997
capacitor 1815 1007 1838 1024
capacitor 1840 1034 1863 1049
capacitor 1879 1032 1904 1048
capacitor 2209 1030 2223 1056
capacitor 2224 1012 2271 1033
resistor 2215 1100 2236 1143
capacitor 2225 1295 2249 1310
capacitor 2223 1316 2274 1339
capacitor 2259 1346 2405 1420
pads 2332 1084 2406 1229
pads 2415 1083 2487 1227
pads 2499 1080 2573 1227
pads 1238 855 1262 902
capacitor 1174 778 1219 802
pins 566 1252 611 1428
pins 168 639 234 708
pins 167 231 233 309
pins 434 235 498 296
capacitor 1289 470 1304 495
component 690 153 708 199
component 2064 49 2138 101
component 2513 821 2565 901
component 246 1189 272 1258
component 103 611 131 631
pins 434 639 500 708
