text 165 17 209 49
led 213 33 282 69
resistor 231 73 274 93
resistor 254 100 275 145
text 195 98 247 125
text 283 89 307 148
text 334 24 384 56
inductor 317 65 400 140
capacitor 431 36 572 107
text 583 27 614 98
text 164 165 189 226
text 165 228 191 289
resistor 196 148 216 193
resistor 196 200 216 245
ic 239 167 343 278
capacitor 366 150 405 247
text 411 171 442 240
text 343 252 408 283
capacitor 209 272 253 295
capacitor 282 288 384 336
text 160 300 216 324
text 208 322 270 350
text 45 238 81 285
text 108 253 142 283
text 170 376 203 426
text 412 296 448 345
text 459 176 491 246
capacitor 467 255 493 321
text 491 115 519 172
text 523 115 548 174
text 548 116 574 173
resistor 498 181 518 226
resistor 526 182 546 225
capacitor 554 181 574 225
ic 503 250 555 327
text 581 176 610 241
text 613 176 643 241
text 636 242 661 303
capacitor 565 254 596 322
capacitor 605 264 627 310
inductor 254 350 460 555
connector 21 291 155 679
text 44 691 81 721
text 107 693 143 710
text 224 446 250 505
text 189 483 217 543
text 162 603 189 664
resistor 196 560 218 605
resistor 196 613 217 658
resistor 227 513 249 559
ic 238 579 341 686
capacitor 204 685 249 706
text 174 713 233 741
capacitor 367 561 407 659
capacitor 285 699 388 750
text 414 563 443 634
text 400 688 470 720
text 444 581 476 649
capacitor 477 358 615 426
capacitor 477 436 615 503
text 620 357 643 417
text 619 438 645 501
resistor 652 371 673 414
resistor 677 371 698 414
resistor 701 370 722 413
resistor 725 371 746 414
resistor 751 371 772 414
resistor 776 371 797 414
resistor 800 370 821 413
resistor 825 370 846 413
capacitor 852 369 871 414
capacitor 757 95 826 233
text 836 110 864 182
text 848 38 904 66
capacitor 921 53 964 75
capacitor 941 94 1012 232
text 900 113 932 181
text 648 303 674 362
text 674 303 698 362
text 699 302 723 361
text 724 303 748 361
text 750 303 774 360
text 772 302 797 363
text 797 302 821 357
text 822 302 848 358
text 848 306 871 361
text 898 365 924 423
capacitor 879 372 892 394
text 896 452 922 510
capacitor 880 467 893 489
text 967 421 1022 448
resistor 977 393 1024 415
transistor 965 296 1037 379
text 924 324 955 362
text 1031 17 1384 93
text 1022 98 1319 139
capacitor 1031 163 1054 178
text 1061 147 1110 174
text 1133 150 1381 193
text 1137 194 1523 238
pads 1086 296 1155 434
text 1161 285 1188 355
text 1203 311 1238 383
capacitor 1167 393 1236 531
resistor 1264 507 1307 530
ic 1254 432 1317 497
text 1255 402 1308 427
text 1251 370 1315 400
text 1341 313 1374 381
text 1407 312 1440 380
text 1471 311 1504 380
text 1519 321 1586 352
text 1606 302 1637 369
text 1621 410 1646 467
text 1518 30 1575 58
capacitor 1325 396 1393 533
capacitor 1400 396 1467 534
capacitor 1474 397 1543 534
pads 1548 396 1616 532
capacitor 1621 489 1642 532
resistor 1593 37 1636 57
led 1646 35 1700 59
text 1717 30 1763 63
text 1717 95 1752 173
text 1602 243 1662 274
text 1718 287 1764 317
button 1589 92 1711 235
ic 1661 324 1814 525
connector 1860 30 2293 206
text 2288 120 2315 171
connector 1814 185 2602 668
component 1957 255 2045 590
component 2066 259 2111 574
component 2146 279 2224 560
text 293 766 318 824
text 290 827 317 885
text 346 758 371 814
resistor 327 819 347 863
resistor 328 871 349 915
resistor 380 772 402 817
ic 363 836 469 945
inductor 443 734 526 807
text 537 730 568 780
capacitor 491 819 530 916
text 538 821 566 882
text 539 906 568 973
text 571 782 601 852
text 573 915 601 982
capacitor 608 911 651 1009
capacitor 608 793 652 893
text 571 568 601 627
text 570 659 599 728
capacitor 608 529 648 627
capacitor 608 648 650 746
resistor 485 533 576 558
text 490 570 558 604
resistor 653 466 672 511
resistor 678 467 697 512
resistor 703 466 722 511
resistor 728 467 747 512
resistor 753 467 772 512
resistor 778 466 797 511
resistor 802 466 821 511
resistor 828 466 847 511
resistor 853 465 872 510
ic 674 523 1024 751
ic 673 786 1023 1014
text 1039 617 1068 676
text 1040 875 1069 945
capacitor 1076 563 1143 702
text 1074 715 1104 784
text 1071 958 1103 1026
capacitor 1076 810 1143 948
ic 1164 545 1589 967
capacitor 1605 567 1674 704
text 1680 586 1711 651
capacitor 1598 711 1640 733
text 1651 711 1705 736
text 1593 738 1617 772
capacitor 1598 783 1640 804
text 1649 775 1701 802
capacitor 1604 808 1673 946
text 1686 936 1718 1002
resistor 1693 835 1716 925
text 1724 920 1756 991
text 1726 546 1766 571
text 1780 579 1804 620
text 1724 654 1762 677
resistor 1732 579 1774 599
resistor 1732 603 1774 623
resistor 1732 628 1774 648
text 1720 717 1751 764
ic 1760 686 1823 761
text 1763 766 1790 807
resistor 1799 768 1820 812
text 1741 849 1772 898
inductor 1782 832 1818 921
text 1808 652 1846 682
inductor 1861 650 1947 686
capacitor 1959 655 2024 683
text 2030 668 2087 702
ic 1838 714 2049 925
text 2061 755 2091 801
text 1788 940 1817 986
ic 1823 943 1889 1008
resistor 1901 953 1945 973
text 1955 947 1994 976
text 1680 1040 1742 1073
resistor 1655 1075 1752 1145
ic 1768 1086 1804 1121
text 1761 1132 1807 1163
capacitor 1768 1040 1790 1055
text 1800 1030 1855 1058
ic 1895 990 2034 1130
text 1852 1075 1884 1121
text 2120 696 2167 728
capacitor 2180 693 2274 735
capacitor 2295 680 2431 748
text 2440 708 2469 746
resistor 2245 770 2286 792
text 2293 764 2332 789
ic 2195 807 2312 926
text 2318 805 2360 832
capacitor 2328 840 2348 855
text 2314 877 2341 914
capacitor 2351 881 2361 901
text 2372 848 2398 887
text 2419 822 2448 867
connector 2352 869 2523 1123
text 2138 839 2175 864
text 2104 862 2142 889
capacitor 2160 877 2181 892
capacitor 2162 896 2182 908
text 2085 886 2124 911
text 2083 913 2124 936
resistor 2132 912 2174 933
capacitor 2104 943 2148 964
capacitor 2151 942 2163 963
capacitor 2168 941 2182 964
capacitor 2188 939 2251 968
text 2044 933 2085 959
text 2013 957 2085 984
text 2256 931 2331 958
text 2065 983 2092 1038
resistor 2100 986 2120 1034
ic 2132 988 2244 1101
text 2255 1064 2284 1110
diode 2270 960 2344 1051
text 2307 1059 2340 1086
capacitor 2048 1046 2113 1074
text 2045 1084 2112 1115
text 2138 1112 2177 1140
pads 2187 1114 2230 1138
pads 2351 1124 2393 1145
text 2351 1151 2390 1178
text 2402 1175 2436 1202
resistor 2407 1141 2451 1161
text 2292 1110 2327 1132
pads 48 835 277 1172
text 145 1135 176 1179
capacitor 338 957 381 979
text 327 987 384 1012
inductor 442 1029 526 1105
text 539 1042 570 1092
capacitor 492 1115 533 1210
text 539 1121 569 1188
resistor 382 1065 402 1110
text 350 1049 373 1108
text 326 1048 350 1107
resistor 332 1113 352 1157
resistor 332 1165 352 1211
text 295 1157 323 1217
ic 364 1131 470 1238
text 470 1216 535 1246
text 261 1233 313 1262
capacitor 326 1235 371 1257
capacitor 408 1252 511 1302
text 528 1249 560 1315
text 215 1265 285 1296
capacitor 220 1307 359 1379
diode 392 1310 526 1392
text 529 1352 576 1391
text 521 991 590 1023
capacitor 407 957 510 1006
connector 629 1152 679 1323
text 758 1126 788 1186
text 761 1224 789 1265
text 759 1297 789 1357
text 645 1346 723 1381
text 821 1137 905 1254
text 813 1264 874 1388
text 946 1058 973 1115
text 976 1042 1003 1098
capacitor 963 1124 977 1144
capacitor 979 1105 1001 1149
text 939 1317 1472 1383
capacitor 946 1179 1014 1317
text 1021 1211 1049 1281
text 1083 1038 1198 1153
text 1163 1176 1258 1277
text 1236 1063 1268 1130
capacitor 1265 991 1294 1058
resistor 1377 1238 1421 1261
text 1426 1233 1479 1258
inductor 1304 986 1340 1073
text 1276 1084 1308 1134
text 1311 1095 1340 1143
inductor 1349 1052 1386 1143
capacitor 1442 981 1510 1120
capacitor 1515 981 1585 1120
text 1466 1130 1497 1189
text 1521 1129 1553 1192
text 1397 1084 1426 1132
inductor 1393 988 1428 1077
capacitor 1373 1003 1387 1025
text 1363 1152 1390 1209
text 1335 1152 1361 1209
capacitor 1350 996 1369 1041
text 1557 1187 1587 1255
text 1714 1183 1750 1263
text 1536 1346 1584 1374
text 1722 1342 1765 1373
resistor 1596 1348 1639 1370
led 1654 1347 1710 1374
button 1588 1165 1718 1323
text 1872 1247 1903 1319
text 2012 1244 2041 1324
text 2152 1251 2183 1312
pads 1912 1239 1936 1329
pads 2053 1236 2076 1329
pads 2190 1236 2216 1331
text 1924 1182 1952 1196
text 2064 1182 2090 1195
text 2203 1181 2229 1197
text 1957 1154 2024 1187
text 2087 1150 2154 1182
text 2232 1148 2291 1182
jumper 1950 1255 2022 1386
jumper 2086 1252 2165 1379
jumper 2230 1189 2311 1321
connector 1946 1193 2010 1257
connector 2082 1189 2150 1254
connector 2227 1320 2291 1377
resistor 1509 290 1598 315
text 2407 193 2442 213
text 619 59 731 169
text 671 1083 800 1160
component 339 74 378 124
component 264 193 314 251
component 327 370 384 507
component 978 325 1012 347
component 2218 830 2292 905
component 1870 740 2018 901
component 1250 569 1512 953
component 981 655 1014 738
component 982 922 1013 1002
component 723 627 796 697
component 725 889 799 957
component 818 606 951 699
component 822 872 944 963
component 466 744 500 795
component 389 863 437 921
component 263 603 313 663
component 468 1040 502 1093
component 391 1156 439 1214
component 1688 1101 1726 1121
