text 3365 236 3659 335
text 3878 340 3944 377
text 3823 398 3915 436
text 3806 438 3915 477
text 3877 505 3943 544
text 3821 578 3915 619
text 3680 639 3749 680
text 3635 410 3725 448
text 3427 499 3487 527
text 3428 577 3486 603
text 3187 273 3236 296
text 3195 299 3242 321
text 3193 320 3242 342
text 3193 343 3240 364
text 3193 363 3241 385
text 3195 386 3241 407
text 3191 410 3239 432
text 3190 432 3238 453
text 3190 453 3238 474
text 3188 474 3236 494
text 3195 497 3243 519
text 3195 519 3242 539
text 3193 539 3242 559
text 3191 561 3239 583
text 3193 584 3240 604
text 3190 604 3236 626
text 3189 626 3237 648
text 3190 650 3237 672
text 3091 199 3111 244
text 3065 201 3086 249
text 3045 202 3065 248
text 3024 202 3044 250
text 3000 202 3021 251
text 2980 201 2999 251
text 2958 202 2978 239
text 2934 203 2955 253
text 2914 203 2933 239
text 2891 204 2912 240
text 2870 202 2890 249
text 2846 203 2866 251
text 2825 204 2845 254
text 2736 224 2804 263
text 2720 274 2768 297
text 2715 298 2761 320
text 2715 321 2762 341
text 2715 342 2762 363
text 2713 367 2759 388
text 2716 389 2763 411
text 2716 411 2763 432
text 2716 432 2763 452
text 2715 451 2763 473
text 2720 473 2766 495
text 2715 497 2762 520
text 2718 520 2767 540
text 2718 540 2768 563
text 2714 564 2762 584
text 2715 584 2762 606
text 2714 610 2761 633
text 2712 633 2759 654
text 2725 656 2773 680
text 3139 688 3161 738
text 3105 727 3125 775
text 3080 746 3100 772
text 3059 741 3080 790
text 3036 745 3058 793
text 3012 639 3035 687
text 2993 730 3014 778
text 2971 751 2990 798
text 2954 772 2972 819
text 2928 729 2948 778
text 2902 758 2922 804
text 2882 742 2903 789
text 2862 741 2881 777
text 2813 739 2834 787
text 2837 743 2861 780
text 2462 216 2726 262
text 2651 417 2675 437
text 2589 432 2635 455
text 2537 415 2574 436
text 2485 430 2531 452
text 2478 455 2544 490
text 2660 515 2707 536
text 2596 513 2642 532
text 2479 529 2525 551
text 2500 560 2545 598
text 2634 608 2672 631
text 2516 611 2587 633
text 2363 592 2419 619
text 2357 674 2414 700
text 1952 361 2081 399
text 1883 432 1909 455
text 1864 489 1910 510
text 1864 510 1910 530
text 2001 504 2038 529
text 2027 531 2090 567
text 1952 599 2084 636
text 1878 666 1904 688
text 1861 717 1908 736
text 1862 736 1909 757
text 1986 721 2020 743
text 2021 764 2084 800
text 654 290 711 320
text 659 378 715 406
text 409 272 561 313
text 680 481 836 557
text 722 563 832 599
text 602 538 665 576
text 726 664 753 701
text 551 721 723 757
text 436 715 460 736
text 390 714 414 739
text 394 328 419 338
text 438 324 461 338
text 275 349 365 388
text 277 388 371 429
text 270 429 302 465
text 262 470 358 512
text 254 514 368 561
text 242 651 282 699
text 181 420 208 444
text 74 420 98 445
text 185 719 201 742
text 85 722 97 745
text 13 730 63 771
text 23 678 48 704
text 3923 771 4010 814
text 3959 849 4006 889
text 3813 786 3858 823
text 3816 830 3863 852
text 3815 851 3863 873
text 3667 775 3757 814
text 3706 851 3753 890
text 3554 787 3603 825
text 3560 829 3607 850
text 3558 850 3609 870
text 3548 879 3595 902
text 3912 908 3967 934
text 3639 897 3903 943
text 3911 984 3968 1008
text 3879 1010 3947 1049
text 3858 961 3881 1010
text 3835 959 3857 1007
text 3813 968 3833 1003
text 3794 976 3813 1022
text 3770 961 3792 998
text 3749 969 3770 1005
text 3728 981 3748 1027
text 3704 966 3724 1001
text 3681 966 3702 1000
text 3663 978 3681 1014
text 3636 964 3659 1000
text 3616 967 3635 1003
text 3594 969 3616 1016
text 3571 965 3591 1003
text 3549 967 3569 1006
text 3503 961 3525 998
text 3482 968 3502 1014
text 4039 1078 4103 1116
text 4047 1116 4094 1152
text 4059 1155 4097 1176
text 3919 1060 3953 1082
text 3900 1086 3947 1106
text 3913 1106 3949 1124
text 3919 1127 3955 1148
text 3966 1087 4014 1108
text 3991 1134 4029 1156
text 3931 1231 4001 1252
text 3966 1250 4001 1270
text 4055 1248 4094 1271
text 4029 1231 4065 1250
text 4032 1323 4058 1343
text 3930 1324 3966 1346
text 4032 1342 4099 1377
text 4032 1377 4100 1410
text 3839 1163 3859 1184
text 3845 1184 3855 1208
text 3842 1209 3854 1229
text 3843 1228 3855 1248
text 3837 1249 3856 1271
text 3841 1273 3854 1293
text 3844 1296 3856 1317
text 3878 1356 3912 1378
text 3894 1377 3940 1399
text 3862 1414 3884 1461
text 3837 1427 3857 1462
text 3814 1419 3836 1467
text 3789 1419 3811 1466
text 3767 1418 3788 1467
text 3748 1418 3767 1468
text 3726 1419 3747 1468
text 3708 1419 3725 1469
text 3682 1418 3704 1468
text 3664 1420 3683 1467
text 3644 1420 3664 1468
text 3615 1422 3636 1470
text 3595 1421 3613 1469
text 3574 1419 3594 1467
text 3554 1426 3573 1464
text 3525 1397 3546 1432
text 3502 1310 3526 1357
text 3470 1369 3489 1414
text 3498 1490 3555 1517
text 3445 1461 3501 1490
text 3414 1026 3462 1048
text 3370 1065 3418 1086
text 3371 1087 3419 1106
text 3374 1106 3422 1129
text 3374 1129 3423 1149
text 3372 1148 3422 1171
text 3377 1173 3424 1193
text 3375 1194 3422 1214
text 3374 1215 3422 1237
text 3411 1239 3424 1259
text 3376 1241 3400 1261
text 3376 1263 3424 1285
text 3376 1286 3423 1307
text 3380 1306 3428 1326
text 3356 1325 3401 1348
text 3371 1347 3421 1369
text 3048 795 3332 833
text 3342 877 3389 914
text 3304 890 3317 912
text 3312 909 3326 929
text 3305 927 3317 948
text 3313 944 3326 965
text 3306 963 3317 985
text 3316 980 3326 1001
text 3304 999 3319 1019
text 3316 1016 3328 1037
text 3305 1035 3316 1056
text 3316 1049 3329 1070
text 3308 1072 3318 1092
text 3315 1088 3330 1110
text 3304 1108 3318 1129
text 3319 1121 3331 1145
text 3305 1142 3319 1164
text 3318 1161 3329 1182
text 3306 1179 3319 1199
text 3316 1195 3329 1216
text 3304 1215 3319 1235
text 3316 1229 3329 1250
text 3299 1251 3325 1272
text 3317 1270 3340 1291
text 3299 1288 3323 1307
text 3317 1303 3341 1324
text 3300 1323 3324 1344
text 3318 1342 3341 1363
text 3300 1358 3323 1380
text 3319 1376 3342 1396
text 3299 1395 3323 1416
text 3317 1413 3330 1433
text 3300 1432 3324 1452
text 3316 1450 3340 1471
text 3300 1468 3323 1487
text 3316 1484 3339 1506
text 3265 858 3275 879
text 3244 842 3256 863
text 3228 858 3240 878
text 3207 841 3220 863
text 3192 858 3204 878
text 3174 841 3185 862
text 3155 855 3168 879
text 3140 842 3151 863
text 3119 859 3134 878
text 3078 859 3099 879
text 3060 839 3081 862
text 3041 859 3062 878
text 3019 841 3042 860
text 3005 858 3026 879
text 2986 839 3008 861
text 2970 858 2991 879
text 2950 841 2971 860
text 2933 858 2955 879
text 2913 839 2937 858
text 2898 858 2921 880
text 2876 840 2900 861
text 2861 860 2885 879
text 2839 837 2862 860
text 2825 858 2848 881
text 2806 840 2829 860
text 2790 859 2812 880
text 2767 840 2790 861
text 2752 859 2777 879
text 2731 840 2756 861
text 2717 860 2740 881
text 2700 839 2725 862
text 2681 858 2705 879
text 2660 841 2685 862
text 2366 887 2421 915
text 2320 911 2371 936
text 2425 957 2448 1006
text 2406 977 2424 1003
text 2386 973 2406 1020
text 2361 969 2381 1005
text 2339 958 2360 994
text 2319 972 2340 1008
text 2293 958 2315 995
text 2271 960 2292 1008
text 2252 971 2270 996
text 2229 960 2251 997
text 2204 969 2226 1004
text 2184 969 2204 1004
text 2162 957 2183 1005
text 2141 964 2161 1010
text 2118 970 2139 1006
text 2098 974 2117 998
text 2079 975 2099 1010
text 2048 977 2071 1012
text 2453 1031 2501 1052
text 2492 1067 2539 1092
text 2413 1093 2450 1118
text 2486 1112 2532 1133
text 2518 1135 2554 1157
text 2516 1158 2552 1179
text 2489 1178 2535 1200
text 2507 1201 2556 1225
text 2413 1224 2448 1247
text 2493 1246 2529 1268
text 2413 1269 2450 1290
text 2412 1291 2449 1312
text 2512 1314 2560 1335
text 2511 1335 2559 1356
text 2457 1375 2502 1397
text 2426 1425 2446 1461
text 2404 1425 2426 1462
text 2383 1422 2403 1472
text 2362 1421 2382 1459
text 2341 1417 2361 1465
text 2315 1421 2337 1457
text 2293 1421 2315 1456
text 2273 1418 2293 1455
text 2252 1417 2273 1456
text 2231 1404 2253 1444
text 2208 1418 2229 1455
text 2183 1418 2204 1456
text 2162 1421 2182 1460
text 2142 1420 2162 1457
text 2118 1415 2139 1452
text 2099 1406 2119 1443
text 2073 1423 2096 1462
text 2047 1416 2070 1454
text 1787 973 2048 1021
text 2003 1022 2050 1058
text 1965 1069 2010 1091
text 1963 1091 2011 1112
text 1982 1114 2031 1135
text 1966 1135 2010 1156
text 1986 1163 2021 1182
text 1991 1182 2036 1203
text 1971 1205 2016 1225
text 1979 1226 2016 1247
text 1929 1235 1965 1254
text 1986 1245 2032 1268
text 2079 1271 2103 1291
text 1973 1295 2019 1316
text 1981 1314 2028 1334
text 1974 1342 2021 1364
text 1940 1140 1965 1161
text 1902 1157 1939 1177
text 1829 1139 1864 1161
text 1784 1159 1819 1181
text 1767 1185 1831 1224
text 1717 1185 1762 1224
text 1825 1231 1870 1249
text 1801 1258 1834 1277
text 1784 1280 1831 1317
text 1733 1279 1778 1317
text 1929 1321 1967 1343
text 1803 1320 1874 1344
text 2409 454 2475 492
text 2427 561 2494 597
text 1636 1154 1659 1177
text 1625 1179 1647 1203
text 1635 1233 1688 1261
text 1633 1311 1689 1339
text 1520 1174 1588 1214
text 1544 1232 1588 1270
text 1537 1314 1583 1352
text 1525 1233 1536 1254
text 1523 1275 1537 1298
text 1477 1165 1508 1216
text 1437 1168 1465 1220
text 1397 1166 1425 1218
text 1336 1169 1364 1220
text 1298 1185 1326 1223
text 1244 1151 1271 1223
text 1503 1319 1530 1373
text 1455 1320 1482 1374
text 1409 1318 1436 1370
text 1362 1319 1388 1373
text 1299 1318 1326 1358
text 1250 1320 1279 1375
text 1214 1230 1238 1256
text 1214 1278 1237 1303
text 1081 1154 1092 1177
text 1090 1181 1112 1202
text 974 1166 1021 1206
text 655 770 841 816
text 729 830 771 869
text 678 848 714 871
text 539 865 666 903
text 727 975 773 1015
text 672 964 710 985
text 554 935 665 974
text 109 828 174 864
text 62 848 75 868
text 203 849 216 866
text 232 850 279 981
text 280 834 318 1027
text 282 1032 339 1060
text 200 1056 213 1077
text 67 1053 78 1074
text 641 1029 695 1060
text 640 1111 698 1138
text 286 1114 344 1141
text 72 1132 121 1170
component 419 1188 446 1211
component 382 1189 410 1213
component 257 1189 286 1214
text 982 1296 1050 1337
text 1127 1340 1175 1381
text 853 1339 1111 1381
text 819 1404 870 1444
text 954 1457 991 1505
text 1047 1457 1086 1544
text 1005 1556 1076 1595
text 843 1614 891 1654
component 3949 1602 3991 1783
text 3868 1580 3893 1596
text 3811 1634 3849 1658
text 3866 1686 3891 1713
text 3870 1720 3894 1746
text 3814 1785 3852 1810
text 3708 1785 3757 1823
text 3548 1634 3603 1666
text 3493 1676 3531 1701
text 3509 1710 3548 1734
text 3496 1739 3533 1762
text 3505 1766 3542 1789
text 3758 1851 3891 1892
text 3841 1918 3889 1958
text 4025 2001 4036 2027
text 3933 2011 3947 2035
text 3852 2009 3864 2034
text 3756 1993 3823 2033
text 3314 1850 3352 1877
text 3271 1916 3306 1938
text 3313 1966 3487 2015
text 3213 1975 3260 2015
text 3488 2023 3534 2062
text 2974 1549 3006 1593
text 3068 1789 3199 1829
text 3172 1894 3195 1921
text 3140 1832 3163 1860
text 3082 1838 3106 1863
text 3099 1949 3122 1972
text 3019 1817 3067 1856
text 2933 1829 2953 1856
text 2947 1933 2971 1959
text 2946 1993 2972 2016
text 2890 1946 2914 1968
text 2870 1834 2893 1860
text 2815 1816 2856 1854
text 2660 1819 2787 1856
text 2725 1952 2751 1971
text 2533 1857 2589 1887
text 2533 1938 2590 1964
text 2409 1476 2465 1505
text 2407 1560 2463 1587
text 2065 1860 2123 1891
text 2072 1940 2130 1966
text 1835 1403 1893 1432
text 1801 1431 1829 1489
text 1714 1425 1763 1448
text 1576 1497 1623 1518
text 1424 1423 1469 1446
text 1230 1395 1341 1433
text 1235 1432 1323 1468
text 1220 1491 1257 1515
text 1811 1589 1858 1612
text 1545 1574 1570 1599
text 1525 1608 1564 1630
text 1419 1536 1443 1557
text 1220 1544 1327 1583
text 1212 1604 1250 1628
text 1410 1592 1450 1616
text 1599 1669 1646 1690
text 1545 1672 1593 1694
text 1475 1713 1521 1738
text 1287 1693 1334 1717
text 1235 1693 1282 1713
text 1608 1711 1644 1732
text 1578 1730 1627 1754
text 1507 1752 1556 1774
text 1579 1772 1627 1793
text 1526 1793 1548 1815
text 1533 1836 1582 1858
text 1239 1742 1286 1765
text 1238 1765 1286 1786
text 1257 1798 1278 1846
text 1342 1777 1374 1811
text 1485 1945 1555 1983
text 1211 1933 1260 1955
text 1226 1969 1275 1993
text 1052 1605 1076 1617
text 999 1607 1024 1619
text 1093 1630 1133 1662
text 1093 1675 1132 1706
text 1093 1717 1134 1748
text 1140 1737 1181 1934
text 1094 1765 1133 1795
text 1093 1810 1133 1842
text 1093 1859 1133 1887
text 1092 1899 1131 1929
text 1092 1950 1131 1979
text 1093 1991 1133 2021
text 940 1624 993 1653
text 955 1669 993 1697
text 954 1713 992 1740
text 957 1761 994 1789
text 957 1804 994 1832
text 958 1847 995 1875
text 902 1903 992 1933
text 954 1950 992 1979
text 917 1993 991 2022
text 1857 1679 1894 1715
component 646 2028 679 2082
component 68 2034 99 2079
text 793 1945 853 1979
text 804 2031 861 2060
text 1050 2037 1076 2062
text 999 2039 1025 2067
text 4066 2238 4082 2262
text 3999 2241 4051 2279
text 4059 2295 4069 2320
text 3934 2236 3950 2262
text 3942 2298 3958 2324
text 3831 2240 3902 2280
text 3824 2285 3873 2324
text 3802 2239 3817 2263
text 3644 2091 3693 2129
text 3574 2109 3624 2134
text 3424 2204 3482 2234
text 3422 2289 3479 2321
text 3080 2194 3263 2244
text 3579 2380 3617 2403
text 3358 2342 3394 2376
text 3116 2358 3228 2401
text 3174 2459 3223 2500
text 2926 2098 2940 2123
text 2926 2142 2939 2168
text 2847 2187 2915 2227
text 2379 2184 2815 2228
text 2481 2221 2521 2246
text 2485 2302 2524 2327
text 2635 2385 2686 2409
text 2192 2065 2219 2086
text 2118 2102 2132 2126
text 2079 2144 2137 2178
text 2196 2185 2221 2211
text 2195 2356 2307 2398
text 2272 2463 2322 2501
text 1876 1916 1919 1958
text 1820 2027 1870 2070
text 1802 2115 1850 2139
text 1792 2151 1832 2178
text 1545 2005 1595 2024
text 1631 2166 1670 2203
text 1850 2211 1900 2236
text 1669 2274 1716 2299
text 1576 2245 1611 2269
text 1521 2156 1570 2179
text 1480 2177 1516 2204
text 1453 2259 1487 2282
text 1248 2026 1356 2066
text 1260 2068 1333 2108
text 1249 2170 1287 2196
text 1713 2383 1763 2411
text 1266 2347 1380 2399
text 1324 2460 1395 2507
text 1329 2555 1369 2579
text 1134 2513 1192 2545
text 1135 2592 1192 2619
text 1053 2357 1095 2519
text 982 2098 1032 2138
text 944 2150 980 2185
text 925 2193 983 2224
text 944 2234 982 2266
text 909 2285 984 2315
text 910 2334 985 2366
text 921 2380 982 2411
text 911 2427 984 2455
text 905 2469 982 2499
text 938 2514 980 2544
text 782 2637 1094 2856
text 460 2623 690 2678
text 109 2680 691 2724
text 4055 2537 4069 2560
text 3947 2540 3961 2562
text 3838 2569 4102 2619
text 3839 2626 3895 2655
text 3839 2708 3898 2735
text 3579 2782 3629 2808
text 3457 2675 3509 2700
text 3361 2737 3398 2776
text 3189 2552 3228 2577
text 3247 2817 3274 2843
text 3119 2737 3145 2763
text 3098 2785 3147 2808
text 3093 2805 3140 2829
text 2940 2580 2997 2610
text 2937 2665 2997 2692
text 2622 2710 2670 2734
text 2675 2783 2724 2807
text 2453 2739 2490 2772
text 2351 2818 2379 2843
text 2252 2551 2290 2576
text 2225 2753 2251 2779
text 2207 2790 2254 2813
text 2208 2812 2243 2835
text 2012 2585 2073 2617
text 2014 2665 2073 2694
text 1687 2711 1736 2736
text 1748 2789 1796 2815
text 1531 2741 1565 2778
text 1405 2825 1434 2850
text 1314 2821 1364 2845
text 1288 2734 1315 2760
text 1269 2783 1317 2805
button 3915 359 4063 506
button 3916 524 4062 668
switch 3591 443 3784 635
connector 3431 528 3489 582
text 2835 334 2855 360
ic 2850 319 3123 628
component 2932 350 3018 596
resistor 3137 284 3170 297
resistor 3139 306 3170 319
resistor 3139 327 3169 340
resistor 3138 349 3171 362
resistor 3138 370 3169 384
resistor 3138 393 3170 406
resistor 3138 414 3171 428
resistor 3139 436 3171 450
resistor 3139 458 3171 473
resistor 3139 481 3172 494
resistor 3138 502 3171 515
resistor 3138 522 3172 538
resistor 3139 545 3172 559
resistor 3140 568 3171 581
resistor 3141 589 3172 602
resistor 3139 611 3171 626
resistor 3139 633 3172 647
resistor 3139 654 3168 669
resistor 3124 695 3139 731
resistor 3103 694 3117 729
resistor 3080 696 3095 730
resistor 3059 695 3073 730
resistor 3038 695 3052 729
resistor 3015 695 3030 728
resistor 2992 695 3007 730
resistor 2971 695 2986 729
resistor 2949 695 2964 731
resistor 2926 695 2942 731
resistor 2907 695 2919 731
resistor 2884 695 2898 731
resistor 2862 696 2876 731
resistor 2839 696 2854 732
resistor 2817 695 2833 731
resistor 3090 264 3105 296
resistor 3068 263 3084 299
resistor 3047 263 3062 297
resistor 3024 263 3040 297
resistor 3002 263 3017 295
resistor 2980 264 2995 298
resistor 2958 264 2974 297
resistor 2937 262 2951 299
resistor 2914 262 2930 299
resistor 2893 263 2908 298
resistor 2871 263 2886 300
resistor 2850 263 2863 298
resistor 2827 261 2843 297
resistor 2782 283 2814 298
resistor 2782 304 2814 319
resistor 2779 327 2813 341
resistor 2781 347 2813 364
resistor 2780 370 2812 386
resistor 2780 392 2815 408
resistor 2782 414 2813 430
resistor 2780 435 2813 452
resistor 2781 457 2814 474
resistor 2781 480 2814 496
resistor 2782 502 2814 517
resistor 2781 524 2813 539
resistor 2781 546 2814 560
resistor 2781 567 2814 584
resistor 2780 589 2814 605
resistor 2782 610 2814 626
resistor 2781 633 2815 648
resistor 2782 655 2815 672
connector 2546 454 2688 513
resistor 2646 437 2680 451
resistor 2543 437 2577 452
resistor 2648 533 2679 547
capacitor 2583 531 2633 550
resistor 2538 533 2568 551
connector 2548 555 2690 606
connector 2358 621 2414 681
button 2065 411 2211 559
button 2066 650 2211 797
transistor 1908 428 1971 491
led 1981 465 2030 492
resistor 1922 492 1955 506
resistor 1922 507 1955 521
connector 840 304 1799 1156
resistor 1924 719 1958 734
resistor 1924 734 1959 749
led 1979 697 2026 717
transistor 1910 656 1968 717
component 1536 419 1631 512
connector 666 322 720 377
text 830 617 839 644
jumper 751 598 828 708
button 557 576 703 720
connector 378 339 476 711
connector 51 445 236 720
potentiometer 40 865 231 1053
connector 287 1054 350 1113
led 730 874 778 896
led 728 944 779 963
resistor 678 877 714 894
resistor 679 946 712 962
connector 656 1062 709 1114
led 3933 825 3978 843
transistor 3860 779 3921 835
resistor 3871 838 3902 852
resistor 3869 852 3903 866
connector 3914 936 3968 990
led 3676 824 3726 847
transistor 3604 776 3664 835
resistor 3618 838 3649 852
resistor 3617 852 3650 866
pads 3614 883 3651 902
ic 2659 882 3301 1523
resistor 3930 1161 3962 1177
capacitor 3967 1157 4019 1174
resistor 4023 1160 4055 1174
connector 3929 1180 4072 1231
resistor 4020 1253 4052 1264
resistor 3928 1252 3960 1266
connector 3929 1269 3978 1319
jumper 3978 1263 4091 1321
ic 3533 1078 3844 1354
component 3569 1156 3809 1243
resistor 3867 1070 3899 1084
resistor 3866 1091 3900 1105
resistor 3869 1114 3899 1126
resistor 3868 1135 3899 1148
resistor 3868 1156 3900 1171
resistor 3868 1179 3899 1192
resistor 3867 1200 3900 1215
resistor 3868 1222 3900 1236
resistor 3870 1245 3901 1259
resistor 3868 1265 3901 1279
resistor 3868 1287 3900 1303
resistor 3868 1310 3901 1325
resistor 3868 1332 3900 1348
resistor 3861 1368 3875 1400
resistor 3839 1366 3853 1400
resistor 3818 1367 3831 1400
resistor 3795 1367 3809 1400
resistor 3774 1368 3787 1402
resistor 3751 1367 3764 1403
resistor 3729 1368 3744 1402
resistor 3707 1367 3721 1401
resistor 3686 1367 3700 1401
resistor 3664 1366 3677 1402
resistor 3641 1367 3655 1401
resistor 3620 1367 3635 1402
resistor 3597 1367 3611 1400
resistor 3575 1368 3590 1401
resistor 3554 1368 3567 1401
resistor 3531 1367 3545 1400
resistor 3510 1366 3523 1401
resistor 3489 1367 3502 1402
resistor 3859 1023 3873 1055
resistor 3837 1023 3852 1054
resistor 3816 1024 3830 1057
resistor 3794 1023 3808 1056
resistor 3773 1024 3786 1056
resistor 3749 1023 3764 1057
resistor 3728 1024 3741 1056
resistor 3706 1023 3721 1056
resistor 3684 1024 3699 1056
resistor 3661 1023 3676 1057
resistor 3640 1023 3655 1057
resistor 3619 1024 3632 1057
resistor 3595 1024 3611 1057
resistor 3574 1022 3589 1058
resistor 3552 1022 3567 1059
text 3529 987 3551 998
resistor 3532 1023 3545 1059
resistor 3509 1025 3524 1059
resistor 3487 1023 3501 1059
resistor 3440 1049 3475 1062
resistor 3439 1070 3474 1083
resistor 3442 1092 3474 1106
resistor 3441 1115 3474 1127
resistor 3441 1135 3473 1149
resistor 3441 1158 3474 1172
resistor 3442 1180 3474 1193
resistor 3443 1201 3474 1216
resistor 3441 1223 3476 1237
resistor 3441 1245 3474 1259
resistor 3441 1268 3474 1281
resistor 3442 1290 3474 1304
resistor 3442 1311 3474 1326
resistor 3443 1333 3474 1348
resistor 3442 1355 3476 1369
connector 3498 1438 3556 1495
resistor 2457 1053 2492 1067
resistor 2457 1074 2491 1089
resistor 2458 1097 2491 1112
resistor 2458 1119 2492 1134
resistor 2458 1141 2492 1154
resistor 2458 1162 2492 1177
resistor 2458 1185 2490 1200
resistor 2458 1206 2491 1222
resistor 2459 1228 2492 1242
resistor 2460 1251 2492 1265
resistor 2459 1272 2491 1286
resistor 2460 1295 2492 1309
resistor 2458 1316 2494 1331
resistor 2460 1339 2494 1353
resistor 2459 1361 2494 1375
resistor 2429 1370 2443 1401
resistor 2408 1370 2422 1400
resistor 2385 1369 2400 1402
resistor 2364 1368 2378 1404
resistor 2342 1368 2357 1404
resistor 2319 1368 2335 1401
resistor 2298 1368 2312 1402
resistor 2276 1369 2290 1404
resistor 2254 1369 2268 1403
resistor 2231 1369 2247 1404
resistor 2211 1369 2225 1402
resistor 2188 1368 2202 1402
resistor 2166 1370 2181 1402
resistor 2144 1369 2158 1402
resistor 2123 1368 2136 1401
resistor 2100 1368 2115 1404
resistor 2079 1369 2093 1403
resistor 2055 1368 2071 1403
resistor 2429 1020 2443 1055
resistor 2406 1021 2422 1055
resistor 2384 1020 2400 1056
resistor 2363 1020 2377 1055
resistor 2342 1020 2355 1055
resistor 2319 1021 2332 1055
resistor 2298 1021 2311 1053
resistor 2275 1021 2289 1054
resistor 2252 1021 2267 1052
resistor 2231 1023 2245 1052
resistor 2209 1022 2225 1052
resistor 2187 1021 2201 1053
resistor 2165 1021 2180 1055
resistor 2144 1022 2158 1054
resistor 2122 1021 2135 1055
resistor 2099 1022 2113 1055
resistor 2077 1022 2091 1056
resistor 2055 1023 2069 1055
resistor 2032 1076 2063 1091
resistor 2030 1098 2062 1112
resistor 2033 1120 2064 1135
resistor 2032 1142 2064 1156
resistor 2031 1164 2062 1178
resistor 2033 1187 2063 1200
resistor 2032 1208 2062 1223
resistor 2032 1230 2062 1244
resistor 2032 1252 2063 1267
resistor 2032 1274 2062 1288
resistor 2031 1295 2064 1309
resistor 2031 1318 2064 1332
resistor 2032 1339 2064 1353
ic 2104 1071 2411 1346
component 2135 1187 2377 1275
pads 1834 1162 1869 1177
resistor 1941 1162 1971 1177
connector 1833 1183 1879 1231
jumper 1878 1174 1971 1232
pads 1945 1250 1976 1266
capacitor 1871 1245 1919 1264
resistor 1829 1250 1861 1263
connector 1930 1269 1974 1320
jumper 1835 1261 1936 1321
connector 1638 1264 1690 1319
jumper 1457 1220 1519 1318
jumper 1410 1219 1456 1320
jumper 1365 1218 1410 1320
jumper 1321 1220 1365 1320
connector 1240 1223 1320 1320
connector 947 1405 1092 1456
ic 752 1445 893 1567
ic 752 1683 892 1808
connector 991 1619 1089 2039
connector 807 1975 861 2033
connector 985 2140 1037 2561
connector 1130 2537 1192 2592
connector 3895 1410 4111 1975
resistor 3813 1662 3846 1677
inductor 3809 1685 3867 1714
inductor 3807 1719 3868 1749
capacitor 3813 1766 3863 1787
ic 3628 1658 3775 1783
resistor 3561 1670 3594 1685
capacitor 3551 1687 3603 1708
capacitor 3552 1715 3604 1733
capacitor 3551 1743 3603 1763
capacitor 3552 1769 3603 1790
connector 3303 1887 3361 1941
inductor 3012 1545 3042 1605
capacitor 3157 1891 3170 1923
electrolytic 3110 1860 3151 1953
capacitor 3086 1879 3107 1932
clock 2978 1859 3074 2001
clock 2766 1854 2862 1995
capacitor 2949 1881 2962 1915
resistor 2942 1979 2974 1992
electrolytic 2901 1855 2943 1949
capacitor 2872 1875 2889 1929
resistor 2720 1973 2754 1988
connector 2533 1888 2591 1938
connector 2412 1505 2469 1561
connector 2072 1879 2127 1939
connector 1825 1428 1881 1489
resistor 1653 1450 1766 1497
potentiometer 1467 1393 1650 1493
resistor 1366 1450 1470 1497
electrolytic 1674 1615 1874 1699
led 1446 1569 1493 1595
transistor 1362 1534 1419 1590
resistor 1374 1595 1406 1609
electrolytic 1348 1621 1545 1707
capacitor 1235 1663 1295 1693
capacitor 1287 1719 1347 1748
capacitor 1291 1769 1344 1789
capacitor 1555 1697 1588 1711
capacitor 1532 1733 1578 1752
capacitor 1533 1775 1580 1793
capacitor 1531 1815 1584 1834
capacitor 1227 1787 1255 1848
capacitor 1225 1874 1255 1936
electrolytic 1276 1797 1361 1993
ic 1385 1766 1525 1948
pads 1301 1749 1335 1771
resistor 1593 1692 1644 1712
resistor 1554 1714 1588 1729
resistor 1556 1755 1586 1771
resistor 1554 1797 1586 1813
inductor 1633 1727 1887 1961
inductor 1685 2019 1816 2097
resistor 1690 2101 1803 2148
capacitor 1715 2154 1767 2177
electrolytic 1650 2182 1847 2270
capacitor 1717 2277 1768 2300
capacitor 1545 2025 1597 2047
capacitor 1558 2269 1609 2291
connector 1456 2196 1509 2255
test 1250 2128 1291 2168
display 46 1152 707 2618
switch 3761 2036 4111 2243
connector 3847 2305 4111 2565
connector 3846 2651 3902 2713
connector 3422 2240 3476 2301
led 3645 2131 3689 2157
resistor 3598 2135 3629 2151
connector 3321 2017 3488 2184
connector 3088 2014 3258 2187
electrolytic 3375 2356 3578 2448
unknown 3225 2462 3707 2720
capacitor 3457 2703 3517 2731
electrolytic 3380 2754 3576 2842
led 3225 2784 3266 2804
test 3147 2573 3183 2612
connector 2934 2613 3000 2673
transistor 3144 2730 3203 2789
resistor 3153 2792 3186 2808
resistor 3154 2809 3187 2823
electrolytic 2482 2369 2633 2438
text 2477 2426 2496 2447
unknown 2325 2463 2794 2707
capacitor 2551 2705 2612 2735
electrolytic 2472 2752 2674 2840
transistor 2253 2738 2308 2796
led 2330 2790 2378 2812
resistor 2260 2797 2294 2813
resistor 2259 2813 2292 2827
test 2228 2574 2267 2615
connector 2020 2612 2075 2664
connector 2472 2246 2527 2301
connector 2373 2087 2923 2189
connector 2140 2089 2278 2191
jumper 2327 2089 2372 2198
jumper 2279 2087 2326 2201
text 1553 2425 1572 2444
electrolytic 1560 2364 1713 2433
unknown 1402 2463 1866 2724
test 1313 2575 1352 2615
capacitor 1623 2709 1684 2740
electrolytic 1550 2756 1747 2845
led 1385 2787 1432 2809
transistor 1313 2726 1371 2786
resistor 1322 2791 1354 2806
resistor 1322 2807 1354 2821
connector 2371 915 2428 975
component 3629 448 3681 471
component 3627 477 3660 597
component 155 978 188 1014
component 115 999 148 1031
component 70 987 101 1017
component 53 943 82 966
component 69 895 102 925
component 122 881 147 915
component 159 897 187 927
component 177 944 206 971
component 792 1489 849 1547
component 788 1733 849 1784
component 1405 1464 1433 1482
component 1410 1636 1476 1692
component 1479 1414 1585 1443
component 1482 1442 1570 1465
component 1690 1463 1726 1487
component 1666 1741 1826 1946
component 2720 936 3211 1481
component 3689 1668 3738 1763
component 2997 1885 3060 1976
component 2786 1881 2845 1970
component 1287 1862 1340 1935
component 1712 2203 1774 2253
component 1716 2045 1773 2075
component 1731 2112 1769 2131
component 3441 2379 3509 2429
component 2533 2383 2600 2427
component 1605 2380 1672 2423
component 1605 2776 1681 2828
component 2530 2772 2602 2826
component 3440 2775 3512 2827
connector 1508 2059 1643 2148
test 1258 1476 1299 1520
test 1249 1593 1295 1637
test 3896 692 3977 763
test 3948 2624 4018 2689
test 3950 2622 4020 2687
