text 4022 2663 4071 2685
text 3784 2725 3822 2748
text 3644 2678 3683 2702
text 3792 2638 3829 2662
text 3644 2582 3682 2608
text 3784 2590 3822 2612
text 3784 2538 3822 2562
text 3789 2450 3824 2473
text 3516 2434 3541 2456
text 2954 2746 3002 2770
text 2929 2727 2959 2758
text 2692 2756 2741 2781
text 2663 2736 2697 2770
text 2981 2631 3031 2656
text 3065 2578 3081 2599
text 3061 2555 3100 2578
text 3096 2536 3135 2560
text 3063 2515 3085 2538
text 3005 2478 3044 2500
text 3136 2510 3169 2545
text 3154 2478 3202 2500
text 3000 2427 3036 2452
text 2997 2368 3046 2392
text 3019 2315 3068 2337
text 3023 2237 3074 2261
text 3192 2260 3229 2284
text 3109 2252 3132 2275
text 3185 2234 3222 2259
text 2746 2622 2769 2673
text 2595 2713 2619 2761
text 2390 2719 2440 2742
text 2387 2646 2435 2671
text 2380 2589 2429 2616
text 2379 2546 2429 2570
text 2471 2495 2509 2525
text 2347 2451 2399 2478
text 2490 2434 2539 2460
text 2497 2365 2546 2389
text 2364 2265 2413 2291
text 2448 2234 2496 2258
text 2409 2140 2460 2164
text 2248 2240 2297 2266
text 1745 2825 1795 2850
text 1685 2744 1734 2766
text 1593 2724 1626 2760
text 1589 2618 1624 2655
text 1826 2691 1859 2727
text 2022 2464 2056 2495
text 1700 2373 1734 2404
text 1699 2280 1733 2316
text 2026 2277 2061 2314
text 2029 2169 2063 2205
text 1329 2366 1360 2400
text 664 2848 696 2884
text 639 2668 673 2707
text 586 2681 622 2715
text 654 2385 687 2419
text 641 2481 673 2511
text 437 2449 473 2484
text 439 2369 469 2402
text 200 2451 234 2484
text 407 2266 441 2302
text 458 2133 492 2168
text 283 1556 317 1586
text 517 1551 549 1586
text 723 1378 754 1414
text 278 1193 313 1228
text 307 866 344 898
text 517 673 554 706
text 2220 792 2257 825
text 2015 989 2048 1024
text 2111 1701 2142 1736
text 1697 1529 1730 1565
text 1697 1429 1731 1464
text 1861 2709 1911 2734
text 1500 2698 1550 2721
text 1500 2668 1542 2692
text 1506 2643 1543 2668
text 1692 2640 1731 2660
text 2036 2490 2085 2517
text 2041 2419 2087 2442
text 1636 2499 1687 2524
text 1790 2434 1839 2459
text 1790 2407 1836 2432
text 1748 2393 1787 2416
text 1566 2445 1617 2469
text 1430 2427 1478 2446
text 1351 2825 1384 2859
text 1384 2844 1431 2868
text 1286 2794 1334 2819
text 1352 2748 1386 2769
text 1331 2727 1377 2747
text 1350 2705 1386 2726
text 1353 2681 1388 2703
text 1330 2654 1377 2679
text 1349 2632 1384 2653
text 1351 2612 1386 2632
text 1335 2591 1372 2612
text 1352 2566 1390 2588
text 1351 2545 1388 2565
text 1333 2526 1383 2547
text 1343 2501 1391 2522
text 1350 2481 1384 2501
text 1330 2457 1366 2480
text 1345 2433 1393 2458
text 1324 2400 1360 2424
text 1254 2825 1275 2875
text 1227 2835 1249 2883
text 1207 2840 1227 2878
text 1184 2844 1205 2879
text 1162 2827 1183 2874
text 1137 2845 1158 2882
text 1118 2842 1137 2881
text 1098 2818 1118 2869
text 1071 2844 1093 2881
text 1051 2846 1071 2882
text 1026 2832 1048 2868
text 1005 2846 1025 2882
text 983 2835 1005 2881
text 918 2790 967 2818
text 976 2749 1011 2770
text 984 2729 1008 2749
text 976 2699 1013 2722
text 976 2676 1011 2697
text 976 2653 1010 2676
text 977 2629 1011 2651
text 1029 2579 1063 2603
text 988 2576 1024 2595
text 977 2554 1011 2577
text 976 2535 1011 2554
text 974 2513 1012 2536
text 1112 2655 1134 2690
text 1222 2723 1249 2750
text 1227 2660 1263 2684
text 1224 2636 1261 2660
text 1243 2610 1280 2632
text 1242 2586 1280 2608
text 1181 2576 1228 2597
text 1217 2551 1255 2572
text 1219 2530 1256 2551
text 1215 2501 1251 2528
text 1222 2449 1245 2471
text 698 2866 735 2887
text 687 2762 736 2782
text 860 2724 908 2745
text 824 2723 860 2746
text 870 2701 917 2723
text 862 2680 909 2702
text 862 2660 908 2679
text 861 2638 909 2659
text 860 2613 908 2635
text 859 2591 907 2614
text 864 2569 912 2590
text 845 2546 892 2570
text 860 2523 908 2545
text 866 2502 915 2525
text 859 2477 908 2501
text 861 2455 908 2477
text 867 2434 914 2456
text 857 2413 905 2435
text 859 2387 909 2409
text 818 2503 855 2529
text 662 2692 711 2714
text 700 2579 713 2601
text 558 2632 607 2659
text 386 2673 435 2698
text 655 2542 704 2567
text 663 2503 711 2527
text 401 2585 452 2608
text 402 2538 452 2559
text 401 2489 451 2513
text 537 2504 585 2527
text 419 2421 456 2445
text 408 2348 455 2371
text 71 2599 119 2621
text 71 2439 119 2463
text 224 2470 273 2494
text 166 2292 217 2317
text 4050 2114 4089 2139
text 3980 2110 4019 2135
text 4040 2019 4077 2044
text 3878 1845 3929 1869
text 3235 2174 3282 2215
text 3231 2136 3270 2160
text 3281 2014 3391 2053
text 3059 2004 3260 2055
text 2991 2190 3039 2214
text 3002 2042 3028 2066
text 2983 2047 3002 2070
text 2968 1966 3019 1990
text 2903 2120 2926 2171
text 2894 2095 2946 2115
text 2869 2023 2894 2047
text 2806 2147 2856 2170
text 2725 2132 2749 2180
text 2678 2136 2701 2171
text 2656 2114 2705 2135
text 2635 2096 2669 2128
text 2582 2181 2599 2204
text 2570 2093 2622 2117
text 2637 1993 2675 2028
text 2606 1948 2656 1973
text 2063 2191 2114 2214
text 2140 2008 2192 2032
text 1947 2193 1995 2217
text 1920 2253 1958 2277
text 1679 2237 1714 2262
text 1684 2196 1732 2220
text 1724 2174 1773 2198
text 1684 2149 1733 2172
text 1803 2128 1853 2148
text 1527 2320 1577 2343
text 1520 2267 1570 2293
text 1513 2214 1563 2235
text 1317 2339 1366 2361
text 1293 2369 1329 2392
text 1256 2393 1278 2432
text 1236 2392 1256 2430
text 1210 2393 1232 2431
text 1188 2395 1210 2431
text 1168 2393 1190 2431
text 1146 2393 1169 2432
text 1124 2390 1145 2430
text 1100 2394 1123 2432
text 976 2451 1001 2475
text 1037 2430 1075 2454
text 1055 2391 1078 2428
text 1012 2397 1033 2422
text 967 2396 989 2424
text 3858 1802 3910 1829
text 3871 1761 3924 1790
text 3913 1724 3953 1750
text 3917 1674 3956 1699
text 4003 1536 4040 1575
text 3997 1418 4034 1453
text 3760 1613 3816 1641
text 3756 1497 3808 1526
text 3268 1686 3323 1714
text 3367 1588 3406 1613
text 3399 1546 3451 1572
text 3067 1676 3119 1703
text 3067 1583 3121 1609
text 3083 1505 3136 1530
text 3396 1468 3451 1493
text 3307 1468 3362 1495
text 3207 1466 3261 1492
text 3390 1390 3443 1414
text 3218 1419 3268 1442
text 3205 1390 3256 1413
text 3301 1348 3352 1372
text 2854 1831 2878 1870
text 2829 1834 2852 1873
text 2774 1827 2796 1878
text 2752 1826 2773 1878
text 2729 1836 2750 1875
text 2691 1830 2713 1872
text 2748 1692 2772 1744
text 2700 1695 2722 1746
text 2654 1696 2679 1748
text 2606 1696 2629 1749
text 2036 2057 2060 2095
text 2013 2047 2035 2090
text 1991 2062 2015 2101
text 1970 2045 1991 2085
text 1946 2068 1968 2104
text 1925 2071 1947 2107
text 1903 2049 1925 2089
text 1877 2058 1899 2100
text 1855 2066 1879 2105
text 1834 2051 1855 2089
text 1813 2067 1834 2106
text 1789 2069 1810 2108
text 1771 2044 1791 2083
text 1748 2070 1768 2108
text 1719 2072 1741 2095
text 1697 2047 1718 2100
text 1677 2062 1697 2103
text 1654 2068 1675 2106
text 1635 2107 1672 2129
text 1572 2074 1619 2096
text 1407 2195 1456 2216
text 1414 2160 1462 2183
text 1440 2136 1464 2161
text 1444 2096 1480 2118
text 1444 2066 1481 2089
text 1446 2029 1469 2053
text 1443 2003 1478 2025
text 1550 2005 1597 2029
text 1556 1984 1606 2007
text 1551 1963 1598 1985
text 1489 1962 1538 1982
text 1584 1935 1619 1958
text 1547 1917 1599 1938
text 1442 1908 1457 1951
text 1454 1900 1501 1926
text 1668 1893 1704 1915
text 1667 1872 1705 1893
text 1665 1847 1701 1870
text 1665 1826 1705 1846
text 1667 1804 1703 1825
text 1666 1783 1704 1804
text 1666 1760 1704 1781
text 1666 1741 1704 1759
text 1667 1721 1703 1740
text 1667 1699 1704 1720
text 1441 1809 1490 1831
text 1446 1776 1496 1802
text 1455 1742 1493 1766
text 1438 1828 1457 1861
text 1508 1700 1560 1724
text 2001 1980 2049 2001
text 2002 1960 2050 1979
text 2001 1938 2048 1959
text 1999 1914 2049 1938
text 2002 1891 2048 1914
text 1998 1870 2046 1891
text 2001 1848 2048 1869
text 1999 1825 2049 1847
text 1999 1800 2048 1823
text 2000 1779 2047 1801
text 1998 1755 2049 1779
text 1999 1731 2048 1755
text 2000 1707 2048 1731
text 1983 1960 2002 1986
text 1982 1718 2004 1740
text 1957 1962 1979 1998
text 1936 1963 1957 1998
text 1917 1960 1936 2002
text 1894 1963 1915 1989
text 1877 1989 1899 2001
text 1831 1952 1856 2003
text 1836 1908 1857 1947
text 1809 1961 1829 2001
text 1790 1952 1809 2006
text 1764 1951 1788 2002
text 1709 1960 1732 1986
text 1690 1984 1710 1999
text 1915 1832 1953 1854
text 1929 1700 1953 1739
text 1864 1701 1887 1722
text 1897 1729 1919 1745
text 1832 1728 1853 1776
text 1836 1703 1859 1727
text 1812 1701 1832 1739
text 1790 1701 1811 1741
text 1768 1702 1790 1742
text 1708 1719 1729 1744
text 2087 1671 2125 1696
text 1341 2294 1390 2319
text 1345 2270 1393 2293
text 1354 2212 1377 2265
text 1386 2184 1411 2205
text 1353 2182 1375 2207
text 1314 2182 1339 2205
text 1276 2184 1304 2205
text 1240 2184 1266 2206
text 1204 2182 1229 2208
text 1169 2183 1193 2207
text 1129 2183 1155 2207
text 1091 2184 1119 2209
text 1055 2184 1081 2207
text 1020 2184 1043 2206
text 984 2182 1007 2208
text 953 2183 967 2208
text 918 2182 929 2207
text 881 2183 892 2209
text 844 2184 856 2207
text 808 2185 821 2207
text 1304 2279 1326 2329
text 1274 2291 1298 2328
text 1246 2277 1269 2329
text 1219 2284 1241 2322
text 1194 2269 1214 2320
text 1162 2221 1182 2273
text 1085 2280 1135 2300
text 1084 2211 1132 2234
text 1078 2318 1104 2344
text 1025 2300 1047 2346
text 1016 2208 1067 2230
text 987 2335 1011 2351
text 988 2301 1009 2315
text 968 2309 988 2334
text 946 2286 967 2326
text 926 2335 951 2386
text 856 2327 893 2350
text 922 2181 943 2229
text 891 2182 911 2229
text 856 2189 877 2238
text 781 2280 829 2305
text 807 2220 829 2270
text 799 2163 815 2184
text 625 2262 674 2285
text 453 2282 502 2303
text 479 2255 528 2277
text 369 2233 418 2258
text 625 2206 674 2228
text 638 2181 685 2200
text 641 2161 677 2182
text 471 2179 519 2201
text 321 2183 369 2208
text 327 2151 366 2177
text 250 2125 300 2149
text 436 2125 471 2148
text 395 2131 433 2158
text 19 2037 66 2062
text 796 2128 807 2149
text 759 2139 795 2159
text 760 2118 795 2138
text 795 2093 808 2115
text 758 2096 794 2119
text 796 2052 808 2076
text 794 2018 806 2041
text 760 2059 795 2083
text 795 1987 806 2011
text 652 2029 701 2055
text 616 2006 641 2055
text 469 2060 490 2084
text 446 2067 468 2104
text 422 2072 445 2106
text 399 2049 421 2097
text 376 2067 397 2104
text 352 2072 373 2108
text 334 2049 355 2086
text 309 2069 333 2104
text 287 2068 309 2104
text 265 2059 287 2098
text 243 2070 265 2106
text 215 2058 239 2109
text 3392 1214 3442 1241
text 3304 1219 3355 1242
text 3221 1220 3277 1246
text 3252 1090 3303 1114
text 3767 794 3847 819
text 3722 759 3842 784
text 3755 726 3850 752
text 3739 690 3854 722
text 2038 1592 2063 1633
text 2015 1591 2038 1631
text 1991 1594 2016 1634
text 1968 1594 1990 1633
text 1946 1592 1967 1633
text 2106 1554 2139 1591
text 2138 1580 2177 1604
text 2078 1487 2127 1509
text 1986 1502 2036 1530
text 2196 1390 2245 1415
text 2060 1349 2101 1374
text 2055 1277 2093 1299
text 1922 1600 1944 1638
text 1901 1581 1937 1602
text 1903 1603 1921 1636
text 1882 1598 1904 1637
text 1861 1597 1882 1638
text 1832 1597 1857 1635
text 1810 1598 1833 1636
text 1785 1607 1811 1645
text 1764 1597 1786 1638
text 1743 1597 1763 1637
text 1720 1596 1741 1635
text 1699 1585 1720 1639
text 1675 1596 1696 1635
text 1637 1645 1658 1683
text 1753 1554 1804 1583
text 1677 1469 1714 1495
text 1667 1366 1720 1391
text 1763 1259 1814 1287
text 1529 1638 1573 1655
text 1458 1584 1507 1611
text 1603 1552 1654 1576
text 1587 1435 1637 1460
text 1524 1388 1573 1411
text 1558 1302 1606 1326
text 1601 1253 1650 1277
text 2068 1081 2119 1107
text 1956 1060 2007 1084
text 1958 1029 2010 1054
text 1980 964 2030 992
text 1980 879 2031 905
text 1923 949 1945 991
text 1868 941 1892 995
text 1819 943 1842 995
text 1776 942 1801 996
text 1728 943 1752 998
text 1684 941 1710 996
text 1635 942 1661 997
text 1583 942 1612 997
text 1535 942 1565 998
text 1493 941 1521 999
text 1446 942 1472 998
text 1397 944 1423 998
text 1356 943 1379 998
text 1307 941 1329 997
text 1257 943 1282 999
text 1210 945 1231 1000
text 1168 946 1189 999
text 1116 2099 1144 2119
text 1110 2055 1125 2098
text 1114 1977 1130 2010
text 1239 1851 1279 1871
text 1112 1702 1129 1744
text 1407 1543 1457 1566
text 1441 1467 1489 1490
text 1439 1413 1460 1464
text 1370 1503 1393 1531
text 1344 1500 1368 1539
text 1282 1436 1305 1489
text 1253 1453 1278 1504
text 1197 1441 1218 1494
text 1252 1408 1291 1429
text 1216 1384 1250 1420
text 1153 1449 1177 1490
text 999 1438 1021 1488
text 967 1392 1000 1426
text 964 1305 1002 1328
text 939 1385 964 1425
text 920 1497 943 1538
text 883 1502 910 1543
text 851 1503 875 1543
text 815 1520 834 1560
text 1210 1274 1244 1310
text 1203 1196 1243 1221
text 1018 1261 1067 1289
text 824 915 850 936
text 749 910 775 936
text 741 1975 782 1992
text 708 1984 743 2005
text 663 1984 705 2005
text 676 1962 713 1985
text 672 1943 710 1962
text 1114 2027 1133 2045
text 733 1952 772 1968
text 734 1936 772 1952
text 792 1914 806 1935
text 749 1897 792 1914
text 791 1861 807 1882
text 787 1832 804 1854
text 783 1794 807 1817
text 783 1756 805 1782
text 782 1721 806 1745
text 781 1683 806 1710
text 781 1647 808 1672
text 778 1609 804 1636
text 777 1580 804 1602
text 786 1542 810 1580
text 763 1512 784 1565
text 736 1477 773 1499
text 659 1923 709 1943
text 680 1899 718 1919
text 658 1877 706 1899
text 676 1854 712 1875
text 676 1833 711 1854
text 720 1825 772 1848
text 763 1762 784 1813
text 687 1744 737 1765
text 692 1691 741 1714
text 697 1642 747 1664
text 717 1607 764 1627
text 614 1657 663 1681
text 639 1620 688 1644
text 610 1620 633 1658
text 577 1585 600 1636
text 546 1617 569 1655
text 585 1948 606 1997
text 565 1950 586 1996
text 546 1949 565 1997
text 525 1951 545 1997
text 503 1951 525 1997
text 548 1915 570 1949
text 483 1949 503 1987
text 462 1957 484 1993
text 434 1955 457 1995
text 408 1950 429 1998
text 359 1949 382 1996
text 337 1946 358 1996
text 314 1946 336 1998
text 256 1953 278 1983
text 119 1966 164 1990
text 65 1965 116 1987
text 137 1948 184 1971
text 115 1922 163 1943
text 93 1893 142 1915
text 122 1876 168 1899
text 132 1814 183 1839
text 121 1785 170 1810
text 115 1720 165 1746
text 2 1680 48 1705
text 5 1647 52 1672
text 161 1681 209 1703
text 305 1843 344 1866
text 230 1853 268 1873
text 227 1832 265 1853
text 226 1767 263 1790
text 227 1744 264 1766
text 251 1716 273 1739
text 281 1706 301 1742
text 299 1706 325 1744
text 329 1706 350 1745
text 349 1705 372 1743
text 404 1759 430 1794
text 408 1711 427 1747
text 556 1811 606 1834
text 558 1788 605 1810
text 543 1780 561 1818
text 557 1766 607 1789
text 570 1744 606 1766
text 558 1700 606 1724
text 558 1725 604 1744
text 518 1585 541 1631
text 486 1596 508 1645
text 462 1604 486 1639
text 414 1622 437 1655
text 370 1629 393 1654
text 350 1602 371 1628
text 327 1604 348 1652
text 304 1587 327 1635
text 282 1587 304 1634
text 260 1573 282 1621
text 239 1585 261 1637
text 215 1587 238 1638
text 192 1568 240 1589
text 268 1531 315 1554
text 297 1492 333 1528
text 206 1515 247 1539
text 172 1404 224 1426
text 320 1399 361 1425
text 395 1381 445 1404
text 305 1216 356 1242
text 531 1459 580 1484
text 536 1438 574 1459
text 674 1397 723 1421
text 509 1392 559 1417
text 599 1353 635 1374
text 705 1302 755 1324
text 733 1273 782 1296
text 734 1224 784 1247
text 510 1265 560 1291
text 516 1226 565 1250
text 272 1066 322 1093
text 471 1018 525 1044
text 285 993 337 1017
text 288 964 337 988
text 268 845 317 869
text 275 751 325 778
capacitor 4034 2646 4066 2660
resistor 3793 2708 3825 2723
resistor 3796 2665 3826 2679
resistor 3792 2574 3825 2587
resistor 3792 2526 3825 2539
resistor 3796 2476 3830 2490
resistor 3652 2662 3685 2677
resistor 3653 2612 3686 2629
pins 3696 2365 3790 2738
pins 3558 2408 3595 2449
pins 3463 2405 3506 2450
pins 3331 2366 3384 2469
resistor 3517 2413 3549 2431
pins 3442 2703 3493 2759
electrolytic 2943 2658 3149 2751
electrolytic 2680 2669 2882 2758
electrolytic 3067 2322 3154 2525
component 3092 2406 3138 2492
component 2997 2687 3078 2733
component 2731 2696 2812 2743
capacitor 3033 2604 3145 2648
capacitor 2770 2634 2786 2668
capacitor 3009 2579 3042 2592
capacitor 3008 2559 3043 2576
capacitor 3043 2539 3079 2554
resistor 3014 2518 3047 2532
resistor 3014 2502 3045 2517
resistor 3005 2414 3041 2429
capacitor 3005 2393 3040 2407
capacitor 3036 2293 3087 2314
capacitor 2599 2643 2618 2695
capacitor 2444 2698 2555 2744
capacitor 2436 2630 2550 2675
capacitor 2435 2571 2546 2617
capacitor 2446 2527 2496 2553
electrolytic 2402 2306 2488 2508
component 2424 2385 2471 2468
capacitor 2508 2417 2541 2434
capacitor 2509 2387 2543 2402
capacitor 2439 2269 2494 2293
capacitor 2509 2236 2544 2254
capacitor 3038 2264 3092 2284
resistor 3144 2262 3178 2277
resistor 3144 2238 3176 2255
resistor 3099 2240 3128 2251
ic 2556 2191 2989 2627
component 2693 2256 2921 2555
electrolytic 1846 2625 2044 2717
electrolytic 1833 2478 2037 2566
electrolytic 1611 2657 1815 2744
electrolytic 1606 2553 1811 2640
electrolytic 1368 2760 1568 2846
electrolytic 1355 2342 1556 2432
component 1891 2652 1973 2705
component 1656 2679 1738 2732
component 1413 2782 1495 2835
component 1905 2501 1977 2552
component 1666 2576 1738 2627
capacitor 1690 2486 1804 2533
capacitor 1675 2780 1786 2827
pins 1918 2570 2048 2619
capacitor 1923 2411 2035 2460
capacitor 1851 2435 1884 2449
capacitor 1852 2408 1886 2424
pins 1919 2320 2053 2375
electrolytic 1717 2304 1919 2392
pins 1707 2400 1752 2452
capacitor 1570 2394 1682 2443
capacitor 1391 2698 1502 2747
capacitor 1423 2671 1476 2691
capacitor 1421 2645 1477 2665
pins 1424 2466 1566 2620
capacitor 1434 2443 1488 2465
resistor 1300 2771 1332 2788
resistor 1299 2748 1332 2763
resistor 1299 2726 1331 2742
resistor 1298 2703 1332 2718
resistor 1299 2681 1332 2697
resistor 1299 2658 1332 2674
resistor 1298 2637 1333 2651
resistor 1299 2615 1332 2630
resistor 1298 2592 1331 2607
resistor 1299 2570 1330 2585
resistor 1298 2547 1331 2563
resistor 1299 2523 1331 2540
resistor 1297 2502 1329 2517
resistor 1296 2480 1330 2495
resistor 1297 2458 1330 2473
resistor 1297 2435 1330 2451
resistor 1297 2413 1328 2428
resistor 1296 2391 1330 2406
resistor 1254 2789 1270 2823
resistor 1232 2790 1247 2822
resistor 1210 2788 1225 2822
resistor 1186 2786 1203 2822
resistor 1165 2786 1180 2823
resistor 1143 2787 1159 2823
resistor 1121 2786 1134 2823
resistor 1098 2785 1113 2821
resistor 1077 2787 1091 2823
resistor 1054 2787 1067 2822
resistor 1032 2787 1046 2823
resistor 1008 2787 1023 2822
resistor 986 2785 1001 2822
resistor 927 2771 961 2786
resistor 927 2748 961 2765
resistor 927 2727 961 2742
resistor 930 2704 961 2721
resistor 928 2682 961 2697
resistor 927 2659 961 2676
resistor 927 2637 959 2653
resistor 926 2614 961 2630
resistor 926 2593 960 2609
resistor 928 2571 960 2586
resistor 927 2547 959 2565
resistor 925 2525 960 2541
resistor 928 2503 959 2519
resistor 927 2481 959 2496
resistor 927 2458 958 2476
resistor 926 2437 959 2452
resistor 927 2413 958 2430
resistor 924 2391 958 2406
resistor 1004 2433 1035 2447
resistor 1262 2348 1277 2385
resistor 1241 2346 1254 2382
resistor 1217 2347 1233 2383
resistor 1196 2346 1210 2383
resistor 1174 2349 1188 2383
resistor 1151 2347 1166 2384
resistor 1128 2347 1143 2385
resistor 1105 2348 1121 2383
resistor 1084 2347 1098 2385
resistor 1061 2347 1075 2383
resistor 1039 2347 1053 2382
resistor 1017 2348 1031 2383
resistor 994 2348 1009 2384
resistor 973 2347 986 2383
resistor 951 2347 962 2382
capacitor 1134 2580 1183 2600
capacitor 1113 2602 1132 2654
capacitor 1144 2664 1177 2679
capacitor 1144 2648 1176 2661
capacitor 1198 2610 1232 2625
capacitor 1197 2591 1232 2604
capacitor 1142 2536 1175 2552
capacitor 1140 2517 1176 2533
capacitor 1114 2525 1134 2580
capacitor 1069 2664 1101 2680
capacitor 1069 2646 1103 2661
capacitor 1072 2628 1101 2643
capacitor 1069 2610 1103 2625
capacitor 1063 2580 1114 2600
capacitor 999 2611 1029 2625
capacitor 997 2593 1028 2607
capacitor 1071 2556 1101 2571
capacitor 1070 2537 1100 2551
capacitor 1068 2519 1103 2533
electrolytic 681 2781 881 2869
component 741 2808 807 2859
component 713 2635 784 2683
component 466 2716 535 2762
capacitor 844 2748 897 2768
capacitor 695 2713 807 2761
electrolytic 656 2603 858 2692
capacitor 740 2585 792 2607
capacitor 706 2532 817 2578
capacitor 740 2508 793 2528
electrolytic 402 2697 603 2787
capacitor 501 2586 614 2633
capacitor 500 2525 613 2572
pins 612 2497 659 2542
pins 460 2468 498 2596
pins 318 2469 360 2599
resistor 414 2571 450 2585
resistor 415 2520 449 2538
resistor 413 2475 447 2488
pins 123 2620 163 2671
pins 29 2621 75 2667
pins 125 2454 173 2502
pins 32 2453 73 2498
resistor 83 2619 114 2633
resistor 88 2466 121 2482
electrolytic 217 2383 420 2470
electrolytic 221 2283 421 2371
capacitor 257 2219 369 2265
electrolytic 458 2385 658 2469
electrolytic 454 2302 657 2384
electrolytic 657 2413 860 2500
electrolytic 659 2310 861 2399
component 715 2438 786 2488
component 716 2336 787 2386
component 512 2410 583 2460
component 489 2323 574 2376
component 273 2407 344 2457
component 284 2306 369 2359
pins 114 2078 170 2133
capacitor 280 2185 317 2201
capacitor 280 2158 316 2174
capacitor 280 2104 333 2124
capacitor 380 2104 435 2125
capacitor 24 1993 138 2040
capacitor 516 2283 552 2299
capacitor 527 2225 638 2270
capacitor 529 2163 640 2209
electrolytic 475 2069 675 2155
component 532 2091 602 2140
capacitor 601 2279 652 2301
capacitor 678 2256 786 2302
capacitor 671 2200 782 2246
capacitor 704 2181 758 2200
capacitor 705 2159 758 2179
capacitor 705 2138 757 2157
capacitor 712 2121 746 2136
resistor 696 2093 758 2121
resistor 696 2058 756 2086
component 716 2099 736 2118
component 714 2063 735 2081
capacitor 699 2029 752 2051
capacitor 697 2004 751 2023
capacitor 829 2228 848 2285
capacitor 856 2234 875 2286
resistor 880 2226 907 2287
resistor 914 2225 942 2287
component 884 2246 903 2268
component 917 2247 935 2267
capacitor 946 2230 966 2283
capacitor 970 2227 989 2282
capacitor 999 2226 1017 2280
capacitor 1020 2232 1133 2281
capacitor 1085 2300 1142 2318
capacitor 1151 2227 1164 2260
capacitor 833 2138 865 2153
capacitor 834 2122 866 2138
capacitor 815 2082 846 2098
capacitor 832 2066 866 2081
capacitor 886 2009 920 2024
capacitor 888 2121 923 2136
capacitor 958 2065 996 2080
capacitor 960 1990 994 2008
capacitor 942 1956 976 1970
capacitor 1035 2100 1069 2118
capacitor 1091 2120 1122 2136
capacitor 1071 2028 1102 2042
capacitor 1033 2009 1068 2025
capacitor 1034 1974 1047 2008
capacitor 940 1917 976 1932
capacitor 941 1900 977 1915
capacitor 1071 1936 1084 1969
capacitor 1053 1935 1067 1969
capacitor 1014 1919 1047 1934
capacitor 1013 1881 1047 1896
capacitor 1114 1924 1133 1977
capacitor 1143 1936 1159 1970
resistor 797 1974 827 1987
resistor 832 1956 866 1970
resistor 831 1899 866 1915
resistor 793 1899 830 1915
resistor 775 1958 806 1973
resistor 774 1943 805 1957
capacitor 795 1881 827 1895
resistor 223 2012 238 2047
resistor 246 2011 261 2047
resistor 268 2011 282 2049
resistor 290 2009 305 2048
resistor 313 2010 328 2047
resistor 335 2011 350 2047
resistor 357 2009 370 2048
resistor 380 2011 394 2047
resistor 401 2010 415 2047
resistor 424 2010 438 2047
resistor 446 2010 459 2046
resistor 468 2008 483 2047
resistor 604 2012 617 2048
resistor 580 2008 593 2045
resistor 557 2008 571 2047
resistor 536 2011 551 2047
resistor 513 2010 528 2047
resistor 491 2011 505 2048
capacitor 71 1941 124 1963
pins 10 1740 151 1877
resistor 182 1970 214 1985
resistor 182 1947 214 1963
resistor 183 1926 213 1941
resistor 181 1904 213 1918
resistor 181 1881 213 1895
resistor 180 1860 213 1873
resistor 181 1837 213 1849
resistor 181 1814 212 1829
resistor 180 1791 212 1806
resistor 180 1770 213 1784
resistor 180 1748 212 1761
resistor 182 1725 213 1739
resistor 180 1703 214 1717
resistor 624 1993 656 2005
resistor 625 1970 656 1984
resistor 623 1947 657 1962
resistor 623 1924 658 1939
resistor 623 1902 656 1916
resistor 622 1881 656 1894
resistor 624 1857 656 1872
resistor 622 1836 655 1847
resistor 622 1813 655 1826
resistor 622 1790 654 1804
resistor 622 1768 655 1781
resistor 623 1745 656 1758
resistor 621 1723 655 1738
resistor 624 1701 655 1715
resistor 622 1679 655 1692
resistor 600 1651 613 1684
resistor 578 1650 592 1684
resistor 557 1651 570 1684
resistor 533 1650 547 1686
resistor 509 1649 527 1685
resistor 222 1649 235 1685
resistor 244 1652 257 1686
resistor 266 1651 281 1687
resistor 287 1650 303 1685
resistor 310 1650 325 1686
resistor 333 1650 346 1686
resistor 355 1650 368 1685
resistor 378 1651 392 1685
resistor 400 1650 413 1684
resistor 423 1649 437 1687
resistor 390 1608 444 1623
resistor 443 1650 458 1686
resistor 466 1651 481 1685
resistor 489 1648 503 1685
text 528 1714 549 1741
text 506 1707 527 1742
text 470 1705 494 1742
text 449 1704 469 1741
text 428 1705 448 1745
pins 538 1571 581 1614
capacitor 607 1574 720 1619
capacitor 397 1931 410 1962
capacitor 379 1931 392 1964
capacitor 342 1875 355 1909
capacitor 324 1874 336 1909
capacitor 347 1847 398 1867
capacitor 403 1866 424 1919
capacitor 420 1848 471 1866
capacitor 402 1792 424 1843
capacitor 377 1802 391 1836
capacitor 359 1801 373 1837
capacitor 341 1801 353 1836
capacitor 322 1802 336 1836
capacitor 471 1874 483 1908
capacitor 453 1876 465 1910
capacitor 469 1803 482 1836
capacitor 451 1802 463 1836
capacitor 433 1800 446 1836
resistor 551 1746 561 1778
capacitor 398 1727 411 1762
capacitor 378 1725 390 1762
capacitor 72 1684 125 1704
capacitor 72 1651 126 1671
capacitor 695 1811 749 1828
capacitor 695 1787 748 1807
capacitor 696 1763 748 1783
capacitor 695 1713 747 1733
capacitor 711 1665 745 1677
resistor 1219 2119 1232 2151
resistor 1199 2100 1213 2134
resistor 1147 2121 1178 2134
resistor 1147 2101 1177 2116
resistor 1146 2083 1177 2098
resistor 1126 2063 1140 2098
resistor 1329 1991 1361 2005
resistor 1366 1972 1397 1987
resistor 1329 1972 1358 1987
resistor 1366 1954 1398 1969
resistor 1382 1880 1417 1895
resistor 1381 1862 1415 1875
capacitor 1403 2137 1436 2153
capacitor 1365 2135 1398 2154
capacitor 1365 2120 1398 2134
capacitor 1328 2138 1361 2154
capacitor 1328 2119 1360 2136
capacitor 1237 2082 1270 2099
capacitor 1402 2082 1438 2097
capacitor 1385 2057 1415 2070
capacitor 1328 2009 1361 2022
capacitor 1218 1991 1251 2007
capacitor 1182 2006 1194 2042
capacitor 1165 1988 1176 2025
capacitor 1200 1971 1213 2007
capacitor 1181 1936 1195 1969
capacitor 1200 1935 1231 1952
capacitor 1273 1953 1306 1971
capacitor 1272 1917 1306 1931
capacitor 1273 1900 1306 1914
capacitor 1197 1897 1234 1915
capacitor 1327 1916 1361 1933
resistor 1018 1975 1029 2007
capacitor 1443 1876 1457 1908
capacitor 1188 1851 1240 1871
capacitor 1195 2224 1210 2260
capacitor 1221 2215 1240 2269
capacitor 1247 2217 1265 2271
resistor 1270 2204 1298 2267
resistor 1303 2205 1332 2268
component 1308 2226 1325 2247
component 1275 2227 1295 2248
capacitor 1335 2209 1352 2263
component 1418 2373 1485 2417
capacitor 1402 2299 1511 2342
capacitor 1431 2267 1488 2291
capacitor 1399 2218 1512 2264
capacitor 1486 2195 1541 2212
capacitor 1480 2165 1537 2184
capacitor 1480 2136 1535 2155
resistor 1480 2095 1539 2123
resistor 1470 2028 1530 2057
capacitor 1481 2068 1532 2086
capacitor 1480 2005 1530 2026
component 1496 2098 1519 2120
component 1490 2031 1510 2052
capacitor 1572 2335 1683 2382
capacitor 1571 2272 1683 2319
capacitor 1607 2236 1660 2263
capacitor 1572 2187 1682 2234
capacitor 1570 2130 1683 2178
capacitor 1591 2113 1623 2128
resistor 1583 2094 1616 2109
pins 1696 2103 1742 2148
capacitor 1806 2108 1858 2129
capacitor 1772 2152 1886 2200
electrolytic 1717 2215 1921 2300
component 1764 2330 1846 2379
component 1764 2238 1846 2287
capacitor 1948 2171 2003 2198
electrolytic 2044 2213 2246 2300
electrolytic 2048 2100 2251 2191
component 2091 2236 2172 2284
component 2106 2123 2176 2173
capacitor 2426 2162 2539 2211
pins 4088 2038 4111 2167
pins 3946 2034 3985 2170
pins 3823 1947 3874 1998
pins 3453 1946 3504 2003
resistor 4051 2140 4085 2158
resistor 3986 2141 4018 2156
resistor 4048 2046 4081 2060
capacitor 3949 1845 4005 1865
capacitor 3913 1793 4027 1842
capacitor 3946 1765 4000 1786
resistor 3956 1728 3987 1745
resistor 3957 1682 3988 1695
pins 4050 1004 4109 1764
pins 3483 1011 3540 1764
pins 3059 1001 3160 1432
electrolytic 3816 1555 4022 1643
electrolytic 3811 1432 4013 1522
component 3897 1577 3981 1630
component 3892 1457 3976 1510
capacitor 3280 1635 3397 1685
pins 2948 429 3003 485
pins 3110 464 3166 896
pins 3294 1001 3347 1060
pins 3060 1597 3205 1649
capacitor 3348 1611 3386 1630
capacitor 3417 1531 3456 1547
capacitor 3405 1446 3440 1466
capacitor 3317 1448 3351 1465
capacitor 3228 1446 3267 1464
capacitor 3230 1371 3266 1390
capacitor 3407 1371 3442 1389
capacitor 3274 1393 3384 1440
capacitor 3315 1372 3347 1389
capacitor 3078 1535 3193 1583
resistor 3075 1652 3107 1671
capacitor 3110 1486 3165 1509
capacitor 3406 1199 3441 1215
capacitor 3303 1196 3359 1218
capacitor 3232 1198 3266 1216
capacitor 3267 1120 3381 1166
pins 2660 391 2729 562
pins 2625 778 2678 834
pins 2486 881 2623 979
pins 2503 1558 2637 1651
pins 2442 1742 2495 1795
pins 2623 1745 2900 1833
clock 3074 2089 3222 2228
resistor 3227 2114 3258 2131
component 3113 2147 3184 2192
capacitor 2988 2170 3043 2193
electrolytic 2991 2066 3035 2162
capacitor 2929 2140 2942 2173
capacitor 2892 2074 2944 2094
capacitor 2886 2043 2942 2066
capacitor 2906 1989 3020 2038
capacitor 2816 2129 2867 2151
capacitor 2752 2142 2765 2174
resistor 2703 2147 2716 2181
capacitor 2575 2125 2627 2148
electrolytic 2654 2025 2856 2113
electrolytic 2658 1926 2861 2010
component 2702 2050 2783 2100
component 2720 1949 2788 1998
resistor 2858 1886 2871 1920
resistor 2836 1887 2848 1922
capacitor 2781 1886 2795 1922
capacitor 2766 1887 2778 1921
resistor 2739 1888 2753 1920
resistor 2698 1887 2710 1920
resistor 2778 1700 2792 1736
resistor 2729 1702 2743 1737
resistor 2684 1701 2698 1737
resistor 2635 1701 2650 1739
pins 1712 399 1785 568
pins 2042 355 2096 415
pins 1581 733 1639 790
pins 1180 850 1979 950
pins 1989 1103 2041 1155
pins 2146 1736 2295 1880
capacitor 2146 1960 2259 2007
resistor 2041 2014 2055 2045
resistor 2020 2015 2032 2046
resistor 1996 2014 2010 2047
resistor 1975 2014 1987 2046
resistor 1952 2014 1965 2045
resistor 1928 2014 1943 2047
resistor 1908 2014 1919 2047
resistor 1885 2014 1898 2047
resistor 1862 2014 1875 2048
resistor 1840 2015 1853 2048
resistor 1816 2015 1830 2047
resistor 1795 2016 1808 2047
resistor 1772 2014 1785 2047
resistor 1750 2015 1763 2048
resistor 1728 2015 1741 2049
resistor 1704 2015 1719 2049
resistor 1682 2016 1696 2049
resistor 1659 2015 1674 2049
resistor 1617 2006 1648 2023
resistor 1617 1985 1648 2000
resistor 1618 1963 1648 1977
resistor 1620 1941 1647 1955
resistor 1618 1918 1647 1932
resistor 1615 1896 1647 1910
resistor 1616 1874 1649 1888
resistor 1616 1851 1649 1866
resistor 1616 1828 1649 1844
resistor 1615 1806 1648 1821
resistor 1615 1784 1649 1798
resistor 1614 1761 1648 1776
resistor 1614 1738 1649 1752
resistor 1615 1717 1648 1730
resistor 1614 1693 1649 1707
pins 2247 1572 2295 1618
electrolytic 2125 1633 2328 1719
electrolytic 2125 1488 2328 1575
component 2186 1652 2255 1702
component 2187 1510 2256 1560
resistor 2062 1983 2096 1998
resistor 2062 1962 2096 1975
resistor 2063 1939 2097 1953
resistor 2063 1917 2096 1931
resistor 2063 1894 2095 1908
resistor 2063 1871 2097 1885
resistor 2063 1850 2096 1863
resistor 2064 1827 2095 1842
resistor 2063 1805 2097 1818
resistor 2061 1782 2096 1796
resistor 2062 1760 2095 1772
resistor 2062 1737 2095 1750
resistor 2060 1715 2096 1729
resistor 2039 1647 2054 1683
resistor 2018 1649 2031 1683
resistor 1995 1649 2008 1682
resistor 1972 1648 1986 1682
resistor 1950 1649 1964 1683
resistor 1928 1649 1941 1683
resistor 1905 1649 1918 1683
resistor 1883 1647 1896 1684
resistor 1860 1649 1874 1683
resistor 1837 1649 1852 1684
resistor 1815 1649 1829 1684
resistor 1793 1650 1806 1683
resistor 1771 1650 1784 1683
resistor 1747 1650 1760 1683
resistor 1725 1650 1739 1684
resistor 1703 1649 1716 1684
resistor 1680 1649 1693 1684
resistor 1658 1649 1670 1684
resistor 1694 1938 1708 1970
capacitor 1860 1830 1912 1851
capacitor 1789 1830 1840 1849
capacitor 1842 1852 1859 1906
capacitor 1843 1774 1861 1828
capacitor 1927 1861 1939 1896
capacitor 1908 1862 1920 1895
capacitor 1890 1863 1903 1896
capacitor 1871 1861 1885 1898
capacitor 1872 1934 1886 1971
capacitor 1853 1936 1865 1970
capacitor 1778 1879 1792 1915
capacitor 1798 1864 1812 1897
capacitor 1816 1862 1828 1896
capacitor 1926 1787 1938 1822
capacitor 1908 1786 1920 1821
capacitor 1871 1732 1884 1766
capacitor 1852 1733 1864 1768
capacitor 1798 1788 1810 1821
capacitor 1779 1788 1791 1823
capacitor 1517 1945 1571 1962
capacitor 1470 1853 1582 1900
capacitor 1420 1825 1434 1858
capacitor 1515 1809 1569 1829
capacitor 1514 1779 1568 1800
capacitor 1516 1745 1569 1764
capacitor 1515 1679 1567 1699
capacitor 1540 1620 1573 1635
capacitor 1528 1596 1580 1615
capacitor 1497 1528 1608 1574
capacitor 1430 1527 1481 1547
capacitor 1498 1469 1610 1519
capacitor 1520 1437 1578 1465
capacitor 1524 1410 1576 1431
capacitor 1422 1438 1440 1494
capacitor 1493 1328 1606 1375
capacitor 1495 1245 1608 1292
capacitor 1823 1579 1875 1596
capacitor 1824 1553 1876 1572
pins 1647 1492 1694 1543
capacitor 1926 1531 2039 1578
capacitor 2085 1432 2198 1479
capacitor 2084 1376 2197 1424
capacitor 2048 1318 2100 1338
capacitor 2057 1299 2091 1313
electrolytic 1715 1463 1918 1549
electrolytic 1716 1363 1919 1449
component 1774 1484 1843 1531
component 1759 1385 1843 1434
capacitor 1768 1288 1882 1336
capacitor 2074 1031 2187 1080
capacitor 2018 1063 2051 1076
capacitor 2020 1032 2053 1046
electrolytic 2034 919 2236 1008
electrolytic 2034 807 2237 895
component 2096 937 2167 990
component 2105 825 2194 871
pins 1519 1101 1568 1158
resistor 1946 951 1961 986
resistor 1898 949 1915 984
resistor 1850 949 1864 985
resistor 1809 949 1821 982
resistor 1758 949 1773 984
resistor 1717 950 1730 984
resistor 1667 951 1682 985
resistor 1617 951 1633 986
resistor 1569 951 1583 986
resistor 1528 951 1540 986
resistor 1478 952 1493 986
resistor 1428 952 1443 988
resistor 1386 952 1400 986
resistor 1337 951 1352 986
resistor 1288 951 1303 986
resistor 1238 952 1254 987
resistor 1196 952 1210 987
pins 1100 364 1150 416
pins 792 397 862 569
electrolytic 1234 1317 1437 1403
electrolytic 1228 1207 1432 1293
component 1293 1339 1360 1386
component 1288 1229 1355 1276
capacitor 1364 1768 1376 1803
capacitor 1199 1827 1230 1839
capacitor 1271 1808 1303 1821
capacitor 1199 1788 1230 1803
capacitor 1112 1745 1130 1795
capacitor 1327 1714 1360 1729
capacitor 1326 1699 1358 1710
capacitor 1382 1640 1415 1655
capacitor 1382 1623 1415 1637
capacitor 1382 1567 1414 1581
capacitor 1255 1604 1267 1637
capacitor 1272 1752 1306 1765
capacitor 1234 1735 1267 1748
capacitor 1235 1715 1267 1728
text 1237 1695 1267 1713
capacitor 1198 1751 1211 1785
capacitor 1179 1751 1193 1786
capacitor 1162 1750 1175 1785
capacitor 1144 1752 1156 1786
capacitor 1198 1714 1231 1728
capacitor 1180 1714 1194 1747
capacitor 1162 1696 1176 1730
capacitor 1179 1622 1212 1637
resistor 1143 1603 1172 1618
resistor 1143 1586 1174 1600
capacitor 1142 1569 1175 1581
capacitor 1089 1751 1101 1784
capacitor 1070 1749 1084 1784
capacitor 1052 1752 1064 1785
capacitor 1034 1751 1046 1785
capacitor 1015 1808 1049 1822
capacitor 1015 1788 1048 1805
capacitor 941 1808 976 1822
capacitor 942 1791 974 1804
capacitor 813 1808 826 1840
capacitor 869 1752 881 1787
capacitor 885 1699 919 1713
capacitor 980 1736 1009 1748
capacitor 978 1715 1010 1729
capacitor 1014 1714 1027 1747
capacitor 1053 1695 1066 1730
capacitor 1033 1696 1048 1730
capacitor 830 1661 862 1675
capacitor 830 1643 862 1658
capacitor 829 1626 862 1640
capacitor 827 1589 861 1601
capacitor 848 1569 881 1584
capacitor 1032 1606 1064 1619
resistor 959 1660 972 1694
resistor 1052 1660 1082 1675
resistor 1054 1642 1083 1654
resistor 1067 1606 1101 1618
resistor 1069 1587 1100 1600
resistor 1373 1436 1404 1500
resistor 1340 1437 1368 1501
capacitor 1316 1440 1333 1496
component 1345 1459 1363 1480
component 1379 1459 1397 1479
capacitor 1239 1443 1256 1500
capacitor 1220 1452 1235 1488
capacitor 1177 1445 1197 1501
electrolytic 985 1323 1186 1408
electrolytic 740 1310 942 1397
component 1025 1346 1108 1391
component 779 1334 861 1381
capacitor 988 1451 1000 1485
capacitor 952 1440 971 1495
capacitor 917 1439 937 1493
capacitor 818 1442 837 1498
capacitor 788 1486 807 1539
capacitor 746 1519 763 1572
capacitor 691 1421 802 1467
capacitor 1069 1254 1182 1301
capacitor 783 1258 895 1306
capacitor 785 1206 899 1252
pins 844 862 1000 1020
pins 607 865 762 1021
pins 733 1107 785 1159
resistor 840 935 873 949
resistor 730 934 761 948
pins 614 748 666 795
resistor 880 1438 910 1501
resistor 845 1438 874 1501
component 851 1460 869 1483
component 886 1461 903 1481
capacitor 714 1628 746 1640
electrolytic 536 1484 737 1569
electrolytic 318 1518 517 1602
electrolytic 315 1423 518 1511
capacitor 402 1406 437 1418
capacitor 209 1549 263 1569
capacitor 208 1495 263 1515
capacitor 189 1427 302 1475
capacitor 599 1463 652 1481
capacitor 600 1439 653 1457
capacitor 563 1386 675 1432
capacitor 601 1333 656 1353
capacitor 564 1271 676 1317
capacitor 566 1207 677 1254
component 589 1503 659 1554
component 352 1541 434 1586
component 372 1447 437 1496
pins 78 1538 177 1642
pins 77 1232 172 1487
pins 68 1078 179 1187
electrolytic 295 1125 500 1212
capacitor 324 1057 436 1104
component 332 1147 413 1192
pins 17 818 260 992
capacitor 409 968 522 1015
capacitor 349 995 382 1009
capacitor 348 969 383 983
electrolytic 327 795 528 881
electrolytic 331 690 532 775
component 384 815 450 864
component 391 706 477 754
pins 181 324 233 377
pins 390 401 460 573
connector 508 395 742 514
pins 1308 401 1381 570
connector 1425 391 1669 512
pins 2260 391 2329 562
connector 2371 380 2618 506
