text 4022 323 4071 345
text 3784 260 3822 283
text 3644 306 3683 330
text 3792 346 3829 370
text 3644 400 3682 426
text 3784 396 3822 418
text 3784 446 3822 470
text 3789 535 3824 558
text 3516 552 3541 574
text 2954 238 3002 262
text 2929 250 2959 281
text 2692 227 2741 252
text 2663 238 2697 272
text 2981 352 3031 377
text 3065 409 3081 430
text 3061 430 3100 453
text 3096 448 3135 472
text 3063 470 3085 493
text 3005 508 3044 530
text 3136 463 3169 498
text 3154 508 3202 530
text 3000 556 3036 581
text 2997 616 3046 640
text 3019 671 3068 693
text 3023 747 3074 771
text 3192 724 3229 748
text 3109 733 3132 756
text 3185 749 3222 774
text 2746 335 2769 386
text 2595 247 2619 295
text 2390 266 2440 289
text 2387 337 2435 362
text 2380 392 2429 419
text 2379 438 2429 462
text 2471 483 2509 513
text 2347 530 2399 557
text 2490 548 2539 574
text 2497 619 2546 643
text 2364 717 2413 743
text 2448 750 2496 774
text 2409 844 2460 868
text 2248 742 2297 768
text 1745 158 1795 183
text 1685 242 1734 264
text 1593 248 1626 284
text 1589 353 1624 390
text 1826 281 1859 317
text 2022 513 2056 544
text 1700 604 1734 635
text 1699 692 1733 728
text 2026 694 2061 731
text 2029 803 2063 839
text 1329 608 1360 642
text 664 124 696 160
text 639 301 673 340
text 586 293 622 327
text 654 589 687 623
text 641 497 673 527
text 437 524 473 559
text 439 606 469 639
text 200 524 234 557
text 407 706 441 742
text 458 840 492 875
text 283 1422 317 1452
text 517 1422 549 1457
text 723 1594 754 1630
text 278 1780 313 1815
text 307 2110 344 2142
text 517 2302 554 2335
text 2220 2183 2257 2216
text 2015 1984 2048 2019
text 2111 1272 2142 1307
text 1697 1443 1730 1479
text 1697 1544 1731 1579
text 1861 274 1911 299
text 1500 287 1550 310
text 1500 316 1542 340
text 1506 340 1543 365
text 1692 348 1731 368
text 2036 491 2085 518
text 2041 566 2087 589
text 1636 484 1687 509
text 1790 549 1839 574
text 1790 576 1836 601
text 1748 592 1787 615
text 1566 539 1617 563
text 1430 562 1478 581
text 1351 149 1384 183
text 1384 140 1431 164
text 1286 189 1334 214
text 1352 239 1386 260
text 1331 261 1377 281
text 1350 282 1386 303
text 1353 305 1388 327
text 1330 329 1377 354
text 1349 355 1384 376
text 1351 376 1386 396
text 1335 396 1372 417
text 1352 420 1390 442
text 1351 443 1388 463
text 1333 461 1383 482
text 1343 486 1391 507
text 1350 507 1384 527
text 1330 528 1366 551
text 1345 550 1393 575
text 1324 584 1360 608
text 1254 133 1275 183
text 1227 125 1249 173
text 1207 130 1227 168
text 1184 129 1205 164
text 1162 134 1183 181
text 1137 126 1158 163
text 1118 127 1137 166
text 1098 139 1118 190
text 1071 127 1093 164
text 1051 126 1071 162
text 1026 140 1048 176
text 1005 126 1025 162
text 983 127 1005 173
text 918 190 967 218
text 976 238 1011 259
text 984 259 1008 279
text 976 286 1013 309
text 976 311 1011 332
text 976 332 1010 355
text 977 357 1011 379
text 1029 405 1063 429
text 988 413 1024 432
text 977 431 1011 454
text 976 454 1011 473
text 974 472 1012 495
text 1112 318 1134 353
text 1222 258 1249 285
text 1227 324 1263 348
text 1224 348 1261 372
text 1243 376 1280 398
text 1242 400 1280 422
text 1181 411 1228 432
text 1217 436 1255 457
text 1219 457 1256 478
text 1215 480 1251 507
text 1222 537 1245 559
text 698 121 735 142
text 687 226 736 246
text 860 263 908 284
text 824 262 860 285
text 870 285 917 307
text 862 306 909 328
text 862 329 908 348
text 861 349 909 370
text 860 373 908 395
text 859 394 907 417
text 864 418 912 439
text 845 438 892 462
text 860 463 908 485
text 866 483 915 506
text 859 507 908 531
text 861 531 908 553
text 867 552 914 574
text 857 573 905 595
text 859 599 909 621
text 818 479 855 505
text 662 294 711 316
text 700 407 713 429
text 558 349 607 376
text 386 310 435 335
text 655 441 704 466
text 663 481 711 505
text 401 400 452 423
text 402 449 452 470
text 401 495 451 519
text 537 481 585 504
text 419 563 456 587
text 408 637 455 660
text 71 387 119 409
text 71 545 119 569
text 224 514 273 538
text 166 691 217 716
text 4050 869 4089 894
text 3980 873 4019 898
text 4040 964 4077 989
text 3878 1139 3929 1163
text 3235 793 3282 834
text 3231 848 3270 872
text 3281 955 3391 994
text 3059 953 3260 1004
text 2991 794 3039 818
text 3002 942 3028 966
text 2983 938 3002 961
text 2968 1018 3019 1042
text 2903 837 2926 888
text 2894 893 2946 913
text 2869 961 2894 985
text 2806 838 2856 861
text 2725 828 2749 876
text 2678 837 2701 872
text 2656 873 2705 894
text 2635 880 2669 912
text 2582 804 2599 827
text 2570 891 2622 915
text 2637 980 2675 1015
text 2606 1035 2656 1060
text 2063 794 2114 817
text 2140 976 2192 1000
text 1947 791 1995 815
text 1920 731 1958 755
text 1679 746 1714 771
text 1684 788 1732 812
text 1724 810 1773 834
text 1684 836 1733 859
text 1803 860 1853 880
text 1527 665 1577 688
text 1520 715 1570 741
text 1513 773 1563 794
text 1317 647 1366 669
text 1293 616 1329 639
text 1256 576 1278 615
text 1236 578 1256 616
text 1210 577 1232 615
text 1188 577 1210 613
text 1168 577 1190 615
text 1146 576 1169 615
text 1124 578 1145 618
text 1100 576 1123 614
text 976 533 1001 557
text 1037 554 1075 578
text 1055 580 1078 617
text 1012 586 1033 611
text 967 584 989 612
text 3858 1179 3910 1206
text 3871 1218 3924 1247
text 3913 1258 3953 1284
text 3917 1309 3956 1334
text 4003 1433 4040 1472
text 3997 1555 4034 1590
text 3760 1367 3816 1395
text 3756 1482 3808 1511
text 3268 1294 3323 1322
text 3367 1395 3406 1420
text 3399 1436 3451 1462
text 3067 1305 3119 1332
text 3067 1399 3121 1425
text 3083 1478 3136 1503
text 3396 1515 3451 1540
text 3307 1513 3362 1540
text 3207 1516 3261 1542
text 3390 1594 3443 1618
text 3218 1566 3268 1589
text 3205 1595 3256 1618
text 3301 1636 3352 1660
text 2854 1138 2878 1177
text 2829 1135 2852 1174
text 2774 1130 2796 1181
text 2752 1130 2773 1182
text 2729 1133 2750 1172
text 2691 1136 2713 1178
text 2748 1264 2772 1316
text 2700 1262 2722 1313
text 2654 1260 2679 1312
text 2606 1259 2629 1312
text 2036 913 2060 951
text 2013 918 2035 961
text 1991 907 2015 946
text 1970 923 1991 963
text 1946 904 1968 940
text 1925 901 1947 937
text 1903 919 1925 959
text 1877 908 1899 950
text 1855 903 1879 942
text 1834 919 1855 957
text 1813 902 1834 941
text 1789 900 1810 939
text 1771 925 1791 964
text 1748 900 1768 938
text 1719 913 1741 936
text 1697 908 1718 961
text 1677 905 1697 946
text 1654 902 1675 940
text 1635 879 1672 901
text 1572 912 1619 934
text 1407 792 1456 813
text 1414 825 1462 848
text 1440 847 1464 872
text 1444 890 1480 912
text 1444 919 1481 942
text 1446 955 1469 979
text 1443 983 1478 1005
text 1550 979 1597 1003
text 1556 1001 1606 1024
text 1551 1023 1598 1045
text 1489 1026 1538 1046
text 1584 1050 1619 1073
text 1547 1070 1599 1091
text 1442 1057 1457 1100
text 1454 1082 1501 1108
text 1668 1093 1704 1115
text 1667 1115 1705 1136
text 1665 1138 1701 1161
text 1665 1162 1705 1182
text 1667 1183 1703 1204
text 1666 1204 1704 1225
text 1666 1227 1704 1248
text 1666 1249 1704 1267
text 1667 1268 1703 1287
text 1667 1288 1704 1309
text 1441 1177 1490 1199
text 1446 1206 1496 1232
text 1455 1242 1493 1266
text 1438 1147 1457 1180
text 1508 1284 1560 1308
text 2001 1007 2049 1028
text 2002 1029 2050 1048
text 2001 1049 2048 1070
text 1999 1070 2049 1094
text 2002 1094 2048 1117
text 1998 1117 2046 1138
text 2001 1139 2048 1160
text 1999 1161 2049 1183
text 1999 1185 2048 1208
text 2000 1207 2047 1229
text 1998 1229 2049 1253
text 1999 1253 2048 1277
text 2000 1277 2048 1301
text 1983 1022 2002 1048
text 1982 1268 2004 1290
text 1957 1010 1979 1046
text 1936 1010 1957 1045
text 1917 1006 1936 1048
text 1894 1019 1915 1045
text 1877 1007 1899 1019
text 1831 1005 1856 1056
text 1836 1061 1857 1100
text 1809 1007 1829 1047
text 1790 1002 1809 1056
text 1764 1006 1788 1057
text 1709 1022 1732 1048
text 1690 1009 1710 1024
text 1915 1154 1953 1176
text 1929 1269 1953 1308
text 1864 1286 1887 1307
text 1897 1263 1919 1279
text 1832 1232 1853 1280
text 1836 1281 1859 1305
text 1812 1269 1832 1307
text 1790 1267 1811 1307
text 1768 1266 1790 1306
text 1708 1264 1729 1289
text 2087 1312 2125 1337
text 1341 689 1390 714
text 1345 715 1393 738
text 1354 743 1377 796
text 1386 803 1411 824
text 1353 801 1375 826
text 1314 803 1339 826
text 1276 803 1304 824
text 1240 802 1266 824
text 1204 800 1229 826
text 1169 801 1193 825
text 1129 801 1155 825
text 1091 799 1119 824
text 1055 801 1081 824
text 1020 802 1043 824
text 984 800 1007 826
text 953 800 967 825
text 918 801 929 826
text 881 799 892 825
text 844 801 856 824
text 808 801 821 823
text 1304 679 1326 729
text 1274 680 1298 717
text 1246 679 1269 731
text 1219 686 1241 724
text 1194 688 1214 739
text 1162 735 1182 787
text 1085 708 1135 728
text 1084 774 1132 797
text 1078 664 1104 690
text 1025 662 1047 708
text 1016 778 1067 800
text 987 657 1011 673
text 988 693 1009 707
text 968 674 988 699
text 946 682 967 722
text 926 622 951 673
text 856 658 893 681
text 922 779 943 827
text 891 779 911 826
text 856 770 877 819
text 781 703 829 728
text 807 738 829 788
text 799 824 815 845
text 625 723 674 746
text 453 705 502 726
text 479 731 528 753
text 369 750 418 775
text 625 780 674 802
text 638 808 685 827
text 641 826 677 847
text 471 807 519 829
text 321 800 369 825
text 327 831 366 857
text 250 859 300 883
text 436 860 471 883
text 395 850 433 877
text 19 946 66 971
text 796 859 807 880
text 759 849 795 869
text 760 870 795 890
text 795 893 808 915
text 758 889 794 912
text 796 932 808 956
text 794 967 806 990
text 760 925 795 949
text 795 997 806 1021
text 652 953 701 979
text 616 953 641 1002
text 469 924 490 948
text 446 904 468 941
text 422 902 445 936
text 399 911 421 959
text 376 904 397 941
text 352 900 373 936
text 334 922 355 959
text 309 904 333 939
text 287 904 309 940
text 265 910 287 949
text 243 902 265 938
text 215 899 239 950
text 3392 1767 3442 1794
text 3304 1766 3355 1789
text 3221 1762 3277 1788
text 3252 1894 3303 1918
text 3767 2189 3847 2214
text 3722 2224 3842 2249
text 3755 2256 3850 2282
text 3739 2286 3854 2318
text 2038 1375 2063 1416
text 2015 1377 2038 1417
text 1991 1374 2016 1414
text 1968 1375 1990 1414
text 1946 1375 1967 1416
text 2106 1417 2139 1454
text 2138 1404 2177 1428
text 2078 1499 2127 1521
text 1986 1478 2036 1506
text 2196 1593 2245 1618
text 2060 1634 2101 1659
text 2055 1709 2093 1731
text 1922 1370 1944 1408
text 1901 1406 1937 1427
text 1903 1372 1921 1405
text 1882 1371 1904 1410
text 1861 1370 1882 1411
text 1832 1373 1857 1411
text 1810 1372 1833 1410
text 1785 1363 1811 1401
text 1764 1370 1786 1411
text 1743 1371 1763 1411
text 1720 1373 1741 1412
text 1699 1369 1720 1423
text 1675 1373 1696 1412
text 1637 1325 1658 1363
text 1753 1425 1804 1454
text 1677 1513 1714 1539
text 1667 1617 1720 1642
text 1763 1721 1814 1749
text 1529 1353 1573 1370
text 1458 1397 1507 1424
text 1603 1432 1654 1456
text 1587 1548 1637 1573
text 1524 1597 1573 1620
text 1558 1682 1606 1706
text 1601 1731 1650 1755
text 2068 1901 2119 1927
text 1956 1924 2007 1948
text 1958 1954 2010 1979
text 1980 2016 2030 2044
text 1980 2103 2031 2129
text 1923 2017 1945 2059
text 1868 2013 1892 2067
text 1819 2013 1842 2065
text 1776 2012 1801 2066
text 1728 2010 1752 2065
text 1684 2012 1710 2067
text 1635 2011 1661 2066
text 1583 2011 1612 2066
text 1535 2010 1565 2066
text 1493 2009 1521 2067
text 1446 2010 1472 2066
text 1397 2010 1423 2064
text 1356 2010 1379 2065
text 1307 2011 1329 2067
text 1257 2009 1282 2065
text 1210 2008 1231 2063
text 1168 2009 1189 2062
text 1116 889 1144 909
text 1110 910 1125 953
text 1114 998 1130 1031
text 1239 1137 1279 1157
text 1112 1264 1129 1306
text 1407 1442 1457 1465
text 1441 1518 1489 1541
text 1439 1544 1460 1595
text 1370 1477 1393 1505
text 1344 1469 1368 1508
text 1282 1519 1305 1572
text 1253 1504 1278 1555
text 1197 1514 1218 1567
text 1252 1579 1291 1600
text 1216 1588 1250 1624
text 1153 1518 1177 1559
text 999 1520 1021 1570
text 967 1582 1000 1616
text 964 1680 1002 1703
text 939 1583 964 1623
text 920 1470 943 1511
text 883 1465 910 1506
text 851 1465 875 1505
text 815 1448 834 1488
text 1210 1698 1244 1734
text 1203 1787 1243 1812
text 1018 1719 1067 1747
text 824 2072 850 2093
text 749 2072 775 2098
text 741 1016 782 1033
text 708 1003 743 1024
text 663 1003 705 1024
text 676 1023 713 1046
text 672 1046 710 1065
text 1114 963 1133 981
text 733 1040 772 1056
text 734 1056 772 1072
text 792 1073 806 1094
text 749 1094 792 1111
text 791 1126 807 1147
text 787 1154 804 1176
text 783 1191 807 1214
text 783 1226 805 1252
text 782 1263 806 1287
text 781 1298 806 1325
text 781 1336 808 1361
text 778 1372 804 1399
text 777 1406 804 1428
text 786 1428 810 1466
text 763 1443 784 1496
text 736 1509 773 1531
text 659 1065 709 1085
text 680 1089 718 1109
text 658 1109 706 1131
text 676 1133 712 1154
text 676 1154 711 1175
text 720 1160 772 1183
text 763 1195 784 1246
text 687 1243 737 1264
text 692 1294 741 1317
text 697 1344 747 1366
text 717 1381 764 1401
text 614 1327 663 1351
text 639 1364 688 1388
text 610 1350 633 1388
text 577 1372 600 1423
text 546 1353 569 1391
text 585 1011 606 1060
text 565 1012 586 1058
text 546 1011 565 1059
text 525 1011 545 1057
text 503 1011 525 1057
text 548 1059 570 1093
text 483 1021 503 1059
text 462 1015 484 1051
text 434 1013 457 1053
text 408 1010 429 1058
text 359 1012 382 1059
text 337 1012 358 1062
text 314 1010 336 1062
text 256 1025 278 1055
text 119 1018 164 1042
text 65 1021 116 1043
text 137 1037 184 1060
text 115 1065 163 1086
text 93 1093 142 1115
text 122 1109 168 1132
text 132 1169 183 1194
text 121 1198 170 1223
text 115 1262 165 1288
text 2 1303 48 1328
text 5 1336 52 1361
text 161 1305 209 1327
text 305 1142 344 1165
text 230 1135 268 1155
text 227 1155 265 1176
text 226 1218 263 1241
text 227 1242 264 1264
text 251 1269 273 1292
text 281 1266 301 1302
text 299 1264 325 1302
text 329 1263 350 1302
text 349 1265 372 1303
text 404 1214 430 1249
text 408 1261 427 1297
text 556 1174 606 1197
text 558 1198 605 1220
text 543 1190 561 1228
text 557 1219 607 1242
text 570 1242 606 1264
text 558 1284 606 1308
text 558 1264 604 1283
text 518 1377 541 1423
text 486 1363 508 1412
text 462 1369 486 1404
text 414 1353 437 1386
text 370 1354 393 1379
text 350 1380 371 1406
text 327 1356 348 1404
text 304 1373 327 1421
text 282 1374 304 1421
text 260 1387 282 1435
text 239 1371 261 1423
text 215 1370 238 1421
text 192 1419 240 1440
text 268 1454 315 1477
text 297 1480 333 1516
text 206 1469 247 1493
text 172 1582 224 1604
text 320 1583 361 1609
text 395 1604 445 1627
text 305 1766 356 1792
text 531 1524 580 1549
text 536 1549 574 1570
text 674 1587 723 1611
text 509 1591 559 1616
text 599 1634 635 1655
text 705 1684 755 1706
text 733 1712 782 1735
text 734 1761 784 1784
text 510 1717 560 1743
text 516 1758 565 1782
text 272 1915 322 1942
text 471 1964 525 1990
text 285 1991 337 2015
text 288 2020 337 2044
text 268 2139 317 2163
text 275 2230 325 2257
capacitor 4034 348 4066 362
resistor 3793 285 3825 300
resistor 3796 329 3826 343
resistor 3792 421 3825 434
resistor 3792 469 3825 482
resistor 3796 518 3830 532
resistor 3652 331 3685 346
resistor 3653 379 3686 396
pins 3696 270 3790 643
pins 3558 559 3595 600
pins 3463 558 3506 603
pins 3331 539 3384 642
resistor 3517 577 3549 595
pins 3442 249 3493 305
electrolytic 2943 257 3149 350
electrolytic 2680 250 2882 339
electrolytic 3067 483 3154 686
component 3092 516 3138 602
component 2997 275 3078 321
component 2731 265 2812 312
capacitor 3033 360 3145 404
capacitor 2770 340 2786 374
capacitor 3009 416 3042 429
capacitor 3008 432 3043 449
capacitor 3043 454 3079 469
resistor 3014 476 3047 490
resistor 3014 491 3045 506
resistor 3005 579 3041 594
capacitor 3005 601 3040 615
capacitor 3036 694 3087 715
capacitor 2599 313 2618 365
capacitor 2444 264 2555 310
capacitor 2436 333 2550 378
capacitor 2435 391 2546 437
capacitor 2446 455 2496 481
electrolytic 2402 500 2488 702
component 2424 540 2471 623
capacitor 2508 574 2541 591
capacitor 2509 606 2543 621
capacitor 2439 715 2494 739
capacitor 2509 754 2544 772
capacitor 3038 724 3092 744
resistor 3144 731 3178 746
resistor 3144 753 3176 770
resistor 3099 757 3128 768
ic 2556 381 2989 817
component 2693 453 2921 752
electrolytic 1846 291 2044 383
electrolytic 1833 442 2037 530
electrolytic 1611 264 1815 351
electrolytic 1606 368 1811 455
electrolytic 1368 162 1568 248
electrolytic 1355 576 1556 666
component 1891 303 1973 356
component 1656 276 1738 329
component 1413 173 1495 226
component 1905 456 1977 507
component 1666 381 1738 432
capacitor 1690 475 1804 522
capacitor 1675 181 1786 228
pins 1918 389 2048 438
capacitor 1923 548 2035 597
capacitor 1851 559 1884 573
capacitor 1852 584 1886 600
pins 1919 633 2053 688
electrolytic 1717 616 1919 704
pins 1707 556 1752 608
capacitor 1570 565 1682 614
capacitor 1391 261 1502 310
capacitor 1423 317 1476 337
capacitor 1421 343 1477 363
pins 1424 388 1566 542
capacitor 1434 543 1488 565
resistor 1300 220 1332 237
resistor 1299 245 1332 260
resistor 1299 266 1331 282
resistor 1298 290 1332 305
resistor 1299 311 1332 327
resistor 1299 334 1332 350
resistor 1298 357 1333 371
resistor 1299 378 1332 393
resistor 1298 401 1331 416
resistor 1299 423 1330 438
resistor 1298 445 1331 461
resistor 1299 468 1331 485
resistor 1297 491 1329 506
resistor 1296 513 1330 528
resistor 1297 535 1330 550
resistor 1297 557 1330 573
resistor 1297 580 1328 595
resistor 1296 602 1330 617
resistor 1254 185 1270 219
resistor 1232 186 1247 218
resistor 1210 186 1225 220
resistor 1186 186 1203 222
resistor 1165 185 1180 222
resistor 1143 185 1159 221
resistor 1121 185 1134 222
resistor 1098 187 1113 223
resistor 1077 185 1091 221
resistor 1054 186 1067 221
resistor 1032 185 1046 221
resistor 1008 186 1023 221
resistor 986 186 1001 223
resistor 927 222 961 237
resistor 927 243 961 260
resistor 927 266 961 281
resistor 930 287 961 304
resistor 928 311 961 326
resistor 927 332 961 349
resistor 927 355 959 371
resistor 926 378 961 394
resistor 926 399 960 415
resistor 928 422 960 437
resistor 927 443 959 461
resistor 925 467 960 483
resistor 928 489 959 505
resistor 927 512 959 527
resistor 927 532 958 550
resistor 926 556 959 571
resistor 927 578 958 595
resistor 924 602 958 617
resistor 1004 561 1035 575
resistor 1262 623 1277 660
resistor 1241 626 1254 662
resistor 1217 625 1233 661
resistor 1196 625 1210 662
resistor 1174 625 1188 659
resistor 1151 624 1166 661
resistor 1128 623 1143 661
resistor 1105 625 1121 660
resistor 1084 623 1098 661
resistor 1061 625 1075 661
resistor 1039 626 1053 661
resistor 1017 625 1031 660
resistor 994 624 1009 660
resistor 973 625 986 661
resistor 951 626 962 661
capacitor 1134 408 1183 428
capacitor 1113 354 1132 406
capacitor 1144 329 1177 344
capacitor 1144 347 1176 360
capacitor 1198 383 1232 398
capacitor 1197 404 1232 417
capacitor 1142 456 1175 472
capacitor 1140 475 1176 491
capacitor 1114 428 1134 483
capacitor 1069 328 1101 344
capacitor 1069 347 1103 362
capacitor 1072 365 1101 380
capacitor 1069 383 1103 398
capacitor 1063 408 1114 428
capacitor 999 383 1029 397
capacitor 997 401 1028 415
capacitor 1071 437 1101 452
capacitor 1070 457 1100 471
capacitor 1068 475 1103 489
electrolytic 681 139 881 227
component 741 149 807 200
component 713 325 784 373
component 466 246 535 292
capacitor 844 240 897 260
capacitor 695 247 807 295
electrolytic 656 316 858 405
capacitor 740 401 792 423
capacitor 706 430 817 476
capacitor 740 480 793 500
electrolytic 402 221 603 311
capacitor 501 375 614 422
capacitor 500 436 613 483
pins 612 466 659 511
pins 460 412 498 540
pins 318 409 360 539
resistor 414 423 450 437
resistor 415 470 449 488
resistor 413 520 447 533
pins 123 337 163 388
pins 29 341 75 387
pins 125 506 173 554
pins 32 510 73 555
resistor 83 375 114 389
resistor 88 526 121 542
electrolytic 217 538 420 625
electrolytic 221 637 421 725
capacitor 257 743 369 789
electrolytic 458 539 658 623
electrolytic 454 624 657 706
electrolytic 657 508 860 595
electrolytic 659 609 861 698
component 715 520 786 570
component 716 622 787 672
component 512 548 583 598
component 489 632 574 685
component 273 551 344 601
component 284 649 369 702
pins 114 875 170 930
capacitor 280 807 317 823
capacitor 280 834 316 850
capacitor 280 884 333 904
capacitor 380 883 435 904
capacitor 24 968 138 1015
capacitor 516 709 552 725
capacitor 527 738 638 783
capacitor 529 799 640 845
electrolytic 475 853 675 939
component 532 868 602 917
capacitor 601 707 652 729
capacitor 678 706 786 752
capacitor 671 762 782 808
capacitor 704 808 758 827
capacitor 705 829 758 849
capacitor 705 851 757 870
capacitor 712 872 746 887
resistor 696 887 758 915
resistor 696 922 756 950
component 716 890 736 909
component 714 927 735 945
capacitor 699 957 752 979
capacitor 697 985 751 1004
capacitor 829 723 848 780
capacitor 856 722 875 774
resistor 880 721 907 782
resistor 914 721 942 783
component 884 740 903 762
component 917 741 935 761
capacitor 946 725 966 778
capacitor 970 726 989 781
capacitor 999 728 1017 782
capacitor 1020 727 1133 776
capacitor 1085 690 1142 708
capacitor 1151 748 1164 781
capacitor 833 855 865 870
capacitor 834 870 866 886
capacitor 815 910 846 926
capacitor 832 927 866 942
capacitor 886 984 920 999
capacitor 888 872 923 887
capacitor 958 928 996 943
capacitor 960 1000 994 1018
capacitor 942 1038 976 1052
capacitor 1035 890 1069 908
capacitor 1091 872 1122 888
capacitor 1071 966 1102 980
capacitor 1033 983 1068 999
capacitor 1034 1000 1047 1034
capacitor 940 1076 976 1091
capacitor 941 1093 977 1108
capacitor 1071 1039 1084 1072
capacitor 1053 1039 1067 1073
capacitor 1014 1074 1047 1089
capacitor 1013 1112 1047 1127
capacitor 1114 1031 1133 1084
capacitor 1143 1038 1159 1072
resistor 797 1021 827 1034
resistor 832 1038 866 1052
resistor 831 1093 866 1109
resistor 793 1093 830 1109
resistor 775 1035 806 1050
resistor 774 1051 805 1065
capacitor 795 1113 827 1127
resistor 223 961 238 996
resistor 246 961 261 997
resistor 268 959 282 997
resistor 290 960 305 999
resistor 313 961 328 998
resistor 335 961 350 997
resistor 357 960 370 999
resistor 380 961 394 997
resistor 401 961 415 998
resistor 424 961 438 998
resistor 446 962 459 998
resistor 468 961 483 1000
resistor 604 960 617 996
resistor 580 963 593 1000
resistor 557 961 571 1000
resistor 536 961 551 997
resistor 513 961 528 998
resistor 491 960 505 997
capacitor 71 1045 124 1067
pins 10 1131 151 1268
resistor 182 1023 214 1038
resistor 182 1045 214 1061
resistor 183 1067 213 1082
resistor 181 1090 213 1104
resistor 181 1113 213 1127
resistor 180 1135 213 1148
resistor 181 1159 213 1171
resistor 181 1179 212 1194
resistor 180 1202 212 1217
resistor 180 1224 213 1238
resistor 180 1247 212 1260
resistor 182 1269 213 1283
resistor 180 1291 214 1305
resistor 624 1003 656 1015
resistor 625 1024 656 1038
resistor 623 1046 657 1061
resistor 623 1069 658 1084
resistor 623 1092 656 1106
resistor 622 1114 656 1127
resistor 624 1136 656 1151
resistor 622 1161 655 1172
resistor 622 1182 655 1195
resistor 622 1204 654 1218
resistor 622 1227 655 1240
resistor 623 1250 656 1263
resistor 621 1270 655 1285
resistor 624 1293 655 1307
resistor 622 1316 655 1329
resistor 600 1324 613 1357
resistor 578 1324 592 1358
resistor 557 1324 570 1357
resistor 533 1322 547 1358
resistor 509 1323 527 1359
resistor 222 1323 235 1359
resistor 244 1322 257 1356
resistor 266 1321 281 1357
resistor 287 1323 303 1358
resistor 310 1322 325 1358
resistor 333 1322 346 1358
resistor 355 1323 368 1358
resistor 378 1323 392 1357
resistor 400 1324 413 1358
resistor 423 1321 437 1359
resistor 390 1385 444 1400
resistor 443 1322 458 1358
resistor 466 1323 481 1357
resistor 489 1323 503 1360
text 528 1267 549 1294
text 506 1266 527 1301
text 470 1266 494 1303
text 449 1267 469 1304
text 428 1263 448 1303
pins 538 1394 581 1437
capacitor 607 1389 720 1434
capacitor 397 1046 410 1077
capacitor 379 1044 392 1077
capacitor 342 1099 355 1133
capacitor 324 1099 336 1134
capacitor 347 1141 398 1161
capacitor 403 1089 424 1142
capacitor 420 1142 471 1160
capacitor 402 1165 424 1216
capacitor 377 1172 391 1206
capacitor 359 1171 373 1207
capacitor 341 1172 353 1207
capacitor 322 1172 336 1206
capacitor 471 1100 483 1134
capacitor 453 1098 465 1132
capacitor 469 1172 482 1205
capacitor 451 1172 463 1206
capacitor 433 1172 446 1208
resistor 551 1230 561 1262
capacitor 398 1246 411 1281
capacitor 378 1246 390 1283
capacitor 72 1304 125 1324
capacitor 72 1337 126 1357
capacitor 695 1180 749 1197
capacitor 695 1201 748 1221
capacitor 696 1225 748 1245
capacitor 695 1275 747 1295
capacitor 711 1331 745 1343
resistor 1219 857 1232 889
resistor 1199 874 1213 908
resistor 1147 874 1178 887
resistor 1147 892 1177 907
resistor 1146 910 1177 925
resistor 1126 910 1140 945
resistor 1329 1003 1361 1017
resistor 1366 1021 1397 1036
resistor 1329 1021 1358 1036
resistor 1366 1039 1398 1054
resistor 1382 1113 1417 1128
resistor 1381 1133 1415 1146
capacitor 1403 855 1436 871
capacitor 1365 854 1398 873
capacitor 1365 874 1398 888
capacitor 1328 854 1361 870
capacitor 1328 872 1360 889
capacitor 1237 909 1270 926
capacitor 1402 911 1438 926
capacitor 1385 938 1415 951
capacitor 1328 986 1361 999
capacitor 1218 1001 1251 1017
capacitor 1182 966 1194 1002
capacitor 1165 983 1176 1020
capacitor 1200 1001 1213 1037
capacitor 1181 1039 1195 1072
capacitor 1200 1056 1231 1073
capacitor 1273 1037 1306 1055
capacitor 1272 1077 1306 1091
capacitor 1273 1094 1306 1108
capacitor 1197 1093 1234 1111
capacitor 1327 1075 1361 1092
resistor 1018 1001 1029 1033
capacitor 1443 1100 1457 1132
capacitor 1188 1137 1240 1157
capacitor 1195 748 1210 784
capacitor 1221 739 1240 793
capacitor 1247 737 1265 791
resistor 1270 741 1298 804
resistor 1303 740 1332 803
component 1308 761 1325 782
component 1275 760 1295 781
capacitor 1335 745 1352 799
component 1418 591 1485 635
capacitor 1402 666 1511 709
capacitor 1431 717 1488 741
capacitor 1399 744 1512 790
capacitor 1486 796 1541 813
capacitor 1480 824 1537 843
capacitor 1480 853 1535 872
resistor 1480 885 1539 913
resistor 1470 951 1530 980
capacitor 1481 922 1532 940
capacitor 1480 982 1530 1003
component 1496 888 1519 910
component 1490 956 1510 977
capacitor 1572 626 1683 673
capacitor 1571 689 1683 736
capacitor 1607 745 1660 772
capacitor 1572 774 1682 821
capacitor 1570 830 1683 878
capacitor 1591 880 1623 895
resistor 1583 899 1616 914
pins 1696 860 1742 905
capacitor 1806 879 1858 900
capacitor 1772 808 1886 856
electrolytic 1717 708 1921 793
component 1764 629 1846 678
component 1764 721 1846 770
capacitor 1948 810 2003 837
electrolytic 2044 708 2246 795
electrolytic 2048 817 2251 908
component 2091 724 2172 772
component 2106 835 2176 885
capacitor 2426 797 2539 846
pins 4088 841 4111 970
pins 3946 838 3985 974
pins 3823 1010 3874 1061
pins 3453 1005 3504 1062
resistor 4051 850 4085 868
resistor 3986 852 4018 867
resistor 4048 948 4081 962
capacitor 3949 1143 4005 1163
capacitor 3913 1166 4027 1215
capacitor 3946 1222 4000 1243
resistor 3956 1263 3987 1280
resistor 3957 1313 3988 1326
pins 4050 1244 4109 2004
pins 3483 1244 3540 1997
pins 3059 1576 3160 2007
electrolytic 3816 1365 4022 1453
electrolytic 3811 1486 4013 1576
component 3897 1378 3981 1431
component 3892 1498 3976 1551
capacitor 3280 1323 3397 1373
pins 2948 2523 3003 2579
pins 3110 2112 3166 2544
pins 3294 1948 3347 2007
pins 3060 1359 3205 1411
capacitor 3348 1378 3386 1397
capacitor 3417 1461 3456 1477
capacitor 3405 1542 3440 1562
capacitor 3317 1543 3351 1560
capacitor 3228 1544 3267 1562
capacitor 3230 1618 3266 1637
capacitor 3407 1619 3442 1637
capacitor 3274 1568 3384 1615
capacitor 3315 1619 3347 1636
capacitor 3078 1425 3193 1473
resistor 3075 1337 3107 1356
capacitor 3110 1499 3165 1522
capacitor 3406 1793 3441 1809
capacitor 3303 1790 3359 1812
capacitor 3232 1792 3266 1810
capacitor 3267 1842 3381 1888
pins 2660 2446 2729 2617
pins 2625 2174 2678 2230
pins 2486 2029 2623 2127
pins 2503 1357 2637 1450
pins 2442 1213 2495 1266
pins 2623 1175 2900 1263
clock 3074 780 3222 919
resistor 3227 877 3258 894
component 3113 816 3184 861
capacitor 2988 815 3043 838
electrolytic 2991 846 3035 942
capacitor 2929 835 2942 868
capacitor 2892 914 2944 934
capacitor 2886 942 2942 965
capacitor 2906 970 3020 1019
capacitor 2816 857 2867 879
capacitor 2752 834 2765 866
resistor 2703 827 2716 861
capacitor 2575 860 2627 883
electrolytic 2654 895 2856 983
electrolytic 2658 998 2861 1082
component 2702 908 2783 958
component 2720 1010 2788 1059
resistor 2858 1088 2871 1122
resistor 2836 1086 2848 1121
capacitor 2781 1086 2795 1122
capacitor 2766 1087 2778 1121
resistor 2739 1088 2753 1120
resistor 2698 1088 2710 1121
resistor 2778 1272 2792 1308
resistor 2729 1271 2743 1306
resistor 2684 1271 2698 1307
resistor 2635 1269 2650 1307
pins 1712 2440 1785 2609
pins 2042 2593 2096 2653
pins 1581 2218 1639 2275
pins 1180 2058 1979 2158
pins 1989 1853 2041 1905
pins 2146 1128 2295 1272
capacitor 2146 1001 2259 1048
resistor 2041 963 2055 994
resistor 2020 962 2032 993
resistor 1996 961 2010 994
resistor 1975 962 1987 994
resistor 1952 963 1965 994
resistor 1928 961 1943 994
resistor 1908 961 1919 994
resistor 1885 961 1898 994
resistor 1862 960 1875 994
resistor 1840 960 1853 993
resistor 1816 961 1830 993
resistor 1795 961 1808 992
resistor 1772 961 1785 994
resistor 1750 960 1763 993
resistor 1728 959 1741 993
resistor 1704 959 1719 993
resistor 1682 959 1696 992
resistor 1659 959 1674 993
resistor 1617 985 1648 1002
resistor 1617 1008 1648 1023
resistor 1618 1031 1648 1045
resistor 1620 1053 1647 1067
resistor 1618 1076 1647 1090
resistor 1615 1098 1647 1112
resistor 1616 1120 1649 1134
resistor 1616 1142 1649 1157
resistor 1616 1164 1649 1180
resistor 1615 1187 1648 1202
resistor 1615 1210 1649 1224
resistor 1614 1232 1648 1247
resistor 1614 1256 1649 1270
resistor 1615 1278 1648 1291
resistor 1614 1301 1649 1315
pins 2247 1390 2295 1436
electrolytic 2125 1289 2328 1375
electrolytic 2125 1433 2328 1520
component 2186 1306 2255 1356
component 2187 1448 2256 1498
resistor 2062 1010 2096 1025
resistor 2062 1033 2096 1046
resistor 2063 1055 2097 1069
resistor 2063 1077 2096 1091
resistor 2063 1100 2095 1114
resistor 2063 1123 2097 1137
resistor 2063 1145 2096 1158
resistor 2064 1166 2095 1181
resistor 2063 1190 2097 1203
resistor 2061 1212 2096 1226
resistor 2062 1236 2095 1248
resistor 2062 1258 2095 1271
resistor 2060 1279 2096 1293
resistor 2039 1325 2054 1361
resistor 2018 1325 2031 1359
resistor 1995 1326 2008 1359
resistor 1972 1326 1986 1360
resistor 1950 1325 1964 1359
resistor 1928 1325 1941 1359
resistor 1905 1325 1918 1359
resistor 1883 1324 1896 1361
resistor 1860 1325 1874 1359
resistor 1837 1324 1852 1359
resistor 1815 1324 1829 1359
resistor 1793 1325 1806 1358
resistor 1771 1325 1784 1358
resistor 1747 1325 1760 1358
resistor 1725 1324 1739 1358
resistor 1703 1324 1716 1359
resistor 1680 1324 1693 1359
resistor 1658 1324 1670 1359
resistor 1694 1038 1708 1070
capacitor 1860 1157 1912 1178
capacitor 1789 1159 1840 1178
capacitor 1842 1102 1859 1156
capacitor 1843 1180 1861 1234
capacitor 1927 1112 1939 1147
capacitor 1908 1113 1920 1146
capacitor 1890 1112 1903 1145
capacitor 1871 1110 1885 1147
capacitor 1872 1037 1886 1074
capacitor 1853 1038 1865 1072
capacitor 1778 1093 1792 1129
capacitor 1798 1111 1812 1144
capacitor 1816 1112 1828 1146
capacitor 1926 1186 1938 1221
capacitor 1908 1187 1920 1222
capacitor 1871 1242 1884 1276
capacitor 1852 1240 1864 1275
capacitor 1798 1187 1810 1220
capacitor 1779 1185 1791 1220
capacitor 1517 1046 1571 1063
capacitor 1470 1108 1582 1155
capacitor 1420 1150 1434 1183
capacitor 1515 1179 1569 1199
capacitor 1514 1208 1568 1229
capacitor 1516 1244 1569 1263
capacitor 1515 1309 1567 1329
capacitor 1540 1373 1573 1388
capacitor 1528 1393 1580 1412
capacitor 1497 1434 1608 1480
capacitor 1430 1461 1481 1481
capacitor 1498 1489 1610 1539
capacitor 1520 1543 1578 1571
capacitor 1524 1577 1576 1598
capacitor 1422 1514 1440 1570
capacitor 1493 1633 1606 1680
capacitor 1495 1716 1608 1763
capacitor 1823 1412 1875 1429
capacitor 1824 1436 1876 1455
pins 1647 1465 1694 1516
capacitor 1926 1430 2039 1477
capacitor 2085 1529 2198 1576
capacitor 2084 1584 2197 1632
capacitor 2048 1670 2100 1690
capacitor 2057 1695 2091 1709
electrolytic 1715 1459 1918 1545
electrolytic 1716 1559 1919 1645
component 1774 1477 1843 1524
component 1759 1574 1843 1623
capacitor 1768 1672 1882 1720
capacitor 2074 1928 2187 1977
capacitor 2018 1932 2051 1945
capacitor 2020 1962 2053 1976
electrolytic 2034 2000 2236 2089
electrolytic 2034 2113 2237 2201
component 2096 2018 2167 2071
component 2105 2137 2194 2183
pins 1519 1850 1568 1907
resistor 1946 2022 1961 2057
resistor 1898 2024 1915 2059
resistor 1850 2023 1864 2059
resistor 1809 2026 1821 2059
resistor 1758 2024 1773 2059
resistor 1717 2024 1730 2058
resistor 1667 2023 1682 2057
resistor 1617 2022 1633 2057
resistor 1569 2022 1583 2057
resistor 1528 2022 1540 2057
resistor 1478 2022 1493 2056
resistor 1428 2020 1443 2056
resistor 1386 2022 1400 2056
resistor 1337 2022 1352 2057
resistor 1288 2022 1303 2057
resistor 1238 2021 1254 2056
resistor 1196 2021 1210 2056
pins 1100 2592 1150 2644
pins 792 2439 862 2611
electrolytic 1234 1605 1437 1691
electrolytic 1228 1715 1432 1801
component 1293 1622 1360 1669
component 1288 1732 1355 1779
capacitor 1364 1205 1376 1240
capacitor 1199 1169 1230 1181
capacitor 1271 1187 1303 1200
capacitor 1199 1205 1230 1220
capacitor 1112 1213 1130 1263
capacitor 1327 1279 1360 1294
capacitor 1326 1298 1358 1309
capacitor 1382 1353 1415 1368
capacitor 1382 1371 1415 1385
capacitor 1382 1427 1414 1441
capacitor 1255 1371 1267 1404
capacitor 1272 1243 1306 1256
capacitor 1234 1260 1267 1273
capacitor 1235 1280 1267 1293
text 1237 1295 1267 1313
capacitor 1198 1223 1211 1257
capacitor 1179 1222 1193 1257
capacitor 1162 1223 1175 1258
capacitor 1144 1222 1156 1256
capacitor 1198 1280 1231 1294
capacitor 1180 1261 1194 1294
capacitor 1162 1278 1176 1312
capacitor 1179 1371 1212 1386
resistor 1143 1390 1172 1405
resistor 1143 1408 1174 1422
capacitor 1142 1427 1175 1439
capacitor 1089 1224 1101 1257
capacitor 1070 1224 1084 1259
capacitor 1052 1223 1064 1256
capacitor 1034 1223 1046 1257
capacitor 1015 1186 1049 1200
capacitor 1015 1203 1048 1220
capacitor 941 1186 976 1200
capacitor 942 1204 974 1217
capacitor 813 1168 826 1200
capacitor 869 1221 881 1256
capacitor 885 1295 919 1309
capacitor 980 1260 1009 1272
capacitor 978 1279 1010 1293
capacitor 1014 1261 1027 1294
capacitor 1053 1278 1066 1313
capacitor 1033 1278 1048 1312
capacitor 830 1333 862 1347
capacitor 830 1350 862 1365
capacitor 829 1368 862 1382
capacitor 827 1407 861 1419
capacitor 848 1424 881 1439
capacitor 1032 1389 1064 1402
resistor 959 1314 972 1348
resistor 1052 1333 1082 1348
resistor 1054 1354 1083 1366
resistor 1067 1390 1101 1402
resistor 1069 1408 1100 1421
resistor 1373 1508 1404 1572
resistor 1340 1507 1368 1571
capacitor 1316 1512 1333 1568
component 1345 1528 1363 1549
component 1379 1529 1397 1549
capacitor 1239 1508 1256 1565
capacitor 1220 1520 1235 1556
capacitor 1177 1507 1197 1563
electrolytic 985 1600 1186 1685
electrolytic 740 1611 942 1698
component 1025 1617 1108 1662
component 779 1627 861 1674
capacitor 988 1523 1000 1557
capacitor 952 1513 971 1568
capacitor 917 1515 937 1569
capacitor 818 1510 837 1566
capacitor 788 1469 807 1522
capacitor 746 1436 763 1489
capacitor 691 1541 802 1587
capacitor 1069 1707 1182 1754
capacitor 783 1702 895 1750
capacitor 785 1756 899 1802
pins 844 1988 1000 2146
pins 607 1987 762 2143
pins 733 1849 785 1901
resistor 840 2059 873 2073
resistor 730 2060 761 2074
pins 614 2213 666 2260
resistor 880 1507 910 1570
resistor 845 1507 874 1570
component 851 1525 869 1548
component 886 1527 903 1547
capacitor 714 1368 746 1380
electrolytic 536 1439 737 1524
electrolytic 318 1406 517 1490
electrolytic 315 1497 518 1585
capacitor 402 1590 437 1602
capacitor 209 1439 263 1459
capacitor 208 1493 263 1513
capacitor 189 1533 302 1581
capacitor 599 1527 652 1545
capacitor 600 1551 653 1569
capacitor 563 1576 675 1622
capacitor 601 1655 656 1675
capacitor 564 1691 676 1737
capacitor 566 1754 677 1801
component 589 1454 659 1505
component 352 1422 434 1467
component 372 1512 437 1561
pins 78 1366 177 1470
pins 77 1521 172 1776
pins 68 1821 179 1930
electrolytic 295 1796 500 1883
capacitor 324 1904 436 1951
component 332 1816 413 1861
pins 17 2016 260 2190
capacitor 409 1993 522 2040
capacitor 349 1999 382 2013
capacitor 348 2025 383 2039
electrolytic 327 2127 528 2213
electrolytic 331 2233 532 2318
component 384 2144 450 2193
component 391 2254 477 2302
pins 181 2631 233 2684
pins 390 2435 460 2607
connector 508 2494 742 2613
pins 1308 2438 1381 2607
connector 1425 2496 1669 2617
pins 2260 2446 2329 2617
connector 2371 2502 2618 2628
