text 41 323 90 345
text 290 260 328 283
text 429 306 468 330
text 283 346 320 370
text 430 400 468 426
text 290 396 328 418
text 290 446 328 470
text 288 535 323 558
text 571 552 596 574
text 1110 238 1158 262
text 1153 250 1183 281
text 1371 227 1420 252
text 1415 238 1449 272
text 1081 352 1131 377
text 1031 409 1047 430
text 1012 430 1051 453
text 977 448 1016 472
text 1027 470 1049 493
text 1068 508 1107 530
text 943 463 976 498
text 910 508 958 530
text 1076 556 1112 581
text 1066 616 1115 640
text 1044 671 1093 693
text 1038 747 1089 771
text 883 724 920 748
text 980 733 1003 756
text 890 749 927 774
text 1343 335 1366 386
text 1493 247 1517 295
text 1672 266 1722 289
text 1677 337 1725 362
text 1683 392 1732 419
text 1683 438 1733 462
text 1603 483 1641 513
text 1713 530 1765 557
text 1573 548 1622 574
text 1566 619 1615 643
text 1699 717 1748 743
text 1616 750 1664 774
text 1652 844 1703 868
text 1815 742 1864 768
text 2317 158 2367 183
text 2378 242 2427 264
text 2486 248 2519 284
text 2488 353 2523 390
text 2253 281 2286 317
text 2056 513 2090 544
text 2378 604 2412 635
text 2379 692 2413 728
text 2051 694 2086 731
text 2049 803 2083 839
text 2752 608 2783 642
text 3416 124 3448 160
text 3439 301 3473 340
text 3490 293 3526 327
text 3425 589 3458 623
text 3439 497 3471 527
text 3639 524 3675 559
text 3643 606 3673 639
text 3878 524 3912 557
text 3671 706 3705 742
text 3620 840 3654 875
text 3795 1422 3829 1452
text 3563 1422 3595 1457
text 3358 1594 3389 1630
text 3799 1780 3834 1815
text 3768 2110 3805 2142
text 3558 2302 3595 2335
text 1855 2183 1892 2216
text 2064 1984 2097 2019
text 1970 1272 2001 1307
text 2382 1443 2415 1479
text 2381 1544 2415 1579
text 2201 274 2251 299
text 2562 287 2612 310
text 2570 316 2612 340
text 2569 340 2606 365
text 2381 348 2420 368
text 2027 491 2076 518
text 2025 566 2071 589
text 2425 484 2476 509
text 2273 549 2322 574
text 2276 576 2322 601
text 2325 592 2364 615
text 2495 539 2546 563
text 2634 562 2682 581
text 2728 149 2761 183
text 2681 140 2728 164
text 2778 189 2826 214
text 2726 239 2760 260
text 2735 261 2781 281
text 2726 282 2762 303
text 2724 305 2759 327
text 2735 329 2782 354
text 2728 355 2763 376
text 2726 376 2761 396
text 2740 396 2777 417
text 2722 420 2760 442
text 2724 443 2761 463
text 2729 461 2779 482
text 2721 486 2769 507
text 2728 507 2762 527
text 2746 528 2782 551
text 2719 550 2767 575
text 2752 584 2788 608
text 2837 133 2858 183
text 2863 125 2885 173
text 2885 130 2905 168
text 2907 129 2928 164
text 2929 134 2950 181
text 2954 126 2975 163
text 2975 127 2994 166
text 2994 139 3014 190
text 3019 127 3041 164
text 3041 126 3061 162
text 3064 140 3086 176
text 3087 126 3107 162
text 3107 127 3129 173
text 3145 190 3194 218
text 3101 238 3136 259
text 3104 259 3128 279
text 3099 286 3136 309
text 3101 311 3136 332
text 3102 332 3136 355
text 3101 357 3135 379
text 3049 405 3083 429
text 3088 413 3124 432
text 3101 431 3135 454
text 3101 454 3136 473
text 3100 472 3138 495
text 2978 318 3000 353
text 2863 258 2890 285
text 2849 324 2885 348
text 2851 348 2888 372
text 2832 376 2869 398
text 2832 400 2870 422
text 2884 411 2931 432
text 2857 436 2895 457
text 2856 457 2893 478
text 2861 480 2897 507
text 2867 537 2890 559
text 3377 121 3414 142
text 3376 226 3425 246
text 3204 263 3252 284
text 3252 262 3288 285
text 3195 285 3242 307
text 3203 306 3250 328
text 3204 329 3250 348
text 3203 349 3251 370
text 3204 373 3252 395
text 3205 394 3253 417
text 3200 418 3248 439
text 3220 438 3267 462
text 3204 463 3252 485
text 3197 483 3246 506
text 3204 507 3253 531
text 3204 531 3251 553
text 3198 552 3245 574
text 3207 573 3255 595
text 3203 599 3253 621
text 3257 479 3294 505
text 3401 294 3450 316
text 3399 407 3412 429
text 3505 349 3554 376
text 3677 310 3726 335
text 3408 441 3457 466
text 3401 481 3449 505
text 3660 400 3711 423
text 3660 449 3710 470
text 3661 495 3711 519
text 3527 481 3575 504
text 3656 563 3693 587
text 3657 637 3704 660
text 3993 387 4041 409
text 3993 545 4041 569
text 3839 514 3888 538
text 3895 691 3946 716
text 23 869 62 894
text 93 873 132 898
text 35 964 72 989
text 183 1139 234 1163
text 830 793 877 834
text 842 848 881 872
text 721 955 831 994
text 852 953 1053 1004
text 1073 794 1121 818
text 1084 942 1110 966
text 1110 938 1129 961
text 1093 1018 1144 1042
text 1186 837 1209 888
text 1166 893 1218 913
text 1218 961 1243 985
text 1256 838 1306 861
text 1363 828 1387 876
text 1411 837 1434 872
text 1407 873 1456 894
text 1443 880 1477 912
text 1513 804 1530 827
text 1490 891 1542 915
text 1437 980 1475 1015
text 1456 1035 1506 1060
text 1998 794 2049 817
text 1920 976 1972 1000
text 2117 791 2165 815
text 2154 731 2192 755
text 2398 746 2433 771
text 2380 788 2428 812
text 2339 810 2388 834
text 2379 836 2428 859
text 2259 860 2309 880
text 2535 665 2585 688
text 2542 715 2592 741
text 2549 773 2599 794
text 2746 647 2795 669
text 2783 616 2819 639
text 2834 576 2856 615
text 2856 578 2876 616
text 2880 577 2902 615
text 2902 577 2924 613
text 2922 577 2944 615
text 2943 576 2966 615
text 2967 578 2988 618
text 2989 576 3012 614
text 3111 533 3136 557
text 3037 554 3075 578
text 3034 580 3057 617
text 3079 586 3100 611
text 3123 584 3145 612
text 202 1179 254 1206
text 188 1218 241 1247
text 159 1258 199 1284
text 156 1309 195 1334
text 72 1433 109 1472
text 78 1555 115 1590
text 296 1367 352 1395
text 304 1482 356 1511
text 789 1294 844 1322
text 706 1395 745 1420
text 661 1436 713 1462
text 993 1305 1045 1332
text 991 1399 1045 1425
text 976 1478 1029 1503
text 661 1515 716 1540
text 750 1513 805 1540
text 851 1516 905 1542
text 669 1594 722 1618
text 844 1566 894 1589
text 856 1595 907 1618
text 760 1636 811 1660
text 1234 1138 1258 1177
text 1260 1135 1283 1174
text 1316 1130 1338 1181
text 1339 1130 1360 1182
text 1362 1133 1383 1172
text 1399 1136 1421 1178
text 1340 1264 1364 1316
text 1390 1262 1412 1313
text 1433 1260 1458 1312
text 1483 1259 1506 1312
text 2052 913 2076 951
text 2077 918 2099 961
text 2097 907 2121 946
text 2121 923 2142 963
text 2144 904 2166 940
text 2165 901 2187 937
text 2187 919 2209 959
text 2213 908 2235 950
text 2233 903 2257 942
text 2257 919 2278 957
text 2278 902 2299 941
text 2302 900 2323 939
text 2321 925 2341 964
text 2344 900 2364 938
text 2371 913 2393 936
text 2394 908 2415 961
text 2415 905 2435 946
text 2437 902 2458 940
text 2440 879 2477 901
text 2493 912 2540 934
text 2656 792 2705 813
text 2650 825 2698 848
text 2648 847 2672 872
text 2632 890 2668 912
text 2631 919 2668 942
text 2643 955 2666 979
text 2634 983 2669 1005
text 2515 979 2562 1003
text 2506 1001 2556 1024
text 2514 1023 2561 1045
text 2574 1026 2623 1046
text 2493 1050 2528 1073
text 2513 1070 2565 1091
text 2655 1057 2670 1100
text 2611 1082 2658 1108
text 2408 1093 2444 1115
text 2407 1115 2445 1136
text 2411 1138 2447 1161
text 2407 1162 2447 1182
text 2409 1183 2445 1204
text 2408 1204 2446 1225
text 2408 1227 2446 1248
text 2408 1249 2446 1267
text 2409 1268 2445 1287
text 2408 1288 2445 1309
text 2622 1177 2671 1199
text 2616 1206 2666 1232
text 2619 1242 2657 1266
text 2655 1147 2674 1180
text 2552 1284 2604 1308
text 2063 1007 2111 1028
text 2062 1029 2110 1048
text 2064 1049 2111 1070
text 2063 1070 2113 1094
text 2064 1094 2110 1117
text 2066 1117 2114 1138
text 2064 1139 2111 1160
text 2063 1161 2113 1183
text 2064 1185 2113 1208
text 2065 1207 2112 1229
text 2063 1229 2114 1253
text 2064 1253 2113 1277
text 2064 1277 2112 1301
text 2110 1022 2129 1048
text 2108 1268 2130 1290
text 2133 1010 2155 1046
text 2155 1010 2176 1045
text 2176 1006 2195 1048
text 2197 1019 2218 1045
text 2213 1007 2235 1019
text 2256 1005 2281 1056
text 2255 1061 2276 1100
text 2283 1007 2303 1047
text 2303 1002 2322 1056
text 2324 1006 2348 1057
text 2380 1022 2403 1048
text 2402 1009 2422 1024
text 2159 1154 2197 1176
text 2159 1269 2183 1308
text 2225 1286 2248 1307
text 2193 1263 2215 1279
text 2259 1232 2280 1280
text 2253 1281 2276 1305
text 2280 1269 2300 1307
text 2301 1267 2322 1307
text 2322 1266 2344 1306
text 2383 1264 2404 1289
text 1987 1312 2025 1337
text 2722 689 2771 714
text 2719 715 2767 738
text 2735 743 2758 796
text 2701 803 2726 824
text 2737 801 2759 826
text 2773 803 2798 826
text 2808 803 2836 824
text 2846 802 2872 824
text 2883 800 2908 826
text 2919 801 2943 825
text 2957 801 2983 825
text 2993 799 3021 824
text 3031 801 3057 824
text 3069 802 3092 824
text 3105 800 3128 826
text 3145 800 3159 825
text 3183 801 3194 826
text 3220 799 3231 825
text 3256 801 3268 824
text 3291 801 3304 823
text 2786 679 2808 729
text 2814 680 2838 717
text 2843 679 2866 731
text 2871 686 2893 724
text 2898 688 2918 739
text 2930 735 2950 787
text 2977 708 3027 728
text 2980 774 3028 797
text 3008 664 3034 690
text 3065 662 3087 708
text 3045 778 3096 800
text 3101 657 3125 673
text 3103 693 3124 707
text 3124 674 3144 699
text 3145 682 3166 722
text 3161 622 3186 673
text 3219 658 3256 681
text 3169 779 3190 827
text 3201 779 3221 826
text 3235 770 3256 819
text 3283 703 3331 728
text 3283 738 3305 788
text 3297 824 3313 845
text 3438 723 3487 746
text 3610 705 3659 726
text 3584 731 3633 753
text 3694 750 3743 775
text 3438 780 3487 802
text 3427 808 3474 827
text 3435 826 3471 847
text 3593 807 3641 829
text 3743 800 3791 825
text 3746 831 3785 857
text 3812 859 3862 883
text 3641 860 3676 883
text 3679 850 3717 877
text 4046 946 4093 971
text 3305 859 3316 880
text 3317 849 3353 869
text 3317 870 3352 890
text 3304 893 3317 915
text 3318 889 3354 912
text 3304 932 3316 956
text 3306 967 3318 990
text 3317 925 3352 949
text 3306 997 3317 1021
text 3411 953 3460 979
text 3471 953 3496 1002
text 3622 924 3643 948
text 3644 904 3666 941
text 3667 902 3690 936
text 3691 911 3713 959
text 3715 904 3736 941
text 3739 900 3760 936
text 3757 922 3778 959
text 3779 904 3803 939
text 3803 904 3825 940
text 3825 910 3847 949
text 3847 902 3869 938
text 3873 899 3897 950
text 670 1767 720 1794
text 757 1766 808 1789
text 835 1762 891 1788
text 809 1894 860 1918
text 265 2189 345 2214
text 270 2224 390 2249
text 262 2256 357 2282
text 258 2286 373 2318
text 2049 1375 2074 1416
text 2074 1377 2097 1417
text 2096 1374 2121 1414
text 2122 1375 2144 1414
text 2145 1375 2166 1416
text 1973 1417 2006 1454
text 1935 1404 1974 1428
text 1985 1499 2034 1521
text 2076 1478 2126 1506
text 1867 1593 1916 1618
text 2011 1634 2052 1659
text 2019 1709 2057 1731
text 2168 1370 2190 1408
text 2175 1406 2211 1427
text 2191 1372 2209 1405
text 2208 1371 2230 1410
text 2230 1370 2251 1411
text 2255 1373 2280 1411
text 2279 1372 2302 1410
text 2301 1363 2327 1401
text 2326 1370 2348 1411
text 2349 1371 2369 1411
text 2371 1373 2392 1412
text 2392 1369 2413 1423
text 2416 1373 2437 1412
text 2454 1325 2475 1363
text 2308 1425 2359 1454
text 2398 1513 2435 1539
text 2392 1617 2445 1642
text 2298 1721 2349 1749
text 2539 1353 2583 1370
text 2605 1397 2654 1424
text 2458 1432 2509 1456
text 2475 1548 2525 1573
text 2539 1597 2588 1620
text 2506 1682 2554 1706
text 2462 1731 2511 1755
text 1993 1901 2044 1927
text 2105 1924 2156 1948
text 2102 1954 2154 1979
text 2082 2016 2132 2044
text 2081 2103 2132 2129
text 2167 2017 2189 2059
text 2220 2013 2244 2067
text 2270 2013 2293 2065
text 2311 2012 2336 2066
text 2360 2010 2384 2065
text 2402 2012 2428 2067
text 2451 2011 2477 2066
text 2500 2011 2529 2066
text 2547 2010 2577 2066
text 2591 2009 2619 2067
text 2640 2010 2666 2066
text 2689 2010 2715 2064
text 2733 2010 2756 2065
text 2783 2011 2805 2067
text 2830 2009 2855 2065
text 2881 2008 2902 2063
text 2923 2009 2944 2062
text 2968 889 2996 909
text 2987 910 3002 953
text 2982 998 2998 1031
text 2833 1137 2873 1157
text 2983 1264 3000 1306
text 2655 1442 2705 1465
text 2623 1518 2671 1541
text 2652 1544 2673 1595
text 2719 1477 2742 1505
text 2744 1469 2768 1508
text 2807 1519 2830 1572
text 2834 1504 2859 1555
text 2894 1514 2915 1567
text 2821 1579 2860 1600
text 2862 1588 2896 1624
text 2935 1518 2959 1559
text 3091 1520 3113 1570
text 3112 1582 3145 1616
text 3110 1680 3148 1703
text 3148 1583 3173 1623
text 3169 1470 3192 1511
text 3202 1465 3229 1506
text 3237 1465 3261 1505
text 3278 1448 3297 1488
text 2868 1698 2902 1734
text 2869 1787 2909 1812
text 3045 1719 3094 1747
text 3262 2072 3288 2093
text 3337 2072 3363 2098
text 3330 1016 3371 1033
text 3369 1003 3404 1024
text 3407 1003 3449 1024
text 3399 1023 3436 1046
text 3402 1046 3440 1065
text 2979 963 2998 981
text 3340 1040 3379 1056
text 3340 1056 3378 1072
text 3306 1073 3320 1094
text 3320 1094 3363 1111
text 3305 1126 3321 1147
text 3308 1154 3325 1176
text 3305 1191 3329 1214
text 3307 1226 3329 1252
text 3306 1263 3330 1287
text 3306 1298 3331 1325
text 3304 1336 3331 1361
text 3308 1372 3334 1399
text 3308 1406 3335 1428
text 3302 1428 3326 1466
text 3328 1443 3349 1496
text 3339 1509 3376 1531
text 3403 1065 3453 1085
text 3394 1089 3432 1109
text 3406 1109 3454 1131
text 3400 1133 3436 1154
text 3401 1154 3436 1175
text 3340 1160 3392 1183
text 3328 1195 3349 1246
text 3375 1243 3425 1264
text 3371 1294 3420 1317
text 3365 1344 3415 1366
text 3348 1381 3395 1401
text 3449 1327 3498 1351
text 3424 1364 3473 1388
text 3479 1350 3502 1388
text 3512 1372 3535 1423
text 3543 1353 3566 1391
text 3506 1011 3527 1060
text 3526 1012 3547 1058
text 3547 1011 3566 1059
text 3567 1011 3587 1057
text 3587 1011 3609 1057
text 3542 1059 3564 1093
text 3609 1021 3629 1059
text 3628 1015 3650 1051
text 3655 1013 3678 1053
text 3683 1010 3704 1058
text 3730 1012 3753 1059
text 3754 1012 3775 1062
text 3776 1010 3798 1062
text 3834 1025 3856 1055
text 3948 1018 3993 1042
text 3996 1021 4047 1043
text 3928 1037 3975 1060
text 3949 1065 3997 1086
text 3970 1093 4019 1115
text 3944 1109 3990 1132
text 3929 1169 3980 1194
text 3942 1198 3991 1223
text 3947 1262 3997 1288
text 4064 1303 4110 1328
text 4060 1336 4107 1361
text 3903 1305 3951 1327
text 3768 1142 3807 1165
text 3844 1135 3882 1155
text 3847 1155 3885 1176
text 3849 1218 3886 1241
text 3848 1242 3885 1264
text 3839 1269 3861 1292
text 3811 1266 3831 1302
text 3787 1264 3813 1302
text 3762 1263 3783 1302
text 3740 1265 3763 1303
text 3682 1214 3708 1249
text 3685 1261 3704 1297
text 3506 1174 3556 1197
text 3507 1198 3554 1220
text 3551 1190 3569 1228
text 3505 1219 3555 1242
text 3506 1242 3542 1264
text 3506 1284 3554 1308
text 3508 1264 3554 1283
text 3571 1377 3594 1423
text 3604 1363 3626 1412
text 3626 1369 3650 1404
text 3675 1353 3698 1386
text 3719 1354 3742 1379
text 3741 1380 3762 1406
text 3764 1356 3785 1404
text 3785 1373 3808 1421
text 3808 1374 3830 1421
text 3830 1387 3852 1435
text 3851 1371 3873 1423
text 3874 1370 3897 1421
text 3872 1419 3920 1440
text 3797 1454 3844 1477
text 3779 1480 3815 1516
text 3865 1469 3906 1493
text 3888 1582 3940 1604
text 3751 1583 3792 1609
text 3667 1604 3717 1627
text 3756 1766 3807 1792
text 3532 1524 3581 1549
text 3538 1549 3576 1570
text 3389 1587 3438 1611
text 3553 1591 3603 1616
text 3477 1634 3513 1655
text 3357 1684 3407 1706
text 3330 1712 3379 1735
text 3328 1761 3378 1784
text 3552 1717 3602 1743
text 3547 1758 3596 1782
text 3790 1915 3840 1942
text 3587 1964 3641 1990
text 3775 1991 3827 2015
text 3775 2020 3824 2044
text 3795 2139 3844 2163
text 3787 2230 3837 2257
capacitor 46 348 78 362
resistor 287 285 319 300
resistor 286 329 316 343
resistor 287 421 320 434
resistor 287 469 320 482
resistor 282 518 316 532
resistor 427 331 460 346
resistor 426 379 459 396
pins 322 270 416 643
pins 517 559 554 600
pins 606 558 649 603
pins 728 539 781 642
resistor 563 577 595 595
pins 619 249 670 305
electrolytic 963 257 1169 350
electrolytic 1230 250 1432 339
electrolytic 958 483 1045 686
component 974 516 1020 602
component 1034 275 1115 321
component 1300 265 1381 312
capacitor 967 360 1079 404
capacitor 1326 340 1342 374
capacitor 1070 416 1103 429
capacitor 1069 432 1104 449
capacitor 1033 454 1069 469
resistor 1065 476 1098 490
resistor 1067 491 1098 506
resistor 1071 579 1107 594
capacitor 1072 601 1107 615
capacitor 1025 694 1076 715
capacitor 1494 313 1513 365
capacitor 1557 264 1668 310
capacitor 1562 333 1676 378
capacitor 1566 391 1677 437
capacitor 1616 455 1666 481
electrolytic 1624 500 1710 702
component 1641 540 1688 623
capacitor 1571 574 1604 591
capacitor 1569 606 1603 621
capacitor 1618 715 1673 739
capacitor 1568 754 1603 772
capacitor 1020 724 1074 744
resistor 934 731 968 746
resistor 936 753 968 770
resistor 984 757 1013 768
ic 1123 381 1556 817
component 1191 453 1419 752
electrolytic 2068 291 2266 383
electrolytic 2075 442 2279 530
electrolytic 2297 264 2501 351
electrolytic 2301 368 2506 455
electrolytic 2544 162 2744 248
electrolytic 2556 576 2757 666
component 2139 303 2221 356
component 2374 276 2456 329
component 2617 173 2699 226
component 2135 456 2207 507
component 2374 381 2446 432
capacitor 2308 475 2422 522
capacitor 2326 181 2437 228
pins 2064 389 2194 438
capacitor 2077 548 2189 597
capacitor 2228 559 2261 573
capacitor 2226 584 2260 600
pins 2059 633 2193 688
electrolytic 2193 616 2395 704
pins 2360 556 2405 608
capacitor 2430 565 2542 614
capacitor 2610 261 2721 310
capacitor 2636 317 2689 337
capacitor 2635 343 2691 363
pins 2546 388 2688 542
capacitor 2624 543 2678 565
resistor 2780 220 2812 237
resistor 2780 245 2813 260
resistor 2781 266 2813 282
resistor 2780 290 2814 305
resistor 2780 311 2813 327
resistor 2780 334 2813 350
resistor 2779 357 2814 371
resistor 2780 378 2813 393
resistor 2781 401 2814 416
resistor 2782 423 2813 438
resistor 2781 445 2814 461
resistor 2781 468 2813 485
resistor 2783 491 2815 506
resistor 2782 513 2816 528
resistor 2782 535 2815 550
resistor 2782 557 2815 573
resistor 2784 580 2815 595
resistor 2782 602 2816 617
resistor 2842 185 2858 219
resistor 2865 186 2880 218
resistor 2887 186 2902 220
resistor 2909 186 2926 222
resistor 2932 185 2947 222
resistor 2953 185 2969 221
resistor 2978 185 2991 222
resistor 2999 187 3014 223
resistor 3021 185 3035 221
resistor 3045 186 3058 221
resistor 3066 185 3080 221
resistor 3089 186 3104 221
resistor 3111 186 3126 223
resistor 3151 222 3185 237
resistor 3151 243 3185 260
resistor 3151 266 3185 281
resistor 3151 287 3182 304
resistor 3151 311 3184 326
resistor 3151 332 3185 349
resistor 3153 355 3185 371
resistor 3151 378 3186 394
resistor 3152 399 3186 415
resistor 3152 422 3184 437
resistor 3153 443 3185 461
resistor 3152 467 3187 483
resistor 3153 489 3184 505
resistor 3153 512 3185 527
resistor 3154 532 3185 550
resistor 3153 556 3186 571
resistor 3154 578 3185 595
resistor 3154 602 3188 617
resistor 3077 561 3108 575
resistor 2835 623 2850 660
resistor 2858 626 2871 662
resistor 2879 625 2895 661
resistor 2902 625 2916 662
resistor 2924 625 2938 659
resistor 2946 624 2961 661
resistor 2969 623 2984 661
resistor 2991 625 3007 660
resistor 3014 623 3028 661
resistor 3037 625 3051 661
resistor 3059 626 3073 661
resistor 3081 625 3095 660
resistor 3103 624 3118 660
resistor 3126 625 3139 661
resistor 3150 626 3161 661
capacitor 2929 408 2978 428
capacitor 2980 354 2999 406
capacitor 2935 329 2968 344
capacitor 2936 347 2968 360
capacitor 2880 383 2914 398
capacitor 2880 404 2915 417
capacitor 2937 456 2970 472
capacitor 2936 475 2972 491
capacitor 2978 428 2998 483
capacitor 3011 328 3043 344
capacitor 3009 347 3043 362
capacitor 3011 365 3040 380
capacitor 3009 383 3043 398
capacitor 2998 408 3049 428
capacitor 3083 383 3113 397
capacitor 3084 401 3115 415
capacitor 3011 437 3041 452
capacitor 3012 457 3042 471
capacitor 3009 475 3044 489
electrolytic 3231 139 3431 227
component 3305 149 3371 200
component 3328 325 3399 373
component 3577 246 3646 292
capacitor 3215 240 3268 260
capacitor 3305 247 3417 295
electrolytic 3254 316 3456 405
capacitor 3320 401 3372 423
capacitor 3295 430 3406 476
capacitor 3319 480 3372 500
electrolytic 3509 221 3710 311
capacitor 3498 375 3611 422
capacitor 3499 436 3612 483
pins 3453 466 3500 511
pins 3614 412 3652 540
pins 3752 409 3794 539
resistor 3662 423 3698 437
resistor 3663 470 3697 488
resistor 3665 520 3699 533
pins 3949 337 3989 388
pins 4037 341 4083 387
pins 3939 506 3987 554
pins 4039 510 4080 555
resistor 3998 375 4029 389
resistor 3991 526 4024 542
electrolytic 3692 538 3895 625
electrolytic 3691 637 3891 725
capacitor 3743 743 3855 789
electrolytic 3454 539 3654 623
electrolytic 3455 624 3658 706
electrolytic 3252 508 3455 595
electrolytic 3251 609 3453 698
component 3326 520 3397 570
component 3325 622 3396 672
component 3529 548 3600 598
component 3538 632 3623 685
component 3768 551 3839 601
component 3743 649 3828 702
pins 3942 875 3998 930
capacitor 3795 807 3832 823
capacitor 3796 834 3832 850
capacitor 3779 884 3832 904
capacitor 3677 883 3732 904
capacitor 3974 968 4088 1015
capacitor 3560 709 3596 725
capacitor 3474 738 3585 783
capacitor 3472 799 3583 845
electrolytic 3437 853 3637 939
component 3510 868 3580 917
capacitor 3460 707 3511 729
capacitor 3326 706 3434 752
capacitor 3330 762 3441 808
capacitor 3354 808 3408 827
capacitor 3354 829 3407 849
capacitor 3355 851 3407 870
capacitor 3366 872 3400 887
resistor 3354 887 3416 915
resistor 3356 922 3416 950
component 3376 890 3396 909
component 3377 927 3398 945
capacitor 3360 957 3413 979
capacitor 3361 985 3415 1004
capacitor 3264 723 3283 780
capacitor 3237 722 3256 774
resistor 3205 721 3232 782
resistor 3170 721 3198 783
component 3209 740 3228 762
component 3177 741 3195 761
capacitor 3146 725 3166 778
capacitor 3123 726 3142 781
capacitor 3095 728 3113 782
capacitor 2979 727 3092 776
capacitor 2970 690 3027 708
capacitor 2948 748 2961 781
capacitor 3247 855 3279 870
capacitor 3246 870 3278 886
capacitor 3266 910 3297 926
capacitor 3246 927 3280 942
capacitor 3192 984 3226 999
capacitor 3189 872 3224 887
capacitor 3116 928 3154 943
capacitor 3118 1000 3152 1018
capacitor 3136 1038 3170 1052
capacitor 3043 890 3077 908
capacitor 2990 872 3021 888
capacitor 3010 966 3041 980
capacitor 3044 983 3079 999
capacitor 3065 1000 3078 1034
capacitor 3136 1076 3172 1091
capacitor 3135 1093 3171 1108
capacitor 3028 1039 3041 1072
capacitor 3045 1039 3059 1073
capacitor 3065 1074 3098 1089
capacitor 3065 1112 3099 1127
capacitor 2979 1031 2998 1084
capacitor 2953 1038 2969 1072
resistor 3285 1021 3315 1034
resistor 3246 1038 3280 1052
resistor 3246 1093 3281 1109
resistor 3282 1093 3319 1109
resistor 3306 1035 3337 1050
resistor 3307 1051 3338 1065
capacitor 3285 1113 3317 1127
resistor 3874 961 3889 996
resistor 3851 961 3866 997
resistor 3830 959 3844 997
resistor 3807 960 3822 999
resistor 3784 961 3799 998
resistor 3762 961 3777 997
resistor 3742 960 3755 999
resistor 3718 961 3732 997
resistor 3697 961 3711 998
resistor 3674 961 3688 998
resistor 3653 962 3666 998
resistor 3629 961 3644 1000
resistor 3495 960 3508 996
resistor 3519 963 3532 1000
resistor 3541 961 3555 1000
resistor 3561 961 3576 997
resistor 3584 961 3599 998
resistor 3607 960 3621 997
capacitor 3988 1045 4041 1067
pins 3961 1131 4102 1268
resistor 3898 1023 3930 1038
resistor 3898 1045 3930 1061
resistor 3899 1067 3929 1082
resistor 3899 1090 3931 1104
resistor 3899 1113 3931 1127
resistor 3899 1135 3932 1148
resistor 3899 1159 3931 1171
resistor 3900 1179 3931 1194
resistor 3900 1202 3932 1217
resistor 3899 1224 3932 1238
resistor 3900 1247 3932 1260
resistor 3899 1269 3930 1283
resistor 3898 1291 3932 1305
resistor 3456 1003 3488 1015
resistor 3456 1024 3487 1038
resistor 3455 1046 3489 1061
resistor 3454 1069 3489 1084
resistor 3456 1092 3489 1106
resistor 3456 1114 3490 1127
resistor 3456 1136 3488 1151
resistor 3457 1161 3490 1172
resistor 3457 1182 3490 1195
resistor 3458 1204 3490 1218
resistor 3457 1227 3490 1240
resistor 3456 1250 3489 1263
resistor 3457 1270 3491 1285
resistor 3457 1293 3488 1307
resistor 3457 1316 3490 1329
resistor 3499 1324 3512 1357
resistor 3520 1324 3534 1358
resistor 3542 1324 3555 1357
resistor 3565 1322 3579 1358
resistor 3585 1323 3603 1359
resistor 3877 1323 3890 1359
resistor 3855 1322 3868 1356
resistor 3831 1321 3846 1357
resistor 3809 1323 3825 1358
resistor 3787 1322 3802 1358
resistor 3766 1322 3779 1358
resistor 3744 1323 3757 1358
resistor 3720 1323 3734 1357
resistor 3699 1324 3712 1358
resistor 3675 1321 3689 1359
resistor 3668 1385 3722 1400
resistor 3654 1322 3669 1358
resistor 3631 1323 3646 1357
resistor 3609 1323 3623 1360
text 3563 1267 3584 1294
text 3585 1266 3606 1301
text 3618 1266 3642 1303
text 3643 1267 3663 1304
text 3664 1263 3684 1303
pins 3531 1394 3574 1437
capacitor 3392 1389 3505 1434
capacitor 3702 1046 3715 1077
capacitor 3720 1044 3733 1077
capacitor 3757 1099 3770 1133
capacitor 3776 1099 3788 1134
capacitor 3714 1141 3765 1161
capacitor 3688 1089 3709 1142
capacitor 3641 1142 3692 1160
capacitor 3688 1165 3710 1216
capacitor 3721 1172 3735 1206
capacitor 3739 1171 3753 1207
capacitor 3759 1172 3771 1207
capacitor 3776 1172 3790 1206
capacitor 3629 1100 3641 1134
capacitor 3647 1098 3659 1132
capacitor 3630 1172 3643 1205
capacitor 3649 1172 3661 1206
capacitor 3666 1172 3679 1208
resistor 3551 1230 3561 1262
capacitor 3701 1246 3714 1281
capacitor 3722 1246 3734 1283
capacitor 3987 1304 4040 1324
capacitor 3986 1337 4040 1357
capacitor 3363 1180 3417 1197
capacitor 3364 1201 3417 1221
capacitor 3364 1225 3416 1245
capacitor 3365 1275 3417 1295
capacitor 3367 1331 3401 1343
resistor 2880 857 2893 889
resistor 2899 874 2913 908
resistor 2934 874 2965 887
resistor 2935 892 2965 907
resistor 2935 910 2966 925
resistor 2972 910 2986 945
resistor 2751 1003 2783 1017
resistor 2715 1021 2746 1036
resistor 2754 1021 2783 1036
resistor 2714 1039 2746 1054
resistor 2695 1113 2730 1128
resistor 2697 1133 2731 1146
capacitor 2676 855 2709 871
capacitor 2714 854 2747 873
capacitor 2714 874 2747 888
capacitor 2751 854 2784 870
capacitor 2752 872 2784 889
capacitor 2842 909 2875 926
capacitor 2674 911 2710 926
capacitor 2697 938 2727 951
capacitor 2751 986 2784 999
capacitor 2861 1001 2894 1017
capacitor 2918 966 2930 1002
capacitor 2936 983 2947 1020
capacitor 2899 1001 2912 1037
capacitor 2917 1039 2931 1072
capacitor 2881 1056 2912 1073
capacitor 2806 1037 2839 1055
capacitor 2806 1077 2840 1091
capacitor 2806 1094 2839 1108
capacitor 2878 1093 2915 1111
capacitor 2751 1075 2785 1092
resistor 3083 1001 3094 1033
capacitor 2655 1100 2669 1132
capacitor 2872 1137 2924 1157
capacitor 2902 748 2917 784
capacitor 2872 739 2891 793
capacitor 2847 737 2865 791
resistor 2814 741 2842 804
resistor 2780 740 2809 803
component 2787 761 2804 782
component 2817 760 2837 781
capacitor 2760 745 2777 799
component 2627 591 2694 635
capacitor 2601 666 2710 709
capacitor 2624 717 2681 741
capacitor 2600 744 2713 790
capacitor 2571 796 2626 813
capacitor 2575 824 2632 843
capacitor 2577 853 2632 872
resistor 2573 885 2632 913
resistor 2582 951 2642 980
capacitor 2580 922 2631 940
capacitor 2582 982 2632 1003
component 2593 888 2616 910
component 2602 956 2622 977
capacitor 2429 626 2540 673
capacitor 2429 689 2541 736
capacitor 2452 745 2505 772
capacitor 2430 774 2540 821
capacitor 2429 830 2542 878
capacitor 2489 880 2521 895
resistor 2496 899 2529 914
pins 2370 860 2416 905
capacitor 2254 879 2306 900
capacitor 2226 808 2340 856
electrolytic 2191 708 2395 793
component 2266 629 2348 678
component 2266 721 2348 770
capacitor 2109 810 2164 837
electrolytic 1866 708 2068 795
electrolytic 1861 817 2064 908
component 1940 724 2021 772
component 1936 835 2006 885
capacitor 1573 797 1686 846
pins 1 841 24 970
pins 127 838 166 974
pins 238 1010 289 1061
pins 608 1005 659 1062
resistor 27 850 61 868
resistor 94 852 126 867
resistor 31 948 64 962
capacitor 107 1143 163 1163
capacitor 85 1166 199 1215
capacitor 112 1222 166 1243
resistor 125 1263 156 1280
resistor 124 1313 155 1326
pins 3 1244 62 2004
pins 572 1244 629 1997
pins 952 1576 1053 2007
electrolytic 90 1365 296 1453
electrolytic 99 1486 301 1576
component 131 1378 215 1431
component 136 1498 220 1551
capacitor 715 1323 832 1373
pins 1109 2523 1164 2579
pins 946 2112 1002 2544
pins 765 1948 818 2007
pins 907 1359 1052 1411
capacitor 726 1378 764 1397
capacitor 656 1461 695 1477
capacitor 672 1542 707 1562
capacitor 761 1543 795 1560
capacitor 845 1544 884 1562
capacitor 846 1618 882 1637
capacitor 670 1619 705 1637
capacitor 728 1568 838 1615
capacitor 765 1619 797 1636
capacitor 919 1425 1034 1473
resistor 1005 1337 1037 1356
capacitor 947 1499 1002 1522
capacitor 671 1793 706 1809
capacitor 753 1790 809 1812
capacitor 846 1792 880 1810
capacitor 731 1842 845 1888
pins 1383 2446 1452 2617
pins 1434 2174 1487 2230
pins 1489 2029 1626 2127
pins 1475 1357 1609 1450
pins 1617 1213 1670 1266
pins 1212 1175 1489 1263
clock 890 780 1038 919
resistor 854 877 885 894
component 928 816 999 861
capacitor 1069 815 1124 838
electrolytic 1077 846 1121 942
capacitor 1170 835 1183 868
capacitor 1168 914 1220 934
capacitor 1170 942 1226 965
capacitor 1092 970 1206 1019
capacitor 1245 857 1296 879
capacitor 1347 834 1360 866
resistor 1396 827 1409 861
capacitor 1485 860 1537 883
electrolytic 1256 895 1458 983
electrolytic 1251 998 1454 1082
component 1329 908 1410 958
component 1324 1010 1392 1059
resistor 1241 1088 1254 1122
resistor 1264 1086 1276 1121
capacitor 1317 1086 1331 1122
capacitor 1334 1087 1346 1121
resistor 1359 1088 1373 1120
resistor 1402 1088 1414 1121
resistor 1320 1272 1334 1308
resistor 1369 1271 1383 1306
resistor 1414 1271 1428 1307
resistor 1462 1269 1477 1307
pins 2327 2440 2400 2609
pins 2016 2593 2070 2653
pins 2473 2218 2531 2275
pins 2133 2058 2932 2158
pins 2071 1853 2123 1905
pins 1817 1128 1966 1272
capacitor 1853 1001 1966 1048
resistor 2057 963 2071 994
resistor 2080 962 2092 993
resistor 2102 961 2116 994
resistor 2125 962 2137 994
resistor 2147 963 2160 994
resistor 2169 961 2184 994
resistor 2193 961 2204 994
resistor 2214 961 2227 994
resistor 2237 960 2250 994
resistor 2259 960 2272 993
resistor 2282 961 2296 993
resistor 2304 961 2317 992
resistor 2327 961 2340 994
resistor 2349 960 2362 993
resistor 2371 959 2384 993
resistor 2393 959 2408 993
resistor 2416 959 2430 992
resistor 2438 959 2453 993
resistor 2464 985 2495 1002
resistor 2464 1008 2495 1023
resistor 2464 1031 2494 1045
resistor 2465 1053 2492 1067
resistor 2465 1076 2494 1090
resistor 2465 1098 2497 1112
resistor 2463 1120 2496 1134
resistor 2463 1142 2496 1157
resistor 2463 1164 2496 1180
resistor 2464 1187 2497 1202
resistor 2463 1210 2497 1224
resistor 2464 1232 2498 1247
resistor 2463 1256 2498 1270
resistor 2464 1278 2497 1291
resistor 2463 1301 2498 1315
pins 1817 1390 1865 1436
electrolytic 1784 1289 1987 1375
electrolytic 1784 1433 1987 1520
component 1857 1306 1926 1356
component 1856 1448 1925 1498
resistor 2016 1010 2050 1025
resistor 2016 1033 2050 1046
resistor 2015 1055 2049 1069
resistor 2016 1077 2049 1091
resistor 2017 1100 2049 1114
resistor 2015 1123 2049 1137
resistor 2016 1145 2049 1158
resistor 2017 1166 2048 1181
resistor 2015 1190 2049 1203
resistor 2016 1212 2051 1226
resistor 2017 1236 2050 1248
resistor 2017 1258 2050 1271
resistor 2016 1279 2052 1293
resistor 2058 1325 2073 1361
resistor 2081 1325 2094 1359
resistor 2104 1326 2117 1359
resistor 2126 1326 2140 1360
resistor 2148 1325 2162 1359
resistor 2171 1325 2184 1359
resistor 2194 1325 2207 1359
resistor 2216 1324 2229 1361
resistor 2238 1325 2252 1359
resistor 2260 1324 2275 1359
resistor 2283 1324 2297 1359
resistor 2306 1325 2319 1358
resistor 2328 1325 2341 1358
resistor 2352 1325 2365 1358
resistor 2373 1324 2387 1358
resistor 2396 1324 2409 1359
resistor 2419 1324 2432 1359
resistor 2442 1324 2454 1359
resistor 2404 1038 2418 1070
capacitor 2200 1157 2252 1178
capacitor 2272 1159 2323 1178
capacitor 2253 1102 2270 1156
capacitor 2251 1180 2269 1234
capacitor 2173 1112 2185 1147
capacitor 2192 1113 2204 1146
capacitor 2209 1112 2222 1145
capacitor 2227 1110 2241 1147
capacitor 2226 1037 2240 1074
capacitor 2247 1038 2259 1072
capacitor 2320 1093 2334 1129
capacitor 2300 1111 2314 1144
capacitor 2284 1112 2296 1146
capacitor 2174 1186 2186 1221
capacitor 2192 1187 2204 1222
capacitor 2228 1242 2241 1276
capacitor 2248 1240 2260 1275
capacitor 2302 1187 2314 1220
capacitor 2321 1185 2333 1220
capacitor 2541 1046 2595 1063
capacitor 2530 1108 2642 1155
capacitor 2678 1150 2692 1183
capacitor 2543 1179 2597 1199
capacitor 2544 1208 2598 1229
capacitor 2543 1244 2596 1263
capacitor 2545 1309 2597 1329
capacitor 2539 1373 2572 1388
capacitor 2532 1393 2584 1412
capacitor 2504 1434 2615 1480
capacitor 2631 1461 2682 1481
capacitor 2502 1489 2614 1539
capacitor 2534 1543 2592 1571
capacitor 2536 1577 2588 1598
capacitor 2672 1514 2690 1570
capacitor 2506 1633 2619 1680
capacitor 2504 1716 2617 1763
capacitor 2237 1412 2289 1429
capacitor 2236 1436 2288 1455
pins 2418 1465 2465 1516
capacitor 2073 1430 2186 1477
capacitor 1914 1529 2027 1576
capacitor 1915 1584 2028 1632
capacitor 2012 1670 2064 1690
capacitor 2021 1695 2055 1709
electrolytic 2194 1459 2397 1545
electrolytic 2193 1559 2396 1645
component 2269 1477 2338 1524
component 2269 1574 2353 1623
capacitor 2230 1672 2344 1720
capacitor 1925 1928 2038 1977
capacitor 2061 1932 2094 1945
capacitor 2059 1962 2092 1976
electrolytic 1876 2000 2078 2089
electrolytic 1875 2113 2078 2201
component 1945 2018 2016 2071
component 1918 2137 2007 2183
pins 2544 1850 2593 1907
resistor 2151 2022 2166 2057
resistor 2197 2024 2214 2059
resistor 2248 2023 2262 2059
resistor 2291 2026 2303 2059
resistor 2339 2024 2354 2059
resistor 2382 2024 2395 2058
resistor 2430 2023 2445 2057
resistor 2479 2022 2495 2057
resistor 2529 2022 2543 2057
resistor 2572 2022 2584 2057
resistor 2619 2022 2634 2056
resistor 2669 2020 2684 2056
resistor 2712 2022 2726 2056
resistor 2760 2022 2775 2057
resistor 2809 2022 2824 2057
resistor 2858 2021 2874 2056
resistor 2902 2021 2916 2056
pins 2962 2592 3012 2644
pins 3250 2439 3320 2611
electrolytic 2675 1605 2878 1691
electrolytic 2680 1715 2884 1801
component 2752 1622 2819 1669
component 2757 1732 2824 1779
capacitor 2736 1205 2748 1240
capacitor 2882 1169 2913 1181
capacitor 2809 1187 2841 1200
capacitor 2882 1205 2913 1220
capacitor 2982 1213 3000 1263
capacitor 2752 1279 2785 1294
capacitor 2754 1298 2786 1309
capacitor 2697 1353 2730 1368
capacitor 2697 1371 2730 1385
capacitor 2698 1427 2730 1441
capacitor 2845 1371 2857 1404
capacitor 2806 1243 2840 1256
capacitor 2845 1260 2878 1273
capacitor 2845 1280 2877 1293
text 2845 1295 2875 1313
capacitor 2901 1223 2914 1257
capacitor 2919 1222 2933 1257
capacitor 2937 1223 2950 1258
capacitor 2956 1222 2968 1256
capacitor 2881 1280 2914 1294
capacitor 2918 1261 2932 1294
capacitor 2936 1278 2950 1312
capacitor 2900 1371 2933 1386
resistor 2940 1390 2969 1405
resistor 2938 1408 2969 1422
capacitor 2937 1427 2970 1439
capacitor 3011 1224 3023 1257
capacitor 3028 1224 3042 1259
capacitor 3048 1223 3060 1256
capacitor 3066 1223 3078 1257
capacitor 3063 1186 3097 1200
capacitor 3064 1203 3097 1220
capacitor 3136 1186 3171 1200
capacitor 3138 1204 3170 1217
capacitor 3286 1168 3299 1200
capacitor 3231 1221 3243 1256
capacitor 3193 1295 3227 1309
capacitor 3103 1260 3132 1272
capacitor 3102 1279 3134 1293
capacitor 3085 1261 3098 1294
capacitor 3046 1278 3059 1313
capacitor 3064 1278 3079 1312
capacitor 3250 1333 3282 1347
capacitor 3250 1350 3282 1365
capacitor 3250 1368 3283 1382
capacitor 3251 1407 3285 1419
capacitor 3231 1424 3264 1439
capacitor 3048 1389 3080 1402
resistor 3140 1314 3153 1348
resistor 3030 1333 3060 1348
resistor 3029 1354 3058 1366
resistor 3011 1390 3045 1402
resistor 3012 1408 3043 1421
resistor 2708 1508 2739 1572
resistor 2744 1507 2772 1571
capacitor 2779 1512 2796 1568
component 2749 1528 2767 1549
component 2715 1529 2733 1549
capacitor 2856 1508 2873 1565
capacitor 2877 1520 2892 1556
capacitor 2915 1507 2935 1563
electrolytic 2926 1600 3127 1685
electrolytic 3170 1611 3372 1698
component 3004 1617 3087 1662
component 3251 1627 3333 1674
capacitor 3112 1523 3124 1557
capacitor 3141 1513 3160 1568
capacitor 3175 1515 3195 1569
capacitor 3275 1510 3294 1566
capacitor 3305 1469 3324 1522
capacitor 3349 1436 3366 1489
capacitor 3310 1541 3421 1587
capacitor 2930 1707 3043 1754
capacitor 3217 1702 3329 1750
capacitor 3213 1756 3327 1802
pins 3112 1988 3268 2146
pins 3350 1987 3505 2143
pins 3327 1849 3379 1901
resistor 3239 2059 3272 2073
resistor 3351 2060 3382 2074
pins 3446 2213 3498 2260
resistor 3202 1507 3232 1570
resistor 3238 1507 3267 1570
component 3243 1525 3261 1548
component 3209 1527 3226 1547
capacitor 3366 1368 3398 1380
electrolytic 3375 1439 3576 1524
electrolytic 3595 1406 3794 1490
electrolytic 3594 1497 3797 1585
capacitor 3675 1590 3710 1602
capacitor 3849 1439 3903 1459
capacitor 3849 1493 3904 1513
capacitor 3810 1533 3923 1581
capacitor 3460 1527 3513 1545
capacitor 3459 1551 3512 1569
capacitor 3437 1576 3549 1622
capacitor 3456 1655 3511 1675
capacitor 3436 1691 3548 1737
capacitor 3435 1754 3546 1801
component 3453 1454 3523 1505
component 3678 1422 3760 1467
component 3675 1512 3740 1561
pins 3935 1366 4034 1470
pins 3940 1521 4035 1776
pins 3933 1821 4044 1930
electrolytic 3612 1796 3817 1883
capacitor 3676 1904 3788 1951
component 3699 1816 3780 1861
pins 3852 2016 4095 2190
capacitor 3590 1993 3703 2040
capacitor 3730 1999 3763 2013
capacitor 3729 2025 3764 2039
electrolytic 3584 2127 3785 2213
electrolytic 3580 2233 3781 2318
component 3662 2144 3728 2193
component 3635 2254 3721 2302
pins 3879 2631 3931 2684
pins 3652 2435 3722 2607
connector 3370 2494 3604 2613
pins 2731 2438 2804 2607
connector 2443 2496 2687 2617
pins 1783 2446 1852 2617
connector 1494 2502 1741 2628
