text 453 236 747 335
text 168 340 234 377
text 197 398 289 436
text 197 438 306 477
text 169 505 235 544
text 197 578 291 619
text 363 639 432 680
text 387 410 477 448
text 625 499 685 527
text 626 577 684 603
text 876 273 925 296
text 870 299 917 321
text 870 320 919 342
text 872 343 919 364
text 871 363 919 385
text 871 386 917 407
text 873 410 921 432
text 874 432 922 453
text 874 453 922 474
text 876 474 924 494
text 869 497 917 519
text 870 519 917 539
text 870 539 919 559
text 873 561 921 583
text 872 584 919 604
text 876 604 922 626
text 875 626 923 648
text 875 650 922 672
text 1001 199 1021 244
text 1026 201 1047 249
text 1047 202 1067 248
text 1068 202 1088 250
text 1091 202 1112 251
text 1113 201 1132 251
text 1134 202 1154 239
text 1157 203 1178 253
text 1179 203 1198 239
text 1200 204 1221 240
text 1222 202 1242 249
text 1246 203 1266 251
text 1267 204 1287 254
text 1308 224 1376 263
text 1344 274 1392 297
text 1351 298 1397 320
text 1350 321 1397 341
text 1350 342 1397 363
text 1353 367 1399 388
text 1349 389 1396 411
text 1349 411 1396 432
text 1349 432 1396 452
text 1349 451 1397 473
text 1346 473 1392 495
text 1350 497 1397 520
text 1345 520 1394 540
text 1344 540 1394 563
text 1350 564 1398 584
text 1350 584 1397 606
text 1351 610 1398 633
text 1353 633 1400 654
text 1339 656 1387 680
text 951 688 973 738
text 987 727 1007 775
text 1012 746 1032 772
text 1032 741 1053 790
text 1054 745 1076 793
text 1077 639 1100 687
text 1098 730 1119 778
text 1122 751 1141 798
text 1140 772 1158 819
text 1164 729 1184 778
text 1190 758 1210 804
text 1209 742 1230 789
text 1231 741 1250 777
text 1278 739 1299 787
text 1251 743 1275 780
text 1386 216 1650 262
text 1437 417 1461 437
text 1477 432 1523 455
text 1538 415 1575 436
text 1581 430 1627 452
text 1568 455 1634 490
text 1405 515 1452 536
text 1470 513 1516 532
text 1587 529 1633 551
text 1567 560 1612 598
text 1440 608 1478 631
text 1525 611 1596 633
text 1693 592 1749 619
text 1698 674 1755 700
text 2031 361 2160 399
text 2203 432 2229 455
text 2202 489 2248 510
text 2202 510 2248 530
text 2074 504 2111 529
text 2022 531 2085 567
text 2028 599 2160 636
text 2208 666 2234 688
text 2204 717 2251 736
text 2203 736 2250 757
text 2092 721 2126 743
text 2028 764 2091 800
text 3401 290 3458 320
text 3397 378 3453 406
text 3551 272 3703 313
text 3276 481 3432 557
text 3280 563 3390 599
text 3447 538 3510 576
text 3359 664 3386 701
text 3389 721 3561 757
text 3652 715 3676 736
text 3698 714 3722 739
text 3693 328 3718 338
text 3651 324 3674 338
text 3747 349 3837 388
text 3741 388 3835 429
text 3810 429 3842 465
text 3754 470 3850 512
text 3744 514 3858 561
text 3830 651 3870 699
text 3904 420 3931 444
text 4014 420 4038 445
text 3911 719 3927 742
text 4015 722 4027 745
text 4049 730 4099 771
text 4064 678 4089 704
text 102 771 189 814
text 106 849 153 889
text 254 786 299 823
text 249 830 296 852
text 249 851 297 873
text 355 775 445 814
text 359 851 406 890
text 509 787 558 825
text 505 829 552 850
text 503 850 554 870
text 517 879 564 902
text 145 908 200 934
text 209 897 473 943
text 144 984 201 1008
text 165 1010 233 1049
text 231 961 254 1010
text 255 959 277 1007
text 279 968 299 1003
text 299 976 318 1022
text 320 961 342 998
text 342 969 363 1005
text 364 981 384 1027
text 388 966 408 1001
text 410 966 431 1000
text 431 978 449 1014
text 453 964 476 1000
text 477 967 496 1003
text 496 969 518 1016
text 521 965 541 1003
text 543 967 563 1006
text 587 961 609 998
text 610 968 630 1014
text 9 1078 73 1116
text 18 1116 65 1152
text 15 1155 53 1176
text 159 1060 193 1082
text 165 1086 212 1106
text 163 1106 199 1124
text 157 1127 193 1148
text 98 1087 146 1108
text 83 1134 121 1156
text 111 1231 181 1252
text 111 1250 146 1270
text 18 1248 57 1271
text 47 1231 83 1250
text 54 1323 80 1343
text 146 1324 182 1346
text 13 1342 80 1377
text 12 1377 80 1410
text 253 1163 273 1184
text 257 1184 267 1208
text 258 1209 270 1229
text 257 1228 269 1248
text 256 1249 275 1271
text 258 1273 271 1293
text 256 1296 268 1317
text 200 1356 234 1378
text 172 1377 218 1399
text 228 1414 250 1461
text 255 1427 275 1462
text 276 1419 298 1467
text 301 1419 323 1466
text 324 1418 345 1467
text 345 1418 364 1468
text 365 1419 386 1468
text 387 1419 404 1469
text 408 1418 430 1468
text 429 1420 448 1467
text 448 1420 468 1468
text 476 1422 497 1470
text 499 1421 517 1469
text 518 1419 538 1467
text 539 1426 558 1464
text 566 1397 587 1432
text 586 1310 610 1357
text 623 1369 642 1414
text 557 1490 614 1517
text 611 1461 667 1490
text 650 1026 698 1048
text 694 1065 742 1086
text 693 1087 741 1106
text 690 1106 738 1129
text 689 1129 738 1149
text 690 1148 740 1171
text 688 1173 735 1193
text 690 1194 737 1214
text 690 1215 738 1237
text 688 1239 701 1259
text 712 1241 736 1261
text 688 1263 736 1285
text 689 1286 736 1307
text 684 1306 732 1326
text 711 1325 756 1348
text 691 1347 741 1369
text 780 795 1064 833
text 723 877 770 914
text 795 890 808 912
text 786 909 800 929
text 795 927 807 948
text 786 944 799 965
text 795 963 806 985
text 786 980 796 1001
text 793 999 808 1019
text 784 1016 796 1037
text 796 1035 807 1056
text 783 1049 796 1070
text 794 1072 804 1092
text 782 1088 797 1110
text 794 1108 808 1129
text 781 1121 793 1145
text 793 1142 807 1164
text 783 1161 794 1182
text 793 1179 806 1199
text 783 1195 796 1216
text 793 1215 808 1235
text 783 1229 796 1250
text 787 1251 813 1272
text 772 1270 795 1291
text 789 1288 813 1307
text 771 1303 795 1324
text 788 1323 812 1344
text 771 1342 794 1363
text 789 1358 812 1380
text 770 1376 793 1396
text 789 1395 813 1416
text 782 1413 795 1433
text 788 1432 812 1452
text 772 1450 796 1471
text 789 1468 812 1487
text 773 1484 796 1506
text 837 858 847 879
text 856 842 868 863
text 872 858 884 878
text 892 841 905 863
text 908 858 920 878
text 927 841 938 862
text 944 855 957 879
text 961 842 972 863
text 978 859 993 878
text 1013 859 1034 879
text 1031 839 1052 862
text 1050 859 1071 878
text 1070 841 1093 860
text 1086 858 1107 879
text 1104 839 1126 861
text 1121 858 1142 879
text 1141 841 1162 860
text 1157 858 1179 879
text 1175 839 1199 858
text 1191 858 1214 880
text 1212 840 1236 861
text 1227 860 1251 879
text 1250 837 1273 860
text 1264 858 1287 881
text 1283 840 1306 860
text 1300 859 1322 880
text 1322 840 1345 861
text 1335 859 1360 879
text 1356 840 1381 861
text 1372 860 1395 881
text 1387 839 1412 862
text 1407 858 1431 879
text 1427 841 1452 862
text 1691 887 1746 915
text 1741 911 1792 936
text 1664 957 1687 1006
text 1688 977 1706 1003
text 1706 973 1726 1020
text 1731 969 1751 1005
text 1752 958 1773 994
text 1772 972 1793 1008
text 1797 958 1819 995
text 1820 960 1841 1008
text 1842 971 1860 996
text 1861 960 1883 997
text 1886 969 1908 1004
text 1908 969 1928 1004
text 1929 957 1950 1005
text 1951 964 1971 1010
text 1973 970 1994 1006
text 1995 974 2014 998
text 2013 975 2033 1010
text 2041 977 2064 1012
text 1611 1031 1659 1052
text 1573 1067 1620 1092
text 1662 1093 1699 1118
text 1580 1112 1626 1133
text 1558 1135 1594 1157
text 1560 1158 1596 1179
text 1577 1178 1623 1200
text 1556 1201 1605 1225
text 1664 1224 1699 1247
text 1583 1246 1619 1268
text 1662 1269 1699 1290
text 1663 1291 1700 1312
text 1552 1314 1600 1335
text 1553 1335 1601 1356
text 1610 1375 1655 1397
text 1666 1425 1686 1461
text 1686 1425 1708 1462
text 1709 1422 1729 1472
text 1730 1421 1750 1459
text 1751 1417 1771 1465
text 1775 1421 1797 1457
text 1797 1421 1819 1456
text 1819 1418 1839 1455
text 1839 1417 1860 1456
text 1859 1404 1881 1444
text 1883 1418 1904 1455
text 1908 1418 1929 1456
text 1930 1421 1950 1460
text 1950 1420 1970 1457
text 1973 1415 1994 1452
text 1993 1406 2013 1443
text 2016 1423 2039 1462
text 2042 1416 2065 1454
text 2064 973 2325 1021
text 2062 1022 2109 1058
text 2102 1069 2147 1091
text 2101 1091 2149 1112
text 2081 1114 2130 1135
text 2102 1135 2146 1156
text 2091 1163 2126 1182
text 2076 1182 2121 1203
text 2096 1205 2141 1225
text 2096 1226 2133 1247
text 2147 1235 2183 1254
text 2080 1245 2126 1268
text 2009 1271 2033 1291
text 2093 1295 2139 1316
text 2084 1314 2131 1334
text 2091 1342 2138 1364
text 2147 1140 2172 1161
text 2173 1157 2210 1177
text 2248 1139 2283 1161
text 2293 1159 2328 1181
text 2281 1185 2345 1224
text 2350 1185 2395 1224
text 2242 1231 2287 1249
text 2278 1258 2311 1277
text 2281 1280 2328 1317
text 2334 1279 2379 1317
text 2145 1321 2183 1343
text 2238 1320 2309 1344
text 1637 454 1703 492
text 1618 561 1685 597
text 2453 1154 2476 1177
text 2465 1179 2487 1203
text 2424 1233 2477 1261
text 2423 1311 2479 1339
text 2524 1174 2592 1214
text 2524 1232 2568 1270
text 2529 1314 2575 1352
text 2576 1233 2587 1254
text 2575 1275 2589 1298
text 2604 1165 2635 1216
text 2647 1168 2675 1220
text 2687 1166 2715 1218
text 2748 1169 2776 1220
text 2786 1185 2814 1223
text 2841 1151 2868 1223
text 2582 1319 2609 1373
text 2630 1320 2657 1374
text 2676 1318 2703 1370
text 2724 1319 2750 1373
text 2786 1318 2813 1358
text 2833 1320 2862 1375
text 2874 1230 2898 1256
text 2875 1278 2898 1303
text 3020 1154 3031 1177
text 3000 1181 3022 1202
text 3091 1166 3138 1206
text 3271 770 3457 816
text 3341 830 3383 869
text 3398 848 3434 871
text 3446 865 3573 903
text 3339 975 3385 1015
text 3402 964 3440 985
text 3447 935 3558 974
text 3938 828 4003 864
text 4037 848 4050 868
text 3896 849 3909 866
text 3833 850 3880 981
text 3794 834 3832 1027
text 3773 1032 3830 1060
text 3899 1056 3912 1077
text 4034 1053 4045 1074
text 3417 1029 3471 1060
text 3414 1111 3472 1138
text 3768 1114 3826 1141
text 3991 1132 4040 1170
component 3666 1188 3693 1211
component 3702 1189 3730 1213
component 3826 1189 3855 1214
text 3062 1296 3130 1337
text 2937 1340 2985 1381
text 3001 1339 3259 1381
text 3242 1404 3293 1444
text 3121 1457 3158 1505
text 3026 1457 3065 1544
text 3036 1556 3107 1595
text 3221 1614 3269 1654
component 121 1602 163 1783
text 219 1580 244 1596
text 263 1634 301 1658
text 221 1686 246 1713
text 218 1720 242 1746
text 260 1785 298 1810
text 355 1785 404 1823
text 509 1634 564 1666
text 581 1676 619 1701
text 564 1710 603 1734
text 579 1739 616 1762
text 570 1766 607 1789
text 221 1851 354 1892
text 223 1918 271 1958
text 76 2001 87 2027
text 165 2011 179 2035
text 248 2009 260 2034
text 289 1993 356 2033
text 760 1850 798 1877
text 806 1916 841 1938
text 625 1966 799 2015
text 852 1975 899 2015
text 578 2023 624 2062
text 1106 1549 1138 1593
text 913 1789 1044 1829
text 917 1894 940 1921
text 949 1832 972 1860
text 1006 1838 1030 1863
text 990 1949 1013 1972
text 1045 1817 1093 1856
text 1159 1829 1179 1856
text 1141 1933 1165 1959
text 1140 1993 1166 2016
text 1198 1946 1222 1968
text 1219 1834 1242 1860
text 1256 1816 1297 1854
text 1325 1819 1452 1856
text 1361 1952 1387 1971
text 1523 1857 1579 1887
text 1522 1938 1579 1964
text 1647 1476 1703 1505
text 1649 1560 1705 1587
text 1989 1860 2047 1891
text 1982 1940 2040 1966
text 2219 1403 2277 1432
text 2283 1431 2311 1489
text 2349 1425 2398 1448
text 2489 1497 2536 1518
text 2643 1423 2688 1446
text 2771 1395 2882 1433
text 2789 1432 2877 1468
text 2855 1491 2892 1515
text 2254 1589 2301 1612
text 2542 1574 2567 1599
text 2548 1608 2587 1630
text 2669 1536 2693 1557
text 2785 1544 2892 1583
text 2862 1604 2900 1628
text 2662 1592 2702 1616
text 2466 1669 2513 1690
text 2519 1672 2567 1694
text 2591 1713 2637 1738
text 2778 1693 2825 1717
text 2830 1693 2877 1713
text 2468 1711 2504 1732
text 2485 1730 2534 1754
text 2556 1752 2605 1774
text 2485 1772 2533 1793
text 2564 1793 2586 1815
text 2530 1836 2579 1858
text 2826 1742 2873 1765
text 2826 1765 2874 1786
text 2834 1798 2855 1846
text 2738 1777 2770 1811
text 2557 1945 2627 1983
text 2852 1933 2901 1955
text 2837 1969 2886 1993
text 3036 1605 3060 1617
text 3088 1607 3113 1619
text 2979 1630 3019 1662
text 2980 1675 3019 1706
text 2978 1717 3019 1748
text 2931 1737 2972 1934
text 2979 1765 3018 1795
text 2979 1810 3019 1842
text 2979 1859 3019 1887
text 2981 1899 3020 1929
text 2981 1950 3020 1979
text 2979 1991 3019 2021
text 3119 1624 3172 1653
text 3119 1669 3157 1697
text 3120 1713 3158 1740
text 3118 1761 3155 1789
text 3118 1804 3155 1832
text 3117 1847 3154 1875
text 3120 1903 3210 1933
text 3120 1950 3158 1979
text 3121 1993 3195 2022
text 2218 1679 2255 1715
component 3433 2028 3466 2082
component 4013 2034 4044 2079
text 3259 1945 3319 1979
text 3251 2031 3308 2060
text 3036 2037 3062 2062
text 3087 2039 3113 2067
text 30 2238 46 2262
text 61 2241 113 2279
text 43 2295 53 2320
text 162 2236 178 2262
text 154 2298 170 2324
text 210 2240 281 2280
text 239 2285 288 2324
text 295 2239 310 2263
text 419 2091 468 2129
text 488 2109 538 2134
text 630 2204 688 2234
text 633 2289 690 2321
text 849 2194 1032 2244
text 495 2380 533 2403
text 718 2342 754 2376
text 884 2358 996 2401
text 889 2459 938 2500
text 1172 2098 1186 2123
text 1173 2142 1186 2168
text 1197 2187 1265 2227
text 1297 2184 1733 2228
text 1591 2221 1631 2246
text 1588 2302 1627 2327
text 1426 2385 1477 2409
text 1893 2065 1920 2086
text 1980 2102 1994 2126
text 1975 2144 2033 2178
text 1891 2185 1916 2211
text 1805 2356 1917 2398
text 1790 2463 1840 2501
text 2193 1916 2236 1958
text 2242 2027 2292 2070
text 2262 2115 2310 2139
text 2280 2151 2320 2178
text 2517 2005 2567 2024
text 2442 2166 2481 2203
text 2212 2211 2262 2236
text 2396 2274 2443 2299
text 2501 2245 2536 2269
text 2542 2156 2591 2179
text 2596 2177 2632 2204
text 2625 2259 2659 2282
text 2756 2026 2864 2066
text 2779 2068 2852 2108
text 2825 2170 2863 2196
text 2349 2383 2399 2411
text 2732 2347 2846 2399
text 2717 2460 2788 2507
text 2743 2555 2783 2579
text 2920 2513 2978 2545
text 2920 2592 2977 2619
text 3017 2357 3059 2519
text 3080 2098 3130 2138
text 3132 2150 3168 2185
text 3129 2193 3187 2224
text 3130 2234 3168 2266
text 3128 2285 3203 2315
text 3127 2334 3202 2366
text 3130 2380 3191 2411
text 3128 2427 3201 2455
text 3130 2469 3207 2499
text 3132 2514 3174 2544
text 3018 2637 3330 2856
text 3422 2623 3652 2678
text 3421 2680 4003 2724
text 43 2537 57 2560
text 151 2540 165 2562
text 10 2569 274 2619
text 217 2626 273 2655
text 214 2708 273 2735
text 483 2782 533 2808
text 603 2675 655 2700
text 714 2737 751 2776
text 884 2552 923 2577
text 838 2817 865 2843
text 967 2737 993 2763
text 965 2785 1014 2808
text 972 2805 1019 2829
text 1115 2580 1172 2610
text 1115 2665 1175 2692
text 1442 2710 1490 2734
text 1388 2783 1437 2807
text 1622 2739 1659 2772
text 1733 2818 1761 2843
text 1822 2551 1860 2576
text 1861 2753 1887 2779
text 1858 2790 1905 2813
text 1869 2812 1904 2835
text 2039 2585 2100 2617
text 2039 2665 2098 2694
text 2376 2711 2425 2736
text 2316 2789 2364 2815
text 2547 2741 2581 2778
text 2678 2825 2707 2850
text 2748 2821 2798 2845
text 2797 2734 2824 2760
text 2795 2783 2843 2805
button 49 359 197 506
button 50 524 196 668
switch 328 443 521 635
connector 623 528 681 582
text 1257 334 1277 360
ic 989 319 1262 628
component 1094 350 1180 596
resistor 942 284 975 297
resistor 942 306 973 319
resistor 943 327 973 340
resistor 941 349 974 362
resistor 943 370 974 384
resistor 942 393 974 406
resistor 941 414 974 428
resistor 941 436 973 450
resistor 941 458 973 473
resistor 940 481 973 494
resistor 941 502 974 515
resistor 940 522 974 538
resistor 940 545 973 559
resistor 941 568 972 581
resistor 940 589 971 602
resistor 941 611 973 626
resistor 940 633 973 647
resistor 944 654 973 669
resistor 973 695 988 731
resistor 995 694 1009 729
resistor 1017 696 1032 730
resistor 1039 695 1053 730
resistor 1060 695 1074 729
resistor 1082 695 1097 728
resistor 1105 695 1120 730
resistor 1126 695 1141 729
resistor 1148 695 1163 731
resistor 1170 695 1186 731
resistor 1193 695 1205 731
resistor 1214 695 1228 731
resistor 1236 696 1250 731
resistor 1258 696 1273 732
resistor 1279 695 1295 731
resistor 1007 264 1022 296
resistor 1028 263 1044 299
resistor 1050 263 1065 297
resistor 1072 263 1088 297
resistor 1095 263 1110 295
resistor 1117 264 1132 298
resistor 1138 264 1154 297
resistor 1161 262 1175 299
resistor 1182 262 1198 299
resistor 1204 263 1219 298
resistor 1226 263 1241 300
resistor 1249 263 1262 298
resistor 1269 261 1285 297
resistor 1298 283 1330 298
resistor 1298 304 1330 319
resistor 1299 327 1333 341
resistor 1299 347 1331 364
resistor 1300 370 1332 386
resistor 1297 392 1332 408
resistor 1299 414 1330 430
resistor 1299 435 1332 452
resistor 1298 457 1331 474
resistor 1298 480 1331 496
resistor 1298 502 1330 517
resistor 1299 524 1331 539
resistor 1298 546 1331 560
resistor 1298 567 1331 584
resistor 1298 589 1332 605
resistor 1298 610 1330 626
resistor 1297 633 1331 648
resistor 1297 655 1330 672
connector 1424 454 1566 513
resistor 1432 437 1466 451
resistor 1535 437 1569 452
resistor 1433 533 1464 547
capacitor 1479 531 1529 550
resistor 1544 533 1574 551
connector 1422 555 1564 606
connector 1698 621 1754 681
button 1901 411 2047 559
button 1901 650 2046 797
transistor 2141 428 2204 491
led 2082 465 2131 492
resistor 2157 492 2190 506
resistor 2157 507 2190 521
connector 2313 304 3272 1156
resistor 2154 719 2188 734
resistor 2153 734 2188 749
led 2086 697 2133 717
transistor 2144 656 2202 717
component 2481 419 2576 512
connector 3392 322 3446 377
text 3273 617 3282 644
jumper 3284 598 3361 708
button 3409 576 3555 720
connector 3636 339 3734 711
connector 3876 445 4061 720
potentiometer 3881 865 4072 1053
connector 3762 1054 3825 1113
led 3334 874 3382 896
led 3333 944 3384 963
resistor 3398 877 3434 894
resistor 3400 946 3433 962
connector 3403 1062 3456 1114
led 134 825 179 843
transistor 191 779 252 835
resistor 210 838 241 852
resistor 209 852 243 866
connector 144 936 198 990
led 386 824 436 847
transistor 448 776 508 835
resistor 463 838 494 852
resistor 462 852 495 866
pads 461 883 498 902
ic 811 882 1453 1523
resistor 150 1161 182 1177
capacitor 93 1157 145 1174
resistor 57 1160 89 1174
connector 40 1180 183 1231
resistor 60 1253 92 1264
resistor 152 1252 184 1266
connector 134 1269 183 1319
jumper 21 1263 134 1321
ic 268 1078 579 1354
component 303 1156 543 1243
resistor 213 1070 245 1084
resistor 212 1091 246 1105
resistor 213 1114 243 1126
resistor 213 1135 244 1148
resistor 212 1156 244 1171
resistor 213 1179 244 1192
resistor 212 1200 245 1215
resistor 212 1222 244 1236
resistor 211 1245 242 1259
resistor 211 1265 244 1279
resistor 212 1287 244 1303
resistor 211 1310 244 1325
resistor 212 1332 244 1348
resistor 237 1368 251 1400
resistor 259 1366 273 1400
resistor 281 1367 294 1400
resistor 303 1367 317 1400
resistor 325 1368 338 1402
resistor 348 1367 361 1403
resistor 368 1368 383 1402
resistor 391 1367 405 1401
resistor 412 1367 426 1401
resistor 435 1366 448 1402
resistor 457 1367 471 1401
resistor 477 1367 492 1402
resistor 501 1367 515 1400
resistor 522 1368 537 1401
resistor 545 1368 558 1401
resistor 567 1367 581 1400
resistor 589 1366 602 1401
resistor 610 1367 623 1402
resistor 239 1023 253 1055
resistor 260 1023 275 1054
resistor 282 1024 296 1057
resistor 304 1023 318 1056
resistor 326 1024 339 1056
resistor 348 1023 363 1057
resistor 371 1024 384 1056
resistor 391 1023 406 1056
resistor 413 1024 428 1056
resistor 436 1023 451 1057
resistor 457 1023 472 1057
resistor 480 1024 493 1057
resistor 501 1024 517 1057
resistor 523 1022 538 1058
resistor 545 1022 560 1059
text 561 987 583 998
resistor 567 1023 580 1059
resistor 588 1025 603 1059
resistor 611 1023 625 1059
resistor 637 1049 672 1062
resistor 638 1070 673 1083
resistor 638 1092 670 1106
resistor 638 1115 671 1127
resistor 639 1135 671 1149
resistor 638 1158 671 1172
resistor 638 1180 670 1193
resistor 638 1201 669 1216
resistor 636 1223 671 1237
resistor 638 1245 671 1259
resistor 638 1268 671 1281
resistor 638 1290 670 1304
resistor 638 1311 670 1326
resistor 638 1333 669 1348
resistor 636 1355 670 1369
connector 556 1438 614 1495
resistor 1620 1053 1655 1067
resistor 1621 1074 1655 1089
resistor 1621 1097 1654 1112
resistor 1620 1119 1654 1134
resistor 1620 1141 1654 1154
resistor 1620 1162 1654 1177
resistor 1622 1185 1654 1200
resistor 1621 1206 1654 1222
resistor 1620 1228 1653 1242
resistor 1620 1251 1652 1265
resistor 1621 1272 1653 1286
resistor 1620 1295 1652 1309
resistor 1618 1316 1654 1331
resistor 1618 1339 1652 1353
resistor 1618 1361 1653 1375
resistor 1669 1370 1683 1401
resistor 1690 1370 1704 1400
resistor 1712 1369 1727 1402
resistor 1734 1368 1748 1404
resistor 1755 1368 1770 1404
resistor 1777 1368 1793 1401
resistor 1800 1368 1814 1402
resistor 1822 1369 1836 1404
resistor 1844 1369 1858 1403
resistor 1865 1369 1881 1404
resistor 1887 1369 1901 1402
resistor 1910 1368 1924 1402
resistor 1931 1370 1946 1402
resistor 1954 1369 1968 1402
resistor 1976 1368 1989 1401
resistor 1997 1368 2012 1404
resistor 2019 1369 2033 1403
resistor 2041 1368 2057 1403
resistor 1669 1020 1683 1055
resistor 1690 1021 1706 1055
resistor 1712 1020 1728 1056
resistor 1735 1020 1749 1055
resistor 1757 1020 1770 1055
resistor 1780 1021 1793 1055
resistor 1801 1021 1814 1053
resistor 1823 1021 1837 1054
resistor 1845 1021 1860 1052
resistor 1867 1023 1881 1052
resistor 1887 1022 1903 1052
resistor 1911 1021 1925 1053
resistor 1932 1021 1947 1055
resistor 1954 1022 1968 1054
resistor 1977 1021 1990 1055
resistor 1999 1022 2013 1055
resistor 2021 1022 2035 1056
resistor 2043 1023 2057 1055
resistor 2049 1076 2080 1091
resistor 2050 1098 2082 1112
resistor 2048 1120 2079 1135
resistor 2048 1142 2080 1156
resistor 2050 1164 2081 1178
resistor 2049 1187 2079 1200
resistor 2050 1208 2080 1223
resistor 2050 1230 2080 1244
resistor 2049 1252 2080 1267
resistor 2050 1274 2080 1288
resistor 2048 1295 2081 1309
resistor 2048 1318 2081 1332
resistor 2048 1339 2080 1353
ic 1701 1071 2008 1346
component 1735 1187 1977 1275
pads 2243 1162 2278 1177
resistor 2141 1162 2171 1177
connector 2233 1183 2279 1231
jumper 2141 1174 2234 1232
pads 2136 1250 2167 1266
capacitor 2193 1245 2241 1264
resistor 2251 1250 2283 1263
connector 2138 1269 2182 1320
jumper 2176 1261 2277 1321
connector 2422 1264 2474 1319
jumper 2593 1220 2655 1318
jumper 2656 1219 2702 1320
jumper 2702 1218 2747 1320
jumper 2747 1220 2791 1320
connector 2792 1223 2872 1320
connector 3020 1405 3165 1456
ic 3219 1445 3360 1567
ic 3220 1683 3360 1808
connector 3023 1619 3121 2039
connector 3251 1975 3305 2033
connector 3075 2140 3127 2561
connector 2920 2537 2982 2592
connector 1 1410 217 1975
resistor 266 1662 299 1677
inductor 245 1685 303 1714
inductor 244 1719 305 1749
capacitor 249 1766 299 1787
ic 337 1658 484 1783
resistor 518 1670 551 1685
capacitor 509 1687 561 1708
capacitor 508 1715 560 1733
capacitor 509 1743 561 1763
capacitor 509 1769 560 1790
connector 751 1887 809 1941
inductor 1070 1545 1100 1605
capacitor 942 1891 955 1923
electrolytic 961 1860 1002 1953
capacitor 1005 1879 1026 1932
clock 1038 1859 1134 2001
clock 1250 1854 1346 1995
capacitor 1150 1881 1163 1915
resistor 1138 1979 1170 1992
electrolytic 1169 1855 1211 1949
capacitor 1223 1875 1240 1929
resistor 1358 1973 1392 1988
connector 1521 1888 1579 1938
connector 1643 1505 1700 1561
connector 1985 1879 2040 1939
connector 2231 1428 2287 1489
resistor 2346 1450 2459 1497
potentiometer 2462 1393 2645 1493
resistor 2642 1450 2746 1497
electrolytic 2238 1615 2438 1699
led 2619 1569 2666 1595
transistor 2693 1534 2750 1590
resistor 2706 1595 2738 1609
electrolytic 2567 1621 2764 1707
capacitor 2817 1663 2877 1693
capacitor 2765 1719 2825 1748
capacitor 2768 1769 2821 1789
capacitor 2524 1697 2557 1711
capacitor 2534 1733 2580 1752
capacitor 2532 1775 2579 1793
capacitor 2528 1815 2581 1834
capacitor 2857 1787 2885 1848
capacitor 2857 1874 2887 1936
electrolytic 2751 1797 2836 1993
ic 2587 1766 2727 1948
pads 2777 1749 2811 1771
resistor 2468 1692 2519 1712
resistor 2524 1714 2558 1729
resistor 2526 1755 2556 1771
resistor 2526 1797 2558 1813
inductor 2225 1727 2479 1961
inductor 2296 2019 2427 2097
resistor 2309 2101 2422 2148
capacitor 2345 2154 2397 2177
electrolytic 2265 2182 2462 2270
capacitor 2344 2277 2395 2300
capacitor 2515 2025 2567 2047
capacitor 2503 2269 2554 2291
connector 2603 2196 2656 2255
test 2821 2128 2862 2168
display 3405 1152 4066 2618
switch 1 2036 351 2243
connector 1 2305 265 2565
connector 210 2651 266 2713
connector 636 2240 690 2301
led 423 2131 467 2157
resistor 483 2135 514 2151
connector 624 2017 791 2184
connector 854 2014 1024 2187
electrolytic 534 2356 737 2448
unknown 405 2462 887 2720
capacitor 595 2703 655 2731
electrolytic 536 2754 732 2842
led 846 2784 887 2804
test 929 2573 965 2612
connector 1112 2613 1178 2673
transistor 909 2730 968 2789
resistor 926 2792 959 2808
resistor 925 2809 958 2823
electrolytic 1479 2369 1630 2438
text 1616 2426 1635 2447
unknown 1318 2463 1787 2707
capacitor 1500 2705 1561 2735
electrolytic 1438 2752 1640 2840
transistor 1804 2738 1859 2796
led 1734 2790 1782 2812
resistor 1818 2797 1852 2813
resistor 1820 2813 1853 2827
test 1845 2574 1884 2615
connector 2037 2612 2092 2664
connector 1585 2246 1640 2301
connector 1189 2087 1739 2189
connector 1834 2089 1972 2191
jumper 1740 2089 1785 2198
jumper 1786 2087 1833 2201
text 2540 2425 2559 2444
electrolytic 2399 2364 2552 2433
unknown 2246 2463 2710 2724
test 2760 2575 2799 2615
capacitor 2428 2709 2489 2740
electrolytic 2365 2756 2562 2845
led 2680 2787 2727 2809
transistor 2741 2726 2799 2786
resistor 2758 2791 2790 2806
resistor 2758 2807 2790 2821
connector 1684 915 1741 975
component 431 448 483 471
component 452 477 485 597
component 3924 978 3957 1014
component 3964 999 3997 1031
component 4011 987 4042 1017
component 4030 943 4059 966
component 4010 895 4043 925
component 3965 881 3990 915
component 3925 897 3953 927
component 3906 944 3935 971
component 3263 1489 3320 1547
component 3263 1733 3324 1784
component 2679 1464 2707 1482
component 2636 1636 2702 1692
component 2527 1414 2633 1443
component 2542 1442 2630 1465
component 2386 1463 2422 1487
component 2286 1741 2446 1946
component 901 936 1392 1481
component 374 1668 423 1763
component 1052 1885 1115 1976
component 1267 1881 1326 1970
component 2772 1862 2825 1935
component 2338 2203 2400 2253
component 2339 2045 2396 2075
component 2343 2112 2381 2131
component 603 2379 671 2429
component 1512 2383 1579 2427
component 2440 2380 2507 2423
component 2431 2776 2507 2828
component 1510 2772 1582 2826
component 600 2775 672 2827
connector 2469 2059 2604 2148
test 2813 1476 2854 1520
test 2817 1593 2863 1637
test 135 692 216 763
test 94 2624 164 2689
test 92 2622 162 2687
