text 3365 2673 3659 2772
text 3878 2631 3944 2668
text 3823 2572 3915 2610
text 3806 2531 3915 2570
text 3877 2464 3943 2503
text 3821 2389 3915 2430
text 3680 2328 3749 2369
text 3635 2560 3725 2598
text 3427 2481 3487 2509
text 3428 2405 3486 2431
text 3187 2712 3236 2735
text 3195 2687 3242 2709
text 3193 2666 3242 2688
text 3193 2644 3240 2665
text 3193 2623 3241 2645
text 3195 2601 3241 2622
text 3191 2576 3239 2598
text 3190 2555 3238 2576
text 3190 2534 3238 2555
text 3188 2514 3236 2534
text 3195 2489 3243 2511
text 3195 2469 3242 2489
text 3193 2449 3242 2469
text 3191 2425 3239 2447
text 3193 2404 3240 2424
text 3190 2382 3236 2404
text 3189 2360 3237 2382
text 3190 2336 3237 2358
text 3091 2764 3111 2809
text 3065 2759 3086 2807
text 3045 2760 3065 2806
text 3024 2758 3044 2806
text 3000 2757 3021 2806
text 2980 2757 2999 2807
text 2958 2769 2978 2806
text 2934 2755 2955 2805
text 2914 2769 2933 2805
text 2891 2768 2912 2804
text 2870 2759 2890 2806
text 2846 2757 2866 2805
text 2825 2754 2845 2804
text 2736 2745 2804 2784
text 2720 2711 2768 2734
text 2715 2688 2761 2710
text 2715 2667 2762 2687
text 2715 2645 2762 2666
text 2713 2620 2759 2641
text 2716 2597 2763 2619
text 2716 2576 2763 2597
text 2716 2556 2763 2576
text 2715 2535 2763 2557
text 2720 2513 2766 2535
text 2715 2488 2762 2511
text 2718 2468 2767 2488
text 2718 2445 2768 2468
text 2714 2424 2762 2444
text 2715 2402 2762 2424
text 2714 2375 2761 2398
text 2712 2354 2759 2375
text 2725 2328 2773 2352
text 3139 2270 3161 2320
text 3105 2233 3125 2281
text 3080 2236 3100 2262
text 3059 2218 3080 2267
text 3036 2215 3058 2263
text 3012 2321 3035 2369
text 2993 2230 3014 2278
text 2971 2210 2990 2257
text 2954 2189 2972 2236
text 2928 2230 2948 2279
text 2902 2204 2922 2250
text 2882 2219 2903 2266
text 2862 2231 2881 2267
text 2813 2221 2834 2269
text 2837 2228 2861 2265
text 2462 2746 2726 2792
text 2651 2571 2675 2591
text 2589 2553 2635 2576
text 2537 2572 2574 2593
text 2485 2556 2531 2578
text 2478 2518 2544 2553
text 2660 2472 2707 2493
text 2596 2476 2642 2495
text 2479 2457 2525 2479
text 2500 2410 2545 2448
text 2634 2377 2672 2400
text 2516 2375 2587 2397
text 2363 2389 2419 2416
text 2357 2308 2414 2334
text 1952 2609 2081 2647
text 1883 2553 1909 2576
text 1864 2498 1910 2519
text 1864 2478 1910 2498
text 2001 2479 2038 2504
text 2027 2441 2090 2477
text 1952 2372 2084 2409
text 1878 2320 1904 2342
text 1861 2272 1908 2291
text 1862 2251 1909 2272
text 1986 2265 2020 2287
text 2021 2208 2084 2244
text 654 2688 711 2718
text 659 2602 715 2630
text 409 2695 561 2736
text 680 2451 836 2527
text 722 2409 832 2445
text 602 2432 665 2470
text 726 2307 753 2344
text 551 2251 723 2287
text 436 2272 460 2293
text 390 2269 414 2294
text 394 2670 419 2680
text 438 2670 461 2684
text 275 2620 365 2659
text 277 2579 371 2620
text 270 2543 302 2579
text 262 2496 358 2538
text 254 2447 368 2494
text 242 2309 282 2357
text 181 2564 208 2588
text 74 2563 98 2588
text 185 2266 201 2289
text 85 2263 97 2286
text 13 2237 63 2278
text 23 2304 48 2330
text 3923 2194 4010 2237
text 3959 2119 4006 2159
text 3813 2185 3858 2222
text 3816 2156 3863 2178
text 3815 2135 3863 2157
text 3667 2194 3757 2233
text 3706 2118 3753 2157
text 3554 2183 3603 2221
text 3560 2158 3607 2179
text 3558 2138 3609 2158
text 3548 2106 3595 2129
text 3912 2074 3967 2100
text 3639 2065 3903 2111
text 3911 2000 3968 2024
text 3879 1959 3947 1998
text 3858 1998 3881 2047
text 3835 2001 3857 2049
text 3813 2005 3833 2040
text 3794 1986 3813 2032
text 3770 2010 3792 2047
text 3749 2003 3770 2039
text 3728 1981 3748 2027
text 3704 2007 3724 2042
text 3681 2008 3702 2042
text 3663 1994 3681 2030
text 3636 2008 3659 2044
text 3616 2005 3635 2041
text 3594 1992 3616 2039
text 3571 2005 3591 2043
text 3549 2002 3569 2041
text 3503 2010 3525 2047
text 3482 1994 3502 2040
text 4039 1892 4103 1930
text 4047 1856 4094 1892
text 4059 1832 4097 1853
text 3919 1926 3953 1948
text 3900 1902 3947 1922
text 3913 1884 3949 1902
text 3919 1860 3955 1881
text 3966 1900 4014 1921
text 3991 1852 4029 1874
text 3931 1756 4001 1777
text 3966 1738 4001 1758
text 4055 1737 4094 1760
text 4029 1758 4065 1777
text 4032 1665 4058 1685
text 3930 1662 3966 1684
text 4032 1631 4099 1666
text 4032 1598 4100 1631
text 3839 1824 3859 1845
text 3845 1800 3855 1824
text 3842 1779 3854 1799
text 3843 1760 3855 1780
text 3837 1737 3856 1759
text 3841 1715 3854 1735
text 3844 1691 3856 1712
text 3878 1630 3912 1652
text 3894 1609 3940 1631
text 3862 1547 3884 1594
text 3837 1546 3857 1581
text 3814 1541 3836 1589
text 3789 1542 3811 1589
text 3767 1541 3788 1590
text 3748 1540 3767 1590
text 3726 1540 3747 1589
text 3708 1539 3725 1589
text 3682 1540 3704 1590
text 3664 1541 3683 1588
text 3644 1540 3664 1588
text 3615 1538 3636 1586
text 3595 1539 3613 1587
text 3574 1541 3594 1589
text 3554 1544 3573 1582
text 3525 1576 3546 1611
text 3502 1651 3526 1698
text 3470 1594 3489 1639
text 3498 1491 3555 1518
text 3445 1518 3501 1547
text 3414 1960 3462 1982
text 3370 1922 3418 1943
text 3371 1902 3419 1921
text 3374 1879 3422 1902
text 3374 1859 3423 1879
text 3372 1837 3422 1860
text 3377 1815 3424 1835
text 3375 1794 3422 1814
text 3374 1771 3422 1793
text 3411 1749 3424 1769
text 3376 1747 3400 1767
text 3376 1723 3424 1745
text 3376 1701 3423 1722
text 3380 1682 3428 1702
text 3356 1660 3401 1683
text 3371 1639 3421 1661
text 3048 2175 3332 2213
text 3342 2094 3389 2131
text 3304 2096 3317 2118
text 3312 2079 3326 2099
text 3305 2060 3317 2081
text 3313 2043 3326 2064
text 3306 2023 3317 2045
text 3316 2007 3326 2028
text 3304 1989 3319 2009
text 3316 1971 3328 1992
text 3305 1952 3316 1973
text 3316 1938 3329 1959
text 3308 1916 3318 1936
text 3315 1898 3330 1920
text 3304 1879 3318 1900
text 3319 1863 3331 1887
text 3305 1844 3319 1866
text 3318 1826 3329 1847
text 3306 1809 3319 1829
text 3316 1792 3329 1813
text 3304 1773 3319 1793
text 3316 1758 3329 1779
text 3299 1736 3325 1757
text 3317 1717 3340 1738
text 3299 1701 3323 1720
text 3317 1684 3341 1705
text 3300 1664 3324 1685
text 3318 1645 3341 1666
text 3300 1628 3323 1650
text 3319 1612 3342 1632
text 3299 1592 3323 1613
text 3317 1575 3330 1595
text 3300 1556 3324 1576
text 3316 1537 3340 1558
text 3300 1521 3323 1540
text 3316 1502 3339 1524
text 3265 2129 3275 2150
text 3244 2145 3256 2166
text 3228 2130 3240 2150
text 3207 2145 3220 2167
text 3192 2130 3204 2150
text 3174 2146 3185 2167
text 3155 2129 3168 2153
text 3140 2145 3151 2166
text 3119 2130 3134 2149
text 3078 2129 3099 2149
text 3060 2146 3081 2169
text 3041 2130 3062 2149
text 3019 2148 3042 2167
text 3005 2129 3026 2150
text 2986 2147 3008 2169
text 2970 2129 2991 2150
text 2950 2148 2971 2167
text 2933 2129 2955 2150
text 2913 2150 2937 2169
text 2898 2128 2921 2150
text 2876 2147 2900 2168
text 2861 2129 2885 2148
text 2839 2148 2862 2171
text 2825 2127 2848 2150
text 2806 2148 2829 2168
text 2790 2128 2812 2149
text 2767 2147 2790 2168
text 2752 2129 2777 2149
text 2731 2147 2756 2168
text 2717 2127 2740 2148
text 2700 2146 2725 2169
text 2681 2129 2705 2150
text 2660 2146 2685 2167
text 2366 2093 2421 2121
text 2320 2072 2371 2097
text 2425 2002 2448 2051
text 2406 2005 2424 2031
text 2386 1988 2406 2035
text 2361 2003 2381 2039
text 2339 2014 2360 2050
text 2319 2000 2340 2036
text 2293 2013 2315 2050
text 2271 2000 2292 2048
text 2252 2012 2270 2037
text 2229 2011 2251 2048
text 2204 2004 2226 2039
text 2184 2004 2204 2039
text 2162 2003 2183 2051
text 2141 1998 2161 2044
text 2118 2002 2139 2038
text 2098 2010 2117 2034
text 2079 1998 2099 2033
text 2048 1996 2071 2031
text 2453 1956 2501 1977
text 2492 1916 2539 1941
text 2413 1890 2450 1915
text 2486 1875 2532 1896
text 2518 1851 2554 1873
text 2516 1829 2552 1850
text 2489 1808 2535 1830
text 2507 1783 2556 1807
text 2413 1761 2448 1784
text 2493 1740 2529 1762
text 2413 1718 2450 1739
text 2412 1696 2449 1717
text 2512 1673 2560 1694
text 2511 1652 2559 1673
text 2457 1611 2502 1633
text 2426 1547 2446 1583
text 2404 1546 2426 1583
text 2383 1536 2403 1586
text 2362 1549 2382 1587
text 2341 1543 2361 1591
text 2315 1551 2337 1587
text 2293 1552 2315 1587
text 2273 1553 2293 1590
text 2252 1552 2273 1591
text 2231 1564 2253 1604
text 2208 1553 2229 1590
text 2183 1552 2204 1590
text 2162 1548 2182 1587
text 2142 1551 2162 1588
text 2118 1556 2139 1593
text 2099 1565 2119 1602
text 2073 1546 2096 1585
text 2047 1554 2070 1592
text 1787 1987 2048 2035
text 2003 1950 2050 1986
text 1965 1917 2010 1939
text 1963 1896 2011 1917
text 1982 1873 2031 1894
text 1966 1852 2010 1873
text 1986 1826 2021 1845
text 1991 1805 2036 1826
text 1971 1783 2016 1803
text 1979 1761 2016 1782
text 1929 1754 1965 1773
text 1986 1740 2032 1763
text 2079 1717 2103 1737
text 1973 1692 2019 1713
text 1981 1674 2028 1694
text 1974 1644 2021 1666
text 1940 1847 1965 1868
text 1902 1831 1939 1851
text 1829 1847 1864 1869
text 1784 1827 1819 1849
text 1767 1784 1831 1823
text 1717 1784 1762 1823
text 1825 1759 1870 1777
text 1801 1731 1834 1750
text 1784 1691 1831 1728
text 1733 1691 1778 1729
text 1929 1665 1967 1687
text 1803 1664 1874 1688
text 2409 2516 2475 2554
text 2427 2411 2494 2447
text 1636 1831 1659 1854
text 1625 1805 1647 1829
text 1635 1747 1688 1775
text 1633 1669 1689 1697
text 1520 1794 1588 1834
text 1544 1738 1588 1776
text 1537 1656 1583 1694
text 1525 1754 1536 1775
text 1523 1710 1537 1733
text 1477 1792 1508 1843
text 1437 1788 1465 1840
text 1397 1790 1425 1842
text 1336 1788 1364 1839
text 1298 1785 1326 1823
text 1244 1785 1271 1857
text 1503 1635 1530 1689
text 1455 1634 1482 1688
text 1409 1638 1436 1690
text 1362 1635 1388 1689
text 1299 1650 1326 1690
text 1250 1633 1279 1688
text 1214 1752 1238 1778
text 1214 1705 1237 1730
text 1081 1831 1092 1854
text 1090 1806 1112 1827
text 974 1802 1021 1842
text 655 2192 841 2238
text 729 2139 771 2178
text 678 2137 714 2160
text 539 2105 666 2143
text 727 1993 773 2033
text 672 2023 710 2044
text 554 2034 665 2073
text 109 2144 174 2180
text 62 2140 75 2160
text 203 2142 216 2159
text 232 2027 279 2158
text 280 1981 318 2174
text 282 1948 339 1976
text 200 1931 213 1952
text 67 1934 78 1955
text 641 1948 695 1979
text 640 1870 698 1897
text 286 1867 344 1894
text 72 1838 121 1876
component 419 1797 446 1820
component 382 1795 410 1819
component 257 1794 286 1819
text 982 1671 1050 1712
text 1127 1627 1175 1668
text 853 1627 1111 1669
text 819 1564 870 1604
text 954 1503 991 1551
text 1047 1464 1086 1551
text 1005 1413 1076 1452
text 843 1354 891 1394
component 3949 1225 3991 1406
text 3868 1412 3893 1428
text 3811 1350 3849 1374
text 3866 1295 3891 1322
text 3870 1262 3894 1288
text 3814 1198 3852 1223
text 3708 1185 3757 1223
text 3548 1342 3603 1374
text 3493 1307 3531 1332
text 3509 1274 3548 1298
text 3496 1246 3533 1269
text 3505 1219 3542 1242
text 3758 1116 3891 1157
text 3841 1050 3889 1090
text 4025 981 4036 1007
text 3933 973 3947 997
text 3852 974 3864 999
text 3756 975 3823 1015
text 3314 1131 3352 1158
text 3271 1070 3306 1092
text 3313 993 3487 1042
text 3213 993 3260 1033
text 3488 946 3534 985
text 2974 1415 3006 1459
text 3068 1179 3199 1219
text 3172 1087 3195 1114
text 3140 1148 3163 1176
text 3082 1145 3106 1170
text 3099 1036 3122 1059
text 3019 1152 3067 1191
text 2933 1152 2953 1179
text 2947 1049 2971 1075
text 2946 992 2972 1015
text 2890 1040 2914 1062
text 2870 1148 2893 1174
text 2815 1154 2856 1192
text 2660 1152 2787 1189
text 2725 1037 2751 1056
text 2533 1121 2589 1151
text 2533 1044 2590 1070
text 2409 1503 2465 1532
text 2407 1421 2463 1448
text 2065 1117 2123 1148
text 2072 1042 2130 1068
text 1835 1576 1893 1605
text 1801 1519 1829 1577
text 1714 1560 1763 1583
text 1576 1490 1623 1511
text 1424 1562 1469 1585
text 1230 1575 1341 1613
text 1235 1540 1323 1576
text 1220 1493 1257 1517
text 1811 1396 1858 1419
text 1545 1409 1570 1434
text 1525 1378 1564 1400
text 1419 1451 1443 1472
text 1220 1425 1327 1464
text 1212 1380 1250 1404
text 1410 1392 1450 1416
text 1599 1318 1646 1339
text 1545 1314 1593 1336
text 1475 1270 1521 1295
text 1287 1291 1334 1315
text 1235 1295 1282 1315
text 1608 1276 1644 1297
text 1578 1254 1627 1278
text 1507 1234 1556 1256
text 1579 1215 1627 1236
text 1526 1193 1548 1215
text 1533 1150 1582 1172
text 1239 1243 1286 1266
text 1238 1222 1286 1243
text 1257 1162 1278 1210
text 1342 1197 1374 1231
text 1485 1025 1555 1063
text 1211 1053 1260 1075
text 1226 1015 1275 1039
text 1052 1391 1076 1403
text 999 1389 1024 1401
text 1093 1346 1133 1378
text 1093 1302 1132 1333
text 1093 1260 1134 1291
text 1140 1074 1181 1271
text 1094 1213 1133 1243
text 1093 1166 1133 1198
text 1093 1121 1133 1149
text 1092 1079 1131 1109
text 1092 1029 1131 1058
text 1093 987 1133 1017
text 940 1355 993 1384
text 955 1311 993 1339
text 954 1268 992 1295
text 957 1219 994 1247
text 957 1176 994 1204
text 958 1133 995 1161
text 902 1075 992 1105
text 954 1029 992 1058
text 917 986 991 1015
text 1857 1293 1894 1329
component 646 926 679 980
component 68 929 99 974
text 793 1029 853 1063
text 804 948 861 977
text 1050 946 1076 971
text 999 941 1025 969
text 4066 746 4082 770
text 3999 729 4051 767
text 4059 688 4069 713
text 3934 746 3950 772
text 3942 684 3958 710
text 3831 728 3902 768
text 3824 684 3873 723
text 3802 745 3817 769
text 3644 879 3693 917
text 3574 874 3624 899
text 3424 774 3482 804
text 3422 687 3479 719
text 3080 764 3263 814
text 3579 605 3617 628
text 3358 632 3394 666
text 3116 607 3228 650
text 3174 508 3223 549
text 2926 885 2940 910
text 2926 840 2939 866
text 2847 781 2915 821
text 2379 780 2815 824
text 2481 762 2521 787
text 2485 681 2524 706
text 2635 599 2686 623
text 2192 922 2219 943
text 2118 882 2132 906
text 2079 830 2137 864
text 2196 797 2221 823
text 2195 610 2307 652
text 2272 507 2322 545
text 1876 1050 1919 1092
text 1820 938 1870 981
text 1802 869 1850 893
text 1792 830 1832 857
text 1545 984 1595 1003
text 1631 805 1670 842
text 1850 772 1900 797
text 1669 709 1716 734
text 1576 739 1611 763
text 1521 829 1570 852
text 1480 804 1516 831
text 1453 726 1487 749
text 1248 942 1356 982
text 1260 900 1333 940
text 1249 812 1287 838
text 1713 597 1763 625
text 1266 609 1380 661
text 1324 501 1395 548
text 1329 429 1369 453
text 1134 463 1192 495
text 1135 389 1192 416
text 1053 489 1095 651
text 982 870 1032 910
text 944 823 980 858
text 925 784 983 815
text 944 742 982 774
text 909 693 984 723
text 910 642 985 674
text 921 597 982 628
text 911 553 984 581
text 905 509 982 539
text 938 464 980 494
text 782 152 1094 371
text 460 330 690 385
text 109 284 691 328
text 4055 448 4069 471
text 3947 446 3961 468
text 3838 389 4102 439
text 3839 353 3895 382
text 3839 273 3898 300
text 3579 200 3629 226
text 3457 308 3509 333
text 3361 232 3398 271
text 3189 431 3228 456
text 3247 165 3274 191
text 3119 245 3145 271
text 3098 200 3147 223
text 3093 179 3140 203
text 2940 398 2997 428
text 2937 316 2997 343
text 2622 274 2670 298
text 2675 201 2724 225
text 2453 236 2490 269
text 2351 165 2379 190
text 2252 432 2290 457
text 2225 229 2251 255
text 2207 195 2254 218
text 2208 173 2243 196
text 2012 391 2073 423
text 2014 314 2073 343
text 1687 272 1736 297
text 1748 193 1796 219
text 1531 230 1565 267
text 1405 158 1434 183
text 1314 163 1364 187
text 1288 248 1315 274
text 1269 203 1317 225
button 3915 2502 4063 2649
button 3916 2340 4062 2484
switch 3591 2373 3784 2565
connector 3431 2426 3489 2480
text 2835 2648 2855 2674
ic 2850 2380 3123 2689
component 2932 2412 3018 2658
resistor 3137 2711 3170 2724
resistor 3139 2689 3170 2702
resistor 3139 2668 3169 2681
resistor 3138 2646 3171 2659
resistor 3138 2624 3169 2638
resistor 3138 2602 3170 2615
resistor 3138 2580 3171 2594
resistor 3139 2558 3171 2572
resistor 3139 2535 3171 2550
resistor 3139 2514 3172 2527
resistor 3138 2493 3171 2506
resistor 3138 2470 3172 2486
resistor 3139 2449 3172 2463
resistor 3140 2427 3171 2440
resistor 3141 2406 3172 2419
resistor 3139 2382 3171 2397
resistor 3139 2361 3172 2375
resistor 3139 2339 3168 2354
resistor 3124 2277 3139 2313
resistor 3103 2279 3117 2314
resistor 3080 2278 3095 2312
resistor 3059 2278 3073 2313
resistor 3038 2279 3052 2313
resistor 3015 2280 3030 2313
resistor 2992 2278 3007 2313
resistor 2971 2279 2986 2313
resistor 2949 2277 2964 2313
resistor 2926 2277 2942 2313
resistor 2907 2277 2919 2313
resistor 2884 2277 2898 2313
resistor 2862 2277 2876 2312
resistor 2839 2276 2854 2312
resistor 2817 2277 2833 2313
resistor 3090 2712 3105 2744
resistor 3068 2709 3084 2745
resistor 3047 2711 3062 2745
resistor 3024 2711 3040 2745
resistor 3002 2713 3017 2745
resistor 2980 2710 2995 2744
resistor 2958 2711 2974 2744
resistor 2937 2709 2951 2746
resistor 2914 2709 2930 2746
resistor 2893 2710 2908 2745
resistor 2871 2708 2886 2745
resistor 2850 2710 2863 2745
resistor 2827 2711 2843 2747
resistor 2782 2710 2814 2725
resistor 2782 2689 2814 2704
resistor 2779 2667 2813 2681
resistor 2781 2644 2813 2661
resistor 2780 2622 2812 2638
resistor 2780 2600 2815 2616
resistor 2782 2578 2813 2594
resistor 2780 2556 2813 2573
resistor 2781 2534 2814 2551
resistor 2781 2512 2814 2528
resistor 2782 2491 2814 2506
resistor 2781 2469 2813 2484
resistor 2781 2448 2814 2462
resistor 2781 2424 2814 2441
resistor 2780 2403 2814 2419
resistor 2782 2382 2814 2398
resistor 2781 2360 2815 2375
resistor 2782 2336 2815 2353
connector 2546 2495 2688 2554
resistor 2646 2557 2680 2571
resistor 2543 2556 2577 2571
resistor 2648 2461 2679 2475
capacitor 2583 2458 2633 2477
resistor 2538 2457 2568 2475
connector 2548 2402 2690 2453
connector 2358 2327 2414 2387
button 2065 2449 2211 2597
button 2066 2211 2211 2358
transistor 1908 2517 1971 2580
led 1981 2516 2030 2543
resistor 1922 2502 1955 2516
resistor 1922 2487 1955 2501
connector 840 1852 1799 2704
resistor 1924 2274 1958 2289
resistor 1924 2259 1959 2274
led 1979 2291 2026 2311
transistor 1910 2291 1968 2352
component 1536 2496 1631 2589
connector 666 2631 720 2686
text 830 2364 839 2391
jumper 751 2300 828 2410
button 557 2288 703 2432
connector 378 2297 476 2669
connector 51 2288 236 2563
potentiometer 40 1955 231 2143
connector 287 1895 350 1954
led 730 2112 778 2134
led 728 2045 779 2064
resistor 678 2114 714 2131
resistor 679 2046 712 2062
connector 656 1894 709 1946
led 3933 2165 3978 2183
transistor 3860 2173 3921 2229
resistor 3871 2156 3902 2170
resistor 3869 2142 3903 2156
connector 3914 2018 3968 2072
led 3676 2161 3726 2184
transistor 3604 2173 3664 2232
resistor 3618 2156 3649 2170
resistor 3617 2142 3650 2156
pads 3614 2106 3651 2125
ic 2659 1485 3301 2126
resistor 3930 1831 3962 1847
capacitor 3967 1834 4019 1851
resistor 4023 1834 4055 1848
connector 3929 1777 4072 1828
resistor 4020 1744 4052 1755
resistor 3928 1742 3960 1756
connector 3929 1689 3978 1739
jumper 3978 1687 4091 1745
ic 3533 1654 3844 1930
component 3569 1765 3809 1852
resistor 3867 1924 3899 1938
resistor 3866 1903 3900 1917
resistor 3869 1882 3899 1894
resistor 3868 1860 3899 1873
resistor 3868 1837 3900 1852
resistor 3868 1816 3899 1829
resistor 3867 1793 3900 1808
resistor 3868 1772 3900 1786
resistor 3870 1749 3901 1763
resistor 3868 1729 3901 1743
resistor 3868 1705 3900 1721
resistor 3868 1683 3901 1698
resistor 3868 1660 3900 1676
resistor 3861 1608 3875 1640
resistor 3839 1608 3853 1642
resistor 3818 1608 3831 1641
resistor 3795 1608 3809 1641
resistor 3774 1606 3787 1640
resistor 3751 1605 3764 1641
resistor 3729 1606 3744 1640
resistor 3707 1607 3721 1641
resistor 3686 1607 3700 1641
resistor 3664 1606 3677 1642
resistor 3641 1607 3655 1641
resistor 3620 1606 3635 1641
resistor 3597 1608 3611 1641
resistor 3575 1607 3590 1640
resistor 3554 1607 3567 1640
resistor 3531 1608 3545 1641
resistor 3510 1607 3523 1642
resistor 3489 1606 3502 1641
resistor 3859 1953 3873 1985
resistor 3837 1954 3852 1985
resistor 3816 1951 3830 1984
resistor 3794 1952 3808 1985
resistor 3773 1952 3786 1984
resistor 3749 1951 3764 1985
resistor 3728 1952 3741 1984
resistor 3706 1952 3721 1985
resistor 3684 1952 3699 1984
resistor 3661 1951 3676 1985
resistor 3640 1951 3655 1985
resistor 3619 1951 3632 1984
resistor 3595 1951 3611 1984
resistor 3574 1950 3589 1986
resistor 3552 1949 3567 1986
text 3529 2010 3551 2021
resistor 3532 1949 3545 1985
resistor 3509 1949 3524 1983
resistor 3487 1949 3501 1985
resistor 3440 1946 3475 1959
resistor 3439 1925 3474 1938
resistor 3442 1902 3474 1916
resistor 3441 1881 3474 1893
resistor 3441 1859 3473 1873
resistor 3441 1836 3474 1850
resistor 3442 1815 3474 1828
resistor 3443 1792 3474 1807
resistor 3441 1771 3476 1785
resistor 3441 1749 3474 1763
resistor 3441 1727 3474 1740
resistor 3442 1704 3474 1718
resistor 3442 1682 3474 1697
resistor 3443 1660 3474 1675
resistor 3442 1639 3476 1653
connector 3498 1513 3556 1570
resistor 2457 1941 2492 1955
resistor 2457 1919 2491 1934
resistor 2458 1896 2491 1911
resistor 2458 1874 2492 1889
resistor 2458 1854 2492 1867
resistor 2458 1831 2492 1846
resistor 2458 1808 2490 1823
resistor 2458 1786 2491 1802
resistor 2459 1766 2492 1780
resistor 2460 1743 2492 1757
resistor 2459 1722 2491 1736
resistor 2460 1699 2492 1713
resistor 2458 1677 2494 1692
resistor 2460 1655 2494 1669
resistor 2459 1633 2494 1647
resistor 2429 1607 2443 1638
resistor 2408 1608 2422 1638
resistor 2385 1606 2400 1639
resistor 2364 1604 2378 1640
resistor 2342 1604 2357 1640
resistor 2319 1607 2335 1640
resistor 2298 1606 2312 1640
resistor 2276 1604 2290 1639
resistor 2254 1605 2268 1639
resistor 2231 1604 2247 1639
resistor 2211 1606 2225 1639
resistor 2188 1606 2202 1640
resistor 2166 1606 2181 1638
resistor 2144 1606 2158 1639
resistor 2123 1607 2136 1640
resistor 2100 1604 2115 1640
resistor 2079 1605 2093 1639
resistor 2055 1605 2071 1640
resistor 2429 1953 2443 1988
resistor 2406 1953 2422 1987
resistor 2384 1952 2400 1988
resistor 2363 1953 2377 1988
resistor 2342 1953 2355 1988
resistor 2319 1953 2332 1987
resistor 2298 1955 2311 1987
resistor 2275 1954 2289 1987
resistor 2252 1956 2267 1987
resistor 2231 1956 2245 1985
resistor 2209 1956 2225 1986
resistor 2187 1955 2201 1987
resistor 2165 1953 2180 1987
resistor 2144 1954 2158 1986
resistor 2122 1953 2135 1987
resistor 2099 1953 2113 1986
resistor 2077 1952 2091 1986
resistor 2055 1953 2069 1985
resistor 2032 1917 2063 1932
resistor 2030 1896 2062 1910
resistor 2033 1873 2064 1888
resistor 2032 1852 2064 1866
resistor 2031 1830 2062 1844
resistor 2033 1808 2063 1821
resistor 2032 1785 2062 1800
resistor 2032 1764 2062 1778
resistor 2032 1741 2063 1756
resistor 2032 1720 2062 1734
resistor 2031 1699 2064 1713
resistor 2031 1676 2064 1690
resistor 2032 1655 2064 1669
ic 2104 1662 2411 1937
component 2135 1733 2377 1821
pads 1834 1831 1869 1846
resistor 1941 1831 1971 1846
connector 1833 1777 1879 1825
jumper 1878 1776 1971 1834
pads 1945 1742 1976 1758
capacitor 1871 1744 1919 1763
resistor 1829 1745 1861 1758
connector 1930 1688 1974 1739
jumper 1835 1687 1936 1747
connector 1638 1689 1690 1744
jumper 1457 1690 1519 1788
jumper 1410 1688 1456 1789
jumper 1365 1688 1410 1790
jumper 1321 1688 1365 1788
connector 1240 1688 1320 1785
connector 947 1552 1092 1603
ic 752 1441 893 1563
ic 752 1200 892 1325
connector 991 969 1089 1389
connector 807 975 861 1033
connector 985 447 1037 868
connector 1130 416 1192 471
connector 3895 1033 4111 1598
resistor 3813 1331 3846 1346
inductor 3809 1294 3867 1323
inductor 3807 1259 3868 1289
capacitor 3813 1221 3863 1242
ic 3628 1225 3775 1350
resistor 3561 1323 3594 1338
capacitor 3551 1300 3603 1321
capacitor 3552 1275 3604 1293
capacitor 3551 1245 3603 1265
capacitor 3552 1218 3603 1239
connector 3303 1067 3361 1121
inductor 3012 1403 3042 1463
capacitor 3157 1085 3170 1117
electrolytic 3110 1055 3151 1148
capacitor 3086 1076 3107 1129
clock 2978 1007 3074 1149
clock 2766 1013 2862 1154
capacitor 2949 1093 2962 1127
resistor 2942 1016 2974 1029
electrolytic 2901 1059 2943 1153
capacitor 2872 1079 2889 1133
resistor 2720 1020 2754 1035
connector 2533 1070 2591 1120
connector 2412 1447 2469 1503
connector 2072 1069 2127 1129
connector 1825 1519 1881 1580
resistor 1653 1511 1766 1558
potentiometer 1467 1515 1650 1615
resistor 1366 1511 1470 1558
electrolytic 1674 1309 1874 1393
led 1446 1413 1493 1439
transistor 1362 1418 1419 1474
resistor 1374 1399 1406 1413
electrolytic 1348 1301 1545 1387
capacitor 1235 1315 1295 1345
capacitor 1287 1260 1347 1289
capacitor 1291 1219 1344 1239
capacitor 1555 1297 1588 1311
capacitor 1532 1256 1578 1275
capacitor 1533 1215 1580 1233
capacitor 1531 1174 1584 1193
capacitor 1227 1160 1255 1221
capacitor 1225 1072 1255 1134
electrolytic 1276 1015 1361 1211
ic 1385 1060 1525 1242
pads 1301 1237 1335 1259
resistor 1593 1296 1644 1316
resistor 1554 1279 1588 1294
resistor 1556 1237 1586 1253
resistor 1554 1195 1586 1211
inductor 1633 1047 1887 1281
inductor 1685 911 1816 989
resistor 1690 860 1803 907
capacitor 1715 831 1767 854
electrolytic 1650 738 1847 826
capacitor 1717 708 1768 731
capacitor 1545 961 1597 983
capacitor 1558 717 1609 739
connector 1456 753 1509 812
test 1250 840 1291 880
display 46 390 707 1856
switch 3761 765 4111 972
connector 3847 443 4111 703
connector 3846 295 3902 357
connector 3422 707 3476 768
led 3645 851 3689 877
resistor 3598 857 3629 873
connector 3321 824 3488 991
connector 3088 821 3258 994
electrolytic 3375 560 3578 652
unknown 3225 288 3707 546
capacitor 3457 277 3517 305
electrolytic 3380 166 3576 254
led 3225 204 3266 224
test 3147 396 3183 435
connector 2934 335 3000 395
transistor 3144 219 3203 278
resistor 3153 200 3186 216
resistor 3154 185 3187 199
electrolytic 2482 570 2633 639
text 2477 561 2496 582
unknown 2325 301 2794 545
capacitor 2551 273 2612 303
electrolytic 2472 168 2674 256
transistor 2253 212 2308 270
led 2330 196 2378 218
resistor 2260 195 2294 211
resistor 2259 181 2292 195
test 2228 393 2267 434
connector 2020 344 2075 396
connector 2472 707 2527 762
connector 2373 819 2923 921
connector 2140 817 2278 919
jumper 2327 810 2372 919
jumper 2279 807 2326 921
text 1553 564 1572 583
electrolytic 1560 575 1713 644
unknown 1402 284 1866 545
test 1313 393 1352 433
capacitor 1623 268 1684 299
electrolytic 1550 163 1747 252
led 1385 199 1432 221
transistor 1313 222 1371 282
resistor 1322 202 1354 217
resistor 1322 187 1354 201
connector 2371 2033 2428 2093
component 3629 2537 3681 2560
component 3627 2411 3660 2531
component 155 1994 188 2030
component 115 1977 148 2009
component 70 1991 101 2021
component 53 2042 82 2065
component 69 2083 102 2113
component 122 2093 147 2127
component 159 2081 187 2111
component 177 2037 206 2064
component 792 1461 849 1519
component 788 1224 849 1275
component 1405 1526 1433 1544
component 1410 1316 1476 1372
component 1479 1565 1585 1594
component 1482 1543 1570 1566
component 1690 1521 1726 1545
component 1666 1062 1826 1267
component 2720 1527 3211 2072
component 3689 1245 3738 1340
component 2997 1032 3060 1123
component 2786 1038 2845 1127
component 1287 1073 1340 1146
component 1712 755 1774 805
component 1716 933 1773 963
component 1731 877 1769 896
component 3441 579 3509 629
component 2533 581 2600 625
component 1605 585 1672 628
component 1605 180 1681 232
component 2530 182 2602 236
component 3440 181 3512 233
connector 1508 860 1643 949
test 1258 1488 1299 1532
test 1249 1371 1295 1415
test 3896 2245 3977 2316
test 3948 319 4018 384
test 3950 321 4020 386
