text 3661 633 3822 690
text 3602 1076 3633 1095
text 3603 921 3625 960
text 3597 882 3625 901
text 3681 1281 3722 1339
text 3591 1385 3630 1411
text 2718 363 2785 495
text 2702 154 2740 319
text 2395 384 2434 459
text 2343 408 2374 425
text 2347 202 2376 221
text 2252 428 2316 454
text 2048 201 2080 235
text 2005 203 2034 238
text 2000 384 2030 418
text 2039 387 2073 420
text 1686 203 1715 234
text 1635 204 1663 237
text 1644 390 1674 423
text 1689 390 1717 423
text 1483 453 1926 506
text 1324 194 1354 241
text 1280 196 1311 243
text 1282 389 1311 433
text 1324 387 1355 435
text 958 194 990 243
text 957 389 985 438
text 609 150 801 401
text 260 576 302 601
text 266 733 303 752
text 617 579 656 682
text 575 561 612 587
text 578 748 613 767
text 590 767 629 837
text 372 782 500 834
text 396 843 423 908
text 440 839 469 904
text 290 921 314 960
text 292 966 313 1005
text 692 918 740 955
text 689 968 739 1004
text 1173 662 1217 740
text 905 596 1016 756
text 1489 694 1526 796
text 1372 877 1401 909
text 1578 723 1609 788
text 1609 722 1640 789
text 1736 717 1765 784
text 1766 718 1793 787
text 1481 904 1546 936
text 1791 719 1817 784
text 1818 717 1845 785
text 1875 723 1904 788
text 1918 764 1958 843
text 1987 690 2026 762
text 1974 858 1996 882
text 2070 886 2119 914
text 2064 912 2129 939
text 2383 596 2434 916
text 2490 645 2537 931
text 2437 704 2485 926
text 3141 1421 3190 1453
text 2962 1423 3011 1452
text 2487 951 2539 1052
text 2436 953 2484 1054
text 2452 1283 2493 1364
text 2405 1321 2432 1373
text 2406 1087 2434 1135
text 2365 952 2397 1016
text 2319 1079 2363 1150
text 2307 1282 2346 1358
text 2146 1279 2185 1357
text 2292 1216 2322 1236
text 2197 1218 2228 1236
text 2270 1230 2301 1262
text 2109 1231 2140 1264
text 2083 941 2135 971
text 2299 951 2326 1005
text 2282 1052 2312 1069
text 2176 1051 2200 1069
text 2189 962 2261 997
text 2148 955 2177 1019
text 2174 989 2197 1013
text 2099 992 2149 1023
text 2068 1033 2132 1060
text 2134 1055 2180 1082
text 2153 1153 2180 1218
text 2083 1059 2131 1083
text 2079 1081 2142 1107
text 2078 1107 2141 1132
text 2080 1131 2129 1155
text 2079 1156 2131 1179
text 2022 1235 2072 1262
text 1948 1298 1979 1348
text 1853 1315 1880 1379
text 1770 1379 1796 1444
text 1745 1366 1769 1432
text 1684 1311 1711 1380
text 1693 1394 1720 1461
text 1643 1398 1670 1470
text 1603 1385 1633 1450
text 1536 1288 1572 1386
text 1493 1241 1556 1266
text 1499 1265 1530 1290
text 1415 985 1477 1014
text 1354 1021 1420 1055
text 1416 1072 1482 1099
text 1423 1101 1488 1129
text 1433 1137 1496 1165
text 1391 1171 1456 1202
text 1238 924 1301 1213
text 1135 935 1175 1035
text 1038 935 1077 1033
text 1153 1143 1190 1218
text 1051 1144 1090 1217
text 930 1184 970 1260
text 898 966 934 1040
text 829 1193 868 1267
text 859 756 897 1146
text 753 841 805 1091
text 593 1124 656 1317
text 557 1185 593 1261
text 583 1016 612 1084
text 530 1015 558 1080
text 515 1118 546 1136
text 414 1123 442 1136
text 519 1322 549 1338
text 396 1320 423 1337
text 472 1067 499 1134
text 444 1012 473 1078
text 401 1008 430 1072
text 378 1073 405 1134
text 352 1014 379 1082
text 289 1023 327 1100
text 298 1110 359 1385
text 464 1328 494 1396
text 336 1599 367 1615
text 452 1582 475 1615
text 480 1441 506 1462
text 431 1472 458 1592
text 362 1601 441 1689
text 465 1536 497 1552
text 490 1552 509 1580
text 517 1499 534 1536
text 543 1608 571 1625
text 573 1604 591 1638
text 545 1655 572 1676
text 623 1569 641 1607
text 595 1508 619 1537
text 623 1700 642 1726
text 717 1686 737 1710
text 684 1509 709 1538
text 719 1574 737 1600
text 731 1602 754 1619
text 774 1514 790 1540
text 787 1556 804 1579
text 709 1631 727 1655
text 731 1667 755 1684
text 796 1598 815 1627
text 796 1661 814 1688
text 958 1430 996 1508
text 1022 1635 1074 1925
text 1100 1195 1147 1385
text 1000 1224 1051 1384
text 1146 1566 1192 1599
text 1248 1590 1287 1664
text 1146 1803 1194 1832
text 1303 1670 1345 1772
text 1302 1775 1402 1814
text 1449 1722 1489 1794
text 1518 1724 1558 1798
text 1583 1726 1622 1799
text 1651 1726 1693 1799
text 1726 1725 1767 1792
text 1807 1728 1850 1803
text 1917 1665 1955 1736
text 1670 1624 1697 1673
text 1699 1609 1725 1674
text 1725 1605 1752 1669
text 1751 1602 1778 1669
text 1778 1608 1806 1672
text 1840 1612 1867 1676
text 1788 1443 1814 1511
text 1843 1438 1874 1506
text 1968 1561 2006 1635
text 2060 1554 2096 1631
text 1985 1708 2014 1773
text 2047 1721 2074 1770
text 2088 1774 2113 1823
text 2144 1682 2171 1749
text 2160 1518 2209 1646
text 2215 1659 2242 1692
text 2213 1542 2241 1574
text 2351 1457 2379 1509
text 2381 1464 2411 1514
text 2454 1459 2481 1509
text 2522 1542 2553 1562
text 2477 1722 2503 1749
text 2521 1643 2562 1718
text 2776 1603 2824 1636
text 2881 1718 2919 1765
text 2870 1468 2903 1497
text 2924 1584 3002 1625
text 2902 1785 2977 1827
text 3152 1718 3191 1744
text 3185 1609 3204 1629
text 3205 1552 3226 1563
text 3248 1688 3272 1703
text 3334 1464 3359 1489
text 3364 1543 3393 1560
text 3375 1596 3412 1616
text 3449 1594 3469 1630
text 3293 1708 3310 1734
text 3613 1484 3639 1529
text 3923 1582 3972 1608
text 3841 1755 3867 1807
text 3842 1844 3866 1897
text 3789 1791 3807 1832
text 3707 1771 3747 1793
text 3702 1884 3724 1924
text 3651 1769 3667 1800
text 3583 1766 3599 1795
text 3537 1769 3574 1788
text 3481 1787 3501 1815
text 3445 1817 3475 1838
text 3323 1780 3341 1816
text 3381 1860 3421 1878
text 3381 1878 3420 1898
text 3327 1755 3346 1781
text 3281 1783 3301 1801
text 3197 1807 3213 1831
text 3196 1774 3214 1799
text 3290 1831 3307 1871
text 3315 1833 3331 1864
text 3315 1898 3333 1928
text 3416 1952 3433 1983
text 3466 1986 3503 2007
text 3658 1983 3675 1993
text 3227 1938 3245 2002
text 3246 1938 3349 2000
text 3085 1888 3120 1964
text 2989 1890 3027 1962
text 2902 1841 2978 1880
text 2777 1842 2822 1868
text 2899 1973 2938 2019
text 2663 1718 2712 1935
text 2403 1973 2441 2023
text 2260 1790 2349 1891
text 2212 1866 2250 1916
text 2172 1945 2198 1993
text 2103 1943 2129 1993
text 2097 1852 2118 1876
text 2032 1868 2081 1896
text 2000 1933 2063 1961
text 1987 2002 2050 2029
text 1920 1999 1984 2029
text 1945 1889 2009 1915
text 1882 1872 1944 1901
text 1822 1872 1882 1902
text 1861 1979 1923 2006
text 1797 1968 1860 1995
text 1766 2053 1830 2082
text 1304 1827 1343 1927
text 1252 1917 1290 1966
text 935 1843 949 1871
text 891 1833 916 1853
text 865 1741 891 1761
text 831 1724 847 1756
text 788 1801 803 1833
text 812 1885 838 1904
text 769 1812 787 1871
text 745 1885 769 1902
text 719 1948 738 1974
text 711 1764 730 1793
text 713 1821 731 1847
text 714 1858 733 1885
text 630 1781 646 1812
text 583 1822 622 1842
text 520 1868 550 1885
text 458 1833 492 1865
text 432 1800 452 1840
text 354 1891 381 1927
text 466 1952 499 1971
text 444 1947 462 1986
text 474 2121 491 2149
text 649 2129 665 2157
text 641 2031 677 2104
text 725 2120 742 2151
text 909 2123 923 2152
text 900 2032 939 2107
text 1069 2157 1103 2233
text 1115 2229 1154 2302
text 1773 2113 1801 2180
text 1788 2252 1817 2316
text 2436 2117 2460 2168
text 2519 2058 2546 2108
text 2523 2111 2548 2161
text 2468 2156 2496 2206
text 2453 2215 2479 2264
text 2488 2203 2517 2250
text 2492 2249 2519 2295
text 2446 2269 2472 2315
text 2560 2182 2588 2233
text 2557 2236 2583 2283
text 2555 2289 2581 2336
text 2455 2351 2483 2399
text 2543 2343 2591 2370
text 2530 2370 2555 2415
text 3132 2025 3171 2075
text 3166 2143 3198 2172
text 3373 2139 3406 2168
text 3474 2143 3508 2173
text 3665 2147 3697 2176
text 3667 2422 3701 2453
text 3666 2507 3698 2538
text 3474 2420 3504 2452
text 3471 2506 3505 2535
text 3364 2423 3399 2454
text 3362 2508 3398 2540
text 3172 2422 3204 2452
text 3168 2508 3204 2535
text 3116 2333 3162 2711
text 2929 2476 2979 2757
text 2773 2388 2822 2420
text 2879 2485 2918 2532
text 2778 2625 2826 2654
text 2883 2739 2923 2787
text 2645 2532 2722 2570
text 2650 2569 2685 2643
text 2648 2645 2717 2686
text 2522 2418 2552 2469
text 2474 2489 2501 2539
text 2303 2655 2330 2719
text 2552 2715 2588 2786
text 2336 2749 2364 2779
text 2251 2732 2277 2798
text 2215 2725 2244 2792
text 2220 2653 2281 2684
text 2138 2624 2201 2653
text 2120 2678 2181 2709
text 2018 2618 2078 2644
text 2019 2653 2045 2697
text 2096 2702 2122 2750
text 2103 2753 2128 2802
text 2067 2683 2094 2713
text 1980 2653 2006 2702
text 1981 2699 2004 2722
text 1991 2749 2016 2793
text 1966 2751 1990 2794
text 1932 2767 1959 2816
text 1913 2619 1958 2644
text 1847 2617 1909 2644
text 1923 2687 1980 2714
text 1922 2714 1984 2741
text 1898 2688 1924 2751
text 1872 2689 1898 2754
text 1781 2657 1844 2686
text 1781 2685 1845 2714
text 2152 2808 2222 2845
text 2094 2805 2124 2832
text 2075 2839 2098 2862
text 1636 2306 1681 2780
text 1589 2339 1634 2777
text 1544 2400 1590 2780
text 1426 2228 1521 2526
text 1191 2135 1359 2650
text 1114 2461 1165 2657
text 974 2299 1023 2713
text 906 2399 939 2432
text 652 2405 684 2435
text 713 2395 745 2424
text 460 2395 496 2426
text 901 2474 934 2505
text 655 2482 688 2511
text 709 2479 744 2510
text 460 2480 493 2510
text 908 2765 942 2797
text 657 2762 689 2798
text 714 2754 747 2785
text 462 2754 483 2782
text 1150 2737 1278 2790
text 1152 2826 1279 2877
text 1346 2710 1385 2785
text 1320 2910 1351 2978
text 1742 2896 1784 2949
text 1801 2860 1839 2931
text 1848 2933 1883 2980
text 1844 2890 1893 2917
text 2018 2906 2044 2955
text 2052 2901 2080 2934
text 2219 2864 2245 2929
text 2291 2823 2320 2874
text 2199 2943 2225 2990
text 2246 2902 2274 2950
text 2315 2899 2342 2949
text 2351 2899 2375 2948
text 2381 2898 2411 2947
text 2416 2902 2445 2952
text 2489 2955 2518 3004
text 2667 2893 2693 2942
text 2698 2821 2723 2887
text 2723 2820 2749 2885
text 2748 2836 2772 2885
text 2772 2835 2797 2884
text 2796 2834 2822 2883
text 2820 2833 2843 2880
text 2843 2832 2867 2880
text 2868 2834 2892 2881
text 2891 2832 2917 2880
text 2916 2833 2940 2880
text 2970 2864 3007 2939
text 3065 2849 3101 2919
text 3171 2834 3209 2883
text 3187 2782 3201 2811
text 3364 2785 3384 2814
text 3497 2780 3510 2810
text 3474 2831 3513 2880
text 3669 2783 3687 2813
connector 3630 688 3996 1280
component 3372 52 3422 88
component 3192 58 3237 86
component 2953 71 3118 136
pins 3000 1274 3434 1373
display 2820 34 3653 1417
connector 847 237 2507 389
connector 265 576 582 769
connector 315 910 687 1011
connector 601 610 615 644
resistor 383 868 395 898
resistor 427 869 438 898
button 1022 623 1164 764
resistor 383 1017 395 1044
resistor 407 1087 421 1117
resistor 478 1016 490 1044
resistor 499 1081 510 1111
resistor 520 1014 530 1044
resistor 565 1016 577 1044
pads 338 1034 351 1066
resistor 499 1328 513 1360
potentiometer 361 1135 550 1318
resistor 1021 995 1033 1025
resistor 1121 999 1134 1028
jumper 934 942 990 1049
led 1001 1049 1048 1160
led 1104 1047 1152 1160
connector 875 1211 927 1264
electrolytic 1365 696 1484 877
component 1387 726 1453 817
resistor 1508 937 1539 952
capacitor 1500 997 1530 1012
capacitor 1585 794 1604 844
capacitor 1613 808 1626 839
capacitor 1749 795 1766 845
capacitor 1778 813 1789 843
capacitor 1796 812 1809 844
capacitor 1818 786 1844 846
capacitor 1871 790 1887 838
electrolytic 1984 767 2025 862
component 1992 786 2017 827
capacitor 2014 898 2044 913
capacitor 2027 964 2084 991
capacitor 2012 999 2044 1014
capacitor 2026 1073 2055 1088
electrolytic 2191 999 2286 1042
capacitor 2027 1125 2055 1140
capacitor 2025 1145 2055 1162
capacitor 2167 1016 2180 1050
capacitor 2145 1018 2159 1050
capacitor 2023 1202 2073 1224
pads 2388 1324 2403 1360
clock 2182 1071 2317 1214
capacitor 4013 1607 4040 1652
capacitor 4014 1840 4042 1884
capacitor 3732 1792 3789 1828
capacitor 3673 1794 3727 1828
capacitor 3626 1752 3651 1795
capacitor 3598 1765 3619 1796
electrolytic 3576 1657 3638 1745
electrolytic 3473 1588 3568 1725
text 3463 1640 3484 1680
capacitor 3434 1634 3468 1693
capacitor 3355 1476 3391 1535
capacitor 3350 1558 3394 1586
capacitor 3319 1698 3345 1742
electrolytic 3252 1493 3348 1632
capacitor 3210 1585 3235 1630
capacitor 3398 1695 3439 1726
capacitor 3398 1787 3441 1815
capacitor 3332 1817 3359 1860
capacitor 3271 1800 3313 1828
capacitor 3216 1800 3261 1828
capacitor 3215 1768 3260 1800
electrolytic 2903 1461 3084 1581
electrolytic 2004 1822 2100 1866
capacitor 2034 1797 2065 1811
capacitor 2031 1769 2063 1784
electrolytic 2187 1261 2307 1444
electrolytic 2029 1262 2148 1445
capacitor 1930 1305 1945 1335
capacitor 1802 1312 1829 1371
capacitor 1777 1318 1791 1351
capacitor 1758 1312 1772 1342
capacitor 1613 1323 1639 1382
capacitor 1519 1227 1549 1239
electrolytic 1413 1290 1536 1474
capacitor 1819 1554 1846 1613
capacitor 1778 1557 1796 1606
capacitor 1756 1554 1771 1585
capacitor 1736 1552 1750 1585
capacitor 1711 1557 1730 1608
capacitor 1665 1558 1691 1615
capacitor 719 1512 762 1541
capacitor 743 1552 787 1578
text 612 1533 636 1553
capacitor 632 1513 671 1539
capacitor 640 1551 665 1594
electrolytic 534 1458 593 1546
capacitor 587 1549 622 1606
capacitor 640 1690 665 1735
capacitor 728 1645 756 1666
capacitor 667 1632 697 1654
capacitor 727 1619 757 1640
capacitor 465 1506 511 1535
capacitor 336 1552 364 1598
electrolytic 337 1762 433 1896
capacitor 387 1898 441 1935
capacitor 385 1942 441 1977
capacitor 523 1885 549 1928
electrolytic 554 1843 647 1974
electrolytic 653 1828 713 1916
capacitor 803 1795 828 1839
capacitor 644 1773 671 1818
capacitor 802 1717 828 1760
capacitor 743 1706 785 1732
capacitor 3332 1890 3361 1935
capacitor 3475 1934 3494 1963
capacitor 3444 1888 3469 1935
capacitor 3474 1889 3495 1919
capacitor 3444 1945 3470 1990
capacitor 1875 2641 1905 2655
capacitor 1913 2639 1943 2653
capacitor 1957 2644 1987 2655
capacitor 2007 2640 2020 2671
capacitor 2071 2640 2085 2672
electrolytic 2000 2711 2096 2750
capacitor 2655 2906 2668 2937
electrolytic 2364 2741 2547 2865
capacitor 2293 2761 2318 2820
electrolytic 2095 2848 2189 2890
capacitor 2104 2828 2133 2843
capacitor 2029 2851 2041 2881
capacitor 2051 2849 2064 2884
capacitor 1997 2791 2008 2828
capacitor 1970 2796 1983 2828
capacitor 1948 2852 1960 2883
capacitor 1967 2852 1982 2883
resistor 2028 938 2062 953
resistor 3036 1428 3065 1443
resistor 2303 1019 2318 1050
resistor 2025 1055 2055 1070
resistor 2026 1091 2055 1107
resistor 2025 1108 2056 1122
resistor 1832 1413 1847 1444
resistor 1810 1411 1823 1445
resistor 1721 1410 1734 1444
resistor 1715 1323 1729 1356
resistor 1674 1409 1687 1442
electrolytic 1424 1023 1518 1069
capacitor 1509 1081 1540 1097
capacitor 1510 1099 1540 1114
capacitor 1517 1144 1546 1160
capacitor 1466 1171 1523 1200
resistor 462 1459 519 1494
resistor 507 1550 541 1606
resistor 548 1548 580 1607
resistor 761 1583 795 1636
resistor 761 1644 796 1702
resistor 889 1774 925 1831
resistor 729 1807 763 1861
resistor 1994 1780 2009 1808
resistor 2130 1712 2142 1745
resistor 3140 1636 3176 1692
resistor 3175 1635 3212 1694
resistor 3315 1634 3349 1692
resistor 3355 1634 3389 1689
resistor 3392 1635 3430 1692
text 3390 1617 3418 1633
resistor 3503 1768 3536 1829
resistor 3401 1759 3441 1785
resistor 3399 1729 3441 1755
resistor 2877 1789 2898 1824
resistor 2881 1830 2897 1864
resistor 2440 1473 2453 1501
resistor 2412 1475 2423 1503
resistor 1283 1775 1297 1805
resistor 682 1917 717 1974
resistor 790 1905 823 1960
resistor 1849 1913 1878 1927
resistor 1904 1918 1932 1932
resistor 1828 1997 1857 2009
resistor 1803 2083 1832 2096
resistor 1879 2003 1911 2018
resistor 1949 1916 1981 1929
resistor 1972 1950 2001 1964
resistor 1931 1982 1965 1997
resistor 1985 1980 2016 1996
capacitor 2074 1943 2101 2001
capacitor 2154 1945 2174 1996
resistor 1800 2117 1814 2148
resistor 1819 2243 1831 2277
resistor 1853 2661 1884 2676
resistor 1853 2677 1883 2691
resistor 1939 2657 1967 2671
resistor 1939 2673 1968 2685
resistor 2030 2640 2060 2653
resistor 2258 2685 2270 2714
resistor 2284 2684 2296 2714
resistor 2692 2589 2705 2620
resistor 2205 2909 2217 2938
capacitor 1308 2901 1320 2927
resistor 2388 1104 2403 1133
jumper 2372 1180 2428 1290
connector 2371 1144 2425 1182
connector 2326 1002 2380 1056
ic 1571 862 1990 1289
component 1697 921 1933 1225
component 2221 1003 2263 1030
component 2224 1120 2247 1166
component 2256 1161 2276 1186
component 1446 1029 1486 1058
component 1432 1338 1506 1434
component 2051 1307 2121 1403
component 2216 1306 2283 1402
resistor 2143 1157 2154 1188
pads 3082 1426 3112 1442
component 2960 1481 3056 1551
button 3857 1466 4039 1583
switch 3868 1632 4039 1859
component 3975 1655 3996 1835
component 3938 1641 3971 1657
component 3914 1659 3933 1689
component 3913 1784 3934 1833
clock 3643 1459 3844 1790
component 3689 1529 3790 1709
transistor 3399 1465 3614 1586
transistor 3137 1561 3204 1621
component 3291 1528 3338 1544
component 3287 1543 3336 1583
component 3285 1583 3333 1608
component 3510 1676 3558 1701
component 3509 1635 3558 1675
component 3511 1619 3558 1635
component 3148 1652 3166 1675
component 3187 1651 3204 1675
inductor 3219 1635 3304 1693
component 3239 1656 3288 1680
component 3323 1652 3338 1674
component 3404 1651 3419 1673
component 3365 1653 3380 1674
ic 3219 1702 3281 1766
test 3412 1588 3443 1622
resistor 3352 1735 3387 1779
pads 3350 1697 3384 1719
pads 3351 1795 3385 1817
pads 3443 1712 3468 1755
pads 3442 1759 3467 1803
switch 3869 1863 4042 2002
component 3974 1893 3993 1972
component 3912 1894 3932 1978
connector 3740 1934 3839 1991
ic 3499 1799 3701 2001
test 3502 1963 3538 1998
connector 2731 1637 2874 1785
connector 2730 1869 2873 2014
pads 2243 1522 2522 1709
pads 2339 1472 2351 1507
connector 2005 1573 2058 1630
connector 1903 1609 1958 1664
connector 1798 1669 1858 1725
connector 1720 1666 1777 1725
connector 1644 1671 1702 1726
connector 1580 1669 1633 1730
connector 1508 1669 1564 1727
connector 1438 1670 1493 1727
connector 1098 1603 1240 1744
pads 1282 1718 1300 1770
pads 1282 1812 1301 1865
connector 1100 1830 1243 1976
ic 693 1449 768 1506
ic 602 1451 678 1506
component 723 1456 736 1498
component 634 1456 648 1498
component 482 1467 500 1484
pins 342 1458 433 1600
test 471 1578 505 1614
component 516 1563 530 1588
component 553 1566 568 1587
inductor 669 1543 723 1628
ic 590 1612 663 1669
component 772 1600 786 1621
component 768 1663 783 1683
emi 3364 1818 3442 1863
emi 3364 1891 3443 1932
emi 3212 1829 3288 1871
emi 3496 1726 3573 1768
component 3512 1788 3530 1812
component 3413 1764 3428 1779
component 3413 1735 3426 1747
connector 3033 1901 3084 1956
component 2033 1828 2068 1855
clock 2114 1765 2257 1863
component 2139 1782 2230 1844
transistor 722 1902 788 1963
component 901 1790 917 1813
inductor 833 1759 887 1846
component 845 1779 866 1825
zener 736 1735 797 1801
inductor 665 1656 721 1740
emi 674 1744 712 1822
component 798 1919 813 1945
component 690 1936 706 1956
component 662 1847 692 1889
component 569 1899 618 1919
component 351 1816 401 1836
ic 446 1890 518 1949
inductor 498 1674 616 1819
connector 498 2081 639 2840
connector 748 2080 892 2838
connector 1096 2167 1157 2231
connector 1286 2850 1338 2891
jumper 1281 2739 1341 2851
connector 1790 2761 1852 2864
ic 1841 2029 2431 2621
component 1969 2174 2282 2484
pads 2504 2061 2517 2095
pads 2492 2128 2505 2161
pads 2459 2133 2476 2168
pads 2492 2164 2507 2199
pads 2533 2185 2548 2220
pads 2480 2209 2493 2246
pads 2528 2254 2545 2290
pads 2526 2298 2542 2335
pads 2476 2251 2492 2286
pads 2478 2287 2492 2320
pads 2462 2312 2476 2345
pads 2485 2317 2502 2354
pads 2500 2349 2535 2363
pads 2479 2356 2493 2392
pads 2499 2380 2516 2417
pads 2469 2403 2485 2441
pads 2493 2426 2509 2466
pads 2467 2454 2482 2493
pads 2711 2585 2765 2633
connector 2731 2424 2872 2567
connector 2731 2652 2876 2798
connector 3010 2868 3067 2927
connector 3517 2090 3665 2864
connector 3213 2093 3355 2863
component 2418 2764 2513 2844
capacitor 2461 2949 2478 3001
capacitor 2424 2966 2436 3001
capacitor 2388 2949 2409 2999
capacitor 2357 2964 2372 2996
capacitor 2323 2954 2340 3005
capacitor 2250 2973 2262 3003
capacitor 2056 2938 2070 2967
pads 2214 2682 2227 2719
pads 2223 2622 2236 2655
pads 2171 2652 2204 2668
pads 2088 2666 2124 2680
component 2130 2857 2162 2883
ic 2023 2772 2074 2831
component 2040 2783 2057 2826
unknown 1994 2837 2017 2894
resistor 1918 2656 1929 2686
resistor 1902 2655 1914 2686
capacitor 1876 2870 1927 2890
jumper 1877 2761 1930 2870
inductor 1883 2931 1910 2989
component 365 1147 524 1305
test 440 1849 472 1885
test 2195 748 2345 901
