text 290 633 451 690
text 479 1076 510 1095
text 487 921 509 960
text 487 882 515 901
text 390 1281 431 1339
text 482 1385 521 1411
text 1327 363 1394 495
text 1372 154 1410 319
text 1678 384 1717 459
text 1738 408 1769 425
text 1736 202 1765 221
text 1796 428 1860 454
text 2032 201 2064 235
text 2078 203 2107 238
text 2082 384 2112 418
text 2039 387 2073 420
text 2397 203 2426 234
text 2449 204 2477 237
text 2438 390 2468 423
text 2395 390 2423 423
text 2186 453 2629 506
text 2758 194 2788 241
text 2801 196 2832 243
text 2801 389 2830 433
text 2757 387 2788 435
text 3122 194 3154 243
text 3127 389 3155 438
text 3311 150 3503 401
text 3810 576 3852 601
text 3809 733 3846 752
text 3456 579 3495 682
text 3500 561 3537 587
text 3499 748 3534 767
text 3483 767 3522 837
text 3612 782 3740 834
text 3689 843 3716 908
text 3643 839 3672 904
text 3798 921 3822 960
text 3799 966 3820 1005
text 3372 918 3420 955
text 3373 968 3423 1004
text 2895 662 2939 740
text 3096 596 3207 756
text 2586 694 2623 796
text 2711 877 2740 909
text 2503 723 2534 788
text 2472 722 2503 789
text 2347 717 2376 784
text 2319 718 2346 787
text 2566 904 2631 936
text 2295 719 2321 784
text 2267 717 2294 785
text 2208 723 2237 788
text 2154 764 2194 843
text 2086 690 2125 762
text 2116 858 2138 882
text 1993 886 2042 914
text 1983 912 2048 939
text 1678 596 1729 916
text 1575 645 1622 931
text 1627 704 1675 926
text 922 1421 971 1453
text 1101 1423 1150 1452
text 1573 951 1625 1052
text 1628 953 1676 1054
text 1619 1283 1660 1364
text 1680 1321 1707 1373
text 1678 1087 1706 1135
text 1715 952 1747 1016
text 1749 1079 1793 1150
text 1766 1282 1805 1358
text 1927 1279 1966 1357
text 1790 1216 1820 1236
text 1884 1218 1915 1236
text 1811 1230 1842 1262
text 1972 1231 2003 1264
text 1977 941 2029 971
text 1786 951 1813 1005
text 1800 1052 1830 1069
text 1912 1051 1936 1069
text 1851 962 1923 997
text 1935 955 1964 1019
text 1915 989 1938 1013
text 1963 992 2013 1023
text 1980 1033 2044 1060
text 1932 1055 1978 1082
text 1932 1153 1959 1218
text 1981 1059 2029 1083
text 1970 1081 2033 1107
text 1971 1107 2034 1132
text 1983 1131 2032 1155
text 1981 1156 2033 1179
text 2040 1235 2090 1262
text 2133 1298 2164 1348
text 2232 1315 2259 1379
text 2316 1379 2342 1444
text 2343 1366 2367 1432
text 2401 1311 2428 1380
text 2392 1394 2419 1461
text 2442 1398 2469 1470
text 2479 1385 2509 1450
text 2540 1288 2576 1386
text 2556 1241 2619 1266
text 2582 1265 2613 1290
text 2635 985 2697 1014
text 2692 1021 2758 1055
text 2630 1072 2696 1099
text 2624 1101 2689 1129
text 2616 1137 2679 1165
text 2656 1171 2721 1202
text 2811 924 2874 1213
text 2937 935 2977 1035
text 3035 935 3074 1033
text 2922 1143 2959 1218
text 3022 1144 3061 1217
text 3142 1184 3182 1260
text 3178 966 3214 1040
text 3244 1193 3283 1267
text 3215 756 3253 1146
text 3307 841 3359 1091
text 3456 1124 3519 1317
text 3519 1185 3555 1261
text 3500 1016 3529 1084
text 3554 1015 3582 1080
text 3566 1118 3597 1136
text 3670 1123 3698 1136
text 3563 1322 3593 1338
text 3689 1320 3716 1337
text 3613 1067 3640 1134
text 3639 1012 3668 1078
text 3682 1008 3711 1072
text 3707 1073 3734 1134
text 3733 1014 3760 1082
text 3785 1023 3823 1100
text 3753 1110 3814 1385
text 3618 1328 3648 1396
text 3745 1599 3776 1615
text 3637 1582 3660 1615
text 3606 1441 3632 1462
text 3654 1472 3681 1592
text 3671 1601 3750 1689
text 3615 1536 3647 1552
text 3603 1552 3622 1580
text 3578 1499 3595 1536
text 3541 1608 3569 1625
text 3521 1604 3539 1638
text 3540 1655 3567 1676
text 3471 1569 3489 1607
text 3493 1508 3517 1537
text 3470 1700 3489 1726
text 3375 1686 3395 1710
text 3403 1509 3428 1538
text 3375 1574 3393 1600
text 3358 1602 3381 1619
text 3322 1514 3338 1540
text 3308 1556 3325 1579
text 3385 1631 3403 1655
text 3357 1667 3381 1684
text 3297 1598 3316 1627
text 3298 1661 3316 1688
text 3116 1430 3154 1508
text 3038 1635 3090 1925
text 2965 1195 3012 1385
text 3061 1224 3112 1384
text 2920 1566 2966 1599
text 2825 1590 2864 1664
text 2918 1803 2966 1832
text 2767 1670 2809 1772
text 2710 1775 2810 1814
text 2623 1722 2663 1794
text 2554 1724 2594 1798
text 2490 1726 2529 1799
text 2419 1726 2461 1799
text 2345 1725 2386 1792
text 2262 1728 2305 1803
text 2157 1665 2195 1736
text 2415 1624 2442 1673
text 2387 1609 2413 1674
text 2360 1605 2387 1669
text 2334 1602 2361 1669
text 2306 1608 2334 1672
text 2245 1612 2272 1676
text 2298 1443 2324 1511
text 2238 1438 2269 1506
text 2106 1561 2144 1635
text 2016 1554 2052 1631
text 2098 1708 2127 1773
text 2038 1721 2065 1770
text 1999 1774 2024 1823
text 1941 1682 1968 1749
text 1903 1518 1952 1646
text 1870 1659 1897 1692
text 1871 1542 1899 1574
text 1733 1457 1761 1509
text 1701 1464 1731 1514
text 1631 1459 1658 1509
text 1559 1542 1590 1562
text 1609 1722 1635 1749
text 1550 1643 1591 1718
text 1288 1603 1336 1636
text 1193 1718 1231 1765
text 1209 1468 1242 1497
text 1110 1584 1188 1625
text 1135 1785 1210 1827
text 921 1718 960 1744
text 908 1609 927 1629
text 886 1552 907 1563
text 840 1688 864 1703
text 753 1464 778 1489
text 719 1543 748 1560
text 700 1596 737 1616
text 643 1594 663 1630
text 802 1708 819 1734
text 473 1484 499 1529
text 140 1582 189 1608
text 245 1755 271 1807
text 246 1844 270 1897
text 305 1791 323 1832
text 365 1771 405 1793
text 388 1884 410 1924
text 445 1769 461 1800
text 513 1766 529 1795
text 538 1769 575 1788
text 611 1787 631 1815
text 637 1817 667 1838
text 771 1780 789 1816
text 691 1860 731 1878
text 692 1878 731 1898
text 766 1755 785 1781
text 811 1783 831 1801
text 899 1807 915 1831
text 898 1774 916 1799
text 805 1831 822 1871
text 781 1833 797 1864
text 779 1898 797 1928
text 679 1952 696 1983
text 609 1986 646 2007
text 437 1983 454 1993
text 867 1938 885 2002
text 763 1938 866 2000
text 992 1888 1027 1964
text 1085 1890 1123 1962
text 1134 1841 1210 1880
text 1290 1842 1335 1868
text 1174 1973 1213 2019
text 1400 1718 1449 1935
text 1671 1973 1709 2023
text 1763 1790 1852 1891
text 1862 1866 1900 1916
text 1914 1945 1940 1993
text 1983 1943 2009 1993
text 1994 1852 2015 1876
text 2031 1868 2080 1896
text 2049 1933 2112 1961
text 2062 2002 2125 2029
text 2128 1999 2192 2029
text 2103 1889 2167 1915
text 2168 1872 2230 1901
text 2230 1872 2290 1902
text 2189 1979 2251 2006
text 2252 1968 2315 1995
text 2282 2053 2346 2082
text 2769 1827 2808 1927
text 2822 1917 2860 1966
text 3163 1843 3177 1871
text 3196 1833 3221 1853
text 3221 1741 3247 1761
text 3265 1724 3281 1756
text 3309 1801 3324 1833
text 3274 1885 3300 1904
text 3325 1812 3343 1871
text 3343 1885 3367 1902
text 3374 1948 3393 1974
text 3382 1764 3401 1793
text 3381 1821 3399 1847
text 3379 1858 3398 1885
text 3466 1781 3482 1812
text 3490 1822 3529 1842
text 3562 1868 3592 1885
text 3620 1833 3654 1865
text 3660 1800 3680 1840
text 3731 1891 3758 1927
text 3613 1952 3646 1971
text 3650 1947 3668 1986
text 3621 2121 3638 2149
text 3447 2129 3463 2157
text 3435 2031 3471 2104
text 3370 2120 3387 2151
text 3189 2123 3203 2152
text 3173 2032 3212 2107
text 3009 2157 3043 2233
text 2958 2229 2997 2302
text 2311 2113 2339 2180
text 2295 2252 2324 2316
text 1652 2117 1676 2168
text 1566 2058 1593 2108
text 1564 2111 1589 2161
text 1616 2156 1644 2206
text 1633 2215 1659 2264
text 1595 2203 1624 2250
text 1593 2249 1620 2295
text 1640 2269 1666 2315
text 1524 2182 1552 2233
text 1529 2236 1555 2283
text 1531 2289 1557 2336
text 1629 2351 1657 2399
text 1521 2343 1569 2370
text 1557 2370 1582 2415
text 941 2025 980 2075
text 914 2143 946 2172
text 706 2139 739 2168
text 604 2143 638 2173
text 415 2147 447 2176
text 411 2422 445 2453
text 414 2507 446 2538
text 608 2420 638 2452
text 607 2506 641 2535
text 713 2423 748 2454
text 714 2508 750 2540
text 908 2422 940 2452
text 908 2508 944 2535
text 950 2333 996 2711
text 1133 2476 1183 2757
text 1290 2388 1339 2420
text 1194 2485 1233 2532
text 1286 2625 1334 2654
text 1189 2739 1229 2787
text 1390 2532 1467 2570
text 1427 2569 1462 2643
text 1395 2645 1464 2686
text 1560 2418 1590 2469
text 1611 2489 1638 2539
text 1782 2655 1809 2719
text 1524 2715 1560 2786
text 1748 2749 1776 2779
text 1835 2732 1861 2798
text 1868 2725 1897 2792
text 1831 2653 1892 2684
text 1911 2624 1974 2653
text 1931 2678 1992 2709
text 2034 2618 2094 2644
text 2067 2653 2093 2697
text 1990 2702 2016 2750
text 1984 2753 2009 2802
text 2018 2683 2045 2713
text 2106 2653 2132 2702
text 2108 2699 2131 2722
text 2096 2749 2121 2793
text 2122 2751 2146 2794
text 2153 2767 2180 2816
text 2154 2619 2199 2644
text 2203 2617 2265 2644
text 2132 2687 2189 2714
text 2128 2714 2190 2741
text 2188 2688 2214 2751
text 2214 2689 2240 2754
text 2268 2657 2331 2686
text 2267 2685 2331 2714
text 1890 2808 1960 2845
text 1988 2805 2018 2832
text 2014 2839 2037 2862
text 2431 2306 2476 2780
text 2478 2339 2523 2777
text 2522 2400 2568 2780
text 2591 2228 2686 2526
text 2753 2135 2921 2650
text 2947 2461 2998 2657
text 3089 2299 3138 2713
text 3173 2399 3206 2432
text 3428 2405 3460 2435
text 3367 2395 3399 2424
text 3616 2395 3652 2426
text 3178 2474 3211 2505
text 3424 2482 3457 2511
text 3368 2479 3403 2510
text 3619 2480 3652 2510
text 3170 2765 3204 2797
text 3423 2762 3455 2798
text 3365 2754 3398 2785
text 3629 2754 3650 2782
text 2834 2737 2962 2790
text 2833 2826 2960 2877
text 2727 2710 2766 2785
text 2761 2910 2792 2978
text 2328 2896 2370 2949
text 2273 2860 2311 2931
text 2229 2933 2264 2980
text 2219 2890 2268 2917
text 2068 2906 2094 2955
text 2032 2901 2060 2934
text 1867 2864 1893 2929
text 1792 2823 1821 2874
text 1887 2943 1913 2990
text 1838 2902 1866 2950
text 1770 2899 1797 2949
text 1737 2899 1761 2948
text 1701 2898 1731 2947
text 1667 2902 1696 2952
text 1594 2955 1623 3004
text 1419 2893 1445 2942
text 1389 2821 1414 2887
text 1363 2820 1389 2885
text 1340 2836 1364 2885
text 1315 2835 1340 2884
text 1290 2834 1316 2883
text 1269 2833 1292 2880
text 1245 2832 1269 2880
text 1220 2834 1244 2881
text 1195 2832 1221 2880
text 1172 2833 1196 2880
text 1105 2864 1142 2939
text 1011 2849 1047 2919
text 903 2834 941 2883
text 911 2782 925 2811
text 728 2785 748 2814
text 602 2780 615 2810
text 599 2831 638 2880
text 425 2783 443 2813
connector 116 688 482 1280
component 690 52 740 88
component 875 58 920 86
component 994 71 1159 136
pins 678 1274 1112 1373
display 459 34 1292 1417
connector 1605 237 3265 389
connector 3530 576 3847 769
connector 3425 910 3797 1011
connector 3497 610 3511 644
resistor 3717 868 3729 898
resistor 3674 869 3685 898
button 2948 623 3090 764
resistor 3717 1017 3729 1044
resistor 3691 1087 3705 1117
resistor 3622 1016 3634 1044
resistor 3602 1081 3613 1111
resistor 3582 1014 3592 1044
resistor 3535 1016 3547 1044
pads 3761 1034 3774 1066
resistor 3599 1328 3613 1360
potentiometer 3562 1135 3751 1318
resistor 3079 995 3091 1025
resistor 2978 999 2991 1028
jumper 3122 942 3178 1049
led 3064 1049 3111 1160
led 2960 1047 3008 1160
connector 3185 1211 3237 1264
electrolytic 2628 696 2747 877
component 2659 726 2725 817
resistor 2573 937 2604 952
capacitor 2582 997 2612 1012
capacitor 2508 794 2527 844
capacitor 2486 808 2499 839
capacitor 2346 795 2363 845
capacitor 2323 813 2334 843
capacitor 2303 812 2316 844
capacitor 2268 786 2294 846
capacitor 2225 790 2241 838
electrolytic 2087 767 2128 862
component 2095 786 2120 827
capacitor 2068 898 2098 913
capacitor 2028 964 2085 991
capacitor 2068 999 2100 1014
capacitor 2057 1073 2086 1088
electrolytic 1826 999 1921 1042
capacitor 2057 1125 2085 1140
capacitor 2057 1145 2087 1162
capacitor 1932 1016 1945 1050
capacitor 1953 1018 1967 1050
capacitor 2039 1202 2089 1224
pads 1709 1324 1724 1360
clock 1795 1071 1930 1214
capacitor 72 1607 99 1652
capacitor 70 1840 98 1884
capacitor 323 1792 380 1828
capacitor 385 1794 439 1828
capacitor 461 1752 486 1795
capacitor 493 1765 514 1796
electrolytic 474 1657 536 1745
electrolytic 544 1588 639 1725
text 628 1640 649 1680
capacitor 644 1634 678 1693
capacitor 721 1476 757 1535
capacitor 718 1558 762 1586
capacitor 767 1698 793 1742
electrolytic 764 1493 860 1632
capacitor 877 1585 902 1630
capacitor 673 1695 714 1726
capacitor 671 1787 714 1815
capacitor 753 1817 780 1860
capacitor 799 1800 841 1828
capacitor 851 1800 896 1828
capacitor 852 1768 897 1800
electrolytic 1028 1461 1209 1581
electrolytic 2012 1822 2108 1866
capacitor 2047 1797 2078 1811
capacitor 2049 1769 2081 1784
electrolytic 1805 1261 1925 1444
electrolytic 1964 1262 2083 1445
capacitor 2167 1305 2182 1335
capacitor 2283 1312 2310 1371
capacitor 2321 1318 2335 1351
capacitor 2340 1312 2354 1342
capacitor 2473 1323 2499 1382
capacitor 2563 1227 2593 1239
electrolytic 2576 1290 2699 1474
capacitor 2266 1554 2293 1613
capacitor 2316 1557 2334 1606
capacitor 2341 1554 2356 1585
capacitor 2362 1552 2376 1585
capacitor 2382 1557 2401 1608
capacitor 2421 1558 2447 1615
capacitor 3350 1512 3393 1541
capacitor 3325 1552 3369 1578
text 3476 1533 3500 1553
capacitor 3441 1513 3480 1539
capacitor 3447 1551 3472 1594
electrolytic 3519 1458 3578 1546
capacitor 3490 1549 3525 1606
capacitor 3447 1690 3472 1735
capacitor 3356 1645 3384 1666
capacitor 3415 1632 3445 1654
capacitor 3355 1619 3385 1640
capacitor 3601 1506 3647 1535
capacitor 3748 1552 3776 1598
electrolytic 3679 1762 3775 1896
capacitor 3671 1898 3725 1935
capacitor 3671 1942 3727 1977
capacitor 3563 1885 3589 1928
electrolytic 3465 1843 3558 1974
electrolytic 3399 1828 3459 1916
capacitor 3284 1795 3309 1839
capacitor 3441 1773 3468 1818
capacitor 3284 1717 3310 1760
capacitor 3327 1706 3369 1732
capacitor 751 1890 780 1935
capacitor 618 1934 637 1963
capacitor 643 1888 668 1935
capacitor 617 1889 638 1919
capacitor 642 1945 668 1990
capacitor 2207 2641 2237 2655
capacitor 2169 2639 2199 2653
capacitor 2125 2644 2155 2655
capacitor 2092 2640 2105 2671
capacitor 2027 2640 2041 2672
electrolytic 2016 2711 2112 2750
capacitor 1444 2906 1457 2937
electrolytic 1565 2741 1748 2865
capacitor 1794 2761 1819 2820
electrolytic 1923 2848 2017 2890
capacitor 1979 2828 2008 2843
capacitor 2071 2851 2083 2881
capacitor 2048 2849 2061 2884
capacitor 2104 2791 2115 2828
capacitor 2129 2796 2142 2828
capacitor 2152 2852 2164 2883
capacitor 2130 2852 2145 2883
resistor 2050 938 2084 953
resistor 1047 1428 1076 1443
resistor 1794 1019 1809 1050
resistor 2057 1055 2087 1070
resistor 2057 1091 2086 1107
resistor 2056 1108 2087 1122
resistor 2265 1413 2280 1444
resistor 2289 1411 2302 1445
resistor 2378 1410 2391 1444
resistor 2383 1323 2397 1356
resistor 2425 1409 2438 1442
electrolytic 2594 1023 2688 1069
capacitor 2572 1081 2603 1097
capacitor 2572 1099 2602 1114
capacitor 2566 1144 2595 1160
capacitor 2589 1171 2646 1200
resistor 3593 1459 3650 1494
resistor 3571 1550 3605 1606
resistor 3532 1548 3564 1607
resistor 3317 1583 3351 1636
resistor 3316 1644 3351 1702
resistor 3187 1774 3223 1831
resistor 3349 1807 3383 1861
resistor 2103 1780 2118 1808
resistor 1970 1712 1982 1745
resistor 936 1636 972 1692
resistor 900 1635 937 1694
resistor 763 1634 797 1692
resistor 723 1634 757 1689
resistor 682 1635 720 1692
text 694 1617 722 1633
resistor 576 1768 609 1829
resistor 671 1759 711 1785
resistor 671 1729 713 1755
resistor 1214 1789 1235 1824
resistor 1215 1830 1231 1864
resistor 1659 1473 1672 1501
resistor 1689 1475 1700 1503
resistor 2815 1775 2829 1805
resistor 3395 1917 3430 1974
resistor 3289 1905 3322 1960
resistor 2234 1913 2263 1927
resistor 2180 1918 2208 1932
resistor 2255 1997 2284 2009
resistor 2280 2083 2309 2096
resistor 2201 2003 2233 2018
resistor 2131 1916 2163 1929
resistor 2111 1950 2140 1964
resistor 2147 1982 2181 1997
resistor 2096 1980 2127 1996
capacitor 2011 1943 2038 2001
capacitor 1938 1945 1958 1996
resistor 2298 2117 2312 2148
resistor 2281 2243 2293 2277
resistor 2228 2661 2259 2676
resistor 2229 2677 2259 2691
resistor 2145 2657 2173 2671
resistor 2144 2673 2173 2685
resistor 2052 2640 2082 2653
resistor 1842 2685 1854 2714
resistor 1816 2684 1828 2714
resistor 1407 2589 1420 2620
resistor 1895 2909 1907 2938
capacitor 2792 2901 2804 2927
resistor 1709 1104 1724 1133
jumper 1684 1180 1740 1290
connector 1687 1144 1741 1182
connector 1732 1002 1786 1056
ic 2122 862 2541 1289
component 2179 921 2415 1225
component 1849 1003 1891 1030
component 1865 1120 1888 1166
component 1836 1161 1856 1186
component 2626 1029 2666 1058
component 2606 1338 2680 1434
component 1991 1307 2061 1403
component 1829 1306 1896 1402
resistor 1958 1157 1969 1188
pads 1000 1426 1030 1442
component 1056 1481 1152 1551
button 73 1466 255 1583
switch 73 1632 244 1859
component 116 1655 137 1835
component 141 1641 174 1657
component 179 1659 198 1689
component 178 1784 199 1833
clock 268 1459 469 1790
component 322 1529 423 1709
transistor 498 1465 713 1586
transistor 908 1561 975 1621
component 774 1528 821 1544
component 776 1543 825 1583
component 779 1583 827 1608
component 554 1676 602 1701
component 554 1635 603 1675
component 554 1619 601 1635
component 946 1652 964 1675
component 908 1651 925 1675
inductor 808 1635 893 1693
component 824 1656 873 1680
component 774 1652 789 1674
component 693 1651 708 1673
component 732 1653 747 1674
ic 831 1702 893 1766
test 669 1588 700 1622
resistor 725 1735 760 1779
pads 728 1697 762 1719
pads 727 1795 761 1817
pads 644 1712 669 1755
pads 645 1759 670 1803
switch 70 1863 243 2002
component 119 1893 138 1972
component 180 1894 200 1978
connector 273 1934 372 1991
ic 411 1799 613 2001
test 574 1963 610 1998
connector 1238 1637 1381 1785
connector 1239 1869 1382 2014
pads 1590 1522 1869 1709
pads 1761 1472 1773 1507
connector 2054 1573 2107 1630
connector 2154 1609 2209 1664
connector 2254 1669 2314 1725
connector 2335 1666 2392 1725
connector 2410 1671 2468 1726
connector 2479 1669 2532 1730
connector 2548 1669 2604 1727
connector 2619 1670 2674 1727
connector 2872 1603 3014 1744
pads 2812 1718 2830 1770
pads 2811 1812 2830 1865
connector 2869 1830 3012 1976
ic 3344 1449 3419 1506
ic 3434 1451 3510 1506
component 3376 1456 3389 1498
component 3464 1456 3478 1498
component 3612 1467 3630 1484
pins 3679 1458 3770 1600
test 3607 1578 3641 1614
component 3582 1563 3596 1588
component 3544 1566 3559 1587
inductor 3389 1543 3443 1628
ic 3449 1612 3522 1669
component 3326 1600 3340 1621
component 3329 1663 3344 1683
emi 670 1818 748 1863
emi 669 1891 748 1932
emi 824 1829 900 1871
emi 539 1726 616 1768
component 582 1788 600 1812
component 684 1764 699 1779
component 686 1735 699 1747
connector 1028 1901 1079 1956
component 2044 1828 2079 1855
clock 1855 1765 1998 1863
component 1882 1782 1973 1844
transistor 3324 1902 3390 1963
component 3195 1790 3211 1813
inductor 3225 1759 3279 1846
component 3246 1779 3267 1825
zener 3315 1735 3376 1801
inductor 3391 1656 3447 1740
emi 3400 1744 3438 1822
component 3299 1919 3314 1945
component 3406 1936 3422 1956
component 3420 1847 3450 1889
component 3494 1899 3543 1919
component 3711 1816 3761 1836
ic 3594 1890 3666 1949
inductor 3496 1674 3614 1819
connector 3473 2081 3614 2840
connector 3220 2080 3364 2838
connector 2955 2167 3016 2231
connector 2774 2850 2826 2891
jumper 2771 2739 2831 2851
connector 2260 2761 2322 2864
ic 1681 2029 2271 2621
component 1830 2174 2143 2484
pads 1595 2061 1608 2095
pads 1607 2128 1620 2161
pads 1636 2133 1653 2168
pads 1605 2164 1620 2199
pads 1564 2185 1579 2220
pads 1619 2209 1632 2246
pads 1567 2254 1584 2290
pads 1570 2298 1586 2335
pads 1620 2251 1636 2286
pads 1620 2287 1634 2320
pads 1636 2312 1650 2345
pads 1610 2317 1627 2354
pads 1577 2349 1612 2363
pads 1619 2356 1633 2392
pads 1596 2380 1613 2417
pads 1627 2403 1643 2441
pads 1603 2426 1619 2466
pads 1630 2454 1645 2493
pads 1347 2585 1401 2633
connector 1240 2424 1381 2567
connector 1236 2652 1381 2798
connector 1045 2868 1102 2927
connector 447 2090 595 2864
connector 757 2093 899 2863
component 1599 2764 1694 2844
capacitor 1634 2949 1651 3001
capacitor 1676 2966 1688 3001
capacitor 1703 2949 1724 2999
capacitor 1740 2964 1755 2996
capacitor 1772 2954 1789 3005
capacitor 1850 2973 1862 3003
capacitor 2042 2938 2056 2967
pads 1885 2682 1898 2719
pads 1876 2622 1889 2655
pads 1908 2652 1941 2668
pads 1988 2666 2024 2680
component 1950 2857 1982 2883
ic 2038 2772 2089 2831
component 2055 2783 2072 2826
unknown 2095 2837 2118 2894
resistor 2183 2656 2194 2686
resistor 2198 2655 2210 2686
capacitor 2185 2870 2236 2890
jumper 2182 2761 2235 2870
inductor 2202 2931 2229 2989
component 3588 1147 3747 1305
test 3640 1849 3672 1885
test 1767 748 1917 901
