button 3818 342 4000 462
capacitor 3975 485 3998 529
capacitor 3975 717 4000 762
text 3886 458 3931 484
text 3574 363 3598 405
text 3803 632 3827 686
text 3804 718 3827 775
text 3749 668 3766 707
text 3670 648 3710 669
text 3621 190 3640 222
text 3448 187 3464 218
text 3140 187 3154 219
text 3318 191 3338 224
text 3426 237 3468 287
text 3124 240 3163 293
text 3017 255 3054 329
text 2924 271 2961 345
text 2837 143 2876 195
text 2735 30 2780 62
text 2603 52 2671 94
text 2870 239 2897 287
text 2846 238 2869 288
text 2823 240 2845 289
text 2798 239 2822 287
text 2775 240 2797 288
text 2751 240 2774 290
text 2727 241 2750 289
text 2703 242 2726 290
text 2677 228 2703 291
text 2653 228 2677 292
text 2621 299 2650 349
text 2506 120 2544 195
text 2247 232 2275 282
text 2290 153 2319 187
text 2257 61 2285 128
text 2174 61 2236 90
text 2205 140 2233 204
text 2170 132 2196 197
text 2093 32 2156 59
text 2074 87 2137 114
text 1974 27 2033 52
text 2051 110 2077 159
text 2057 161 2084 211
text 2106 215 2178 251
text 2046 210 2098 240
text 2030 246 2053 270
text 1973 59 2001 105
text 1935 61 1962 109
text 1945 158 1972 202
text 1921 158 1945 202
text 1937 106 1958 129
text 1877 95 1937 121
text 1876 121 1940 147
text 1867 28 1913 53
text 1801 27 1864 51
text 1853 95 1878 159
text 1828 97 1852 163
text 1737 91 1801 120
text 1735 64 1801 91
text 1886 175 1914 223
text 1302 120 1339 194
text 1108 150 1233 198
text 1277 322 1306 387
text 1107 241 1235 285
text 864 176 898 210
text 611 177 644 207
text 669 166 702 199
text 417 171 436 198
text 279 566 296 585
text 220 606 241 636
text 268 605 307 624
text 318 612 356 631
text 367 605 407 622
text 410 605 441 621
text 516 470 551 490
text 642 441 674 457
text 622 513 640 553
text 489 668 530 690
text 591 673 622 689
text 637 653 676 673
text 684 669 722 688
text 640 623 676 641
text 678 623 707 638
text 719 521 750 537
text 730 547 748 582
text 754 616 778 634
text 795 420 840 466
text 811 486 828 516
text 812 519 828 549
text 839 581 876 600
text 812 607 850 626
text 774 325 796 388
text 607 326 774 390
text 1514 474 1547 502
text 1642 469 1675 502
text 1697 305 1737 352
text 1704 434 1735 501
text 1756 267 1795 339
text 1741 429 1805 459
text 1733 502 1799 528
text 1797 298 1847 326
text 1802 339 1838 389
text 1807 405 1836 468
text 1848 463 1884 533
text 1895 319 1920 367
text 1918 337 1945 385
text 1917 375 2004 480
text 1943 311 1971 348
text 1971 314 2000 365
text 2007 294 2035 343
text 2007 402 2042 451
text 2074 478 2105 528
text 2111 488 2174 512
text 2107 462 2173 488
text 2153 348 2181 398
text 2173 273 2199 335
text 2201 306 2229 356
text 2271 307 2297 358
text 2305 306 2331 354
text 2338 308 2365 356
text 2373 310 2400 358
text 2443 359 2472 410
text 2418 482 2446 500
text 2506 417 2544 466
text 2623 375 2658 446
text 2538 513 2586 542
text 2740 395 2784 424
text 2837 422 2874 468
text 2642 509 2680 578
text 2921 448 2969 476
text 2920 476 2970 503
text 2926 523 2973 549
text 2925 548 2974 574
text 2927 575 2975 600
text 2927 601 2975 629
text 3114 596 3153 615
text 3323 417 3354 435
text 3338 471 3372 492
text 3209 561 3234 580
text 3252 585 3271 608
text 3410 469 3430 506
text 3425 514 3442 554
text 3242 659 3262 676
text 3282 654 3301 694
text 3250 705 3268 744
text 3274 707 3292 740
text 3341 734 3383 754
text 3157 647 3174 673
text 3157 682 3173 705
text 3288 631 3307 656
text 3496 643 3536 666
text 3612 645 3627 674
text 3662 757 3684 802
text 3619 859 3635 868
text 3442 662 3462 690
text 3405 694 3437 710
text 3426 861 3463 882
text 3342 754 3381 773
text 3376 827 3393 860
text 3275 771 3292 805
text 3186 811 3204 877
text 3203 811 3307 876
text 2838 496 2884 721
text 2832 746 2874 796
text 2733 628 2782 659
text 2646 655 2684 730
text 2538 595 2588 629
text 2574 728 2611 804
text 2535 674 2567 708
text 2417 640 2444 656
text 2428 654 2458 688
text 2395 676 2425 695
text 3778 922 3826 1057
text 3717 910 3758 959
text 3662 972 3708 1009
text 3773 1132 3811 1185
text 3780 1257 3820 1336
text 3762 1221 3782 1241
text 3674 1123 3701 1160
text 3671 1194 3699 1228
text 3644 1048 3674 1085
text 3612 997 3646 1034
text 3554 920 3592 970
text 3507 1068 3534 1105
text 3502 1151 3530 1186
text 3487 1117 3517 1152
text 3476 1209 3507 1242
text 3610 1215 3645 1260
text 3439 1358 3479 1409
text 3321 1214 3368 1275
text 3275 1134 3322 1269
text 3178 1037 3231 1204
text 3132 1141 3171 1219
text 3075 1149 3122 1187
text 3154 902 3196 956
text 3302 1333 3342 1410
text 3162 1334 3204 1412
text 2981 1099 3038 1234
text 2920 1075 2968 1111
text 2921 961 2962 1040
text 3050 845 3077 895
text 3026 846 3050 896
text 3001 848 3026 897
text 2977 848 3001 897
text 2955 848 2977 897
text 2931 847 2954 898
text 2908 848 2931 898
text 2885 848 2908 898
text 2863 849 2885 899
text 2839 850 2862 900
text 2817 849 2839 898
text 2794 837 2817 898
text 2770 834 2794 899
text 2748 833 2771 899
text 2724 834 2747 900
text 2700 836 2723 902
text 2843 984 2881 1058
text 2744 918 2774 954
text 2757 1001 2806 1031
text 2765 1037 2794 1088
text 2736 1037 2764 1087
text 2779 1109 2806 1157
text 2876 1203 2895 1224
text 2774 1191 2804 1241
text 2713 1212 2748 1259
text 2636 859 2673 908
text 2647 1069 2676 1119
text 2581 1028 2608 1077
text 2549 1029 2577 1079
text 2599 1142 2627 1192
text 2625 1210 2652 1258
text 2511 1090 2560 1220
text 2390 882 2426 959
text 2387 805 2414 856
text 2301 770 2328 819
text 2354 840 2382 874
text 2342 986 2371 1022
text 2302 952 2328 1002
text 2295 872 2333 948
text 2271 811 2299 861
text 2223 816 2250 865
text 2198 830 2222 881
text 2167 833 2195 881
text 2136 843 2164 893
text 2154 911 2189 986
text 2179 671 2206 691
text 2118 624 2183 652
text 2123 651 2184 677
text 2082 641 2111 690
text 2050 833 2078 847
text 2058 852 2096 901
text 1963 819 2002 911
text 1918 851 1954 925
text 1934 614 1970 689
text 1901 637 1933 673
text 1857 576 1890 649
text 1849 897 1887 950
text 1781 613 1847 640
text 1709 561 1746 656
text 1776 865 1813 938
text 1642 700 1660 731
text 1532 700 1545 727
text 1239 362 1454 807
text 796 755 825 769
text 655 790 674 827
text 635 743 666 787
text 562 790 580 828
text 422 763 460 785
text 535 873 581 1000
text 601 998 631 1067
text 671 874 710 951
text 668 1054 705 1129
text 808 871 846 947
text 485 1138 523 1236
text 542 1082 587 1206
text 608 1207 634 1275
text 192 1118 233 1252
text 667 1160 761 1204
text 666 1258 755 1294
text 846 1147 875 1212
text 881 905 924 1126
text 980 893 1031 933
text 979 940 1072 981
text 980 986 1079 1025
text 981 1034 1057 1073
text 982 1077 1081 1116
text 986 1123 1037 1161
text 985 1167 1081 1208
text 983 1216 1059 1254
text 989 1261 1034 1298
text 1117 1205 1160 1305
text 1204 1049 1243 1128
text 1198 889 1242 1017
text 1242 903 1275 976
text 1257 1010 1282 1076
text 1280 1010 1306 1078
text 1266 1110 1293 1174
text 1268 1190 1295 1253
text 1423 914 1460 965
text 1427 1003 1492 1034
text 1381 1059 1446 1088
text 1436 1095 1466 1160
text 1436 1172 1464 1237
text 1380 1216 1399 1237
text 1516 977 1554 1074
text 1572 1008 1609 1082
text 1648 879 1695 1004
text 1649 1004 1675 1067
text 1675 1005 1701 1069
text 1634 1081 1680 1208
text 1534 1217 1555 1239
text 1609 1223 1705 1257
text 1687 1084 1723 1160
text 1700 1161 1727 1226
text 1748 1038 1776 1103
text 1585 1090 1628 1122
text 1709 1228 1736 1293
text 1832 1040 1858 1105
text 1866 1010 1929 1039
text 1860 1041 1888 1103
text 1875 1100 1902 1163
text 1873 1169 1901 1234
text 1982 1015 2019 1088
text 1972 1215 1991 1238
text 2025 998 2063 1070
text 2024 1086 2067 1123
text 2049 1219 2144 1254
text 2084 1076 2131 1205
text 2123 1006 2150 1055
text 2150 997 2178 1061
text 2164 1060 2191 1125
text 2141 1119 2168 1186
text 2146 1186 2174 1251
text 2216 1018 2244 1067
text 2272 1092 2298 1139
text 2259 1206 2293 1255
text 2346 1052 2392 1080
text 2324 1110 2349 1160
text 2327 1181 2352 1234
text 2412 1020 2452 1090
text 2467 1019 2504 1091
text 2450 1099 2494 1130
text 2406 1219 2427 1242
text 3422 1413 3522 1608
text 2888 1257 2925 1335
text 2928 1510 2972 1700
text 2883 1477 2927 1635
text 2885 1651 2920 1725
text 2584 1257 2620 1332
text 2604 1396 2629 1445
text 2546 1457 2594 1484
text 2546 1486 2595 1514
text 2518 1349 2547 1396
text 2417 1254 2455 1329
text 2462 1405 2510 1600
text 2414 1467 2461 1629
text 2826 1552 2858 1567
text 2357 1548 2392 1562
text 2127 1387 2155 1449
text 2092 1463 2120 1512
text 1995 1248 2030 1324
text 2078 1366 2109 1429
text 2042 1358 2071 1424
text 2036 1486 2083 1616
text 1993 1475 2037 1640
text 1935 1546 1967 1562
text 1693 1468 1720 1534
text 1629 1507 1693 1535
text 1629 1475 1693 1503
text 1642 1360 1670 1429
text 1533 1250 1571 1324
text 1579 1408 1624 1599
text 1532 1462 1579 1625
text 1475 1540 1509 1558
text 1233 1441 1261 1507
text 1167 1449 1231 1478
text 1167 1481 1232 1509
text 1142 1387 1169 1452
text 977 1310 1012 1380
text 927 1313 957 1328
text 766 1353 801 1378
text 652 1320 687 1396
text 552 1312 591 1389
text 198 1499 245 1629
text 319 1375 346 1441
text 367 1367 393 1433
text 421 1379 450 1446
text 493 1446 528 1693
text 529 1445 566 1694
text 276 1649 314 1743
text 567 1433 603 1631
text 609 1511 636 1579
text 647 1476 713 1505
text 646 1575 711 1603
text 722 1504 749 1569
text 758 1548 794 1647
text 805 1562 840 1637
text 799 1394 846 1550
text 627 1709 654 1772
text 656 1712 682 1777
text 583 1782 617 1806
text 743 1738 780 1813
text 1005 1556 1042 1651
text 1057 1588 1094 1662
text 1154 1580 1191 1655
text 887 1741 918 1767
text 896 1768 924 1796
text 1208 1619 1253 1773
text 1269 1744 1305 1816
text 1107 1744 1145 1843
text 1314 1622 1349 1657
text 1537 1628 1574 1725
text 1655 1619 1701 1772
text 1759 1716 1794 1790
text 1774 1622 1808 1658
text 1995 1641 2030 1714
text 2147 1747 2182 1813
text 2090 1622 2136 1774
text 2195 1626 2229 1660
text 2417 1636 2454 1709
text 2428 1729 2463 1804
text 2521 1730 2557 1802
text 2570 1620 2617 1773
text 2632 1750 2667 1822
text 2664 1629 2699 1666
text 3019 1679 3044 1746
text 3074 1677 3101 1742
text 3126 1677 3153 1743
text 3179 1676 3206 1743
text 3233 1676 3259 1743
text 3086 1828 3115 1880
text 3147 1826 3174 1877
text 3212 1824 3242 1873
text 3381 1663 3418 1741
text 3453 1621 3500 1776
text 3511 1749 3552 1800
text 3562 1626 3599 1662
text 3726 1548 3762 1565
text 3742 1730 3781 1781
text 3584 1759 3652 1790
text 3681 1879 3719 1929
text 3586 1867 3623 1939
text 3343 2008 3390 2097
text 3238 2005 3284 2099
text 3140 2009 3185 2101
text 3034 2009 3079 2102
text 2985 2013 3020 2079
text 2941 1951 2972 2001
text 2893 1888 2921 1938
text 2748 1974 2900 2019
text 2755 1892 2791 1942
text 2697 2010 2733 2083
text 2698 1924 2726 1975
text 2658 1967 2685 2015
text 2621 1966 2646 2016
text 2484 1886 2521 1940
text 2452 1976 2608 2022
text 2410 2007 2443 2079
text 2415 1928 2442 1976
text 2367 1899 2396 1950
text 2331 1967 2357 2014
text 2192 1882 2229 1932
text 2171 1971 2328 2016
text 2121 2008 2157 2080
text 2125 1922 2151 1990
text 2081 1911 2109 1958
text 2039 1877 2068 1943
text 1877 1978 2034 2022
text 1906 1879 1943 1951
text 1827 2010 1866 2083
text 1840 1922 1866 1988
text 1794 1886 1821 1951
text 1753 1879 1781 1946
text 1590 1981 1744 2024
text 1619 1881 1657 1956
text 1547 2009 1579 2081
text 1546 1919 1572 1983
text 1497 1905 1525 1970
text 1458 1890 1486 1957
text 1304 1983 1457 2024
text 1323 1886 1361 1962
text 1241 1866 1278 1912
text 928 1901 967 1970
text 865 1788 892 1855
text 833 1782 860 1849
text 786 1850 822 1944
text 825 2009 891 2038
text 549 2065 704 2110
text 504 2122 695 2168
text 483 1783 519 1879
text 198 1839 243 1996
text 314 2082 359 2148
text 381 2049 399 2081
text 370 2176 410 2218
text 415 2198 452 2273
text 729 2193 772 2287
text 3078 2202 3112 2254
text 3182 2205 3218 2253
text 3286 2207 3321 2255
text 3393 2203 3431 2256
clock 3599 339 3797 670
switch 3829 518 4001 736
switch 3830 744 3998 878
capacitor 3693 668 3748 703
capacitor 3633 670 3688 703
capacitor 3588 628 3610 672
electrolytic 3539 534 3597 621
capacitor 3562 640 3580 671
electrolytic 3435 464 3530 598
capacitor 3393 509 3427 567
capacitor 3313 434 3354 461
capacitor 3360 574 3399 599
capacitor 3360 663 3402 689
capacitor 3316 351 3352 409
electrolytic 3214 369 3309 502
capacitor 3170 460 3198 503
capacitor 3280 573 3307 615
capacitor 3297 693 3318 737
capacitor 3296 767 3319 810
capacitor 3404 822 3430 864
capacitor 3407 766 3429 811
capacitor 3233 674 3273 703
capacitor 3176 643 3220 673
capacitor 3177 676 3219 702
capacitor 2610 312 2622 344
capacitor 2417 357 2433 408
capacitor 2379 373 2392 406
capacitor 2343 356 2362 406
capacitor 2312 373 2325 405
capacitor 2278 361 2296 412
capacitor 2507 515 2535 529
capacitor 2504 600 2533 616
capacitor 2203 382 2218 411
capacitor 2152 399 2181 458
capacitor 2061 235 2091 249
electrolytic 2050 257 2145 298
capacitor 2005 258 2020 291
capacitor 2011 342 2024 376
capacitor 1982 257 1996 291
capacitor 1924 257 1936 293
capacitor 1903 259 1915 290
capacitor 1833 274 1884 298
capacitor 1951 202 1965 232
capacitor 1924 202 1940 235
capacitor 1771 487 1805 500
capacitor 1262 306 1277 339
capacitor 768 493 810 522
capacitor 713 496 754 523
capacitor 765 526 810 553
capacitor 643 460 672 505
capacitor 681 581 707 623
electrolytic 461 692 558 826
capacitor 584 691 628 716
capacitor 580 791 615 848
capacitor 619 790 654 849
capacitor 788 693 816 738
capacitor 1801 592 1832 607
electrolytic 1835 657 1921 856
capacitor 2068 618 2116 639
capacitor 2140 754 2156 804
capacitor 2176 760 2189 790
capacitor 2208 759 2221 789
capacitor 2232 759 2247 791
capacitor 2277 759 2293 790
capacitor 2329 757 2344 788
capacitor 2356 764 2382 825
capacitor 2394 756 2407 787
electrolytic 2454 707 2576 888
capacitor 3625 1049 3640 1082
electrolytic 3705 1080 3770 1234
capacitor 3498 1085 3511 1117
capacitor 2725 1049 2737 1082
capacitor 2704 1049 2718 1082
electrolytic 2817 1060 2883 1215
capacitor 2609 1038 2622 1071
electrolytic 2347 1080 2416 1233
capacitor 2278 968 2290 999
capacitor 2270 1040 2282 1071
capacitor 2246 1038 2258 1070
capacitor 2176 1019 2189 1055
capacitor 1822 1055 1834 1087
capacitor 1799 1054 1812 1087
capacitor 1702 1032 1716 1066
capacitor 1362 1046 1375 1078
capacitor 1195 1415 1226 1431
capacitor 1296 1320 1334 1404
capacitor 1299 1447 1321 1499
capacitor 1469 1317 1506 1400
capacitor 1415 1540 1462 1564
capacitor 1935 1321 1968 1405
capacitor 1759 1320 1796 1406
capacitor 1760 1450 1780 1500
capacitor 1873 1541 1922 1565
capacitor 2825 1328 2861 1409
capacitor 2652 1327 2687 1411
capacitor 2650 1455 2673 1504
capacitor 2764 1547 2813 1571
capacitor 3727 1324 3762 1408
capacitor 3552 1324 3588 1408
capacitor 3553 1451 3573 1503
capacitor 3666 1544 3717 1570
capacitor 2356 1323 2391 1408
capacitor 2179 1324 2217 1406
capacitor 2181 1451 2203 1502
capacitor 2297 1545 2348 1570
capacitor 1663 1436 1694 1451
capacitor 2071 1446 2101 1461
capacitor 2552 1427 2583 1439
electrolytic 3581 1642 3780 1727
capacitor 3605 1739 3638 1755
electrolytic 2681 1645 2885 1732
electrolytic 2215 1641 2414 1727
electrolytic 1792 1638 1993 1725
electrolytic 1333 1638 1533 1723
electrolytic 925 1762 1107 1889
electrolytic 883 1559 1000 1739
capacitor 870 1760 885 1792
capacitor 813 1789 831 1841
capacitor 664 1552 697 1564
capacitor 637 1673 651 1706
capacitor 837 1994 866 2010
capacitor 1485 1954 1497 1987
capacitor 1781 1949 1794 1982
capacitor 2069 1945 2080 1979
capacitor 2355 1936 2368 1967
capacitor 2660 1933 2673 1964
resistor 3464 644 3497 702
resistor 3354 509 3389 567
text 3351 491 3378 511
resistor 3316 511 3348 567
resistor 3275 510 3311 568
resistor 3360 634 3402 660
resistor 3359 603 3401 629
resistor 3100 510 3136 570
resistor 3140 511 3172 569
resistor 2662 577 2677 614
resistor 2663 624 2677 654
resistor 2455 514 2486 529
resistor 2454 533 2485 548
resistor 2455 573 2484 587
resistor 2454 591 2483 605
resistor 2452 611 2484 624
resistor 2453 628 2482 643
resistor 2407 425 2420 454
resistor 2390 423 2402 457
resistor 2371 424 2384 456
resistor 2354 423 2367 454
resistor 2337 424 2350 455
resistor 2319 421 2332 456
resistor 2302 423 2314 459
resistor 2282 423 2294 457
resistor 2205 427 2216 462
resistor 2187 429 2202 460
resistor 2161 314 2173 346
resistor 2141 512 2173 525
resistor 2142 527 2172 539
resistor 2141 593 2171 609
resistor 2139 610 2171 625
capacitor 2084 527 2114 540
resistor 1813 468 1825 500
resistor 1773 467 1805 482
resistor 1750 469 1762 499
resistor 641 508 675 565
resistor 641 565 676 623
resistor 850 628 885 686
resistor 811 628 847 685
resistor 638 688 673 745
resistor 370 547 405 605
resistor 308 579 364 612
resistor 635 1005 649 1037
resistor 636 1221 652 1253
resistor 866 1132 895 1145
resistor 1307 1054 1319 1086
resistor 1330 1065 1343 1095
resistor 1401 1029 1429 1043
resistor 1298 1136 1324 1192
resistor 1316 1210 1329 1241
resistor 1406 1179 1431 1238
resistor 1407 1100 1432 1160
electrolytic 1476 1078 1542 1228
resistor 1730 1033 1742 1064
resistor 1778 1051 1789 1083
resistor 1730 1140 1755 1200
resistor 1754 1212 1767 1243
resistor 1845 1109 1872 1167
resistor 1847 1183 1870 1241
resistor 1812 1012 1843 1026
electrolytic 1913 1076 1979 1229
resistor 2171 1125 2199 1183
resistor 2198 1082 2211 1111
resistor 2201 1019 2215 1052
resistor 2297 1073 2326 1087
resistor 2201 1202 2214 1232
resistor 2298 1182 2325 1243
resistor 2300 1104 2325 1162
resistor 2633 1039 2644 1068
resistor 2665 1039 2678 1068
resistor 2631 1133 2659 1189
resistor 2656 1207 2669 1239
resistor 2747 1182 2772 1241
resistor 2752 1107 2777 1166
resistor 2703 1007 2735 1023
resistor 3507 1209 3521 1243
resistor 3531 1140 3557 1200
resistor 3533 1084 3546 1117
resistor 3608 1048 3622 1084
resistor 3644 1100 3671 1159
resistor 3645 1177 3671 1235
resistor 2553 1406 2581 1420
resistor 2525 1397 2542 1448
resistor 2114 1429 2127 1460
resistor 2070 1429 2104 1442
resistor 2043 1430 2055 1460
resistor 1698 1417 1711 1447
resistor 1665 1417 1690 1432
resistor 1644 1418 1656 1447
resistor 1236 1395 1249 1431
resistor 1197 1397 1226 1411
resistor 1176 1398 1187 1427
resistor 707 1530 721 1560
resistor 666 1529 696 1543
resistor 642 1530 654 1563
resistor 398 1406 412 1438
resistor 352 1406 365 1437
resistor 305 1405 319 1437
resistor 663 1673 676 1708
resistor 762 1652 787 1713
resistor 534 1787 787 1953
resistor 1463 1954 1477 1986
resistor 1533 1953 1546 1985
resistor 1760 1946 1773 1982
resistor 1826 1949 1840 1984
resistor 2048 1945 2061 1978
resistor 2110 1948 2124 1980
resistor 2334 1935 2347 1966
resistor 2402 1939 2415 1969
resistor 2622 1932 2638 1964
resistor 2685 1934 2698 1965
resistor 2898 1938 2911 1972
resistor 2928 1963 2939 1995
resistor 2993 1682 3020 1742
resistor 3048 1682 3075 1741
resistor 3100 1684 3125 1743
resistor 3208 1682 3233 1741
connector 3694 814 3793 867
ic 3460 674 3661 879
transistor 3359 339 3555 464
component 3470 504 3518 521
component 3471 520 3521 559
component 3471 559 3522 582
component 3557 556 3584 594
component 3470 662 3485 686
component 3364 528 3381 550
component 3327 525 3343 547
component 3286 527 3299 549
component 3247 425 3300 466
component 3245 408 3294 428
component 3251 467 3302 490
component 3112 528 3127 549
inductor 3181 512 3263 566
component 3203 525 3249 550
clock 2042 310 2139 451
component 2060 331 2121 425
electrolytic 1888 484 2070 603
text 2071 567 2103 598
component 1924 506 2016 579
component 2086 261 2116 288
component 648 524 665 545
component 649 583 665 605
component 378 562 396 590
component 322 586 345 606
component 477 747 526 771
component 698 746 747 769
component 648 706 665 730
inductor 723 631 804 684
component 732 648 780 671
component 861 643 875 670
component 820 647 834 665
potentiometer 1703 652 1807 840
component 1718 714 1743 818
component 1742 732 1767 819
component 1853 698 1907 790
resistor 1937 707 1985 818
component 1953 742 1971 778
inductor 2004 702 2086 835
component 2029 735 2061 796
component 2488 754 2553 855
component 3375 641 3390 653
component 3373 608 3388 622
component 3938 537 3958 708
component 3876 661 3899 708
component 3876 537 3897 568
component 3902 520 3930 535
component 3938 769 3955 851
component 3873 769 3894 853
component 3901 751 3930 769
component 3719 1120 3765 1173
component 3649 1114 3665 1141
component 2828 1107 2873 1156
component 2759 1125 2771 1149
component 2754 1197 2765 1222
component 2358 1123 2404 1176
component 1925 1119 1971 1171
component 1849 1200 1866 1224
component 1484 1121 1530 1169
component 1411 1191 1427 1218
component 1302 1150 1319 1177
switch 252 1461 452 1649
component 284 1611 402 1642
component 306 1479 381 1504
ic 1338 1271 1459 1402
component 1352 1283 1441 1390
ic 1800 1275 1926 1407
ic 2223 1276 2347 1408
ic 2695 1281 2820 1412
ic 3594 1275 3724 1408
component 3610 1288 3700 1394
component 2709 1292 2798 1396
component 2236 1288 2326 1393
component 1810 1285 1901 1388
component 3631 1656 3726 1716
component 3213 1700 3229 1724
component 3104 1701 3122 1725
component 3053 1704 3069 1723
component 2998 1700 3013 1722
component 2729 1663 2825 1721
component 2257 1657 2353 1717
component 1836 1651 1928 1710
component 1371 1652 1464 1708
component 901 1596 971 1690
component 971 1795 1064 1858
emi 3459 600 3536 644
emi 3323 693 3403 739
emi 3323 765 3403 809
emi 3173 704 3250 747
transistor 3098 437 3164 494
ic 3178 577 3247 642
pads 3312 574 3349 629
pads 3312 637 3346 693
pads 3403 585 3432 631
pads 3404 634 3432 676
test 3463 839 3496 873
capacitor 3436 764 3455 795
capacitor 3436 807 3455 837
connector 2689 659 2830 802
connector 2688 422 2832 573
ic 2542 317 2594 463
resistor 2415 700 2431 732
resistor 2399 700 2412 736
resistor 2383 702 2396 733
resistor 2368 701 2380 731
resistor 2351 702 2363 732
resistor 2334 698 2349 733
resistor 2320 701 2331 733
resistor 2304 701 2317 733
resistor 2286 702 2298 731
resistor 2271 700 2283 731
resistor 2255 700 2267 732
resistor 2239 700 2249 734
resistor 2222 699 2234 733
resistor 2209 701 2220 733
resistor 2190 700 2204 731
resistor 2176 700 2187 733
ic 2183 479 2419 669
connector 1971 621 2065 674
inductor 1838 338 1864 395
ic 1782 517 1851 585
connector 1538 453 1652 728
jumper 1829 161 1883 262
connector 1746 169 1803 269
connector 1242 247 1291 294
jumper 1237 151 1294 249
connector 26 452 317 746
pads 270 547 304 604
capacitor 410 587 439 604
transformer 463 489 602 642
emi 735 452 813 493
ic 747 553 811 618
transistor 822 700 886 761
text 822 685 845 712
electrolytic 678 692 772 823
ic 559 725 632 781
button 231 1069 478 1310
led 620 879 666 990
led 619 1095 666 1205
connector 601 1325 652 1378
connector 758 1157 810 1250
jumper 753 1253 814 1350
connector 924 887 978 1308
pads 1167 1251 1253 1353
led 1306 936 1355 1051
ic 1331 1107 1391 1215
transistor 1375 957 1431 1014
connector 1562 1127 1615 1225
pads 1626 1256 1709 1354
led 1728 911 1776 1026
ic 1767 1117 1826 1227
transistor 1806 946 1856 1007
connector 2009 1123 2065 1222
ic 2216 1096 2274 1208
led 2220 905 2270 1018
transistor 2294 1004 2349 1067
connector 2334 900 2383 952
connector 2437 1129 2491 1228
ic 2669 1104 2729 1215
transistor 2697 938 2753 1000
led 2630 912 2678 1026
connector 2911 1112 2967 1214
connector 3070 1088 3171 1145
connector 3709 962 3765 1062
ic 3568 1108 3626 1217
led 3546 971 3595 1085
pads 3414 1250 3500 1352
ic 3584 1411 3761 1542
test 3274 1411 3348 1479
test 3134 1414 3208 1481
ic 2681 1415 2860 1546
pads 2496 1246 2580 1345
ic 2213 1411 2391 1543
pads 2051 1252 2139 1353
ic 1790 1408 1967 1538
ic 1330 1407 1506 1538
connector 571 1633 622 1688
jumper 556 1690 623 1786
ic 689 1633 749 1743
component 767 1669 781 1696
connector 1099 1605 1148 1696
connector 1252 1647 1309 1741
connector 1703 1642 1756 1739
connector 2136 1648 2190 1747
connector 2470 1743 2525 1801
connector 2619 1656 2673 1750
diode 3058 1766 3112 1825
diode 3128 1766 3183 1826
diode 3202 1766 3255 1826
connector 3327 1668 3379 1762
connector 3505 1653 3560 1747
connector 3622 1874 3674 1934
led 2835 1861 2885 1970
led 2557 1857 2608 1971
led 2275 1854 2323 1970
led 1990 1867 2036 1978
led 1702 1870 1750 1981
led 1402 1873 1448 1985
connector 1123 1895 1282 2309
connector 956 1889 1115 2306
connector 763 2040 947 2334
switch 451 2172 724 2371
component 636 2226 680 2291
component 488 2232 517 2291
fuse 513 1926 739 2065
button 231 1812 480 2060
pins 825 1856 885 1960
button 1309 2020 1545 2264
button 1589 2022 1825 2261
button 1883 2018 2120 2260
button 2174 2017 2410 2257
button 2457 2020 2692 2262
button 2747 2019 2983 2259
led 3031 2129 3078 2241
led 3136 2129 3182 2241
led 3238 2129 3285 2243
led 3341 2129 3390 2242
connector 2963 273 3019 333
connector 2687 63 2828 204
electrolytic 2317 150 2499 268
component 2372 164 2468 235
capacitor 2248 168 2274 226
resistor 2237 91 2250 125
resistor 2211 91 2226 125
ic 1978 180 2027 236
resistor 1894 63 1924 80
resistor 1894 80 1925 93
pads 2170 90 2183 123
pads 2177 29 2192 63
pads 2124 59 2159 74
pads 2045 68 2081 91
capacitor 2026 48 2040 74
inductor 1947 245 1972 303
resistor 1986 46 2016 60
capacitor 1961 48 1974 76
capacitor 1914 48 1940 63
capacitor 1869 47 1899 61
capacitor 1832 46 1862 60
resistor 1872 64 1885 93
resistor 1858 64 1871 92
resistor 1808 68 1839 82
resistor 1807 86 1837 98
pads 3152 1680 3178 1743
electrolytic 1954 115 2052 157
test 424 785 458 817
test 3374 464 3405 498
