button 51 342 233 462
capacitor 53 485 76 529
capacitor 51 717 76 762
text 120 458 165 484
text 453 363 477 405
text 224 632 248 686
text 224 718 247 775
text 285 668 302 707
text 341 648 381 669
text 411 190 430 222
text 587 187 603 218
text 897 187 911 219
text 713 191 733 224
text 583 237 625 287
text 888 240 927 293
text 997 255 1034 329
text 1090 271 1127 345
text 1175 143 1214 195
text 1271 30 1316 62
text 1380 52 1448 94
text 1154 239 1181 287
text 1182 238 1205 288
text 1206 240 1228 289
text 1229 239 1253 287
text 1254 240 1276 288
text 1277 240 1300 290
text 1301 241 1324 289
text 1325 242 1348 290
text 1348 228 1374 291
text 1374 228 1398 292
text 1401 299 1430 349
text 1507 120 1545 195
text 1776 232 1804 282
text 1732 153 1761 187
text 1766 61 1794 128
text 1815 61 1877 90
text 1818 140 1846 204
text 1855 132 1881 197
text 1895 32 1958 59
text 1914 87 1977 114
text 2018 27 2077 52
text 1974 110 2000 159
text 1967 161 1994 211
text 1873 215 1945 251
text 1953 210 2005 240
text 1998 246 2021 270
text 2050 59 2078 105
text 2089 61 2116 109
text 2079 158 2106 202
text 2106 158 2130 202
text 2093 106 2114 129
text 2114 95 2174 121
text 2111 121 2175 147
text 2138 28 2184 53
text 2187 27 2250 51
text 2173 95 2198 159
text 2199 97 2223 163
text 2250 91 2314 120
text 2250 64 2316 91
text 2137 175 2165 223
text 2712 120 2749 194
text 2818 150 2943 198
text 2745 322 2774 387
text 2816 241 2944 285
text 3153 176 3187 210
text 3407 177 3440 207
text 3349 166 3382 199
text 3615 171 3634 198
text 3755 566 3772 585
text 3810 606 3831 636
text 3744 605 3783 624
text 3695 612 3733 631
text 3644 605 3684 622
text 3610 605 3641 621
text 3500 470 3535 490
text 3377 441 3409 457
text 3411 513 3429 553
text 3521 668 3562 690
text 3429 673 3460 689
text 3375 653 3414 673
text 3329 669 3367 688
text 3375 623 3411 641
text 3344 623 3373 638
text 3301 521 3332 537
text 3303 547 3321 582
text 3273 616 3297 634
text 3211 420 3256 466
text 3223 486 3240 516
text 3223 519 3239 549
text 3175 581 3212 600
text 3201 607 3239 626
text 3255 325 3277 388
text 3277 326 3444 390
text 2504 474 2537 502
text 2376 469 2409 502
text 2314 305 2354 352
text 2316 434 2347 501
text 2256 267 2295 339
text 2246 429 2310 459
text 2252 502 2318 528
text 2204 298 2254 326
text 2213 339 2249 389
text 2215 405 2244 468
text 2167 463 2203 533
text 2131 319 2156 367
text 2106 337 2133 385
text 2047 375 2134 480
text 2080 311 2108 348
text 2051 314 2080 365
text 2016 294 2044 343
text 2009 402 2044 451
text 1946 478 1977 528
text 1877 488 1940 512
text 1878 462 1944 488
text 1870 348 1898 398
text 1852 273 1878 335
text 1822 306 1850 356
text 1754 307 1780 358
text 1720 306 1746 354
text 1686 308 1713 356
text 1651 310 1678 358
text 1579 359 1608 410
text 1605 482 1633 500
text 1507 417 1545 466
text 1393 375 1428 446
text 1465 513 1513 542
text 1267 395 1311 424
text 1177 422 1214 468
text 1371 509 1409 578
text 1082 448 1130 476
text 1081 476 1131 503
text 1078 523 1125 549
text 1077 548 1126 574
text 1076 575 1124 600
text 1076 601 1124 629
text 898 596 937 615
text 697 417 728 435
text 679 471 713 492
text 817 561 842 580
text 780 585 799 608
text 621 469 641 506
text 609 514 626 554
text 789 659 809 676
text 750 654 769 694
text 783 705 801 744
text 759 707 777 740
text 668 734 710 754
text 877 647 894 673
text 878 682 894 705
text 744 631 763 656
text 515 643 555 666
text 424 645 439 674
text 367 757 389 802
text 416 859 432 868
text 589 662 609 690
text 614 694 646 710
text 588 861 625 882
text 670 754 709 773
text 658 827 675 860
text 759 771 776 805
text 847 811 865 877
text 744 811 848 876
text 1167 496 1213 721
text 1177 746 1219 796
text 1269 628 1318 659
text 1367 655 1405 730
text 1463 595 1513 629
text 1440 728 1477 804
text 1484 674 1516 708
text 1607 640 1634 656
text 1593 654 1623 688
text 1626 676 1656 695
text 225 922 273 1057
text 293 910 334 959
text 343 972 389 1009
text 240 1132 278 1185
text 231 1257 271 1336
text 269 1221 289 1241
text 350 1123 377 1160
text 352 1194 380 1228
text 377 1048 407 1085
text 405 997 439 1034
text 459 920 497 970
text 517 1068 544 1105
text 521 1151 549 1186
text 534 1117 564 1152
text 544 1209 575 1242
text 406 1215 441 1260
text 572 1358 612 1409
text 683 1214 730 1275
text 729 1134 776 1269
text 820 1037 873 1204
text 880 1141 919 1219
text 929 1149 976 1187
text 855 902 897 956
text 709 1333 749 1410
text 847 1334 889 1412
text 1013 1099 1070 1234
text 1083 1075 1131 1111
text 1089 961 1130 1040
text 974 845 1001 895
text 1001 846 1025 896
text 1025 848 1050 897
text 1050 848 1074 897
text 1074 848 1096 897
text 1097 847 1120 898
text 1120 848 1143 898
text 1143 848 1166 898
text 1166 849 1188 899
text 1189 850 1212 900
text 1212 849 1234 898
text 1234 837 1257 898
text 1257 834 1281 899
text 1280 833 1303 899
text 1304 834 1327 900
text 1328 836 1351 902
text 1170 984 1208 1058
text 1277 918 1307 954
text 1245 1001 1294 1031
text 1257 1037 1286 1088
text 1287 1037 1315 1087
text 1245 1109 1272 1157
text 1156 1203 1175 1224
text 1247 1191 1277 1241
text 1303 1212 1338 1259
text 1378 859 1415 908
text 1375 1069 1404 1119
text 1443 1028 1470 1077
text 1474 1029 1502 1079
text 1424 1142 1452 1192
text 1399 1210 1426 1258
text 1491 1090 1540 1220
text 1625 882 1661 959
text 1637 805 1664 856
text 1723 770 1750 819
text 1669 840 1697 874
text 1680 986 1709 1022
text 1723 952 1749 1002
text 1718 872 1756 948
text 1752 811 1780 861
text 1801 816 1828 865
text 1829 830 1853 881
text 1856 833 1884 881
text 1887 843 1915 893
text 1862 911 1897 986
text 1845 671 1872 691
text 1868 624 1933 652
text 1867 651 1928 677
text 1940 641 1969 690
text 1973 833 2001 847
text 1955 852 1993 901
text 2049 819 2088 911
text 2097 851 2133 925
text 2081 614 2117 689
text 2118 637 2150 673
text 2161 576 2194 649
text 2164 897 2202 950
text 2204 613 2270 640
text 2305 561 2342 656
text 2238 865 2275 938
text 2391 700 2409 731
text 2506 700 2519 727
text 2597 362 2812 807
text 3226 755 3255 769
text 3377 790 3396 827
text 3385 743 3416 787
text 3471 790 3489 828
text 3591 763 3629 785
text 3470 873 3516 1000
text 3420 998 3450 1067
text 3341 874 3380 951
text 3346 1054 3383 1129
text 3205 871 3243 947
text 3528 1138 3566 1236
text 3464 1082 3509 1206
text 3417 1207 3443 1275
text 3818 1118 3859 1252
text 3290 1160 3384 1204
text 3296 1258 3385 1294
text 3176 1147 3205 1212
text 3127 905 3170 1126
text 3020 893 3071 933
text 2979 940 3072 981
text 2972 986 3071 1025
text 2994 1034 3070 1073
text 2970 1077 3069 1116
text 3014 1123 3065 1161
text 2970 1167 3066 1208
text 2992 1216 3068 1254
text 3017 1261 3062 1298
text 2891 1205 2934 1305
text 2808 1049 2847 1128
text 2809 889 2853 1017
text 2776 903 2809 976
text 2769 1010 2794 1076
text 2745 1010 2771 1078
text 2758 1110 2785 1174
text 2756 1190 2783 1253
text 2591 914 2628 965
text 2559 1003 2624 1034
text 2605 1059 2670 1088
text 2585 1095 2615 1160
text 2587 1172 2615 1237
text 2652 1216 2671 1237
text 2497 977 2535 1074
text 2442 1008 2479 1082
text 2356 879 2403 1004
text 2376 1004 2402 1067
text 2350 1005 2376 1069
text 2371 1081 2417 1208
text 2496 1217 2517 1239
text 2346 1223 2442 1257
text 2328 1084 2364 1160
text 2324 1161 2351 1226
text 2275 1038 2303 1103
text 2423 1090 2466 1122
text 2315 1228 2342 1293
text 2193 1040 2219 1105
text 2122 1010 2185 1039
text 2163 1041 2191 1103
text 2149 1100 2176 1163
text 2150 1169 2178 1234
text 2032 1015 2069 1088
text 2060 1215 2079 1238
text 1988 998 2026 1070
text 1984 1086 2027 1123
text 1907 1219 2002 1254
text 1920 1076 1967 1205
text 1901 1006 1928 1055
text 1873 997 1901 1061
text 1860 1060 1887 1125
text 1883 1119 1910 1186
text 1877 1186 1905 1251
text 1807 1018 1835 1067
text 1753 1092 1779 1139
text 1758 1206 1792 1255
text 1659 1052 1705 1080
text 1702 1110 1727 1160
text 1699 1181 1724 1234
text 1599 1020 1639 1090
text 1547 1019 1584 1091
text 1557 1099 1601 1130
text 1624 1219 1645 1242
text 529 1413 629 1608
text 1126 1257 1163 1335
text 1079 1510 1123 1700
text 1124 1477 1168 1635
text 1131 1651 1166 1725
text 1431 1257 1467 1332
text 1422 1396 1447 1445
text 1457 1457 1505 1484
text 1456 1486 1505 1514
text 1504 1349 1533 1396
text 1596 1254 1634 1329
text 1541 1405 1589 1600
text 1590 1467 1637 1629
text 1193 1552 1225 1567
text 1659 1548 1694 1562
text 1896 1387 1924 1449
text 1931 1463 1959 1512
text 2021 1248 2056 1324
text 1942 1366 1973 1429
text 1980 1358 2009 1424
text 1968 1486 2015 1616
text 2014 1475 2058 1640
text 2084 1546 2116 1562
text 2331 1468 2358 1534
text 2358 1507 2422 1535
text 2358 1475 2422 1503
text 2381 1360 2409 1429
text 2480 1250 2518 1324
text 2427 1408 2472 1599
text 2472 1462 2519 1625
text 2542 1540 2576 1558
text 2790 1441 2818 1507
text 2820 1449 2884 1478
text 2819 1481 2884 1509
text 2882 1387 2909 1452
text 3039 1310 3074 1380
text 3094 1313 3124 1328
text 3250 1353 3285 1378
text 3364 1320 3399 1396
text 3460 1312 3499 1389
text 3806 1499 3853 1629
text 3705 1375 3732 1441
text 3658 1367 3684 1433
text 3601 1379 3630 1446
text 3523 1446 3558 1693
text 3485 1445 3522 1694
text 3737 1649 3775 1743
text 3448 1433 3484 1631
text 3415 1511 3442 1579
text 3338 1476 3404 1505
text 3340 1575 3405 1603
text 3302 1504 3329 1569
text 3257 1548 3293 1647
text 3211 1562 3246 1637
text 3205 1394 3252 1550
text 3397 1709 3424 1772
text 3369 1712 3395 1777
text 3434 1782 3468 1806
text 3271 1738 3308 1813
text 3009 1556 3046 1651
text 2957 1588 2994 1662
text 2860 1580 2897 1655
text 3133 1741 3164 1767
text 3127 1768 3155 1796
text 2798 1619 2843 1773
text 2746 1744 2782 1816
text 2906 1744 2944 1843
text 2702 1622 2737 1657
text 2477 1628 2514 1725
text 2350 1619 2396 1772
text 2257 1716 2292 1790
text 2243 1622 2277 1658
text 2021 1641 2056 1714
text 1869 1747 1904 1813
text 1915 1622 1961 1774
text 1822 1626 1856 1660
text 1597 1636 1634 1709
text 1588 1729 1623 1804
text 1494 1730 1530 1802
text 1434 1620 1481 1773
text 1384 1750 1419 1822
text 1352 1629 1387 1666
text 1007 1679 1032 1746
text 950 1677 977 1742
text 898 1677 925 1743
text 845 1676 872 1743
text 792 1676 818 1743
text 936 1828 965 1880
text 877 1826 904 1877
text 809 1824 839 1873
text 633 1663 670 1741
text 551 1621 598 1776
text 499 1749 540 1800
text 452 1626 489 1662
text 289 1548 325 1565
text 270 1730 309 1781
text 399 1759 467 1790
text 332 1879 370 1929
text 428 1867 465 1939
text 661 2008 708 2097
text 767 2005 813 2099
text 866 2009 911 2101
text 972 2009 1017 2102
text 1031 2013 1066 2079
text 1079 1951 1110 2001
text 1130 1888 1158 1938
text 1151 1974 1303 2019
text 1260 1892 1296 1942
text 1318 2010 1354 2083
text 1325 1924 1353 1975
text 1366 1967 1393 2015
text 1405 1966 1430 2016
text 1530 1886 1567 1940
text 1443 1976 1599 2022
text 1608 2007 1641 2079
text 1609 1928 1636 1976
text 1655 1899 1684 1950
text 1694 1967 1720 2014
text 1822 1882 1859 1932
text 1723 1971 1880 2016
text 1894 2008 1930 2080
text 1900 1922 1926 1990
text 1942 1911 1970 1958
text 1983 1877 2012 1943
text 2017 1978 2174 2022
text 2108 1879 2145 1951
text 2185 2010 2224 2083
text 2185 1922 2211 1988
text 2230 1886 2257 1951
text 2270 1879 2298 1946
text 2307 1981 2461 2024
text 2394 1881 2432 1956
text 2472 2009 2504 2081
text 2479 1919 2505 1983
text 2526 1905 2554 1970
text 2565 1890 2593 1957
text 2594 1983 2747 2024
text 2690 1886 2728 1962
text 2773 1866 2810 1912
text 3084 1901 3123 1970
text 3159 1788 3186 1855
text 3191 1782 3218 1849
text 3229 1850 3265 1944
text 3160 2009 3226 2038
text 3347 2065 3502 2110
text 3356 2122 3547 2168
text 3532 1783 3568 1879
text 3808 1839 3853 1996
text 3692 2082 3737 2148
text 3652 2049 3670 2081
text 3641 2176 3681 2218
text 3599 2198 3636 2273
text 3279 2193 3322 2287
text 939 2202 973 2254
text 833 2205 869 2253
text 730 2207 765 2255
text 620 2203 658 2256
clock 254 339 452 670
switch 50 518 222 736
switch 53 744 221 878
capacitor 303 668 358 703
capacitor 363 670 418 703
capacitor 441 628 463 672
electrolytic 454 534 512 621
capacitor 471 640 489 671
electrolytic 521 464 616 598
capacitor 624 509 658 567
capacitor 697 434 738 461
capacitor 652 574 691 599
capacitor 649 663 691 689
capacitor 699 351 735 409
electrolytic 742 369 837 502
capacitor 853 460 881 503
capacitor 744 573 771 615
capacitor 733 693 754 737
capacitor 732 767 755 810
capacitor 621 822 647 864
capacitor 622 766 644 811
capacitor 778 674 818 703
capacitor 831 643 875 673
capacitor 832 676 874 702
capacitor 1429 312 1441 344
capacitor 1618 357 1634 408
capacitor 1659 373 1672 406
capacitor 1689 356 1708 406
capacitor 1726 373 1739 405
capacitor 1755 361 1773 412
capacitor 1516 515 1544 529
capacitor 1518 600 1547 616
capacitor 1833 382 1848 411
capacitor 1870 399 1899 458
capacitor 1960 235 1990 249
electrolytic 1906 257 2001 298
capacitor 2031 258 2046 291
capacitor 2027 342 2040 376
capacitor 2055 257 2069 291
capacitor 2115 257 2127 293
capacitor 2136 259 2148 290
capacitor 2167 274 2218 298
capacitor 2086 202 2100 232
capacitor 2111 202 2127 235
capacitor 2246 487 2280 500
capacitor 2774 306 2789 339
capacitor 3241 493 3283 522
capacitor 3297 496 3338 523
capacitor 3241 526 3286 553
capacitor 3379 460 3408 505
capacitor 3344 581 3370 623
electrolytic 3493 692 3590 826
capacitor 3423 691 3467 716
capacitor 3436 791 3471 848
capacitor 3397 790 3432 849
capacitor 3235 693 3263 738
capacitor 2219 592 2250 607
electrolytic 2130 657 2216 856
capacitor 1935 618 1983 639
capacitor 1895 754 1911 804
capacitor 1862 760 1875 790
capacitor 1830 759 1843 789
capacitor 1804 759 1819 791
capacitor 1758 759 1774 790
capacitor 1707 757 1722 788
capacitor 1669 764 1695 825
capacitor 1644 756 1657 787
electrolytic 1475 707 1597 888
capacitor 411 1049 426 1082
electrolytic 281 1080 346 1234
capacitor 540 1085 553 1117
capacitor 1314 1049 1326 1082
capacitor 1333 1049 1347 1082
electrolytic 1168 1060 1234 1215
capacitor 1429 1038 1442 1071
electrolytic 1635 1080 1704 1233
capacitor 1761 968 1773 999
capacitor 1769 1040 1781 1071
capacitor 1793 1038 1805 1070
capacitor 1862 1019 1875 1055
capacitor 2217 1055 2229 1087
capacitor 2239 1054 2252 1087
capacitor 2335 1032 2349 1066
capacitor 2676 1046 2689 1078
capacitor 2825 1415 2856 1431
capacitor 2717 1320 2755 1404
capacitor 2730 1447 2752 1499
capacitor 2545 1317 2582 1400
capacitor 2589 1540 2636 1564
capacitor 2083 1321 2116 1405
capacitor 2255 1320 2292 1406
capacitor 2271 1450 2291 1500
capacitor 2129 1541 2178 1565
capacitor 1190 1328 1226 1409
capacitor 1364 1327 1399 1411
capacitor 1378 1455 1401 1504
capacitor 1238 1547 1287 1571
capacitor 289 1324 324 1408
capacitor 463 1324 499 1408
capacitor 478 1451 498 1503
capacitor 334 1544 385 1570
capacitor 1660 1323 1695 1408
capacitor 1834 1324 1872 1406
capacitor 1848 1451 1870 1502
capacitor 1703 1545 1754 1570
capacitor 2357 1436 2388 1451
capacitor 1950 1446 1980 1461
capacitor 1468 1427 1499 1439
electrolytic 271 1642 470 1727
capacitor 413 1739 446 1755
electrolytic 1166 1645 1370 1732
electrolytic 1637 1641 1836 1727
electrolytic 2058 1638 2259 1725
electrolytic 2518 1638 2718 1723
electrolytic 2944 1762 3126 1889
electrolytic 3051 1559 3168 1739
capacitor 3166 1760 3181 1792
capacitor 3220 1789 3238 1841
capacitor 3354 1552 3387 1564
capacitor 3400 1673 3414 1706
capacitor 3185 1994 3214 2010
capacitor 2554 1954 2566 1987
capacitor 2257 1949 2270 1982
capacitor 1971 1945 1982 1979
capacitor 1683 1936 1696 1967
capacitor 1378 1933 1391 1964
resistor 554 644 587 702
resistor 662 509 697 567
text 673 491 700 511
resistor 703 511 735 567
resistor 740 510 776 568
resistor 649 634 691 660
resistor 650 603 692 629
resistor 915 510 951 570
resistor 879 511 911 569
resistor 1374 577 1389 614
resistor 1374 624 1388 654
resistor 1565 514 1596 529
resistor 1566 533 1597 548
resistor 1567 573 1596 587
resistor 1568 591 1597 605
resistor 1567 611 1599 624
resistor 1569 628 1598 643
resistor 1631 425 1644 454
resistor 1649 423 1661 457
resistor 1667 424 1680 456
resistor 1684 423 1697 454
resistor 1701 424 1714 455
resistor 1719 421 1732 456
resistor 1737 423 1749 459
resistor 1757 423 1769 457
resistor 1835 427 1846 462
resistor 1849 429 1864 460
resistor 1878 314 1890 346
resistor 1878 512 1910 525
resistor 1879 527 1909 539
resistor 1880 593 1910 609
resistor 1880 610 1912 625
capacitor 1937 527 1967 540
resistor 2226 468 2238 500
resistor 2246 467 2278 482
resistor 2289 469 2301 499
resistor 3376 508 3410 565
resistor 3375 565 3410 623
resistor 3166 628 3201 686
resistor 3204 628 3240 685
resistor 3378 688 3413 745
resistor 3646 547 3681 605
resistor 3687 579 3743 612
resistor 3402 1005 3416 1037
resistor 3399 1221 3415 1253
resistor 3156 1132 3185 1145
resistor 2732 1054 2744 1086
resistor 2708 1065 2721 1095
resistor 2622 1029 2650 1043
resistor 2727 1136 2753 1192
resistor 2722 1210 2735 1241
resistor 2620 1179 2645 1238
resistor 2619 1100 2644 1160
electrolytic 2509 1078 2575 1228
resistor 2309 1033 2321 1064
resistor 2262 1051 2273 1083
resistor 2296 1140 2321 1200
resistor 2284 1212 2297 1243
resistor 2179 1109 2206 1167
resistor 2181 1183 2204 1241
resistor 2208 1012 2239 1026
electrolytic 2072 1076 2138 1229
resistor 1852 1125 1880 1183
resistor 1840 1082 1853 1111
resistor 1836 1019 1850 1052
resistor 1725 1073 1754 1087
resistor 1837 1202 1850 1232
resistor 1726 1182 1753 1243
resistor 1726 1104 1751 1162
resistor 1407 1039 1418 1068
resistor 1373 1039 1386 1068
resistor 1392 1133 1420 1189
resistor 1382 1207 1395 1239
resistor 1279 1182 1304 1241
resistor 1274 1107 1299 1166
resistor 1316 1007 1348 1023
resistor 530 1209 544 1243
resistor 494 1140 520 1200
resistor 505 1084 518 1117
resistor 429 1048 443 1084
resistor 380 1100 407 1159
resistor 380 1177 406 1235
resistor 1470 1406 1498 1420
resistor 1509 1397 1526 1448
resistor 1924 1429 1937 1460
resistor 1947 1429 1981 1442
resistor 1996 1430 2008 1460
resistor 2340 1417 2353 1447
resistor 2361 1417 2386 1432
resistor 2395 1418 2407 1447
resistor 2802 1395 2815 1431
resistor 2825 1397 2854 1411
resistor 2864 1398 2875 1427
resistor 3330 1530 3344 1560
resistor 3355 1529 3385 1543
resistor 3397 1530 3409 1563
resistor 3639 1406 3653 1438
resistor 3686 1406 3699 1437
resistor 3732 1405 3746 1437
resistor 3375 1673 3388 1708
resistor 3264 1652 3289 1713
resistor 3264 1787 3517 1953
resistor 2574 1954 2588 1986
resistor 2505 1953 2518 1985
resistor 2278 1946 2291 1982
resistor 2211 1949 2225 1984
resistor 1990 1945 2003 1978
resistor 1927 1948 1941 1980
resistor 1704 1935 1717 1966
resistor 1636 1939 1649 1969
resistor 1413 1932 1429 1964
resistor 1353 1934 1366 1965
resistor 1140 1938 1153 1972
resistor 1112 1963 1123 1995
resistor 1031 1682 1058 1742
resistor 976 1682 1003 1741
resistor 926 1684 951 1743
resistor 818 1682 843 1741
connector 258 814 357 867
ic 390 674 591 879
transistor 496 339 692 464
component 533 504 581 521
component 530 520 580 559
component 529 559 580 582
component 467 556 494 594
component 566 662 581 686
component 670 528 687 550
component 708 525 724 547
component 752 527 765 549
component 751 425 804 466
component 757 408 806 428
component 749 467 800 490
component 924 528 939 549
inductor 788 512 870 566
component 802 525 848 550
clock 1912 310 2009 451
component 1930 331 1991 425
electrolytic 1981 484 2163 603
text 1948 567 1980 598
component 2035 506 2127 579
component 1935 261 1965 288
component 3386 524 3403 545
component 3386 583 3402 605
component 3655 562 3673 590
component 3706 586 3729 606
component 3525 747 3574 771
component 3304 746 3353 769
component 3386 706 3403 730
inductor 3247 631 3328 684
component 3271 648 3319 671
component 3176 643 3190 670
component 3217 647 3231 665
potentiometer 2244 652 2348 840
component 2308 714 2333 818
component 2284 732 2309 819
component 2144 698 2198 790
resistor 2066 707 2114 818
component 2080 742 2098 778
inductor 1965 702 2047 835
component 1990 735 2022 796
component 1498 754 1563 855
component 661 641 676 653
component 663 608 678 622
component 93 537 113 708
component 152 661 175 708
component 154 537 175 568
component 121 520 149 535
component 96 769 113 851
component 157 769 178 853
component 121 751 150 769
component 286 1120 332 1173
component 386 1114 402 1141
component 1178 1107 1223 1156
component 1280 1125 1292 1149
component 1286 1197 1297 1222
component 1647 1123 1693 1176
component 2080 1119 2126 1171
component 2185 1200 2202 1224
component 2521 1121 2567 1169
component 2624 1191 2640 1218
component 2732 1150 2749 1177
switch 3599 1461 3799 1649
component 3649 1611 3767 1642
component 3670 1479 3745 1504
ic 2592 1271 2713 1402
component 2610 1283 2699 1390
ic 2125 1275 2251 1407
ic 1704 1276 1828 1408
ic 1231 1281 1356 1412
ic 327 1275 457 1408
component 351 1288 441 1394
component 1253 1292 1342 1396
component 1725 1288 1815 1393
component 2150 1285 2241 1388
component 325 1656 420 1716
component 822 1700 838 1724
component 929 1701 947 1725
component 982 1704 998 1723
component 1038 1700 1053 1722
component 1226 1663 1322 1721
component 1698 1657 1794 1717
component 2123 1651 2215 1710
component 2587 1652 2680 1708
component 3080 1596 3150 1690
component 2987 1795 3080 1858
emi 515 600 592 644
emi 648 693 728 739
emi 648 765 728 809
emi 801 704 878 747
transistor 887 437 953 494
ic 804 577 873 642
pads 702 574 739 629
pads 705 637 739 693
pads 619 585 648 631
pads 619 634 647 676
test 555 839 588 873
capacitor 596 764 615 795
capacitor 596 807 615 837
connector 1221 659 1362 802
connector 1219 422 1363 573
ic 1457 317 1509 463
resistor 1620 700 1636 732
resistor 1639 700 1652 736
resistor 1655 702 1668 733
resistor 1671 701 1683 731
resistor 1688 702 1700 732
resistor 1702 698 1717 733
resistor 1720 701 1731 733
resistor 1734 701 1747 733
resistor 1753 702 1765 731
resistor 1768 700 1780 731
resistor 1784 700 1796 732
resistor 1802 700 1812 734
resistor 1817 699 1829 733
resistor 1831 701 1842 733
resistor 1847 700 1861 731
resistor 1864 700 1875 733
ic 1632 479 1868 669
connector 1986 621 2080 674
inductor 2187 338 2213 395
ic 2200 517 2269 585
connector 2399 453 2513 728
jumper 2168 161 2222 262
connector 2248 169 2305 269
connector 2760 247 2809 294
jumper 2757 151 2814 249
connector 3734 452 4025 746
pads 3747 547 3781 604
capacitor 3612 587 3641 604
transformer 3449 489 3588 642
emi 3238 452 3316 493
ic 3240 553 3304 618
transistor 3165 700 3229 761
text 3206 685 3229 712
electrolytic 3279 692 3373 823
ic 3419 725 3492 781
button 3573 1069 3820 1310
led 3385 879 3431 990
led 3385 1095 3432 1205
connector 3399 1325 3450 1378
connector 3241 1157 3293 1250
jumper 3237 1253 3298 1350
connector 3073 887 3127 1308
pads 2798 1251 2884 1353
led 2696 936 2745 1051
ic 2660 1107 2720 1215
transistor 2620 957 2676 1014
connector 2436 1127 2489 1225
pads 2342 1256 2425 1354
led 2275 911 2323 1026
ic 2225 1117 2284 1227
transistor 2195 946 2245 1007
connector 1986 1123 2042 1222
ic 1777 1096 1835 1208
led 1781 905 1831 1018
transistor 1702 1004 1757 1067
connector 1668 900 1717 952
connector 1560 1129 1614 1228
ic 1322 1104 1382 1215
transistor 1298 938 1354 1000
led 1373 912 1421 1026
connector 1084 1112 1140 1214
connector 880 1088 981 1145
connector 286 962 342 1062
ic 425 1108 483 1217
led 456 971 505 1085
pads 551 1250 637 1352
ic 290 1411 467 1542
test 703 1411 777 1479
test 843 1414 917 1481
ic 1191 1415 1370 1546
pads 1471 1246 1555 1345
ic 1660 1411 1838 1543
pads 1912 1252 2000 1353
ic 2084 1408 2261 1538
ic 2545 1407 2721 1538
connector 3429 1633 3480 1688
jumper 3428 1690 3495 1786
ic 3302 1633 3362 1743
component 3270 1669 3284 1696
connector 2903 1605 2952 1696
connector 2742 1647 2799 1741
connector 2295 1642 2348 1739
connector 1861 1648 1915 1747
connector 1526 1743 1581 1801
connector 1378 1656 1432 1750
diode 939 1766 993 1825
diode 868 1766 923 1826
diode 796 1766 849 1826
connector 672 1668 724 1762
connector 491 1653 546 1747
connector 377 1874 429 1934
led 1166 1861 1216 1970
led 1443 1857 1494 1971
led 1728 1854 1776 1970
led 2015 1867 2061 1978
led 2301 1870 2349 1981
led 2603 1873 2649 1985
connector 2769 1895 2928 2309
connector 2936 1889 3095 2306
connector 3104 2040 3288 2334
switch 3327 2172 3600 2371
component 3371 2226 3415 2291
component 3534 2232 3563 2291
fuse 3312 1926 3538 2065
button 3571 1812 3820 2060
pins 3166 1856 3226 1960
button 2506 2020 2742 2264
button 2226 2022 2462 2261
button 1931 2018 2168 2260
button 1641 2017 1877 2257
button 1359 2020 1594 2262
button 1068 2019 1304 2259
led 973 2129 1020 2241
led 869 2129 915 2241
led 766 2129 813 2243
led 661 2129 710 2242
connector 1032 273 1088 333
connector 1223 63 1364 204
electrolytic 1552 150 1734 268
component 1583 164 1679 235
capacitor 1777 168 1803 226
resistor 1801 91 1814 125
resistor 1825 91 1840 125
ic 2024 180 2073 236
resistor 2127 63 2157 80
resistor 2126 80 2157 93
pads 1868 90 1881 123
pads 1859 29 1874 63
pads 1892 59 1927 74
pads 1970 68 2006 91
capacitor 2011 48 2025 74
inductor 2079 245 2104 303
resistor 2035 46 2065 60
capacitor 2077 48 2090 76
capacitor 2111 48 2137 63
capacitor 2152 47 2182 61
capacitor 2189 46 2219 60
resistor 2166 64 2179 93
resistor 2180 64 2193 92
resistor 2212 68 2243 82
resistor 2214 86 2244 98
pads 873 1680 899 1743
electrolytic 1999 115 2097 157
test 3593 785 3627 817
test 646 464 677 498
