text 3661 2318 3822 2375
text 3602 1913 3633 1932
text 3603 2048 3625 2087
text 3597 2107 3625 2126
text 3681 1669 3722 1727
text 3591 1597 3630 1623
text 2718 2513 2785 2645
text 2702 2689 2740 2854
text 2395 2549 2434 2624
text 2343 2583 2374 2600
text 2347 2787 2376 2806
text 2252 2554 2316 2580
text 2048 2773 2080 2807
text 2005 2770 2034 2805
text 2000 2590 2030 2624
text 2039 2588 2073 2621
text 1686 2774 1715 2805
text 1635 2771 1663 2804
text 1644 2585 1674 2618
text 1689 2585 1717 2618
text 1483 2502 1926 2555
text 1324 2767 1354 2814
text 1280 2765 1311 2812
text 1282 2575 1311 2619
text 1324 2573 1355 2621
text 958 2765 990 2814
text 957 2570 985 2619
text 609 2607 801 2858
text 260 2407 302 2432
text 266 2256 303 2275
text 617 2326 656 2429
text 575 2421 612 2447
text 578 2241 613 2260
text 590 2171 629 2241
text 372 2174 500 2226
text 396 2100 423 2165
text 440 2104 469 2169
text 290 2048 314 2087
text 292 2003 313 2042
text 692 2053 740 2090
text 689 2004 739 2040
text 1173 2268 1217 2346
text 905 2252 1016 2412
text 1489 2212 1526 2314
text 1372 2099 1401 2131
text 1578 2220 1609 2285
text 1609 2219 1640 2286
text 1736 2224 1765 2291
text 1766 2221 1793 2290
text 1481 2072 1546 2104
text 1791 2224 1817 2289
text 1818 2223 1845 2291
text 1875 2220 1904 2285
text 1918 2165 1958 2244
text 1987 2246 2026 2318
text 1974 2126 1996 2150
text 2070 2094 2119 2122
text 2064 2069 2129 2096
text 2383 2092 2434 2412
text 2490 2077 2537 2363
text 2437 2082 2485 2304
text 3141 1555 3190 1587
text 2962 1556 3011 1585
text 2487 1956 2539 2057
text 2436 1954 2484 2055
text 2452 1644 2493 1725
text 2405 1635 2432 1687
text 2406 1873 2434 1921
text 2365 1992 2397 2056
text 2319 1858 2363 1929
text 2307 1650 2346 1726
text 2146 1651 2185 1729
text 2292 1772 2322 1792
text 2197 1772 2228 1790
text 2270 1746 2301 1778
text 2109 1744 2140 1777
text 2083 2037 2135 2067
text 2299 2003 2326 2057
text 2282 1939 2312 1956
text 2176 1939 2200 1957
text 2189 2011 2261 2046
text 2148 1989 2177 2053
text 2174 1995 2197 2019
text 2099 1985 2149 2016
text 2068 1948 2132 1975
text 2134 1926 2180 1953
text 2153 1790 2180 1855
text 2083 1925 2131 1949
text 2079 1901 2142 1927
text 2078 1876 2141 1901
text 2080 1853 2129 1877
text 2079 1829 2131 1852
text 2022 1746 2072 1773
text 1948 1660 1979 1710
text 1853 1629 1880 1693
text 1770 1564 1796 1629
text 1745 1576 1769 1642
text 1684 1628 1711 1697
text 1693 1547 1720 1614
text 1643 1538 1670 1610
text 1603 1558 1633 1623
text 1536 1622 1572 1720
text 1493 1742 1556 1767
text 1499 1718 1530 1743
text 1415 1994 1477 2023
text 1354 1953 1420 1987
text 1416 1909 1482 1936
text 1423 1879 1488 1907
text 1433 1843 1496 1871
text 1391 1806 1456 1837
text 1238 1795 1301 2084
text 1135 1973 1175 2073
text 1038 1975 1077 2073
text 1153 1790 1190 1865
text 1051 1791 1090 1864
text 930 1748 970 1824
text 898 1968 934 2042
text 829 1741 868 1815
text 859 1862 897 2252
text 753 1917 805 2167
text 593 1691 656 1884
text 557 1747 593 1823
text 583 1924 612 1992
text 530 1928 558 1993
text 515 1872 546 1890
text 414 1872 442 1885
text 519 1670 549 1686
text 396 1671 423 1688
text 472 1874 499 1941
text 444 1930 473 1996
text 401 1936 430 2000
text 378 1874 405 1935
text 352 1926 379 1994
text 289 1908 327 1985
text 298 1623 359 1898
text 464 1612 494 1680
text 336 1393 367 1409
text 452 1393 475 1426
text 480 1546 506 1567
text 431 1416 458 1536
text 362 1319 441 1407
text 465 1456 497 1472
text 490 1428 509 1456
text 517 1472 534 1509
text 543 1383 571 1400
text 573 1370 591 1404
text 545 1332 572 1353
text 623 1401 641 1439
text 595 1471 619 1500
text 623 1282 642 1308
text 717 1298 737 1322
text 684 1470 709 1499
text 719 1408 737 1434
text 731 1389 754 1406
text 774 1468 790 1494
text 787 1429 804 1452
text 709 1353 727 1377
text 731 1324 755 1341
text 796 1381 815 1410
text 796 1320 814 1347
text 958 1500 996 1578
text 1022 1083 1074 1373
text 1100 1623 1147 1813
text 1000 1624 1051 1784
text 1146 1409 1192 1442
text 1248 1344 1287 1418
text 1146 1176 1194 1205
text 1303 1236 1345 1338
text 1302 1194 1402 1233
text 1449 1214 1489 1286
text 1518 1210 1558 1284
text 1583 1209 1622 1282
text 1651 1209 1693 1282
text 1726 1216 1767 1283
text 1807 1205 1850 1280
text 1917 1272 1955 1343
text 1670 1335 1697 1384
text 1699 1334 1725 1399
text 1725 1339 1752 1403
text 1751 1339 1778 1406
text 1778 1336 1806 1400
text 1840 1332 1867 1396
text 1788 1497 1814 1565
text 1843 1502 1874 1570
text 1968 1373 2006 1447
text 2060 1377 2096 1454
text 1985 1235 2014 1300
text 2047 1238 2074 1287
text 2088 1185 2113 1234
text 2144 1259 2171 1326
text 2160 1362 2209 1490
text 2215 1316 2242 1349
text 2213 1434 2241 1466
text 2351 1499 2379 1551
text 2381 1494 2411 1544
text 2454 1499 2481 1549
text 2522 1446 2553 1466
text 2477 1259 2503 1286
text 2521 1290 2562 1365
text 2776 1372 2824 1405
text 2881 1243 2919 1290
text 2870 1511 2903 1540
text 2924 1383 3002 1424
text 2902 1181 2977 1223
text 3152 1264 3191 1290
text 3185 1379 3204 1399
text 3205 1445 3226 1456
text 3248 1305 3272 1320
text 3334 1519 3359 1544
text 3364 1448 3393 1465
text 3375 1392 3412 1412
text 3449 1378 3469 1414
text 3293 1274 3310 1300
text 3613 1479 3639 1524
text 3923 1400 3972 1426
text 3841 1201 3867 1253
text 3842 1111 3866 1164
text 3789 1176 3807 1217
text 3707 1215 3747 1237
text 3702 1084 3724 1124
text 3651 1208 3667 1239
text 3583 1213 3599 1242
text 3537 1220 3574 1239
text 3481 1193 3501 1221
text 3445 1170 3475 1191
text 3323 1192 3341 1228
text 3381 1130 3421 1148
text 3381 1110 3420 1130
text 3327 1227 3346 1253
text 3281 1207 3301 1225
text 3197 1177 3213 1201
text 3196 1209 3214 1234
text 3290 1137 3307 1177
text 3315 1144 3331 1175
text 3315 1080 3333 1110
text 3416 1025 3433 1056
text 3466 1001 3503 1022
text 3658 1015 3675 1025
text 3227 1006 3245 1070
text 3246 1008 3349 1070
text 3085 1044 3120 1120
text 2989 1046 3027 1118
text 2902 1128 2978 1167
text 2777 1140 2822 1166
text 2899 989 2938 1035
text 2663 1073 2712 1290
text 2403 985 2441 1035
text 2260 1117 2349 1218
text 2212 1092 2250 1142
text 2172 1015 2198 1063
text 2103 1015 2129 1065
text 2097 1132 2118 1156
text 2032 1112 2081 1140
text 2000 1047 2063 1075
text 1987 979 2050 1006
text 1920 979 1984 1009
text 1945 1093 2009 1119
text 1882 1107 1944 1136
text 1822 1106 1882 1136
text 1861 1002 1923 1029
text 1797 1013 1860 1040
text 1766 926 1830 955
text 1304 1081 1343 1181
text 1252 1042 1290 1091
text 935 1137 949 1165
text 891 1155 916 1175
text 865 1247 891 1267
text 831 1252 847 1284
text 788 1175 803 1207
text 812 1104 838 1123
text 769 1137 787 1196
text 745 1106 769 1123
text 719 1034 738 1060
text 711 1215 730 1244
text 713 1161 731 1187
text 714 1123 733 1150
text 630 1196 646 1227
text 583 1166 622 1186
text 520 1123 550 1140
text 458 1143 492 1175
text 432 1168 452 1208
text 354 1081 381 1117
text 466 1037 499 1056
text 444 1022 462 1061
text 474 859 491 887
text 649 851 665 879
text 641 904 677 977
text 725 857 742 888
text 909 856 923 885
text 900 901 939 976
text 1069 775 1103 851
text 1115 706 1154 779
text 1773 828 1801 895
text 1788 692 1817 756
text 2436 840 2460 891
text 2519 900 2546 950
text 2523 847 2548 897
text 2468 802 2496 852
text 2453 744 2479 793
text 2488 758 2517 805
text 2492 713 2519 759
text 2446 693 2472 739
text 2560 775 2588 826
text 2557 725 2583 772
text 2555 672 2581 719
text 2455 609 2483 657
text 2543 638 2591 665
text 2530 593 2555 638
text 3132 933 3171 983
text 3166 836 3198 865
text 3373 840 3406 869
text 3474 835 3508 865
text 3665 832 3697 861
text 3667 555 3701 586
text 3666 470 3698 501
text 3474 556 3504 588
text 3471 473 3505 502
text 3364 554 3399 585
text 3362 468 3398 500
text 3172 556 3204 586
text 3168 473 3204 500
text 3116 297 3162 675
text 2929 251 2979 532
text 2773 588 2822 620
text 2879 476 2918 523
text 2778 354 2826 383
text 2883 221 2923 269
text 2645 438 2722 476
text 2650 365 2685 439
text 2648 322 2717 363
text 2522 539 2552 590
text 2474 469 2501 519
text 2303 289 2330 353
text 2552 222 2588 293
text 2336 229 2364 259
text 2251 210 2277 276
text 2215 216 2244 283
text 2220 324 2281 355
text 2138 355 2201 384
text 2120 299 2181 330
text 2018 364 2078 390
text 2019 311 2045 355
text 2096 258 2122 306
text 2103 206 2128 255
text 2067 295 2094 325
text 1980 306 2006 355
text 1981 286 2004 309
text 1991 215 2016 259
text 1966 214 1990 257
text 1932 192 1959 241
text 1913 364 1958 389
text 1847 364 1909 391
text 1923 294 1980 321
text 1922 267 1984 294
text 1898 257 1924 320
text 1872 254 1898 319
text 1781 322 1844 351
text 1781 294 1845 323
text 2152 163 2222 200
text 2094 176 2124 203
text 2075 146 2098 169
text 1636 228 1681 702
text 1589 231 1634 669
text 1544 228 1590 608
text 1426 482 1521 780
text 1191 358 1359 873
text 1114 351 1165 547
text 974 295 1023 709
text 906 576 939 609
text 652 573 684 603
text 713 584 745 613
text 460 582 496 613
text 901 503 934 534
text 655 497 688 526
text 709 498 744 529
text 460 498 493 528
text 908 211 942 243
text 657 210 689 246
text 714 223 747 254
text 462 226 483 254
text 1150 218 1278 271
text 1152 131 1279 182
text 1346 223 1385 298
text 1320 30 1351 98
text 1742 59 1784 112
text 1801 77 1839 148
text 1848 28 1883 75
text 1844 91 1893 118
text 2018 53 2044 102
text 2052 74 2080 107
text 2219 79 2245 144
text 2291 134 2320 185
text 2199 18 2225 65
text 2246 58 2274 106
text 2315 59 2342 109
text 2351 60 2375 109
text 2381 61 2411 110
text 2416 56 2445 106
text 2489 4 2518 53
text 2667 66 2693 115
text 2698 121 2723 187
text 2723 123 2749 188
text 2748 123 2772 172
text 2772 124 2797 173
text 2796 125 2822 174
text 2820 128 2843 175
text 2843 128 2867 176
text 2868 127 2892 174
text 2891 128 2917 176
text 2916 128 2940 175
text 2970 69 3007 144
text 3065 89 3101 159
text 3171 125 3209 174
text 3187 197 3201 226
text 3364 194 3384 223
text 3497 198 3510 228
text 3474 128 3513 177
text 3669 195 3687 225
connector 3630 1728 3996 2320
component 3372 2920 3422 2956
component 3192 2922 3237 2950
component 2953 2872 3118 2937
pins 3000 1635 3434 1734
display 2820 1591 3653 2974
connector 847 2619 2507 2771
connector 265 2239 582 2432
connector 315 1997 687 2098
connector 601 2364 615 2398
resistor 383 2110 395 2140
resistor 427 2110 438 2139
button 1022 2244 1164 2385
resistor 383 1964 395 1991
resistor 407 1891 421 1921
resistor 478 1964 490 1992
resistor 499 1897 510 1927
resistor 520 1964 530 1994
resistor 565 1964 577 1992
pads 338 1942 351 1974
resistor 499 1648 513 1680
potentiometer 361 1690 550 1873
resistor 1021 1983 1033 2013
resistor 1121 1980 1134 2009
jumper 934 1959 990 2066
led 1001 1848 1048 1959
led 1104 1848 1152 1961
connector 875 1744 927 1797
electrolytic 1365 2131 1484 2312
component 1387 2191 1453 2282
resistor 1508 2056 1539 2071
capacitor 1500 1996 1530 2011
capacitor 1585 2164 1604 2214
capacitor 1613 2169 1626 2200
capacitor 1749 2163 1766 2213
capacitor 1778 2165 1789 2195
capacitor 1796 2164 1809 2196
capacitor 1818 2162 1844 2222
capacitor 1871 2170 1887 2218
electrolytic 1984 2146 2025 2241
component 1992 2181 2017 2222
capacitor 2014 2095 2044 2110
capacitor 2027 2017 2084 2044
capacitor 2012 1994 2044 2009
capacitor 2026 1920 2055 1935
electrolytic 2191 1966 2286 2009
capacitor 2027 1868 2055 1883
capacitor 2025 1846 2055 1863
capacitor 2167 1958 2180 1992
capacitor 2145 1958 2159 1990
capacitor 2023 1784 2073 1806
pads 2388 1648 2403 1684
clock 2182 1794 2317 1937
capacitor 4013 1356 4040 1401
capacitor 4014 1124 4042 1168
capacitor 3732 1180 3789 1216
capacitor 3673 1180 3727 1214
capacitor 3626 1213 3651 1256
capacitor 3598 1212 3619 1243
electrolytic 3576 1263 3638 1351
electrolytic 3473 1283 3568 1420
text 3463 1328 3484 1368
capacitor 3434 1315 3468 1374
capacitor 3355 1473 3391 1532
capacitor 3350 1422 3394 1450
capacitor 3319 1266 3345 1310
electrolytic 3252 1376 3348 1515
capacitor 3210 1378 3235 1423
capacitor 3398 1282 3439 1313
capacitor 3398 1193 3441 1221
capacitor 3332 1148 3359 1191
capacitor 3271 1180 3313 1208
capacitor 3216 1180 3261 1208
capacitor 3215 1208 3260 1240
electrolytic 2903 1427 3084 1547
electrolytic 2004 1142 2100 1186
capacitor 2034 1197 2065 1211
capacitor 2031 1224 2063 1239
electrolytic 2187 1564 2307 1747
electrolytic 2029 1563 2148 1746
capacitor 1930 1673 1945 1703
capacitor 1802 1637 1829 1696
capacitor 1777 1657 1791 1690
capacitor 1758 1666 1772 1696
capacitor 1613 1626 1639 1685
capacitor 1519 1769 1549 1781
electrolytic 1413 1534 1536 1718
capacitor 1819 1395 1846 1454
capacitor 1778 1402 1796 1451
capacitor 1756 1423 1771 1454
capacitor 1736 1423 1750 1456
capacitor 1711 1400 1730 1451
capacitor 1665 1393 1691 1450
capacitor 719 1467 762 1496
capacitor 743 1430 787 1456
text 612 1455 636 1475
capacitor 632 1469 671 1495
capacitor 640 1414 665 1457
electrolytic 534 1462 593 1550
capacitor 587 1402 622 1459
capacitor 640 1273 665 1318
capacitor 728 1342 756 1363
capacitor 667 1354 697 1376
capacitor 727 1368 757 1389
capacitor 465 1473 511 1502
capacitor 336 1410 364 1456
electrolytic 337 1112 433 1246
capacitor 387 1073 441 1110
capacitor 385 1031 441 1066
capacitor 523 1080 549 1123
electrolytic 554 1034 647 1165
electrolytic 653 1092 713 1180
capacitor 803 1169 828 1213
capacitor 644 1190 671 1235
capacitor 802 1248 828 1291
capacitor 743 1276 785 1302
capacitor 3332 1073 3361 1118
capacitor 3475 1045 3494 1074
capacitor 3444 1073 3469 1120
capacitor 3474 1089 3495 1119
capacitor 3444 1018 3470 1063
capacitor 1875 353 1905 367
capacitor 1913 355 1943 369
capacitor 1957 353 1987 364
capacitor 2007 337 2020 368
capacitor 2071 336 2085 368
electrolytic 2000 258 2096 297
capacitor 2655 71 2668 102
electrolytic 2364 143 2547 267
capacitor 2293 188 2318 247
electrolytic 2095 118 2189 160
capacitor 2104 165 2133 180
capacitor 2029 127 2041 157
capacitor 2051 124 2064 159
capacitor 1997 180 2008 217
capacitor 1970 180 1983 212
capacitor 1948 125 1960 156
capacitor 1967 125 1982 156
resistor 2028 2055 2062 2070
resistor 3036 1565 3065 1580
resistor 2303 1958 2318 1989
resistor 2025 1938 2055 1953
resistor 2026 1901 2055 1917
resistor 2025 1886 2056 1900
resistor 1832 1564 1847 1595
resistor 1810 1563 1823 1597
resistor 1721 1564 1734 1598
resistor 1715 1652 1729 1685
resistor 1674 1566 1687 1599
electrolytic 1424 1939 1518 1985
capacitor 1509 1911 1540 1927
capacitor 1510 1894 1540 1909
capacitor 1517 1848 1546 1864
capacitor 1466 1808 1523 1837
resistor 462 1514 519 1549
resistor 507 1402 541 1458
resistor 548 1401 580 1460
resistor 761 1372 795 1425
resistor 761 1306 796 1364
resistor 889 1177 925 1234
resistor 729 1147 763 1201
resistor 1994 1200 2009 1228
resistor 2130 1263 2142 1296
resistor 3140 1316 3176 1372
resistor 3175 1314 3212 1373
resistor 3315 1316 3349 1374
resistor 3355 1319 3389 1374
resistor 3392 1316 3430 1373
text 3390 1375 3418 1391
resistor 3503 1179 3536 1240
resistor 3401 1223 3441 1249
resistor 3399 1253 3441 1279
resistor 2877 1184 2898 1219
resistor 2881 1144 2897 1178
resistor 2440 1507 2453 1535
resistor 2412 1505 2423 1533
resistor 1283 1203 1297 1233
resistor 682 1034 717 1091
resistor 790 1048 823 1103
resistor 1849 1081 1878 1095
resistor 1904 1076 1932 1090
resistor 1828 999 1857 1011
resistor 1803 912 1832 925
resistor 1879 990 1911 1005
resistor 1949 1079 1981 1092
resistor 1972 1044 2001 1058
resistor 1931 1011 1965 1026
resistor 1985 1012 2016 1028
capacitor 2074 1007 2101 1065
capacitor 2154 1012 2174 1063
resistor 1800 860 1814 891
resistor 1819 731 1831 765
resistor 1853 332 1884 347
resistor 1853 317 1883 331
resistor 1939 337 1967 351
resistor 1939 323 1968 335
resistor 2030 355 2060 368
resistor 2258 294 2270 323
resistor 2284 294 2296 324
resistor 2692 388 2705 419
resistor 2205 70 2217 99
capacitor 1308 81 1320 107
resistor 2388 1875 2403 1904
jumper 2372 1718 2428 1828
connector 2371 1826 2425 1864
connector 2326 1952 2380 2006
ic 1571 1719 1990 2146
component 1697 1783 1933 2087
component 2221 1978 2263 2005
component 2224 1842 2247 1888
component 2256 1822 2276 1847
component 1446 1950 1486 1979
component 1432 1574 1506 1670
component 2051 1605 2121 1701
component 2216 1606 2283 1702
resistor 2143 1820 2154 1851
pads 3082 1566 3112 1582
component 2960 1457 3056 1527
button 3857 1425 4039 1542
switch 3868 1149 4039 1376
component 3975 1173 3996 1353
component 3938 1351 3971 1367
component 3914 1319 3933 1349
component 3913 1175 3934 1224
clock 3643 1218 3844 1549
component 3689 1299 3790 1479
transistor 3399 1422 3614 1543
transistor 3137 1387 3204 1447
component 3291 1464 3338 1480
component 3287 1425 3336 1465
component 3285 1400 3333 1425
component 3510 1307 3558 1332
component 3509 1333 3558 1373
component 3511 1373 3558 1389
component 3148 1333 3166 1356
component 3187 1333 3204 1357
inductor 3219 1315 3304 1373
component 3239 1328 3288 1352
component 3323 1334 3338 1356
component 3404 1335 3419 1357
component 3365 1334 3380 1355
ic 3219 1242 3281 1306
test 3412 1386 3443 1420
resistor 3352 1229 3387 1273
pads 3350 1289 3384 1311
pads 3351 1191 3385 1213
pads 3443 1253 3468 1296
pads 3442 1205 3467 1249
switch 3869 1006 4042 1145
component 3974 1036 3993 1115
component 3912 1030 3932 1114
connector 3740 1017 3839 1074
ic 3499 1007 3701 1209
test 3502 1010 3538 1045
connector 2731 1223 2874 1371
connector 2730 994 2873 1139
pads 2243 1299 2522 1486
pads 2339 1501 2351 1536
connector 2005 1378 2058 1435
connector 1903 1344 1958 1399
connector 1798 1283 1858 1339
connector 1720 1283 1777 1342
connector 1644 1282 1702 1337
connector 1580 1278 1633 1339
connector 1508 1281 1564 1339
connector 1438 1281 1493 1338
connector 1098 1264 1240 1405
pads 1282 1238 1300 1290
pads 1282 1143 1301 1196
connector 1100 1032 1243 1178
ic 693 1502 768 1559
ic 602 1502 678 1557
component 723 1510 736 1552
component 634 1510 648 1552
component 482 1524 500 1541
pins 342 1408 433 1550
test 471 1394 505 1430
component 516 1420 530 1445
component 553 1421 568 1442
inductor 669 1380 723 1465
ic 590 1339 663 1396
component 772 1387 786 1408
component 768 1325 783 1345
emi 3364 1145 3442 1190
emi 3364 1076 3443 1117
emi 3212 1137 3288 1179
emi 3496 1240 3573 1282
component 3512 1196 3530 1220
component 3413 1229 3428 1244
component 3413 1261 3426 1273
connector 3033 1052 3084 1107
component 2033 1153 2068 1180
clock 2114 1145 2257 1243
component 2139 1164 2230 1226
transistor 722 1045 788 1106
component 901 1195 917 1218
inductor 833 1162 887 1249
component 845 1183 866 1229
zener 736 1207 797 1273
inductor 665 1268 721 1352
emi 674 1186 712 1264
component 798 1063 813 1089
component 690 1052 706 1072
component 662 1119 692 1161
component 569 1089 618 1109
component 351 1172 401 1192
ic 446 1059 518 1118
inductor 498 1189 616 1334
connector 498 168 639 927
connector 748 170 892 928
connector 1096 777 1157 841
connector 1286 117 1338 158
jumper 1281 157 1341 269
connector 1790 144 1852 247
ic 1841 387 2431 979
component 1969 524 2282 834
pads 2504 913 2517 947
pads 2492 847 2505 880
pads 2459 840 2476 875
pads 2492 809 2507 844
pads 2533 788 2548 823
pads 2480 762 2493 799
pads 2528 718 2545 754
pads 2526 673 2542 710
pads 2476 722 2492 757
pads 2478 688 2492 721
pads 2462 663 2476 696
pads 2485 654 2502 691
pads 2500 645 2535 659
pads 2479 616 2493 652
pads 2499 591 2516 628
pads 2469 567 2485 605
pads 2493 542 2509 582
pads 2467 515 2482 554
pads 2711 375 2765 423
connector 2731 441 2872 584
connector 2731 210 2876 356
connector 3010 81 3067 140
connector 3517 144 3665 918
connector 3213 145 3355 915
component 2418 164 2513 244
capacitor 2461 7 2478 59
capacitor 2424 7 2436 42
capacitor 2388 9 2409 59
capacitor 2357 12 2372 44
capacitor 2323 3 2340 54
capacitor 2250 5 2262 35
capacitor 2056 41 2070 70
pads 2214 289 2227 326
pads 2223 353 2236 386
pads 2171 340 2204 356
pads 2088 328 2124 342
component 2130 125 2162 151
ic 2023 177 2074 236
component 2040 182 2057 225
unknown 1994 114 2017 171
resistor 1918 322 1929 352
resistor 1902 322 1914 353
capacitor 1876 118 1927 138
jumper 1877 138 1930 247
inductor 1883 19 1910 77
component 365 1703 524 1861
test 440 1123 472 1159
test 2195 2107 2345 2260
