connector 3831 1794 3944 1945
text 2297 2005 2338 2104
text 2088 1917 2121 1983
text 2011 1966 2040 2038
text 1837 2003 1864 2068
text 1928 2146 1964 2240
text 1872 1931 1901 1962
text 1831 1923 1860 1989
text 1741 2099 1770 2164
text 1693 2073 1720 2139
text 1654 2057 1682 2125
text 1756 1994 1784 2061
text 1611 2026 1653 2046
text 1557 2059 1587 2125
text 1510 2006 1539 2075
text 1483 2009 1509 2075
text 1456 2007 1482 2074
text 1431 2009 1456 2070
text 1407 2002 1432 2067
text 1380 2000 1406 2067
text 1349 1994 1377 2061
text 1361 2104 1391 2133
text 1323 1928 1356 1961
text 1131 2142 1168 2240
text 1098 1851 1135 1951
text 1698 1870 1718 1910
text 1546 1943 1587 1964
text 1588 1916 1628 1938
text 1583 1888 1622 1909
text 1843 1807 1869 1870
text 1820 1805 1843 1869
text 1796 1806 1821 1869
text 1870 1739 1897 1773
text 1869 1711 1896 1723
text 1819 1730 1842 1795
text 1795 1729 1818 1793
text 1771 1725 1796 1790
text 1731 1730 1756 1793
text 1699 1780 1716 1820
text 1682 1781 1699 1820
text 1659 1748 1676 1786
text 1643 1748 1659 1786
text 1601 1723 1628 1786
text 1579 1754 1604 1816
text 1527 1864 1553 1928
text 1502 1865 1528 1928
text 1476 1865 1502 1928
text 1414 1873 1476 1901
text 1518 1796 1547 1859
text 1509 1760 1544 1791
text 1418 1806 1485 1835
text 1319 1826 1386 1852
text 1309 1852 1374 1877
text 1385 1618 1423 1717
text 1558 1575 1586 1640
text 1597 1572 1626 1639
text 1671 1576 1699 1643
text 1728 1651 1757 1715
text 1791 1652 1817 1717
text 3493 1272 3522 1340
text 2778 1357 2804 1424
text 664 1052 708 1128
text 813 1051 853 1120
text 676 881 707 967
text 794 892 881 976
text 3719 505 3750 571
text 924 211 951 276
text 858 225 885 293
text 815 212 843 277
text 754 223 782 288
text 715 218 741 283
text 652 225 679 289
text 535 221 564 287
text 603 200 631 265
text 2262 2196 2291 2225
electrolytic 2181 2013 2298 2194
capacitor 2093 1996 2120 2056
capacitor 2043 2018 2061 2069
electrolytic 1867 1961 1984 2144
capacitor 1819 2008 1838 2058
capacitor 1751 2065 1763 2097
capacitor 1749 2016 1760 2047
capacitor 1699 2021 1716 2072
capacitor 1658 2019 1670 2051
capacitor 1626 2013 1656 2026
capacitor 1555 2009 1579 2057
capacitor 1589 1966 1601 1999
electrolytic 1177 2098 1361 2217
electrolytic 1141 1924 1324 2044
capacitor 1557 1808 1575 1859
capacitor 1553 1892 1582 1907
electrolytic 1429 1577 1544 1759
capacitor 1564 1647 1592 1706
capacitor 1615 1640 1633 1693
capacitor 1629 1745 1642 1781
capacitor 1676 1645 1694 1694
capacitor 1680 1744 1693 1776
capacitor 1698 1744 1709 1777
capacitor 1713 1733 1731 1784
capacitor 1713 1676 1725 1709
capacitor 1778 1680 1790 1711
capacitor 1843 1739 1869 1800
capacitor 2749 1378 2767 1412
capacitor 566 210 582 243
capacitor 682 212 695 244
capacitor 781 212 793 242
capacitor 886 212 898 244
resistor 1613 1965 1625 1996
resistor 1630 1967 1642 1999
resistor 1646 1965 1658 1997
resistor 1662 1965 1675 1996
resistor 1679 1965 1692 1997
resistor 1694 1965 1708 1997
resistor 1554 1930 1584 1943
resistor 1555 1913 1585 1924
capacitor 1686 1898 1699 1928
resistor 1715 1955 1728 1986
resistor 1731 1957 1744 1985
resistor 1748 1955 1759 1986
resistor 1764 1954 1778 1985
resistor 1781 1956 1794 1987
resistor 1797 1954 1809 1987
text 1778 2180 1803 2240
text 1755 2178 1778 2240
text 1730 2179 1754 2240
text 1705 2178 1731 2240
text 1680 2178 1705 2240
text 1655 2177 1680 2240
resistor 1720 1887 1752 1900
resistor 1741 1855 1752 1883
resistor 1759 1854 1770 1884
resistor 1778 1854 1789 1886
resistor 1739 1798 1752 1829
resistor 1759 1800 1771 1829
resistor 1776 1799 1789 1830
resistor 1668 1790 1679 1821
resistor 1648 1791 1661 1823
resistor 1611 1789 1625 1820
resistor 1612 1853 1624 1885
resistor 1649 1854 1661 1886
resistor 1667 1856 1680 1886
resistor 1432 1839 1463 1854
resistor 1431 1859 1460 1872
resistor 1392 1859 1423 1874
resistor 1394 1839 1423 1852
resistor 89 1836 143 1900
resistor 89 1746 140 1808
resistor 89 1607 142 1670
component 107 1855 123 1885
component 107 1762 123 1791
component 107 1626 123 1654
resistor 3525 1348 3537 1381
resistor 3698 533 3712 564
resistor 589 208 603 244
resistor 702 206 714 245
resistor 802 208 814 243
resistor 907 211 920 246
pins 3593 818 3728 1005
pins 3390 736 3450 836
pins 3590 1168 3639 1213
pins 3367 1092 3425 1146
pins 3193 1159 3251 1309
pins 3029 1155 3087 1585
pins 3681 601 3728 648
pins 3317 401 3638 469
pins 3351 193 3506 243
pins 3100 254 3276 426
pins 2768 182 3021 577
pins 621 694 677 799
pins 440 704 498 814
pins 318 522 381 583
pins 223 832 470 1195
pins 2861 804 2918 868
pins 2692 715 2761 822
pins 2481 842 2728 1208
pins 2395 1233 2444 1337
pins 2253 719 2304 824
pins 2021 847 2265 1208
pins 1595 837 1838 1204
pins 1815 709 1871 814
pins 1942 1231 1995 1341
pins 1511 1229 1561 1332
pins 1484 655 1543 722
pins 1329 698 1385 812
pins 1127 835 1368 1198
pins 1031 1237 1089 1349
pins 827 1310 928 1381
pins 227 1391 292 1494
test 798 979 864 1042
test 656 980 723 1043
pins 981 2135 1035 2192
pins 1935 1794 2040 1844
pins 2190 1648 2287 1787
component 2206 2056 2275 2147
component 1890 2016 1958 2114
component 1215 2126 1308 2194
component 1175 1953 1266 2023
component 1453 1618 1524 1709
pins 1618 1516 1669 1564
pins 2119 2204 2251 2240
test 658 982 725 1045
