button 51 1921 233 2041
capacitor 53 1854 76 1898
capacitor 51 1621 76 1666
text 120 1899 165 1925
text 453 1978 477 2020
text 224 1697 248 1751
text 224 1608 247 1665
text 285 1676 302 1715
text 341 1714 381 1735
text 411 2161 430 2193
text 587 2165 603 2196
text 897 2164 911 2196
text 713 2159 733 2192
text 583 2096 625 2146
text 888 2090 927 2143
text 997 2054 1034 2128
text 1090 2038 1127 2112
text 1175 2188 1214 2240
text 1271 2321 1316 2353
text 1380 2289 1448 2331
text 1154 2096 1181 2144
text 1182 2095 1205 2145
text 1206 2094 1228 2143
text 1229 2096 1253 2144
text 1254 2095 1276 2143
text 1277 2093 1300 2143
text 1301 2094 1324 2142
text 1325 2093 1348 2141
text 1348 2092 1374 2155
text 1374 2091 1398 2155
text 1401 2034 1430 2084
text 1507 2188 1545 2263
text 1776 2101 1804 2151
text 1732 2196 1761 2230
text 1766 2255 1794 2322
text 1815 2293 1877 2322
text 1818 2179 1846 2243
text 1855 2186 1881 2251
text 1895 2324 1958 2351
text 1914 2269 1977 2296
text 2018 2331 2077 2356
text 1974 2224 2000 2273
text 1967 2172 1994 2222
text 1873 2132 1945 2168
text 1953 2143 2005 2173
text 1998 2113 2021 2137
text 2050 2278 2078 2324
text 2089 2274 2116 2322
text 2079 2181 2106 2225
text 2106 2181 2130 2225
text 2093 2254 2114 2277
text 2114 2262 2174 2288
text 2111 2236 2175 2262
text 2138 2330 2184 2355
text 2187 2332 2250 2356
text 2173 2224 2198 2288
text 2199 2220 2223 2286
text 2250 2263 2314 2292
text 2250 2292 2316 2319
text 2137 2160 2165 2208
text 2712 2189 2749 2263
text 2818 2185 2943 2233
text 2745 1996 2774 2061
text 2816 2098 2944 2142
text 3153 2173 3187 2207
text 3407 2176 3440 2206
text 3349 2184 3382 2217
text 3615 2185 3634 2212
text 3755 1798 3772 1817
text 3810 1747 3831 1777
text 3744 1759 3783 1778
text 3695 1752 3733 1771
text 3644 1761 3684 1778
text 3610 1762 3641 1778
text 3500 1893 3535 1913
text 3377 1926 3409 1942
text 3411 1830 3429 1870
text 3521 1693 3562 1715
text 3429 1694 3460 1710
text 3375 1710 3414 1730
text 3329 1695 3367 1714
text 3375 1742 3411 1760
text 3344 1745 3373 1760
text 3301 1846 3332 1862
text 3303 1801 3321 1836
text 3273 1749 3297 1767
text 3211 1917 3256 1963
text 3223 1867 3240 1897
text 3223 1834 3239 1864
text 3175 1783 3212 1802
text 3201 1757 3239 1776
text 3255 1995 3277 2058
text 3277 1993 3444 2057
text 2504 1881 2537 1909
text 2376 1881 2409 1914
text 2314 2031 2354 2078
text 2316 1882 2347 1949
text 2256 2044 2295 2116
text 2246 1924 2310 1954
text 2252 1855 2318 1881
text 2204 2057 2254 2085
text 2213 1994 2249 2044
text 2215 1915 2244 1978
text 2167 1850 2203 1920
text 2131 2016 2156 2064
text 2106 1998 2133 2046
text 2047 1903 2134 2008
text 2080 2035 2108 2072
text 2051 2018 2080 2069
text 2016 2040 2044 2089
text 2009 1932 2044 1981
text 1946 1855 1977 1905
text 1877 1871 1940 1895
text 1878 1895 1944 1921
text 1870 1985 1898 2035
text 1852 2048 1878 2110
text 1822 2027 1850 2077
text 1754 2025 1780 2076
text 1720 2029 1746 2077
text 1686 2027 1713 2075
text 1651 2025 1678 2073
text 1579 1973 1608 2024
text 1605 1883 1633 1901
text 1507 1917 1545 1966
text 1393 1937 1428 2008
text 1465 1841 1513 1870
text 1267 1959 1311 1988
text 1177 1915 1214 1961
text 1371 1805 1409 1874
text 1082 1907 1130 1935
text 1081 1880 1131 1907
text 1078 1834 1125 1860
text 1077 1809 1126 1835
text 1076 1783 1124 1808
text 1076 1754 1124 1782
text 898 1768 937 1787
text 697 1948 728 1966
text 679 1891 713 1912
text 817 1803 842 1822
text 780 1775 799 1798
text 621 1877 641 1914
text 609 1829 626 1869
text 789 1707 809 1724
text 750 1689 769 1729
text 783 1639 801 1678
text 759 1643 777 1676
text 668 1629 710 1649
text 877 1710 894 1736
text 878 1678 894 1701
text 744 1727 763 1752
text 515 1717 555 1740
text 424 1709 439 1738
text 367 1581 389 1626
text 416 1515 432 1524
text 589 1693 609 1721
text 614 1673 646 1689
text 588 1501 625 1522
text 670 1610 709 1629
text 658 1523 675 1556
text 759 1578 776 1612
text 847 1506 865 1572
text 744 1507 848 1572
text 1167 1662 1213 1887
text 1177 1587 1219 1637
text 1269 1724 1318 1755
text 1367 1653 1405 1728
text 1463 1754 1513 1788
text 1440 1579 1477 1655
text 1484 1675 1516 1709
text 1607 1727 1634 1743
text 1593 1695 1623 1729
text 1626 1688 1656 1707
text 225 1326 273 1461
text 293 1424 334 1473
text 343 1374 389 1411
text 240 1198 278 1251
text 231 1047 271 1126
text 269 1142 289 1162
text 350 1223 377 1260
text 352 1155 380 1189
text 377 1298 407 1335
text 405 1349 439 1386
text 459 1413 497 1463
text 517 1278 544 1315
text 521 1197 549 1232
text 534 1231 564 1266
text 544 1141 575 1174
text 406 1123 441 1168
text 572 974 612 1025
text 683 1108 730 1169
text 729 1114 776 1249
text 820 1179 873 1346
text 880 1164 919 1242
text 929 1196 976 1234
text 855 1427 897 1481
text 709 973 749 1050
text 847 971 889 1049
text 1013 1149 1070 1284
text 1083 1272 1131 1308
text 1089 1343 1130 1422
text 974 1488 1001 1538
text 1001 1487 1025 1537
text 1025 1486 1050 1535
text 1050 1486 1074 1535
text 1074 1486 1096 1535
text 1097 1485 1120 1536
text 1120 1485 1143 1535
text 1143 1485 1166 1535
text 1166 1484 1188 1534
text 1189 1483 1212 1533
text 1212 1485 1234 1534
text 1234 1485 1257 1546
text 1257 1484 1281 1549
text 1280 1484 1303 1550
text 1304 1483 1327 1549
text 1328 1481 1351 1547
text 1170 1325 1208 1399
text 1277 1429 1307 1465
text 1245 1352 1294 1382
text 1257 1295 1286 1346
text 1287 1296 1315 1346
text 1245 1226 1272 1274
text 1156 1159 1175 1180
text 1247 1142 1277 1192
text 1303 1124 1338 1171
text 1378 1475 1415 1524
text 1375 1264 1404 1314
text 1443 1306 1470 1355
text 1474 1304 1502 1354
text 1424 1191 1452 1241
text 1399 1125 1426 1173
text 1491 1163 1540 1293
text 1625 1424 1661 1501
text 1637 1527 1664 1578
text 1723 1564 1750 1613
text 1669 1509 1697 1543
text 1680 1361 1709 1397
text 1723 1381 1749 1431
text 1718 1435 1756 1511
text 1752 1522 1780 1572
text 1801 1518 1828 1567
text 1829 1502 1853 1553
text 1856 1502 1884 1550
text 1887 1490 1915 1540
text 1862 1397 1897 1472
text 1845 1692 1872 1712
text 1868 1731 1933 1759
text 1867 1706 1928 1732
text 1940 1693 1969 1742
text 1973 1536 2001 1550
text 1955 1482 1993 1531
text 2049 1472 2088 1564
text 2097 1458 2133 1532
text 2081 1694 2117 1769
text 2118 1710 2150 1746
text 2161 1734 2194 1807
text 2164 1433 2202 1486
text 2204 1743 2270 1770
text 2305 1727 2342 1822
text 2238 1445 2275 1518
text 2391 1652 2409 1683
text 2506 1656 2519 1683
text 2597 1576 2812 2021
text 3226 1614 3255 1628
text 3377 1556 3396 1593
text 3385 1596 3416 1640
text 3471 1555 3489 1593
text 3591 1598 3629 1620
text 3470 1383 3516 1510
text 3420 1316 3450 1385
text 3341 1432 3380 1509
text 3346 1254 3383 1329
text 3205 1436 3243 1512
text 3528 1147 3566 1245
text 3464 1177 3509 1301
text 3417 1108 3443 1176
text 3818 1131 3859 1265
text 3290 1179 3384 1223
text 3296 1089 3385 1125
text 3176 1171 3205 1236
text 3127 1257 3170 1478
text 3020 1450 3071 1490
text 2979 1402 3072 1443
text 2972 1358 3071 1397
text 2994 1310 3070 1349
text 2970 1267 3069 1306
text 3014 1222 3065 1260
text 2970 1175 3066 1216
text 2992 1129 3068 1167
text 3017 1085 3062 1122
text 2891 1078 2934 1178
text 2808 1255 2847 1334
text 2809 1366 2853 1494
text 2776 1407 2809 1480
text 2769 1307 2794 1373
text 2745 1305 2771 1373
text 2758 1209 2785 1273
text 2756 1130 2783 1193
text 2591 1418 2628 1469
text 2559 1349 2624 1380
text 2605 1295 2670 1324
text 2585 1223 2615 1288
text 2587 1146 2615 1211
text 2652 1146 2671 1167
text 2497 1309 2535 1406
text 2442 1301 2479 1375
text 2356 1379 2403 1504
text 2376 1316 2402 1379
text 2350 1314 2376 1378
text 2371 1175 2417 1302
text 2496 1144 2517 1166
text 2346 1126 2442 1160
text 2328 1223 2364 1299
text 2324 1157 2351 1222
text 2275 1280 2303 1345
text 2423 1261 2466 1293
text 2315 1090 2342 1155
text 2193 1278 2219 1343
text 2122 1344 2185 1373
text 2163 1280 2191 1342
text 2149 1220 2176 1283
text 2150 1149 2178 1214
text 2032 1295 2069 1368
text 2060 1145 2079 1168
text 1988 1313 2026 1385
text 1984 1260 2027 1297
text 1907 1129 2002 1164
text 1920 1178 1967 1307
text 1901 1328 1928 1377
text 1873 1322 1901 1386
text 1860 1258 1887 1323
text 1883 1197 1910 1264
text 1877 1132 1905 1197
text 1807 1316 1835 1365
text 1753 1244 1779 1291
text 1758 1128 1792 1177
text 1659 1303 1705 1331
text 1702 1223 1727 1273
text 1699 1149 1724 1202
text 1599 1293 1639 1363
text 1547 1292 1584 1364
text 1557 1253 1601 1284
text 1624 1141 1645 1164
text 529 775 629 970
text 1126 1048 1163 1126
text 1079 683 1123 873
text 1124 748 1168 906
text 1131 658 1166 732
text 1431 1051 1467 1126
text 1422 938 1447 987
text 1457 899 1505 926
text 1456 869 1505 897
text 1504 987 1533 1034
text 1596 1054 1634 1129
text 1541 783 1589 978
text 1590 754 1637 916
text 1193 816 1225 831
text 1659 821 1694 835
text 1896 934 1924 996
text 1931 871 1959 920
text 2021 1059 2056 1135
text 1942 954 1973 1017
text 1980 959 2009 1025
text 1968 767 2015 897
text 2014 743 2058 908
text 2084 821 2116 837
text 2331 849 2358 915
text 2358 848 2422 876
text 2358 880 2422 908
text 2381 954 2409 1023
text 2480 1059 2518 1133
text 2427 784 2472 975
text 2472 758 2519 921
text 2542 825 2576 843
text 2790 876 2818 942
text 2820 905 2884 934
text 2819 874 2884 902
text 2882 931 2909 996
text 3039 1003 3074 1073
text 3094 1055 3124 1070
text 3250 1005 3285 1030
text 3364 987 3399 1063
text 3460 994 3499 1071
text 3806 754 3853 884
text 3705 942 3732 1008
text 3658 950 3684 1016
text 3601 937 3630 1004
text 3523 690 3558 937
text 3485 689 3522 938
text 3737 640 3775 734
text 3448 752 3484 950
text 3415 804 3442 872
text 3338 878 3404 907
text 3340 780 3405 808
text 3302 814 3329 879
text 3257 736 3293 835
text 3211 746 3246 821
text 3205 833 3252 989
text 3397 611 3424 674
text 3369 606 3395 671
text 3434 577 3468 601
text 3271 570 3308 645
text 3009 732 3046 827
text 2957 721 2994 795
text 2860 728 2897 803
text 3133 616 3164 642
text 3127 587 3155 615
text 2798 610 2843 764
text 2746 567 2782 639
text 2906 540 2944 639
text 2702 726 2737 761
text 2477 658 2514 755
text 2350 611 2396 764
text 2257 593 2292 667
text 2243 725 2277 761
text 2021 669 2056 742
text 1869 570 1904 636
text 1915 609 1961 761
text 1822 723 1856 757
text 1597 674 1634 747
text 1588 579 1623 654
text 1494 581 1530 653
text 1434 610 1481 763
text 1384 561 1419 633
text 1352 717 1387 754
text 1007 637 1032 704
text 950 641 977 706
text 898 640 925 706
text 845 640 872 707
text 792 640 818 707
text 936 503 965 555
text 877 506 904 557
text 809 510 839 559
text 633 642 670 720
text 551 607 598 762
text 499 583 540 634
text 452 721 489 757
text 289 818 325 835
text 270 602 309 653
text 399 593 467 624
text 332 454 370 504
text 428 444 465 516
text 661 286 708 375
text 767 284 813 378
text 866 282 911 374
text 972 281 1017 374
text 1031 304 1066 370
text 1079 382 1110 432
text 1130 445 1158 495
text 1151 364 1303 409
text 1260 441 1296 491
text 1318 300 1354 373
text 1325 408 1353 459
text 1366 368 1393 416
text 1405 367 1430 417
text 1530 443 1567 497
text 1443 361 1599 407
text 1608 304 1641 376
text 1609 407 1636 455
text 1655 433 1684 484
text 1694 369 1720 416
text 1822 451 1859 501
text 1723 367 1880 412
text 1894 303 1930 375
text 1900 393 1926 461
text 1942 425 1970 472
text 1983 440 2012 506
text 2017 361 2174 405
text 2108 432 2145 504
text 2185 300 2224 373
text 2185 395 2211 461
text 2230 432 2257 497
text 2270 437 2298 504
text 2307 359 2461 402
text 2394 427 2432 502
text 2472 302 2504 374
text 2479 400 2505 464
text 2526 413 2554 478
text 2565 426 2593 493
text 2594 359 2747 400
text 2690 421 2728 497
text 2773 471 2810 517
text 3084 413 3123 482
text 3159 528 3186 595
text 3191 534 3218 601
text 3229 439 3265 533
text 3160 345 3226 374
text 3347 273 3502 318
text 3356 215 3547 261
text 3532 504 3568 600
text 3808 387 3853 544
text 3692 235 3737 301
text 3652 302 3670 334
text 3641 165 3681 207
text 3599 110 3636 185
text 3279 96 3322 190
text 939 129 973 181
text 833 130 869 178
text 730 128 765 176
text 620 127 658 180
clock 254 1713 452 2044
switch 50 1647 222 1865
switch 53 1505 221 1639
capacitor 303 1680 358 1715
capacitor 363 1680 418 1713
capacitor 441 1711 463 1755
electrolytic 454 1762 512 1849
capacitor 471 1712 489 1743
electrolytic 521 1785 616 1919
capacitor 624 1816 658 1874
capacitor 697 1922 738 1949
capacitor 652 1784 691 1809
capacitor 649 1694 691 1720
capacitor 699 1974 735 2032
electrolytic 742 1881 837 2014
capacitor 853 1880 881 1923
capacitor 744 1768 771 1810
capacitor 733 1646 754 1690
capacitor 732 1573 755 1616
capacitor 621 1519 647 1561
capacitor 622 1572 644 1617
capacitor 778 1680 818 1709
capacitor 831 1710 875 1740
capacitor 832 1681 874 1707
capacitor 1429 2039 1441 2071
capacitor 1618 1975 1634 2026
capacitor 1659 1977 1672 2010
capacitor 1689 1977 1708 2027
capacitor 1726 1978 1739 2010
capacitor 1755 1971 1773 2022
capacitor 1516 1854 1544 1868
capacitor 1518 1767 1547 1783
capacitor 1833 1972 1848 2001
capacitor 1870 1925 1899 1984
capacitor 1960 2134 1990 2148
electrolytic 1906 2085 2001 2126
capacitor 2031 2092 2046 2125
capacitor 2027 2007 2040 2041
capacitor 2055 2092 2069 2126
capacitor 2115 2090 2127 2126
capacitor 2136 2093 2148 2124
capacitor 2167 2085 2218 2109
capacitor 2086 2151 2100 2181
capacitor 2111 2148 2127 2181
capacitor 2246 1883 2280 1896
capacitor 2774 2044 2789 2077
capacitor 3241 1861 3283 1890
capacitor 3297 1860 3338 1887
capacitor 3241 1830 3286 1857
capacitor 3379 1878 3408 1923
capacitor 3344 1760 3370 1802
electrolytic 3493 1557 3590 1691
capacitor 3423 1667 3467 1692
capacitor 3436 1535 3471 1592
capacitor 3397 1534 3432 1593
capacitor 3235 1645 3263 1690
capacitor 2219 1776 2250 1791
electrolytic 2130 1527 2216 1726
capacitor 1935 1744 1983 1765
capacitor 1895 1579 1911 1629
capacitor 1862 1593 1875 1623
capacitor 1830 1594 1843 1624
capacitor 1804 1592 1819 1624
capacitor 1758 1593 1774 1624
capacitor 1707 1595 1722 1626
capacitor 1669 1558 1695 1619
capacitor 1644 1596 1657 1627
electrolytic 1475 1495 1597 1676
capacitor 411 1301 426 1334
electrolytic 281 1149 346 1303
capacitor 540 1266 553 1298
capacitor 1314 1301 1326 1334
capacitor 1333 1301 1347 1334
electrolytic 1168 1168 1234 1323
capacitor 1429 1312 1442 1345
electrolytic 1635 1150 1704 1303
capacitor 1761 1384 1773 1415
capacitor 1769 1312 1781 1343
capacitor 1793 1313 1805 1345
capacitor 1862 1328 1875 1364
capacitor 2217 1296 2229 1328
capacitor 2239 1296 2252 1329
capacitor 2335 1317 2349 1351
capacitor 2676 1305 2689 1337
capacitor 2825 952 2856 968
capacitor 2717 979 2755 1063
capacitor 2730 884 2752 936
capacitor 2545 983 2582 1066
capacitor 2589 819 2636 843
capacitor 2083 978 2116 1062
capacitor 2255 977 2292 1063
capacitor 2271 883 2291 933
capacitor 2129 818 2178 842
capacitor 1190 974 1226 1055
capacitor 1364 972 1399 1056
capacitor 1378 879 1401 928
capacitor 1238 812 1287 836
capacitor 289 975 324 1059
capacitor 463 975 499 1059
capacitor 478 880 498 932
capacitor 334 813 385 839
capacitor 1660 975 1695 1060
capacitor 1834 977 1872 1059
capacitor 1848 881 1870 932
capacitor 1703 813 1754 838
capacitor 2357 932 2388 947
capacitor 1950 922 1980 937
capacitor 1468 944 1499 956
electrolytic 271 656 470 741
capacitor 413 628 446 644
electrolytic 1166 651 1370 738
electrolytic 1637 656 1836 742
electrolytic 2058 658 2259 745
electrolytic 2518 660 2718 745
electrolytic 2944 494 3126 621
electrolytic 3051 644 3168 824
capacitor 3166 591 3181 623
capacitor 3220 542 3238 594
capacitor 3354 819 3387 831
capacitor 3400 677 3414 710
capacitor 3185 373 3214 389
capacitor 2554 396 2566 429
capacitor 2257 401 2270 434
capacitor 1971 404 1982 438
capacitor 1683 416 1696 447
capacitor 1378 419 1391 450
resistor 554 1681 587 1739
resistor 662 1816 697 1874
text 673 1872 700 1892
resistor 703 1816 735 1872
resistor 740 1815 776 1873
resistor 649 1723 691 1749
resistor 650 1754 692 1780
resistor 915 1813 951 1873
resistor 879 1814 911 1872
resistor 1374 1769 1389 1806
resistor 1374 1729 1388 1759
resistor 1565 1854 1596 1869
resistor 1566 1835 1597 1850
resistor 1567 1796 1596 1810
resistor 1568 1778 1597 1792
resistor 1567 1759 1599 1772
resistor 1569 1740 1598 1755
resistor 1631 1929 1644 1958
resistor 1649 1926 1661 1960
resistor 1667 1927 1680 1959
resistor 1684 1929 1697 1960
resistor 1701 1928 1714 1959
resistor 1719 1927 1732 1962
resistor 1737 1924 1749 1960
resistor 1757 1926 1769 1960
resistor 1835 1921 1846 1956
resistor 1849 1923 1864 1954
resistor 1878 2037 1890 2069
resistor 1878 1858 1910 1871
resistor 1879 1844 1909 1856
resistor 1880 1774 1910 1790
resistor 1880 1758 1912 1773
capacitor 1937 1843 1967 1856
resistor 2226 1883 2238 1915
resistor 2246 1901 2278 1916
resistor 2289 1884 2301 1914
resistor 3376 1818 3410 1875
resistor 3375 1760 3410 1818
resistor 3166 1697 3201 1755
resistor 3204 1698 3240 1755
resistor 3378 1638 3413 1695
resistor 3646 1778 3681 1836
resistor 3687 1771 3743 1804
resistor 3402 1346 3416 1378
resistor 3399 1130 3415 1162
resistor 3156 1238 3185 1251
resistor 2732 1297 2744 1329
resistor 2708 1288 2721 1318
resistor 2622 1340 2650 1354
resistor 2727 1191 2753 1247
resistor 2722 1142 2735 1173
resistor 2620 1145 2645 1204
resistor 2619 1223 2644 1283
electrolytic 2509 1155 2575 1305
resistor 2309 1319 2321 1350
resistor 2262 1300 2273 1332
resistor 2296 1183 2321 1243
resistor 2284 1140 2297 1171
resistor 2179 1216 2206 1274
resistor 2181 1142 2204 1200
resistor 2208 1357 2239 1371
electrolytic 2072 1154 2138 1307
resistor 1852 1200 1880 1258
resistor 1840 1272 1853 1301
resistor 1836 1331 1850 1364
resistor 1725 1296 1754 1310
resistor 1837 1151 1850 1181
resistor 1726 1140 1753 1201
resistor 1726 1221 1751 1279
resistor 1407 1315 1418 1344
resistor 1373 1315 1386 1344
resistor 1392 1194 1420 1250
resistor 1382 1144 1395 1176
resistor 1279 1142 1304 1201
resistor 1274 1217 1299 1276
resistor 1316 1360 1348 1376
resistor 530 1140 544 1174
resistor 494 1183 520 1243
resistor 505 1266 518 1299
resistor 429 1299 443 1335
resistor 380 1224 407 1283
resistor 380 1148 406 1206
resistor 1470 963 1498 977
resistor 1509 935 1526 986
resistor 1924 923 1937 954
resistor 1947 941 1981 954
resistor 1996 923 2008 953
resistor 2340 936 2353 966
resistor 2361 951 2386 966
resistor 2395 936 2407 965
resistor 2802 952 2815 988
resistor 2825 972 2854 986
resistor 2864 956 2875 985
resistor 3330 823 3344 853
resistor 3355 840 3385 854
resistor 3397 820 3409 853
resistor 3639 945 3653 977
resistor 3686 946 3699 977
resistor 3732 946 3746 978
resistor 3375 675 3388 710
resistor 3264 670 3289 731
resistor 3264 430 3517 596
resistor 2574 397 2588 429
resistor 2505 398 2518 430
resistor 2278 401 2291 437
resistor 2211 399 2225 434
resistor 1990 405 2003 438
resistor 1927 403 1941 435
resistor 1704 417 1717 448
resistor 1636 414 1649 444
resistor 1413 419 1429 451
resistor 1353 418 1366 449
resistor 1140 411 1153 445
resistor 1112 388 1123 420
resistor 1031 641 1058 701
resistor 976 642 1003 701
resistor 926 640 951 699
resistor 818 642 843 701
connector 258 1516 357 1569
ic 390 1504 591 1709
transistor 496 1919 692 2044
component 533 1862 581 1879
component 530 1824 580 1863
component 529 1801 580 1824
component 467 1789 494 1827
component 566 1697 581 1721
component 670 1833 687 1855
component 708 1836 724 1858
component 752 1834 765 1856
component 751 1917 804 1958
component 757 1955 806 1975
component 749 1893 800 1916
component 924 1834 939 1855
inductor 788 1817 870 1871
component 802 1833 848 1858
clock 1912 1932 2009 2073
component 1930 1958 1991 2052
electrolytic 1981 1780 2163 1899
text 1948 1785 1980 1816
component 2035 1804 2127 1877
component 1935 2095 1965 2122
component 3386 1838 3403 1859
component 3386 1778 3402 1800
component 3655 1793 3673 1821
component 3706 1777 3729 1797
component 3525 1612 3574 1636
component 3304 1614 3353 1637
component 3386 1653 3403 1677
inductor 3247 1699 3328 1752
component 3271 1712 3319 1735
component 3176 1713 3190 1740
component 3217 1718 3231 1736
potentiometer 2244 1543 2348 1731
component 2308 1565 2333 1669
component 2284 1564 2309 1651
component 2144 1593 2198 1685
resistor 2066 1565 2114 1676
component 2080 1605 2098 1641
inductor 1965 1548 2047 1681
component 1990 1587 2022 1648
component 1498 1528 1563 1629
component 661 1730 676 1742
component 663 1761 678 1775
component 93 1675 113 1846
component 152 1675 175 1722
component 154 1815 175 1846
component 121 1848 149 1863
component 96 1532 113 1614
component 157 1530 178 1614
component 121 1614 150 1632
component 286 1210 332 1263
component 386 1242 402 1269
component 1178 1227 1223 1276
component 1280 1234 1292 1258
component 1286 1161 1297 1186
component 1647 1207 1693 1260
component 2080 1212 2126 1264
component 2185 1159 2202 1183
component 2521 1214 2567 1262
component 2624 1165 2640 1192
component 2732 1206 2749 1233
switch 3599 734 3799 922
component 3649 741 3767 772
component 3670 879 3745 904
ic 2592 981 2713 1112
component 2610 993 2699 1100
ic 2125 976 2251 1108
ic 1704 975 1828 1107
ic 1231 971 1356 1102
ic 327 975 457 1108
component 351 989 441 1095
component 1253 987 1342 1091
component 1725 990 1815 1095
component 2150 995 2241 1098
component 325 667 420 727
component 822 659 838 683
component 929 658 947 682
component 982 660 998 679
component 1038 661 1053 683
component 1226 662 1322 720
component 1698 666 1794 726
component 2123 673 2215 732
component 2587 675 2680 731
component 3080 693 3150 787
component 2987 525 3080 588
emi 515 1739 592 1783
emi 648 1644 728 1690
emi 648 1574 728 1618
emi 801 1636 878 1679
transistor 887 1889 953 1946
ic 804 1741 873 1806
pads 702 1754 739 1809
pads 705 1690 739 1746
pads 619 1752 648 1798
pads 619 1707 647 1749
test 555 1510 588 1544
capacitor 596 1588 615 1619
capacitor 596 1546 615 1576
connector 1221 1581 1362 1724
connector 1219 1810 1363 1961
ic 1457 1920 1509 2066
resistor 1620 1651 1636 1683
resistor 1639 1647 1652 1683
resistor 1655 1650 1668 1681
resistor 1671 1652 1683 1682
resistor 1688 1651 1700 1681
resistor 1702 1650 1717 1685
resistor 1720 1650 1731 1682
resistor 1734 1650 1747 1682
resistor 1753 1652 1765 1681
resistor 1768 1652 1780 1683
resistor 1784 1651 1796 1683
resistor 1802 1649 1812 1683
resistor 1817 1650 1829 1684
resistor 1831 1650 1842 1682
resistor 1847 1652 1861 1683
resistor 1864 1650 1875 1683
ic 1632 1714 1868 1904
connector 1986 1709 2080 1762
inductor 2187 1988 2213 2045
ic 2200 1798 2269 1866
connector 2399 1655 2513 1930
jumper 2168 2121 2222 2222
connector 2248 2114 2305 2214
connector 2760 2089 2809 2136
jumper 2757 2134 2814 2232
connector 3734 1637 4025 1931
pads 3747 1779 3781 1836
capacitor 3612 1779 3641 1796
transformer 3449 1741 3588 1894
emi 3238 1890 3316 1931
ic 3240 1765 3304 1830
transistor 3165 1622 3229 1683
text 3206 1671 3229 1698
electrolytic 3279 1560 3373 1691
ic 3419 1602 3492 1658
button 3573 1073 3820 1314
led 3385 1393 3431 1504
led 3385 1178 3432 1288
connector 3399 1005 3450 1058
connector 3241 1133 3293 1226
jumper 3237 1033 3298 1130
connector 3073 1075 3127 1496
pads 2798 1030 2884 1132
led 2696 1332 2745 1447
ic 2660 1168 2720 1276
transistor 2620 1369 2676 1426
connector 2436 1158 2489 1256
pads 2342 1029 2425 1127
led 2275 1357 2323 1472
ic 2225 1156 2284 1266
transistor 2195 1376 2245 1437
connector 1986 1161 2042 1260
ic 1777 1175 1835 1287
led 1781 1365 1831 1478
transistor 1702 1316 1757 1379
connector 1668 1431 1717 1483
connector 1560 1155 1614 1254
ic 1322 1168 1382 1279
transistor 1298 1383 1354 1445
led 1373 1357 1421 1471
connector 1084 1169 1140 1271
connector 880 1238 981 1295
connector 286 1321 342 1421
ic 425 1166 483 1275
led 456 1298 505 1412
pads 551 1031 637 1133
ic 290 841 467 972
test 703 904 777 972
test 843 902 917 969
ic 1191 837 1370 968
pads 1471 1038 1555 1137
ic 1660 840 1838 972
pads 1912 1030 2000 1131
ic 2084 845 2261 975
ic 2545 845 2721 976
connector 3429 695 3480 750
jumper 3428 597 3495 693
ic 3302 640 3362 750
component 3270 687 3284 714
connector 2903 687 2952 778
connector 2742 642 2799 736
connector 2295 644 2348 741
connector 1861 636 1915 735
connector 1526 582 1581 640
connector 1378 633 1432 727
diode 939 558 993 617
diode 868 557 923 617
diode 796 557 849 617
connector 672 621 724 715
connector 491 636 546 730
connector 377 449 429 509
led 1166 413 1216 522
led 1443 412 1494 526
led 1728 413 1776 529
led 2015 405 2061 516
led 2301 402 2349 513
led 2603 398 2649 510
connector 2769 74 2928 488
connector 2936 77 3095 494
connector 3104 49 3288 343
switch 3327 12 3600 211
component 3371 92 3415 157
component 3534 92 3563 151
fuse 3312 318 3538 457
button 3571 323 3820 571
pins 3166 423 3226 527
button 2506 119 2742 363
button 2226 122 2462 361
button 1931 123 2168 365
button 1641 126 1877 366
button 1359 121 1594 363
button 1068 124 1304 364
led 973 142 1020 254
led 869 142 915 254
led 766 140 813 254
led 661 141 710 254
connector 1032 2050 1088 2110
connector 1223 2179 1364 2320
electrolytic 1552 2115 1734 2233
component 1583 2148 1679 2219
capacitor 1777 2157 1803 2215
resistor 1801 2258 1814 2292
resistor 1825 2258 1840 2292
ic 2024 2147 2073 2203
resistor 2127 2303 2157 2320
resistor 2126 2290 2157 2303
pads 1868 2260 1881 2293
pads 1859 2320 1874 2354
pads 1892 2309 1927 2324
pads 1970 2292 2006 2315
capacitor 2011 2309 2025 2335
inductor 2079 2080 2104 2138
resistor 2035 2323 2065 2337
capacitor 2077 2307 2090 2335
capacitor 2111 2320 2137 2335
capacitor 2152 2322 2182 2336
capacitor 2189 2323 2219 2337
resistor 2166 2290 2179 2319
resistor 2180 2291 2193 2319
resistor 2212 2301 2243 2315
resistor 2214 2285 2244 2297
pads 873 640 899 703
electrolytic 1999 2226 2097 2268
test 3593 1566 3627 1598
test 646 1885 677 1919
