text 3790 2597 3862 2651
text 3180 2419 3210 2487
text 3145 2426 3174 2497
text 3104 2435 3134 2500
text 3148 2730 3177 2798
text 3110 2714 3139 2781
text 3083 2715 3107 2787
text 1801 2449 1830 2520
text 1766 2437 1793 2508
text 1707 2532 1735 2596
text 525 2612 607 2693
text 321 2368 431 2593
component 2530 2102 2678 2202
text 1849 1448 1888 1526
text 1102 1006 1140 1108
text 1426 1046 1463 1152
text 1383 959 1483 999
text 1159 872 1224 900
text 1169 827 1234 858
text 1543 988 1612 1015
text 1560 914 1599 934
text 1329 998 1359 1031
text 1492 817 1524 846
text 1654 1034 1684 1065
text 1708 1031 1737 1098
text 1768 1067 1799 1135
text 1805 1075 1832 1141
text 1752 982 1772 993
text 1835 980 1858 991
text 1875 980 1896 990
text 1910 981 1930 991
text 1910 1039 1938 1073
text 1963 1203 2001 1302
text 1949 981 1971 1001
text 1987 980 2006 1000
text 2027 980 2046 1000
text 1949 1023 1977 1093
text 1980 1063 2008 1130
text 2043 1072 2072 1122
text 2009 1090 2037 1120
text 2075 981 2096 1003
text 2084 1043 2146 1072
text 2159 1092 2189 1122
text 2114 982 2135 1001
text 2150 980 2172 999
text 2188 980 2209 998
text 2224 981 2244 999
text 2244 980 2265 999
text 2156 1055 2222 1087
text 2221 1045 2285 1071
text 2136 1010 2198 1042
text 2199 1013 2261 1042
text 2265 1011 2329 1039
text 2302 1038 2366 1066
text 2278 1150 2313 1250
text 2319 1142 2350 1176
text 2396 1001 2459 1030
text 2397 952 2461 982
text 2375 955 2399 986
text 2375 1002 2397 1022
text 2535 1050 2572 1150
text 2643 782 2707 812
text 2561 780 2625 809
text 2466 780 2531 809
text 2388 830 2454 863
text 2339 881 2402 909
text 2423 710 2487 739
text 2426 670 2493 703
text 2428 627 2491 659
text 2346 561 2411 590
text 2491 593 2553 623
text 2209 880 2229 922
text 2154 882 2174 921
text 2105 881 2123 920
text 2023 929 2043 967
text 2025 889 2045 928
text 2005 927 2023 966
text 2005 900 2025 929
text 2088 843 2126 863
text 1810 879 1851 901
text 1761 782 1800 802
text 1830 809 1850 821
text 1638 920 1657 959
text 1611 871 1631 911
text 1632 836 1651 877
text 1665 812 1684 851
text 1575 798 1593 840
text 1615 760 1634 798
text 1636 755 1656 794
text 1654 719 1673 760
text 1595 721 1614 761
text 1627 690 1646 727
text 1651 662 1668 702
text 1718 681 1759 702
text 1734 648 1771 669
text 1774 646 1811 667
text 1816 647 1855 666
text 2265 649 2304 671
text 2214 641 2254 661
text 2179 651 2215 671
text 2111 680 2143 700
text 2070 776 2091 805
text 2109 715 2139 734
text 1545 882 1565 895
text 1544 861 1565 874
text 1546 843 1565 854
text 1544 822 1565 833
text 1546 801 1565 816
text 1545 783 1565 796
text 1546 766 1565 781
text 1545 749 1565 760
text 1545 732 1567 744
text 1546 716 1566 730
text 1547 696 1567 709
text 1547 679 1567 692
text 1600 643 1618 684
text 1636 612 1654 653
text 1652 585 1671 626
text 1547 660 1566 674
text 1545 644 1566 656
text 1546 628 1565 640
text 1546 608 1565 622
text 1547 589 1567 604
text 1545 575 1567 586
text 1502 651 1543 670
text 1452 738 1520 766
text 1308 766 1375 796
text 1396 681 1462 708
text 1398 575 1463 604
text 1309 581 1372 610
text 1436 511 1455 541
text 1388 512 1406 539
text 1387 464 1455 491
text 1426 414 1486 443
text 1423 385 1490 414
text 1431 270 1460 337
text 1546 552 1567 567
text 1546 533 1567 545
text 1541 511 1560 535
text 1550 494 1568 514
text 1541 477 1559 496
text 1551 461 1568 481
text 1541 443 1560 463
text 1552 422 1571 443
text 1571 449 1590 490
text 1582 496 1602 537
text 1604 526 1624 567
text 1646 538 1665 577
text 1630 487 1649 527
text 1608 449 1627 488
text 1651 447 1670 485
text 1616 410 1657 427
text 1630 363 1671 382
text 1756 530 1798 550
text 1754 469 1773 512
text 1906 398 1926 438
text 1970 374 1991 414
text 2008 439 2029 478
text 2010 396 2030 437
text 2014 361 2034 391
text 2033 476 2075 494
text 2060 374 2080 413
text 2107 386 2126 423
text 2105 348 2126 386
text 2345 462 2364 504
text 2357 426 2397 445
text 2414 470 2444 501
text 2490 525 2554 552
text 2349 327 2390 348
text 2411 345 2450 366
text 2360 296 2398 316
text 2259 274 2326 305
text 2424 386 2444 408
text 2455 300 2520 328
text 2530 336 2595 366
text 2626 379 2660 478
text 2600 59 2637 160
text 2481 217 2546 246
text 2368 114 2398 145
text 2388 245 2452 272
text 2329 213 2355 277
text 2278 128 2304 193
text 2256 205 2275 243
text 2234 220 2253 258
text 2216 217 2233 257
text 2185 270 2225 291
text 2147 269 2185 289
text 2103 318 2143 338
text 2099 284 2116 320
text 2054 286 2074 326
text 2050 252 2091 270
text 2165 180 2181 217
text 2181 114 2221 134
text 2149 177 2164 217
text 2131 109 2148 150
text 2148 110 2165 152
text 2121 165 2138 204
text 2100 164 2120 204
text 1987 198 2013 265
text 2033 61 2069 159
text 1937 167 1965 233
text 1905 196 1931 264
text 1814 255 1842 320
text 1769 178 1796 244
text 1717 190 1743 256
text 1881 96 1906 157
text 1858 93 1881 157
text 1835 91 1858 157
text 1808 91 1834 155
text 1784 91 1808 155
text 1757 91 1783 154
text 1674 275 1738 302
text 1675 248 1703 277
text 1491 196 1588 234
text 1232 53 1267 153
capacitor 3153 2805 3181 2862
capacitor 3116 2814 3135 2864
capacitor 3093 2813 3106 2844
capacitor 1738 2521 1763 2581
capacitor 1777 2529 1794 2579
capacitor 1809 2547 1821 2578
capacitor 3119 2535 3133 2568
capacitor 3150 2527 3169 2577
capacitor 3182 2520 3212 2579
electrolytic 2350 1057 2533 1179
capacitor 2395 1027 2426 1042
electrolytic 2153 1122 2280 1305
electrolytic 2003 1120 2122 1303
capacitor 1696 1057 1708 1090
electrolytic 1469 1027 1655 1149
electrolytic 1145 993 1330 1113
capacitor 1247 870 1305 899
capacitor 1254 836 1304 856
electrolytic 1326 841 1510 961
capacitor 1554 970 1603 989
capacitor 1569 932 1598 947
capacitor 1773 983 1800 1042
capacitor 1812 984 1830 1035
capacitor 1941 1007 1952 1037
capacitor 2007 984 2035 1043
capacitor 2047 984 2075 1043
capacitor 2357 968 2376 1019
capacitor 2395 986 2426 1001
capacitor 2648 816 2681 830
capacitor 2556 811 2606 832
capacitor 2479 814 2512 829
capacitor 2402 870 2434 885
capacitor 2350 709 2399 727
capacitor 2343 672 2401 698
capacitor 2247 893 2261 923
capacitor 2175 890 2187 922
capacitor 2125 886 2137 919
capacitor 2093 826 2122 840
capacitor 1818 861 1850 875
capacitor 1802 788 1830 802
capacitor 1473 718 1503 734
capacitor 1326 737 1385 765
capacitor 1399 649 1458 676
capacitor 1399 604 1457 632
capacitor 1320 560 1370 580
capacitor 1474 524 1504 537
capacitor 1477 470 1507 485
capacitor 1519 670 1548 683
capacitor 1803 532 1832 545
capacitor 1783 474 1796 509
capacitor 1728 664 1757 677
capacitor 1858 648 1908 667
capacitor 1911 649 1961 668
capacitor 1965 650 2013 667
capacitor 2023 650 2074 670
capacitor 2077 650 2125 670
capacitor 2130 651 2179 670
capacitor 2046 498 2072 508
capacitor 2014 481 2045 512
capacitor 2340 625 2397 653
capacitor 2344 595 2392 616
capacitor 2458 595 2489 608
capacitor 2350 506 2361 540
capacitor 2349 405 2399 425
electrolytic 2445 388 2626 505
capacitor 2526 367 2554 380
capacitor 2460 345 2491 357
capacitor 2449 228 2480 242
capacitor 2390 271 2449 297
capacitor 2347 368 2405 396
capacitor 2353 350 2383 362
capacitor 2441 365 2470 379
capacitor 2374 313 2402 328
capacitor 2342 279 2357 311
capacitor 2283 306 2311 321
capacitor 2288 212 2301 242
capacitor 2185 255 2215 268
capacitor 2152 255 2182 269
capacitor 2113 459 2125 492
capacitor 2111 423 2123 452
capacitor 2045 377 2061 429
capacitor 2009 598 2026 648
capacitor 2009 545 2027 596
capacitor 1976 413 1989 447
capacitor 2075 320 2107 334
capacitor 1997 271 2024 331
capacitor 1925 272 1942 323
capacitor 1847 263 1876 322
capacitor 1776 265 1792 316
capacitor 1738 261 1766 321
electrolytic 1492 238 1674 362
capacitor 1472 303 1484 335
electrolytic 1279 6 1461 127
text 1463 14 1491 43
electrolytic 2416 57 2597 177
pins 3025 2247 3074 2382
connector 148 1822 257 2143
pins 1709 1704 1765 1852
pins 1752 1940 1808 1998
pins 3156 1961 3209 2059
pins 3224 1745 3272 1795
pins 3464 2005 3835 2098
pins 3630 1692 3763 1871
pins 713 1591 1135 1685
resistor 178 1239 229 1302
resistor 177 1148 229 1209
resistor 178 1009 232 1071
component 197 1256 211 1285
component 195 1163 211 1192
component 196 1025 211 1055
pins 1049 1028 1097 1080
pins 2088 1365 2135 1416
pins 2187 1333 2234 1380
pins 2292 1269 2709 1323
pins 2823 99 2872 243
pins 2311 123 2355 214
pins 2227 123 2269 213
pins 1085 52 1130 98
resistor 1896 1005 1908 1037
resistor 1965 1008 1995 1020
resistor 1915 1003 1926 1036
resistor 2104 1022 2135 1035
resistor 2135 996 2166 1009
resistor 2175 1035 2206 1051
resistor 2189 996 2223 1010
resistor 2227 998 2259 1010
resistor 2269 995 2302 1010
resistor 2320 1066 2351 1080
resistor 2348 912 2381 926
pins 3001 774 3047 827
resistor 1969 202 1985 231
resistor 2072 280 2086 313
resistor 2089 282 2101 314
resistor 2008 211 2018 241
resistor 2032 209 2044 242
capacitor 2095 254 2123 267
resistor 2105 218 2118 247
resistor 2153 220 2164 248
resistor 2171 218 2182 250
resistor 2188 220 2198 249
resistor 2203 219 2215 250
resistor 2185 199 2216 212
resistor 2185 163 2198 191
resistor 2203 161 2214 192
capacitor 2185 140 2217 154
capacitor 2147 788 2179 804
capacitor 2166 717 2180 750
capacitor 2112 752 2143 766
capacitor 2111 733 2143 749
capacitor 2093 716 2106 745
capacitor 2075 680 2106 694
capacitor 2075 698 2088 728
capacitor 2074 735 2088 768
capacitor 2055 807 2086 822
capacitor 2008 841 2025 892
capacitor 2008 774 2024 824
capacitor 2008 722 2025 770
capacitor 2009 668 2026 720
capacitor 2056 769 2069 803
capacitor 2039 733 2072 748
capacitor 2056 697 2070 729
capacitor 2040 679 2051 711
capacitor 1963 805 1978 839
capacitor 1910 843 1923 877
capacitor 1909 807 1922 839
capacitor 1946 750 1978 766
capacitor 1984 719 1996 748
capacitor 1964 714 1977 748
capacitor 1945 715 1959 747
capacitor 1927 733 1941 766
capacitor 1983 679 1996 713
capacitor 1965 677 1978 710
capacitor 1928 678 1960 693
capacitor 1910 715 1923 746
capacitor 1854 787 1867 821
capacitor 1873 749 1904 767
capacitor 1876 733 1904 750
capacitor 1838 715 1849 746
capacitor 1894 697 1923 712
capacitor 1892 678 1924 694
capacitor 2169 496 2191 527
capacitor 2112 625 2143 639
capacitor 2076 624 2106 640
capacitor 2038 606 2053 638
capacitor 2075 586 2088 618
capacitor 2057 586 2070 620
capacitor 2038 569 2053 601
capacitor 2112 569 2125 602
capacitor 2095 552 2107 585
capacitor 2056 549 2071 582
capacitor 1985 604 1996 638
capacitor 1949 605 1978 620
capacitor 1930 607 1941 635
capacitor 1967 570 1996 582
capacitor 1968 550 1999 565
capacitor 1948 550 1962 582
capacitor 1927 551 1942 582
capacitor 1911 566 1924 601
capacitor 1875 567 1907 582
capacitor 1875 550 1905 565
capacitor 1892 496 1924 509
capacitor 1912 440 1924 473
capacitor 1856 494 1869 528
capacitor 1837 568 1850 600
capacitor 1510 418 1540 433
capacitor 1511 395 1540 411
capacitor 1615 428 1665 446
capacitor 1611 382 1668 412
component 2407 1083 2502 1159
component 2183 1169 2253 1269
component 2030 1169 2096 1264
component 1508 1049 1602 1120
component 1179 1018 1275 1084
component 1364 865 1457 933
component 1310 28 1412 99
component 1529 259 1623 331
component 2469 78 2568 154
component 2500 411 2596 483
pads 1658 923 1671 959
pads 1632 874 1647 908
pads 1653 852 1668 886
pads 1654 818 1669 851
pads 1594 782 1608 816
pads 1634 790 1648 824
pads 1657 760 1670 796
pads 1630 727 1644 762
pads 1671 729 1687 764
pads 1645 704 1660 740
pads 1669 673 1683 708
pads 1637 649 1649 684
pads 1658 627 1673 661
pads 1668 590 1683 625
pads 1632 541 1647 579
pads 1667 541 1683 580
pads 1604 488 1620 521
pads 1631 447 1646 483
pads 1664 491 1679 529
pads 1669 447 1684 481
pads 1672 343 1686 378
pads 1683 300 1719 315
connector 1892 1453 2830 2322
pins 377 1866 477 2131
