text 290 2318 451 2375
text 479 1913 510 1932
text 487 2048 509 2087
text 487 2107 515 2126
text 390 1669 431 1727
text 482 1597 521 1623
text 1327 2513 1394 2645
text 1372 2689 1410 2854
text 1678 2549 1717 2624
text 1738 2583 1769 2600
text 1736 2787 1765 2806
text 1796 2554 1860 2580
text 2032 2773 2064 2807
text 2078 2770 2107 2805
text 2082 2590 2112 2624
text 2039 2588 2073 2621
text 2397 2774 2426 2805
text 2449 2771 2477 2804
text 2438 2585 2468 2618
text 2395 2585 2423 2618
text 2186 2502 2629 2555
text 2758 2767 2788 2814
text 2801 2765 2832 2812
text 2801 2575 2830 2619
text 2757 2573 2788 2621
text 3122 2765 3154 2814
text 3127 2570 3155 2619
text 3311 2607 3503 2858
text 3810 2407 3852 2432
text 3809 2256 3846 2275
text 3456 2326 3495 2429
text 3500 2421 3537 2447
text 3499 2241 3534 2260
text 3483 2171 3522 2241
text 3612 2174 3740 2226
text 3689 2100 3716 2165
text 3643 2104 3672 2169
text 3798 2048 3822 2087
text 3799 2003 3820 2042
text 3372 2053 3420 2090
text 3373 2004 3423 2040
text 2895 2268 2939 2346
text 3096 2252 3207 2412
text 2586 2212 2623 2314
text 2711 2099 2740 2131
text 2503 2220 2534 2285
text 2472 2219 2503 2286
text 2347 2224 2376 2291
text 2319 2221 2346 2290
text 2566 2072 2631 2104
text 2295 2224 2321 2289
text 2267 2223 2294 2291
text 2208 2220 2237 2285
text 2154 2165 2194 2244
text 2086 2246 2125 2318
text 2116 2126 2138 2150
text 1993 2094 2042 2122
text 1983 2069 2048 2096
text 1678 2092 1729 2412
text 1575 2077 1622 2363
text 1627 2082 1675 2304
text 922 1555 971 1587
text 1101 1556 1150 1585
text 1573 1956 1625 2057
text 1628 1954 1676 2055
text 1619 1644 1660 1725
text 1680 1635 1707 1687
text 1678 1873 1706 1921
text 1715 1992 1747 2056
text 1749 1858 1793 1929
text 1766 1650 1805 1726
text 1927 1651 1966 1729
text 1790 1772 1820 1792
text 1884 1772 1915 1790
text 1811 1746 1842 1778
text 1972 1744 2003 1777
text 1977 2037 2029 2067
text 1786 2003 1813 2057
text 1800 1939 1830 1956
text 1912 1939 1936 1957
text 1851 2011 1923 2046
text 1935 1989 1964 2053
text 1915 1995 1938 2019
text 1963 1985 2013 2016
text 1980 1948 2044 1975
text 1932 1926 1978 1953
text 1932 1790 1959 1855
text 1981 1925 2029 1949
text 1970 1901 2033 1927
text 1971 1876 2034 1901
text 1983 1853 2032 1877
text 1981 1829 2033 1852
text 2040 1746 2090 1773
text 2133 1660 2164 1710
text 2232 1629 2259 1693
text 2316 1564 2342 1629
text 2343 1576 2367 1642
text 2401 1628 2428 1697
text 2392 1547 2419 1614
text 2442 1538 2469 1610
text 2479 1558 2509 1623
text 2540 1622 2576 1720
text 2556 1742 2619 1767
text 2582 1718 2613 1743
text 2635 1994 2697 2023
text 2692 1953 2758 1987
text 2630 1909 2696 1936
text 2624 1879 2689 1907
text 2616 1843 2679 1871
text 2656 1806 2721 1837
text 2811 1795 2874 2084
text 2937 1973 2977 2073
text 3035 1975 3074 2073
text 2922 1790 2959 1865
text 3022 1791 3061 1864
text 3142 1748 3182 1824
text 3178 1968 3214 2042
text 3244 1741 3283 1815
text 3215 1862 3253 2252
text 3307 1917 3359 2167
text 3456 1691 3519 1884
text 3519 1747 3555 1823
text 3500 1924 3529 1992
text 3554 1928 3582 1993
text 3566 1872 3597 1890
text 3670 1872 3698 1885
text 3563 1670 3593 1686
text 3689 1671 3716 1688
text 3613 1874 3640 1941
text 3639 1930 3668 1996
text 3682 1936 3711 2000
text 3707 1874 3734 1935
text 3733 1926 3760 1994
text 3785 1908 3823 1985
text 3753 1623 3814 1898
text 3618 1612 3648 1680
text 3745 1393 3776 1409
text 3637 1393 3660 1426
text 3606 1546 3632 1567
text 3654 1416 3681 1536
text 3671 1319 3750 1407
text 3615 1456 3647 1472
text 3603 1428 3622 1456
text 3578 1472 3595 1509
text 3541 1383 3569 1400
text 3521 1370 3539 1404
text 3540 1332 3567 1353
text 3471 1401 3489 1439
text 3493 1471 3517 1500
text 3470 1282 3489 1308
text 3375 1298 3395 1322
text 3403 1470 3428 1499
text 3375 1408 3393 1434
text 3358 1389 3381 1406
text 3322 1468 3338 1494
text 3308 1429 3325 1452
text 3385 1353 3403 1377
text 3357 1324 3381 1341
text 3297 1381 3316 1410
text 3298 1320 3316 1347
text 3116 1500 3154 1578
text 3038 1083 3090 1373
text 2965 1623 3012 1813
text 3061 1624 3112 1784
text 2920 1409 2966 1442
text 2825 1344 2864 1418
text 2918 1176 2966 1205
text 2767 1236 2809 1338
text 2710 1194 2810 1233
text 2623 1214 2663 1286
text 2554 1210 2594 1284
text 2490 1209 2529 1282
text 2419 1209 2461 1282
text 2345 1216 2386 1283
text 2262 1205 2305 1280
text 2157 1272 2195 1343
text 2415 1335 2442 1384
text 2387 1334 2413 1399
text 2360 1339 2387 1403
text 2334 1339 2361 1406
text 2306 1336 2334 1400
text 2245 1332 2272 1396
text 2298 1497 2324 1565
text 2238 1502 2269 1570
text 2106 1373 2144 1447
text 2016 1377 2052 1454
text 2098 1235 2127 1300
text 2038 1238 2065 1287
text 1999 1185 2024 1234
text 1941 1259 1968 1326
text 1903 1362 1952 1490
text 1870 1316 1897 1349
text 1871 1434 1899 1466
text 1733 1499 1761 1551
text 1701 1494 1731 1544
text 1631 1499 1658 1549
text 1559 1446 1590 1466
text 1609 1259 1635 1286
text 1550 1290 1591 1365
text 1288 1372 1336 1405
text 1193 1243 1231 1290
text 1209 1511 1242 1540
text 1110 1383 1188 1424
text 1135 1181 1210 1223
text 921 1264 960 1290
text 908 1379 927 1399
text 886 1445 907 1456
text 840 1305 864 1320
text 753 1519 778 1544
text 719 1448 748 1465
text 700 1392 737 1412
text 643 1378 663 1414
text 802 1274 819 1300
text 473 1479 499 1524
text 140 1400 189 1426
text 245 1201 271 1253
text 246 1111 270 1164
text 305 1176 323 1217
text 365 1215 405 1237
text 388 1084 410 1124
text 445 1208 461 1239
text 513 1213 529 1242
text 538 1220 575 1239
text 611 1193 631 1221
text 637 1170 667 1191
text 771 1192 789 1228
text 691 1130 731 1148
text 692 1110 731 1130
text 766 1227 785 1253
text 811 1207 831 1225
text 899 1177 915 1201
text 898 1209 916 1234
text 805 1137 822 1177
text 781 1144 797 1175
text 779 1080 797 1110
text 679 1025 696 1056
text 609 1001 646 1022
text 437 1015 454 1025
text 867 1006 885 1070
text 763 1008 866 1070
text 992 1044 1027 1120
text 1085 1046 1123 1118
text 1134 1128 1210 1167
text 1290 1140 1335 1166
text 1174 989 1213 1035
text 1400 1073 1449 1290
text 1671 985 1709 1035
text 1763 1117 1852 1218
text 1862 1092 1900 1142
text 1914 1015 1940 1063
text 1983 1015 2009 1065
text 1994 1132 2015 1156
text 2031 1112 2080 1140
text 2049 1047 2112 1075
text 2062 979 2125 1006
text 2128 979 2192 1009
text 2103 1093 2167 1119
text 2168 1107 2230 1136
text 2230 1106 2290 1136
text 2189 1002 2251 1029
text 2252 1013 2315 1040
text 2282 926 2346 955
text 2769 1081 2808 1181
text 2822 1042 2860 1091
text 3163 1137 3177 1165
text 3196 1155 3221 1175
text 3221 1247 3247 1267
text 3265 1252 3281 1284
text 3309 1175 3324 1207
text 3274 1104 3300 1123
text 3325 1137 3343 1196
text 3343 1106 3367 1123
text 3374 1034 3393 1060
text 3382 1215 3401 1244
text 3381 1161 3399 1187
text 3379 1123 3398 1150
text 3466 1196 3482 1227
text 3490 1166 3529 1186
text 3562 1123 3592 1140
text 3620 1143 3654 1175
text 3660 1168 3680 1208
text 3731 1081 3758 1117
text 3613 1037 3646 1056
text 3650 1022 3668 1061
text 3621 859 3638 887
text 3447 851 3463 879
text 3435 904 3471 977
text 3370 857 3387 888
text 3189 856 3203 885
text 3173 901 3212 976
text 3009 775 3043 851
text 2958 706 2997 779
text 2311 828 2339 895
text 2295 692 2324 756
text 1652 840 1676 891
text 1566 900 1593 950
text 1564 847 1589 897
text 1616 802 1644 852
text 1633 744 1659 793
text 1595 758 1624 805
text 1593 713 1620 759
text 1640 693 1666 739
text 1524 775 1552 826
text 1529 725 1555 772
text 1531 672 1557 719
text 1629 609 1657 657
text 1521 638 1569 665
text 1557 593 1582 638
text 941 933 980 983
text 914 836 946 865
text 706 840 739 869
text 604 835 638 865
text 415 832 447 861
text 411 555 445 586
text 414 470 446 501
text 608 556 638 588
text 607 473 641 502
text 713 554 748 585
text 714 468 750 500
text 908 556 940 586
text 908 473 944 500
text 950 297 996 675
text 1133 251 1183 532
text 1290 588 1339 620
text 1194 476 1233 523
text 1286 354 1334 383
text 1189 221 1229 269
text 1390 438 1467 476
text 1427 365 1462 439
text 1395 322 1464 363
text 1560 539 1590 590
text 1611 469 1638 519
text 1782 289 1809 353
text 1524 222 1560 293
text 1748 229 1776 259
text 1835 210 1861 276
text 1868 216 1897 283
text 1831 324 1892 355
text 1911 355 1974 384
text 1931 299 1992 330
text 2034 364 2094 390
text 2067 311 2093 355
text 1990 258 2016 306
text 1984 206 2009 255
text 2018 295 2045 325
text 2106 306 2132 355
text 2108 286 2131 309
text 2096 215 2121 259
text 2122 214 2146 257
text 2153 192 2180 241
text 2154 364 2199 389
text 2203 364 2265 391
text 2132 294 2189 321
text 2128 267 2190 294
text 2188 257 2214 320
text 2214 254 2240 319
text 2268 322 2331 351
text 2267 294 2331 323
text 1890 163 1960 200
text 1988 176 2018 203
text 2014 146 2037 169
text 2431 228 2476 702
text 2478 231 2523 669
text 2522 228 2568 608
text 2591 482 2686 780
text 2753 358 2921 873
text 2947 351 2998 547
text 3089 295 3138 709
text 3173 576 3206 609
text 3428 573 3460 603
text 3367 584 3399 613
text 3616 582 3652 613
text 3178 503 3211 534
text 3424 497 3457 526
text 3368 498 3403 529
text 3619 498 3652 528
text 3170 211 3204 243
text 3423 210 3455 246
text 3365 223 3398 254
text 3629 226 3650 254
text 2834 218 2962 271
text 2833 131 2960 182
text 2727 223 2766 298
text 2761 30 2792 98
text 2328 59 2370 112
text 2273 77 2311 148
text 2229 28 2264 75
text 2219 91 2268 118
text 2068 53 2094 102
text 2032 74 2060 107
text 1867 79 1893 144
text 1792 134 1821 185
text 1887 18 1913 65
text 1838 58 1866 106
text 1770 59 1797 109
text 1737 60 1761 109
text 1701 61 1731 110
text 1667 56 1696 106
text 1594 4 1623 53
text 1419 66 1445 115
text 1389 121 1414 187
text 1363 123 1389 188
text 1340 123 1364 172
text 1315 124 1340 173
text 1290 125 1316 174
text 1269 128 1292 175
text 1245 128 1269 176
text 1220 127 1244 174
text 1195 128 1221 176
text 1172 128 1196 175
text 1105 69 1142 144
text 1011 89 1047 159
text 903 125 941 174
text 911 197 925 226
text 728 194 748 223
text 602 198 615 228
text 599 128 638 177
text 425 195 443 225
connector 116 1728 482 2320
component 690 2920 740 2956
component 875 2922 920 2950
component 994 2872 1159 2937
pins 678 1635 1112 1734
display 459 1591 1292 2974
connector 1605 2619 3265 2771
connector 3530 2239 3847 2432
connector 3425 1997 3797 2098
connector 3497 2364 3511 2398
resistor 3717 2110 3729 2140
resistor 3674 2110 3685 2139
button 2948 2244 3090 2385
resistor 3717 1964 3729 1991
resistor 3691 1891 3705 1921
resistor 3622 1964 3634 1992
resistor 3602 1897 3613 1927
resistor 3582 1964 3592 1994
resistor 3535 1964 3547 1992
pads 3761 1942 3774 1974
resistor 3599 1648 3613 1680
potentiometer 3562 1690 3751 1873
resistor 3079 1983 3091 2013
resistor 2978 1980 2991 2009
jumper 3122 1959 3178 2066
led 3064 1848 3111 1959
led 2960 1848 3008 1961
connector 3185 1744 3237 1797
electrolytic 2628 2131 2747 2312
component 2659 2191 2725 2282
resistor 2573 2056 2604 2071
capacitor 2582 1996 2612 2011
capacitor 2508 2164 2527 2214
capacitor 2486 2169 2499 2200
capacitor 2346 2163 2363 2213
capacitor 2323 2165 2334 2195
capacitor 2303 2164 2316 2196
capacitor 2268 2162 2294 2222
capacitor 2225 2170 2241 2218
electrolytic 2087 2146 2128 2241
component 2095 2181 2120 2222
capacitor 2068 2095 2098 2110
capacitor 2028 2017 2085 2044
capacitor 2068 1994 2100 2009
capacitor 2057 1920 2086 1935
electrolytic 1826 1966 1921 2009
capacitor 2057 1868 2085 1883
capacitor 2057 1846 2087 1863
capacitor 1932 1958 1945 1992
capacitor 1953 1958 1967 1990
capacitor 2039 1784 2089 1806
pads 1709 1648 1724 1684
clock 1795 1794 1930 1937
capacitor 72 1356 99 1401
capacitor 70 1124 98 1168
capacitor 323 1180 380 1216
capacitor 385 1180 439 1214
capacitor 461 1213 486 1256
capacitor 493 1212 514 1243
electrolytic 474 1263 536 1351
electrolytic 544 1283 639 1420
text 628 1328 649 1368
capacitor 644 1315 678 1374
capacitor 721 1473 757 1532
capacitor 718 1422 762 1450
capacitor 767 1266 793 1310
electrolytic 764 1376 860 1515
capacitor 877 1378 902 1423
capacitor 673 1282 714 1313
capacitor 671 1193 714 1221
capacitor 753 1148 780 1191
capacitor 799 1180 841 1208
capacitor 851 1180 896 1208
capacitor 852 1208 897 1240
electrolytic 1028 1427 1209 1547
electrolytic 2012 1142 2108 1186
capacitor 2047 1197 2078 1211
capacitor 2049 1224 2081 1239
electrolytic 1805 1564 1925 1747
electrolytic 1964 1563 2083 1746
capacitor 2167 1673 2182 1703
capacitor 2283 1637 2310 1696
capacitor 2321 1657 2335 1690
capacitor 2340 1666 2354 1696
capacitor 2473 1626 2499 1685
capacitor 2563 1769 2593 1781
electrolytic 2576 1534 2699 1718
capacitor 2266 1395 2293 1454
capacitor 2316 1402 2334 1451
capacitor 2341 1423 2356 1454
capacitor 2362 1423 2376 1456
capacitor 2382 1400 2401 1451
capacitor 2421 1393 2447 1450
capacitor 3350 1467 3393 1496
capacitor 3325 1430 3369 1456
text 3476 1455 3500 1475
capacitor 3441 1469 3480 1495
capacitor 3447 1414 3472 1457
electrolytic 3519 1462 3578 1550
capacitor 3490 1402 3525 1459
capacitor 3447 1273 3472 1318
capacitor 3356 1342 3384 1363
capacitor 3415 1354 3445 1376
capacitor 3355 1368 3385 1389
capacitor 3601 1473 3647 1502
capacitor 3748 1410 3776 1456
electrolytic 3679 1112 3775 1246
capacitor 3671 1073 3725 1110
capacitor 3671 1031 3727 1066
capacitor 3563 1080 3589 1123
electrolytic 3465 1034 3558 1165
electrolytic 3399 1092 3459 1180
capacitor 3284 1169 3309 1213
capacitor 3441 1190 3468 1235
capacitor 3284 1248 3310 1291
capacitor 3327 1276 3369 1302
capacitor 751 1073 780 1118
capacitor 618 1045 637 1074
capacitor 643 1073 668 1120
capacitor 617 1089 638 1119
capacitor 642 1018 668 1063
capacitor 2207 353 2237 367
capacitor 2169 355 2199 369
capacitor 2125 353 2155 364
capacitor 2092 337 2105 368
capacitor 2027 336 2041 368
electrolytic 2016 258 2112 297
capacitor 1444 71 1457 102
electrolytic 1565 143 1748 267
capacitor 1794 188 1819 247
electrolytic 1923 118 2017 160
capacitor 1979 165 2008 180
capacitor 2071 127 2083 157
capacitor 2048 124 2061 159
capacitor 2104 180 2115 217
capacitor 2129 180 2142 212
capacitor 2152 125 2164 156
capacitor 2130 125 2145 156
resistor 2050 2055 2084 2070
resistor 1047 1565 1076 1580
resistor 1794 1958 1809 1989
resistor 2057 1938 2087 1953
resistor 2057 1901 2086 1917
resistor 2056 1886 2087 1900
resistor 2265 1564 2280 1595
resistor 2289 1563 2302 1597
resistor 2378 1564 2391 1598
resistor 2383 1652 2397 1685
resistor 2425 1566 2438 1599
electrolytic 2594 1939 2688 1985
capacitor 2572 1911 2603 1927
capacitor 2572 1894 2602 1909
capacitor 2566 1848 2595 1864
capacitor 2589 1808 2646 1837
resistor 3593 1514 3650 1549
resistor 3571 1402 3605 1458
resistor 3532 1401 3564 1460
resistor 3317 1372 3351 1425
resistor 3316 1306 3351 1364
resistor 3187 1177 3223 1234
resistor 3349 1147 3383 1201
resistor 2103 1200 2118 1228
resistor 1970 1263 1982 1296
resistor 936 1316 972 1372
resistor 900 1314 937 1373
resistor 763 1316 797 1374
resistor 723 1319 757 1374
resistor 682 1316 720 1373
text 694 1375 722 1391
resistor 576 1179 609 1240
resistor 671 1223 711 1249
resistor 671 1253 713 1279
resistor 1214 1184 1235 1219
resistor 1215 1144 1231 1178
resistor 1659 1507 1672 1535
resistor 1689 1505 1700 1533
resistor 2815 1203 2829 1233
resistor 3395 1034 3430 1091
resistor 3289 1048 3322 1103
resistor 2234 1081 2263 1095
resistor 2180 1076 2208 1090
resistor 2255 999 2284 1011
resistor 2280 912 2309 925
resistor 2201 990 2233 1005
resistor 2131 1079 2163 1092
resistor 2111 1044 2140 1058
resistor 2147 1011 2181 1026
resistor 2096 1012 2127 1028
capacitor 2011 1007 2038 1065
capacitor 1938 1012 1958 1063
resistor 2298 860 2312 891
resistor 2281 731 2293 765
resistor 2228 332 2259 347
resistor 2229 317 2259 331
resistor 2145 337 2173 351
resistor 2144 323 2173 335
resistor 2052 355 2082 368
resistor 1842 294 1854 323
resistor 1816 294 1828 324
resistor 1407 388 1420 419
resistor 1895 70 1907 99
capacitor 2792 81 2804 107
resistor 1709 1875 1724 1904
jumper 1684 1718 1740 1828
connector 1687 1826 1741 1864
connector 1732 1952 1786 2006
ic 2122 1719 2541 2146
component 2179 1783 2415 2087
component 1849 1978 1891 2005
component 1865 1842 1888 1888
component 1836 1822 1856 1847
component 2626 1950 2666 1979
component 2606 1574 2680 1670
component 1991 1605 2061 1701
component 1829 1606 1896 1702
resistor 1958 1820 1969 1851
pads 1000 1566 1030 1582
component 1056 1457 1152 1527
button 73 1425 255 1542
switch 73 1149 244 1376
component 116 1173 137 1353
component 141 1351 174 1367
component 179 1319 198 1349
component 178 1175 199 1224
clock 268 1218 469 1549
component 322 1299 423 1479
transistor 498 1422 713 1543
transistor 908 1387 975 1447
component 774 1464 821 1480
component 776 1425 825 1465
component 779 1400 827 1425
component 554 1307 602 1332
component 554 1333 603 1373
component 554 1373 601 1389
component 946 1333 964 1356
component 908 1333 925 1357
inductor 808 1315 893 1373
component 824 1328 873 1352
component 774 1334 789 1356
component 693 1335 708 1357
component 732 1334 747 1355
ic 831 1242 893 1306
test 669 1386 700 1420
resistor 725 1229 760 1273
pads 728 1289 762 1311
pads 727 1191 761 1213
pads 644 1253 669 1296
pads 645 1205 670 1249
switch 70 1006 243 1145
component 119 1036 138 1115
component 180 1030 200 1114
connector 273 1017 372 1074
ic 411 1007 613 1209
test 574 1010 610 1045
connector 1238 1223 1381 1371
connector 1239 994 1382 1139
pads 1590 1299 1869 1486
pads 1761 1501 1773 1536
connector 2054 1378 2107 1435
connector 2154 1344 2209 1399
connector 2254 1283 2314 1339
connector 2335 1283 2392 1342
connector 2410 1282 2468 1337
connector 2479 1278 2532 1339
connector 2548 1281 2604 1339
connector 2619 1281 2674 1338
connector 2872 1264 3014 1405
pads 2812 1238 2830 1290
pads 2811 1143 2830 1196
connector 2869 1032 3012 1178
ic 3344 1502 3419 1559
ic 3434 1502 3510 1557
component 3376 1510 3389 1552
component 3464 1510 3478 1552
component 3612 1524 3630 1541
pins 3679 1408 3770 1550
test 3607 1394 3641 1430
component 3582 1420 3596 1445
component 3544 1421 3559 1442
inductor 3389 1380 3443 1465
ic 3449 1339 3522 1396
component 3326 1387 3340 1408
component 3329 1325 3344 1345
emi 670 1145 748 1190
emi 669 1076 748 1117
emi 824 1137 900 1179
emi 539 1240 616 1282
component 582 1196 600 1220
component 684 1229 699 1244
component 686 1261 699 1273
connector 1028 1052 1079 1107
component 2044 1153 2079 1180
clock 1855 1145 1998 1243
component 1882 1164 1973 1226
transistor 3324 1045 3390 1106
component 3195 1195 3211 1218
inductor 3225 1162 3279 1249
component 3246 1183 3267 1229
zener 3315 1207 3376 1273
inductor 3391 1268 3447 1352
emi 3400 1186 3438 1264
component 3299 1063 3314 1089
component 3406 1052 3422 1072
component 3420 1119 3450 1161
component 3494 1089 3543 1109
component 3711 1172 3761 1192
ic 3594 1059 3666 1118
inductor 3496 1189 3614 1334
connector 3473 168 3614 927
connector 3220 170 3364 928
connector 2955 777 3016 841
connector 2774 117 2826 158
jumper 2771 157 2831 269
connector 2260 144 2322 247
ic 1681 387 2271 979
component 1830 524 2143 834
pads 1595 913 1608 947
pads 1607 847 1620 880
pads 1636 840 1653 875
pads 1605 809 1620 844
pads 1564 788 1579 823
pads 1619 762 1632 799
pads 1567 718 1584 754
pads 1570 673 1586 710
pads 1620 722 1636 757
pads 1620 688 1634 721
pads 1636 663 1650 696
pads 1610 654 1627 691
pads 1577 645 1612 659
pads 1619 616 1633 652
pads 1596 591 1613 628
pads 1627 567 1643 605
pads 1603 542 1619 582
pads 1630 515 1645 554
pads 1347 375 1401 423
connector 1240 441 1381 584
connector 1236 210 1381 356
connector 1045 81 1102 140
connector 447 144 595 918
connector 757 145 899 915
component 1599 164 1694 244
capacitor 1634 7 1651 59
capacitor 1676 7 1688 42
capacitor 1703 9 1724 59
capacitor 1740 12 1755 44
capacitor 1772 3 1789 54
capacitor 1850 5 1862 35
capacitor 2042 41 2056 70
pads 1885 289 1898 326
pads 1876 353 1889 386
pads 1908 340 1941 356
pads 1988 328 2024 342
component 1950 125 1982 151
ic 2038 177 2089 236
component 2055 182 2072 225
unknown 2095 114 2118 171
resistor 2183 322 2194 352
resistor 2198 322 2210 353
capacitor 2185 118 2236 138
jumper 2182 138 2235 247
inductor 2202 19 2229 77
component 3588 1703 3747 1861
test 3640 1123 3672 1159
test 1767 2107 1917 2260
