connector 61 1794 174 1945
text 1667 2005 1708 2104
text 1884 1917 1917 1983
text 1965 1966 1994 2038
text 2141 2003 2168 2068
text 2041 2146 2077 2240
text 2104 1931 2133 1962
text 2145 1923 2174 1989
text 2235 2099 2264 2164
text 2285 2073 2312 2139
text 2323 2057 2351 2125
text 2221 1994 2249 2061
text 2352 2026 2394 2046
text 2418 2059 2448 2125
text 2466 2006 2495 2075
text 2496 2009 2522 2075
text 2523 2007 2549 2074
text 2549 2009 2574 2070
text 2573 2002 2598 2067
text 2599 2000 2625 2067
text 2628 1994 2656 2061
text 2614 2104 2644 2133
text 2649 1928 2682 1961
text 2837 2142 2874 2240
text 2870 1851 2907 1951
text 2287 1870 2307 1910
text 2418 1943 2459 1964
text 2377 1916 2417 1938
text 2383 1888 2422 1909
text 2136 1807 2162 1870
text 2162 1805 2185 1869
text 2184 1806 2209 1869
text 2108 1739 2135 1773
text 2109 1711 2136 1723
text 2163 1730 2186 1795
text 2187 1729 2210 1793
text 2209 1725 2234 1790
text 2249 1730 2274 1793
text 2289 1780 2306 1820
text 2306 1781 2323 1820
text 2329 1748 2346 1786
text 2346 1748 2362 1786
text 2377 1723 2404 1786
text 2401 1754 2426 1816
text 2452 1864 2478 1928
text 2477 1865 2503 1928
text 2503 1865 2529 1928
text 2529 1873 2591 1901
text 2458 1796 2487 1859
text 2461 1760 2496 1791
text 2520 1806 2587 1835
text 2619 1826 2686 1852
text 2631 1852 2696 1877
text 2582 1618 2620 1717
text 2419 1575 2447 1640
text 2379 1572 2408 1639
text 2306 1576 2334 1643
text 2248 1651 2277 1715
text 2188 1652 2214 1717
text 483 1272 512 1340
text 1201 1357 1227 1424
text 3297 1052 3341 1128
text 3152 1051 3192 1120
text 3298 881 3329 967
text 3124 892 3211 976
text 255 505 286 571
text 3054 211 3081 276
text 3120 225 3147 293
text 3162 212 3190 277
text 3223 223 3251 288
text 3264 218 3290 283
text 3326 225 3353 289
text 3441 221 3470 287
text 3374 200 3402 265
text 1714 2196 1743 2225
electrolytic 1707 2013 1824 2194
capacitor 1885 1996 1912 2056
capacitor 1944 2018 1962 2069
electrolytic 2021 1961 2138 2144
capacitor 2167 2008 2186 2058
capacitor 2242 2065 2254 2097
capacitor 2245 2016 2256 2047
capacitor 2289 2021 2306 2072
capacitor 2335 2019 2347 2051
capacitor 2349 2013 2379 2026
capacitor 2426 2009 2450 2057
capacitor 2404 1966 2416 1999
electrolytic 2644 2098 2828 2217
electrolytic 2681 1924 2864 2044
capacitor 2430 1808 2448 1859
capacitor 2423 1892 2452 1907
electrolytic 2461 1577 2576 1759
capacitor 2413 1647 2441 1706
capacitor 2372 1640 2390 1693
capacitor 2363 1745 2376 1781
capacitor 2311 1645 2329 1694
capacitor 2312 1744 2325 1776
capacitor 2296 1744 2307 1777
capacitor 2274 1733 2292 1784
capacitor 2280 1676 2292 1709
capacitor 2215 1680 2227 1711
capacitor 2136 1739 2162 1800
capacitor 1238 1378 1256 1412
capacitor 3423 210 3439 243
capacitor 3310 212 3323 244
capacitor 3212 212 3224 242
capacitor 3107 212 3119 244
resistor 2380 1965 2392 1996
resistor 2363 1967 2375 1999
resistor 2347 1965 2359 1997
resistor 2330 1965 2343 1996
resistor 2313 1965 2326 1997
resistor 2297 1965 2311 1997
resistor 2421 1930 2451 1943
resistor 2420 1913 2450 1924
capacitor 2306 1898 2319 1928
resistor 2277 1955 2290 1986
resistor 2261 1957 2274 1985
resistor 2246 1955 2257 1986
resistor 2227 1954 2241 1985
resistor 2211 1956 2224 1987
resistor 2196 1954 2208 1987
text 2202 2180 2227 2240
text 2227 2178 2250 2240
text 2251 2179 2275 2240
text 2274 2178 2300 2240
text 2300 2178 2325 2240
text 2325 2177 2350 2240
resistor 2253 1887 2285 1900
resistor 2253 1855 2264 1883
resistor 2235 1854 2246 1884
resistor 2216 1854 2227 1886
resistor 2253 1798 2266 1829
resistor 2234 1800 2246 1829
resistor 2216 1799 2229 1830
resistor 2326 1790 2337 1821
resistor 2344 1791 2357 1823
resistor 2380 1789 2394 1820
resistor 2381 1853 2393 1885
resistor 2344 1854 2356 1886
resistor 2325 1856 2338 1886
resistor 2542 1839 2573 1854
resistor 2545 1859 2574 1872
resistor 2582 1859 2613 1874
resistor 2582 1839 2611 1852
resistor 3862 1836 3916 1900
resistor 3865 1746 3916 1808
resistor 3863 1607 3916 1670
component 3882 1855 3898 1885
component 3882 1762 3898 1791
component 3882 1626 3898 1654
resistor 468 1348 480 1381
resistor 293 533 307 564
resistor 3402 208 3416 244
resistor 3291 206 3303 245
resistor 3191 208 3203 243
resistor 3085 211 3098 246
pins 277 818 412 1005
pins 555 736 615 836
pins 366 1168 415 1213
pins 580 1092 638 1146
pins 754 1159 812 1309
pins 918 1155 976 1585
pins 277 601 324 648
pins 367 401 688 469
pins 499 193 654 243
pins 729 254 905 426
pins 984 182 1237 577
pins 3328 694 3384 799
pins 3507 704 3565 814
pins 3624 522 3687 583
pins 3535 832 3782 1195
pins 1087 804 1144 868
pins 1244 715 1313 822
pins 1277 842 1524 1208
pins 1561 1233 1610 1337
pins 1701 719 1752 824
pins 1740 847 1984 1208
pins 2167 837 2410 1204
pins 2134 709 2190 814
pins 2010 1231 2063 1341
pins 2444 1229 2494 1332
pins 2462 655 2521 722
pins 2620 698 2676 812
pins 2637 835 2878 1198
pins 2916 1237 2974 1349
pins 3077 1310 3178 1381
pins 3713 1391 3778 1494
test 3141 979 3207 1042
test 3282 980 3349 1043
pins 2970 2135 3024 2192
pins 1965 1794 2070 1844
pins 1718 1648 1815 1787
component 1730 2056 1799 2147
component 2047 2016 2115 2114
component 2697 2126 2790 2194
component 2739 1953 2830 2023
component 2481 1618 2552 1709
pins 2336 1516 2387 1564
pins 1754 2204 1886 2240
test 3280 982 3347 1045
