text 250 357 322 411
text 902 521 932 589
text 938 511 967 582
text 978 508 1008 573
text 935 210 964 278
text 973 227 1002 294
text 1005 221 1029 293
text 2282 488 2311 559
text 2319 500 2346 571
text 2377 412 2405 476
text 3505 315 3587 396
text 3681 415 3791 640
component 1434 806 1582 906
text 2224 1482 2263 1560
text 2972 1900 3010 2002
text 2649 1856 2686 1962
text 2629 2009 2729 2049
text 2888 2108 2953 2136
text 2878 2150 2943 2181
text 2500 1993 2569 2020
text 2513 2074 2552 2094
text 2753 1977 2783 2010
text 2588 2162 2620 2191
text 2428 1943 2458 1974
text 2375 1910 2404 1977
text 2313 1873 2344 1941
text 2280 1867 2307 1933
text 2340 2015 2360 2026
text 2254 2017 2277 2028
text 2216 2018 2237 2028
text 2182 2017 2202 2027
text 2174 1935 2202 1969
text 2111 1706 2149 1805
text 2141 2007 2163 2027
text 2106 2008 2125 2028
text 2066 2008 2085 2028
text 2135 1915 2163 1985
text 2104 1878 2132 1945
text 2040 1886 2069 1936
text 2075 1888 2103 1918
text 2016 2005 2037 2027
text 1966 1936 2028 1965
text 1923 1886 1953 1916
text 1977 2007 1998 2026
text 1940 2009 1962 2028
text 1903 2010 1924 2028
text 1868 2009 1888 2027
text 1847 2009 1868 2028
text 1890 1921 1956 1953
text 1827 1937 1891 1963
text 1914 1966 1976 1998
text 1851 1966 1913 1995
text 1783 1969 1847 1997
text 1746 1942 1810 1970
text 1799 1758 1834 1858
text 1762 1832 1793 1866
text 1653 1978 1716 2007
text 1651 2026 1715 2056
text 1713 2022 1737 2053
text 1715 1986 1737 2006
text 1540 1858 1577 1958
text 1405 2196 1469 2226
text 1487 2199 1551 2228
text 1581 2199 1646 2228
text 1658 2145 1724 2178
text 1710 2099 1773 2127
text 1625 2269 1689 2298
text 1619 2305 1686 2338
text 1621 2349 1684 2381
text 1701 2418 1766 2447
text 1559 2385 1621 2415
text 1883 2086 1903 2128
text 1938 2087 1958 2126
text 1989 2088 2007 2127
text 2069 2041 2089 2079
text 2067 2080 2087 2119
text 2089 2042 2107 2081
text 2087 2079 2107 2108
text 1986 2145 2024 2165
text 2261 2107 2302 2129
text 2312 2206 2351 2226
text 2262 2187 2282 2199
text 2455 2049 2474 2088
text 2481 2097 2501 2137
text 2461 2131 2480 2172
text 2428 2157 2447 2196
text 2519 2168 2537 2210
text 2478 2210 2497 2248
text 2456 2214 2476 2253
text 2439 2248 2458 2289
text 2498 2247 2517 2287
text 2466 2281 2485 2318
text 2444 2306 2461 2346
text 2353 2306 2394 2327
text 2341 2339 2378 2360
text 2301 2341 2338 2362
text 2257 2342 2296 2361
text 1808 2337 1847 2359
text 1858 2347 1898 2367
text 1897 2337 1933 2357
text 1969 2308 2001 2328
text 2021 2203 2042 2232
text 1973 2274 2003 2293
text 2547 2113 2567 2126
text 2547 2134 2568 2147
text 2547 2154 2566 2165
text 2547 2175 2568 2186
text 2547 2192 2566 2207
text 2547 2212 2567 2225
text 2547 2227 2566 2242
text 2547 2248 2567 2259
text 2545 2264 2567 2276
text 2546 2278 2566 2292
text 2545 2299 2565 2312
text 2545 2316 2565 2329
text 2494 2324 2512 2365
text 2458 2355 2476 2396
text 2441 2382 2460 2423
text 2546 2334 2565 2348
text 2546 2352 2567 2364
text 2547 2368 2566 2380
text 2547 2386 2566 2400
text 2545 2404 2565 2419
text 2545 2422 2567 2433
text 2569 2338 2610 2357
text 2592 2242 2660 2270
text 2737 2212 2804 2242
text 2650 2300 2716 2327
text 2649 2404 2714 2433
text 2740 2398 2803 2427
text 2657 2467 2676 2497
text 2706 2469 2724 2496
text 2657 2517 2725 2544
text 2626 2565 2686 2594
text 2622 2594 2689 2623
text 2652 2671 2681 2738
text 2545 2441 2566 2456
text 2545 2463 2566 2475
text 2552 2473 2571 2497
text 2544 2494 2562 2514
text 2553 2512 2571 2531
text 2544 2527 2561 2547
text 2552 2545 2571 2565
text 2541 2565 2560 2586
text 2522 2518 2541 2559
text 2510 2471 2530 2512
text 2488 2441 2508 2482
text 2447 2431 2466 2470
text 2463 2481 2482 2521
text 2485 2520 2504 2559
text 2442 2523 2461 2561
text 2455 2581 2496 2598
text 2441 2626 2482 2645
text 2314 2458 2356 2478
text 2339 2496 2358 2539
text 2186 2570 2206 2610
text 2121 2594 2142 2634
text 2083 2530 2104 2569
text 2082 2571 2102 2612
text 2078 2617 2098 2647
text 2037 2514 2079 2532
text 2032 2595 2052 2634
text 1986 2585 2005 2622
text 1986 2622 2007 2660
text 1748 2504 1767 2546
text 1715 2563 1755 2582
text 1668 2507 1698 2538
text 1558 2456 1622 2483
text 1722 2660 1763 2681
text 1662 2642 1701 2663
text 1714 2692 1752 2712
text 1786 2703 1853 2734
text 1668 2600 1688 2622
text 1592 2680 1657 2708
text 1517 2642 1582 2672
text 1452 2530 1486 2629
text 1475 2848 1512 2949
text 1566 2762 1631 2791
text 1714 2863 1744 2894
text 1660 2736 1724 2763
text 1757 2731 1783 2795
text 1808 2815 1834 2880
text 1837 2765 1856 2803
text 1859 2750 1878 2788
text 1879 2751 1896 2791
text 1887 2717 1927 2738
text 1927 2719 1965 2739
text 1969 2670 2009 2690
text 1996 2688 2013 2724
text 2038 2682 2058 2722
text 2021 2738 2062 2756
text 1931 2791 1947 2828
text 1891 2874 1931 2894
text 1948 2791 1963 2831
text 1964 2858 1981 2899
text 1947 2856 1964 2898
text 1974 2804 1991 2843
text 1992 2804 2012 2844
text 2099 2743 2125 2810
text 2043 2849 2079 2947
text 2147 2775 2175 2841
text 2181 2744 2207 2812
text 2270 2688 2298 2753
text 2316 2764 2343 2830
text 2369 2752 2395 2818
text 2206 2851 2231 2912
text 2231 2851 2254 2915
text 2254 2851 2277 2917
text 2278 2853 2304 2917
text 2304 2853 2328 2917
text 2329 2854 2355 2917
text 2374 2706 2438 2733
text 2409 2731 2437 2760
text 2524 2774 2621 2812
text 2845 2855 2880 2955
capacitor 931 146 959 203
capacitor 977 144 996 194
capacitor 1006 164 1019 195
capacitor 2349 427 2374 487
capacitor 2318 429 2335 479
capacitor 2291 430 2303 461
capacitor 979 440 993 473
capacitor 943 431 962 481
capacitor 900 429 930 488
electrolytic 1579 1829 1762 1951
capacitor 1686 1966 1717 1981
electrolytic 1832 1703 1959 1886
electrolytic 1990 1705 2109 1888
capacitor 2404 1918 2416 1951
electrolytic 2457 1859 2643 1981
electrolytic 2782 1895 2967 2015
capacitor 2807 2109 2865 2138
capacitor 2808 2152 2858 2172
electrolytic 2602 2047 2786 2167
capacitor 2509 2019 2558 2038
capacitor 2514 2061 2543 2076
capacitor 2312 1966 2339 2025
capacitor 2282 1973 2300 2024
capacitor 2160 1971 2171 2001
capacitor 2077 1965 2105 2024
capacitor 2037 1965 2065 2024
capacitor 1736 1989 1755 2040
capacitor 1686 2007 1717 2022
capacitor 1431 2178 1464 2192
capacitor 1506 2176 1556 2197
capacitor 1600 2179 1633 2194
capacitor 1678 2123 1710 2138
capacitor 1713 2281 1762 2299
capacitor 1711 2310 1769 2336
capacitor 1851 2085 1865 2115
capacitor 1925 2086 1937 2118
capacitor 1975 2089 1987 2122
capacitor 1990 2168 2019 2182
capacitor 2262 2133 2294 2147
capacitor 2282 2206 2310 2220
capacitor 2609 2274 2639 2290
capacitor 2727 2243 2786 2271
capacitor 2654 2332 2713 2359
capacitor 2655 2376 2713 2404
capacitor 2742 2428 2792 2448
capacitor 2608 2471 2638 2484
capacitor 2605 2523 2635 2538
capacitor 2564 2325 2593 2338
capacitor 2280 2463 2309 2476
capacitor 2316 2499 2329 2534
capacitor 2355 2331 2384 2344
capacitor 2204 2341 2254 2360
capacitor 2151 2340 2201 2359
capacitor 2099 2341 2147 2358
capacitor 2038 2338 2089 2358
capacitor 1987 2338 2035 2358
capacitor 1933 2338 1982 2357
capacitor 2040 2500 2066 2510
capacitor 2067 2496 2098 2527
capacitor 1715 2355 1772 2383
capacitor 1720 2392 1768 2413
capacitor 1623 2400 1654 2413
capacitor 1751 2468 1762 2502
capacitor 1713 2583 1763 2603
electrolytic 1486 2503 1667 2620
capacitor 1558 2628 1586 2641
capacitor 1621 2651 1652 2663
capacitor 1632 2766 1663 2780
capacitor 1663 2711 1722 2737
capacitor 1707 2612 1765 2640
capacitor 1729 2646 1759 2658
capacitor 1642 2629 1671 2643
capacitor 1710 2680 1738 2695
capacitor 1755 2697 1770 2729
capacitor 1801 2687 1829 2702
capacitor 1811 2766 1824 2796
capacitor 1897 2740 1927 2753
capacitor 1930 2739 1960 2753
capacitor 1987 2516 1999 2549
capacitor 1989 2556 2001 2585
capacitor 2051 2579 2067 2631
capacitor 2086 2360 2103 2410
capacitor 2085 2412 2103 2463
capacitor 2123 2561 2136 2595
capacitor 2005 2674 2037 2688
capacitor 2088 2677 2115 2737
capacitor 2170 2685 2187 2736
capacitor 2236 2686 2265 2745
capacitor 2320 2692 2336 2743
capacitor 2346 2687 2374 2747
electrolytic 2438 2646 2620 2770
capacitor 2628 2673 2640 2705
electrolytic 2651 2881 2833 3002
text 2621 2965 2649 2994
electrolytic 1515 2831 1696 2951
pins 1038 626 1087 761
connector 3855 865 3964 1186
pins 2347 1156 2403 1304
pins 2304 1010 2360 1068
pins 903 949 956 1047
pins 840 1213 888 1263
pins 277 910 648 1003
pins 349 1137 482 1316
pins 2977 1323 3399 1417
resistor 3883 1706 3934 1769
resistor 3883 1799 3935 1860
resistor 3880 1937 3934 1999
component 3901 1723 3915 1752
component 3901 1816 3917 1845
component 3901 1953 3916 1983
pins 3015 1928 3063 1980
pins 1977 1592 2024 1643
pins 1878 1628 1925 1675
pins 1403 1685 1820 1739
pins 1240 2765 1289 2909
pins 1757 2794 1801 2885
pins 1843 2795 1885 2885
pins 2982 2910 3027 2956
resistor 2204 1971 2216 2003
resistor 2117 1988 2147 2000
resistor 2186 1972 2197 2005
resistor 1977 1973 2008 1986
resistor 1946 1999 1977 2012
resistor 1906 1957 1937 1973
resistor 1889 1998 1923 2012
resistor 1853 1998 1885 2010
resistor 1810 1998 1843 2013
resistor 1761 1928 1792 1942
resistor 1731 2082 1764 2096
pins 1065 2181 1111 2234
resistor 2127 2777 2143 2806
resistor 2026 2695 2040 2728
resistor 2011 2694 2023 2726
resistor 2094 2767 2104 2797
resistor 2068 2766 2080 2799
capacitor 1989 2741 2017 2754
resistor 1994 2761 2007 2790
resistor 1948 2760 1959 2788
resistor 1930 2758 1941 2790
resistor 1914 2759 1924 2788
resistor 1897 2758 1909 2789
resistor 1896 2796 1927 2809
resistor 1914 2817 1927 2845
resistor 1898 2816 1909 2847
capacitor 1895 2854 1927 2868
capacitor 1933 2204 1965 2220
capacitor 1932 2258 1946 2291
capacitor 1969 2242 2000 2256
capacitor 1969 2259 2001 2275
capacitor 2006 2263 2019 2292
capacitor 2006 2314 2037 2328
capacitor 2024 2280 2037 2310
capacitor 2024 2240 2038 2273
capacitor 2026 2186 2057 2201
capacitor 2087 2116 2104 2167
capacitor 2088 2184 2104 2234
capacitor 2087 2238 2104 2286
capacitor 2086 2288 2103 2340
capacitor 2043 2205 2056 2239
capacitor 2040 2260 2073 2275
capacitor 2042 2279 2056 2311
capacitor 2061 2297 2072 2329
capacitor 2134 2169 2149 2203
capacitor 2189 2131 2202 2165
capacitor 2190 2169 2203 2201
capacitor 2134 2242 2166 2258
capacitor 2116 2260 2128 2289
capacitor 2135 2260 2148 2294
capacitor 2153 2261 2167 2293
capacitor 2171 2242 2185 2275
capacitor 2116 2295 2129 2329
capacitor 2134 2298 2147 2331
capacitor 2152 2315 2184 2330
capacitor 2189 2262 2202 2293
capacitor 2245 2187 2258 2221
capacitor 2208 2241 2239 2259
capacitor 2208 2258 2236 2275
capacitor 2263 2262 2274 2293
capacitor 2189 2296 2218 2311
capacitor 2188 2314 2220 2330
capacitor 1921 2481 1943 2512
capacitor 1969 2369 2000 2383
capacitor 2006 2368 2036 2384
capacitor 2059 2370 2074 2402
capacitor 2024 2390 2037 2422
capacitor 2042 2388 2055 2422
capacitor 2059 2407 2074 2439
capacitor 1987 2406 2000 2439
capacitor 2005 2423 2017 2456
capacitor 2041 2426 2056 2459
capacitor 2116 2370 2127 2404
capacitor 2134 2388 2163 2403
capacitor 2171 2373 2182 2401
capacitor 2116 2426 2145 2438
capacitor 2113 2443 2144 2458
capacitor 2150 2426 2164 2458
capacitor 2170 2426 2185 2457
capacitor 2188 2407 2201 2442
capacitor 2205 2426 2237 2441
capacitor 2207 2443 2237 2458
capacitor 2188 2499 2220 2512
capacitor 2188 2535 2200 2568
capacitor 2243 2480 2256 2514
capacitor 2262 2408 2275 2440
capacitor 2572 2575 2602 2590
capacitor 2572 2597 2601 2613
capacitor 2447 2562 2497 2580
capacitor 2444 2596 2501 2626
component 1610 1849 1705 1925
component 1859 1739 1929 1839
component 2016 1744 2082 1839
component 2510 1888 2604 1959
component 2837 1924 2933 1990
component 2655 2075 2748 2143
component 2700 2909 2802 2980
component 2489 2677 2583 2749
component 1544 2854 1643 2930
component 1516 2525 1612 2597
pads 2441 2049 2454 2085
pads 2465 2100 2480 2134
pads 2444 2122 2459 2156
pads 2443 2157 2458 2190
pads 2504 2192 2518 2226
pads 2464 2184 2478 2218
pads 2442 2212 2455 2248
pads 2468 2246 2482 2281
pads 2425 2244 2441 2279
pads 2452 2268 2467 2304
pads 2429 2300 2443 2335
pads 2463 2324 2475 2359
pads 2439 2347 2454 2381
pads 2429 2383 2444 2418
pads 2465 2429 2480 2467
pads 2429 2428 2445 2467
pads 2492 2487 2508 2520
pads 2466 2525 2481 2561
pads 2433 2479 2448 2517
pads 2428 2527 2443 2561
pads 2426 2630 2440 2665
pads 2393 2693 2429 2708
connector 1282 686 2220 1555
pins 3635 877 3735 1142
