connector 61 296 174 447
text 1667 137 1708 236
text 1884 258 1917 324
text 1965 203 1994 275
text 2141 173 2168 238
text 2041 1 2077 95
text 2104 279 2133 310
text 2145 252 2174 318
text 2235 77 2264 142
text 2285 102 2312 168
text 2323 116 2351 184
text 2221 180 2249 247
text 2352 195 2394 215
text 2418 116 2448 182
text 2466 166 2495 235
text 2496 166 2522 232
text 2523 167 2549 234
text 2549 171 2574 232
text 2573 174 2598 239
text 2599 174 2625 241
text 2628 180 2656 247
text 2614 108 2644 137
text 2649 280 2682 313
text 2837 1 2874 99
text 2870 290 2907 390
text 2287 331 2307 371
text 2418 277 2459 298
text 2377 303 2417 325
text 2383 332 2422 353
text 2136 371 2162 434
text 2162 372 2185 436
text 2184 372 2209 435
text 2108 468 2135 502
text 2109 518 2136 530
text 2163 446 2186 511
text 2187 448 2210 512
text 2209 451 2234 516
text 2249 448 2274 511
text 2289 421 2306 461
text 2306 421 2323 460
text 2329 455 2346 493
text 2346 455 2362 493
text 2377 455 2404 518
text 2401 425 2426 487
text 2452 313 2478 377
text 2477 313 2503 376
text 2503 313 2529 376
text 2529 340 2591 368
text 2458 382 2487 445
text 2461 450 2496 481
text 2520 406 2587 435
text 2619 389 2686 415
text 2631 364 2696 389
text 2582 524 2620 623
text 2419 601 2447 666
text 2379 602 2408 669
text 2306 598 2334 665
text 2248 526 2277 590
text 2188 524 2214 589
text 483 901 512 969
text 1201 817 1227 884
text 3297 1113 3341 1189
text 3152 1121 3192 1190
text 3298 1274 3329 1360
text 3124 1265 3211 1349
text 255 1670 286 1736
text 3054 1965 3081 2030
text 3120 1948 3147 2016
text 3162 1964 3190 2029
text 3223 1953 3251 2018
text 3264 1958 3290 2023
text 3326 1952 3353 2016
text 3441 1954 3470 2020
text 3374 1976 3402 2041
text 1714 16 1743 45
electrolytic 1707 47 1824 228
capacitor 1885 185 1912 245
capacitor 1944 172 1962 223
electrolytic 2021 97 2138 280
capacitor 2167 183 2186 233
capacitor 2242 144 2254 176
capacitor 2245 194 2256 225
capacitor 2289 169 2306 220
capacitor 2335 190 2347 222
capacitor 2349 215 2379 228
capacitor 2426 184 2450 232
capacitor 2404 242 2416 275
electrolytic 2644 24 2828 143
electrolytic 2681 197 2864 317
capacitor 2430 382 2448 433
capacitor 2423 334 2452 349
electrolytic 2461 482 2576 664
capacitor 2413 535 2441 594
capacitor 2372 548 2390 601
capacitor 2363 460 2376 496
capacitor 2311 547 2329 596
capacitor 2312 465 2325 497
capacitor 2296 464 2307 497
capacitor 2274 457 2292 508
capacitor 2280 532 2292 565
capacitor 2215 530 2227 561
capacitor 2136 441 2162 502
capacitor 1238 829 1256 863
capacitor 3423 1998 3439 2031
capacitor 3310 1997 3323 2029
capacitor 3212 1999 3224 2029
capacitor 3107 1997 3119 2029
resistor 2380 245 2392 276
resistor 2363 242 2375 274
resistor 2347 244 2359 276
resistor 2330 245 2343 276
resistor 2313 244 2326 276
resistor 2297 244 2311 276
resistor 2421 298 2451 311
resistor 2420 317 2450 328
capacitor 2306 313 2319 343
resistor 2277 255 2290 286
resistor 2261 256 2274 284
resistor 2246 255 2257 286
resistor 2227 256 2241 287
resistor 2211 254 2224 285
resistor 2196 254 2208 287
text 2202 1 2227 61
text 2227 1 2250 63
text 2251 1 2275 62
text 2274 1 2300 63
text 2300 1 2325 63
text 2325 1 2350 64
resistor 2253 341 2285 354
resistor 2253 358 2264 386
resistor 2235 357 2246 387
resistor 2216 355 2227 387
resistor 2253 412 2266 443
resistor 2234 412 2246 441
resistor 2216 411 2229 442
resistor 2326 420 2337 451
resistor 2344 418 2357 450
resistor 2380 421 2394 452
resistor 2381 356 2393 388
resistor 2344 355 2356 387
resistor 2325 355 2338 385
resistor 2542 387 2573 402
resistor 2545 369 2574 382
resistor 2582 367 2613 382
resistor 2582 389 2611 402
resistor 3862 341 3916 405
resistor 3865 433 3916 495
resistor 3863 571 3916 634
component 3882 356 3898 386
component 3882 450 3898 479
component 3882 587 3898 615
resistor 468 860 480 893
resistor 293 1677 307 1708
resistor 3402 1997 3416 2033
resistor 3291 1996 3303 2035
resistor 3191 1998 3203 2033
resistor 3085 1995 3098 2030
pins 277 1236 412 1423
pins 555 1405 615 1505
pins 366 1028 415 1073
pins 580 1095 638 1149
pins 754 932 812 1082
pins 918 656 976 1086
pins 277 1593 324 1640
pins 367 1772 688 1840
pins 499 1998 654 2048
pins 729 1815 905 1987
pins 984 1664 1237 2059
pins 3328 1442 3384 1547
pins 3507 1427 3565 1537
pins 3624 1658 3687 1719
pins 3535 1046 3782 1409
pins 1087 1373 1144 1437
pins 1244 1419 1313 1526
pins 1277 1033 1524 1399
pins 1561 904 1610 1008
pins 1701 1417 1752 1522
pins 1740 1033 1984 1394
pins 2167 1037 2410 1404
pins 2134 1427 2190 1532
pins 2010 900 2063 1010
pins 2444 909 2494 1012
pins 2462 1519 2521 1586
pins 2620 1429 2676 1543
pins 2637 1043 2878 1406
pins 2916 892 2974 1004
pins 3077 860 3178 931
pins 3713 747 3778 850
test 3141 1199 3207 1262
test 3282 1198 3349 1261
pins 2970 49 3024 106
pins 1965 397 2070 447
pins 1718 454 1815 593
component 1730 94 1799 185
component 2047 127 2115 225
component 2697 47 2790 115
component 2739 218 2830 288
component 2481 532 2552 623
pins 2336 677 2387 725
pins 1754 1 1886 37
test 3280 1196 3347 1259
