led 3627 844 3791 932
led 3626 940 3791 1027
led 3622 1035 3790 1123
led 3622 1126 3792 1219
led 3624 1222 3791 1312
led 3624 1315 3792 1406
led 3622 1408 3790 1500
led 3623 1501 3790 1594
connector 3471 1761 3933 2284
button 3395 1089 3551 1371
resistor 3244 1017 3292 1140
resistor 3144 1016 3189 1143
resistor 3424 875 3543 1018
resistor 3432 1424 3545 1574
resistor 3245 632 3290 761
resistor 3130 634 3180 763
resistor 3022 635 3067 763
resistor 2909 640 2955 763
transistor 2931 1011 3101 1150
led 3486 1604 3576 1758
resistor 3417 1605 3470 1734
pads 3308 1578 3399 1751
pads 3221 1583 3309 1753
resistor 3332 1797 3374 1922
resistor 3249 1800 3290 1923
led 3199 1976 3283 2146
capacitor 3358 2106 3395 2225
resistor 3219 2214 3265 2336
resistor 3139 2213 3181 2335
capacitor 3056 2211 3098 2339
electrolytic 2928 2143 2999 2364
resistor 3068 2104 3141 2140
resistor 2737 2200 2864 2244
diode 2721 2013 2884 2142
resistor 2629 2105 2675 2231
button 2147 2047 2593 2336
pads 2764 1782 2882 1950
ic 2903 1681 3194 2055
pads 2775 995 2891 1164
clock 2251 709 2849 919
connector 2376 196 3863 594
connector 1450 184 2363 591
resistor 2023 641 2069 763
resistor 1909 641 1958 764
resistor 1801 640 1849 763
capacitor 2595 942 2640 1067
capacitor 2507 943 2551 1067
capacitor 2432 943 2474 1066
ic 2290 1309 2750 1760
capacitor 2028 1441 2072 1566
jumper 1494 1782 1728 1903
button 1633 2062 2083 2346
resistor 1625 1920 1675 2038
resistor 1518 1920 1565 2043
text 3239 775 3290 856
text 3126 778 3181 859
text 3011 779 3062 860
text 2904 779 2958 859
text 2565 610 2714 674
text 3360 869 3415 1114
text 3201 877 3251 1001
text 3117 875 3169 1001
text 3016 907 3069 991
text 2657 952 2707 1035
text 2343 969 2399 1052
text 2265 1062 2321 1151
text 2183 702 2279 768
text 2121 609 2325 674
text 2075 777 2132 905
text 1902 786 1956 911
text 1789 788 1846 916
text 1468 607 1635 664
text 1551 656 1714 716
text 1474 715 1636 769
text 1512 765 1714 821
text 1474 819 1675 877
text 1547 881 1712 935
text 1472 931 1635 990
text 1552 990 1715 1043
text 1470 1042 1636 1100
text 1546 1104 1714 1154
text 1472 1154 1637 1212
text 1556 1212 1720 1264
text 1472 1264 1635 1320
text 1551 1325 1715 1383
text 1472 1381 1636 1436
text 1552 1435 1753 1493
text 1472 1494 1681 1547
text 1552 1546 1716 1594
text 1473 1598 1640 1656
text 1562 1652 1723 1706
text 1473 1712 1641 1768
text 1459 1911 1504 2028
text 1743 1680 1910 1741
text 1691 1922 1741 2040
text 1753 1843 1901 1985
text 1459 1789 1498 1891
text 1475 2100 1633 2157
text 1457 2157 1716 2207
text 1456 2209 1715 2264
text 832 2330 1317 2383
text 806 2363 832 2383
text 681 2332 773 2384
text 494 2335 642 2385
text 1470 2262 1617 2314
text 325 299 378 467
text 528 309 579 467
text 516 221 664 353
text 611 220 763 351
text 679 220 843 354
text 768 217 926 367
text 867 217 1011 360
text 954 219 1098 359
text 1038 216 1185 356
text 1154 244 1275 352
text 1178 214 1344 353
text 1289 243 1404 353
text 1304 216 1456 363
text 2717 937 2781 1354
text 1712 905 1786 1423
text 1720 711 1763 877
text 1744 1736 1998 1811
text 3404 2021 3452 2252
text 3552 1305 3601 1556
text 3098 1341 3153 1668
text 3551 1062 3600 1273
text 3238 1157 3373 1202
text 3241 1202 3369 1244
text 3237 1242 3369 1285
text 3236 1285 3369 1321
text 3237 1320 3370 1360
text 3240 1359 3370 1400
text 3236 1398 3370 1440
text 3238 1438 3370 1484
text 3373 1454 3426 1572
text 3300 1490 3356 1574
text 3233 1490 3290 1577
text 2891 1363 2958 1410
text 2891 1428 2958 1470
text 2893 1478 2958 1522
text 2894 1532 2959 1577
text 2896 1585 2959 1632
text 2894 1641 2959 1685
text 2743 1364 2812 1412
text 2746 1419 2810 1469
text 2748 1477 2809 1521
text 2746 1532 2809 1577
text 2748 1585 2810 1636
text 2746 1643 2809 1684
text 2651 1241 2689 1306
text 2585 1249 2628 1283
text 2531 1249 2574 1285
text 2470 1249 2519 1285
text 2419 1251 2460 1284
text 2362 1253 2407 1285
text 2633 1088 2677 1158
text 2580 1091 2622 1162
text 2522 1122 2568 1157
text 2469 1125 2512 1156
text 2414 1123 2454 1154
text 2357 1123 2401 1158
text 1965 836 2032 1373
text 1790 921 1978 1657
text 2221 1305 2314 1369
text 2226 1374 2293 1423
text 2227 1427 2291 1475
text 2228 1486 2289 1531
text 2231 1541 2291 1588
text 2230 1596 2289 1640
text 2228 1651 2290 1695
text 2091 1391 2156 1436
text 2085 1447 2159 1495
text 2088 1505 2156 1546
text 2090 1558 2156 1607
text 2089 1615 2156 1660
text 2088 1673 2157 1720
text 2014 1591 2069 1672
text 1567 1957 1619 2047
text 1475 2048 1595 2099
text 1506 2325 1631 2381
text 1796 1978 1998 2042
text 2172 1975 2373 2043
text 2363 1907 2405 1973
text 2420 1909 2463 1977
text 2474 1907 2519 1979
text 2531 1909 2570 1978
text 2588 1910 2628 1974
text 2640 1907 2683 1975
text 2360 1758 2405 1823
text 2417 1760 2462 1823
text 2470 1760 2515 1825
text 2525 1759 2569 1827
text 2583 1758 2627 1825
text 2638 1757 2681 1820
text 2695 1665 2741 2016
text 2596 2025 2683 2085
text 3585 1598 3633 1760
text 3543 1760 3663 1815
text 3164 1643 3215 1764
text 3337 1928 3390 2049
text 3286 1930 3335 2051
text 3280 2211 3333 2338
text 3280 2119 3333 2200
text 3099 2149 3215 2201
text 2907 2059 3028 2114
text 2996 2294 3047 2374
text 2827 2112 2937 2165
text 2825 2310 2909 2364
text 2752 2259 2835 2314
connector 366 354 1457 2329
test 2862 1379 2894 1408
test 2810 1377 2842 1412
test 2861 1432 2891 1466
test 2865 1486 2895 1522
test 2865 1545 2894 1577
test 2864 1595 2896 1632
test 2864 1653 2894 1688
test 2810 1431 2843 1465
test 2809 1487 2842 1518
test 2809 1540 2845 1575
test 2809 1599 2844 1632
test 2806 1652 2842 1688
test 2644 1158 2677 1191
test 2645 1208 2675 1244
test 2591 1156 2618 1188
test 2592 1212 2618 1247
test 2534 1155 2564 1191
test 2536 1209 2565 1243
test 2477 1158 2508 1190
test 2474 1208 2509 1247
test 2422 1153 2451 1192
test 2422 1212 2452 1244
test 2366 1156 2396 1191
test 2368 1212 2397 1247
test 2199 1381 2231 1412
test 2148 1379 2177 1413
test 2196 1434 2230 1469
test 2144 1435 2177 1466
test 2145 1492 2178 1521
test 2201 1492 2229 1521
test 2197 1545 2232 1577
test 2201 1599 2229 1632
test 2197 1656 2231 1691
test 2144 1546 2177 1575
test 2145 1601 2177 1630
test 2143 1656 2177 1685
test 2644 1821 2676 1849
test 2644 1875 2678 1903
test 2591 1874 2623 1907
test 2532 1872 2568 1907
test 2478 1874 2514 1907
test 2426 1874 2455 1908
test 2367 1872 2399 1908
test 2591 1821 2621 1851
test 2534 1823 2568 1853
test 2478 1823 2512 1853
test 2424 1821 2455 1856
test 2372 1820 2397 1856
test 3336 2260 3423 2347
component 3252 676 3284 718
component 3145 679 3172 721
component 3032 677 3061 720
component 2917 678 2950 717
component 3479 916 3509 982
component 3260 1055 3284 1100
component 3152 1057 3183 1104
component 2400 739 2691 833
component 2034 678 2067 722
component 1917 678 1954 727
component 1812 683 1839 723
component 3474 1471 3509 1538
component 3433 1650 3462 1690
component 1526 1955 1557 1998
component 1635 1960 1666 2004
component 2632 2144 2666 2194
component 2782 2211 2822 2240
component 3082 2109 3133 2135
component 3145 2259 3177 2295
component 3228 2260 3257 2298
component 3254 1843 3288 1883
component 3340 1841 3368 1884
