led 209 844 373 932
led 209 940 374 1027
led 210 1035 378 1123
led 208 1126 378 1219
led 209 1222 376 1312
led 208 1315 376 1406
led 210 1408 378 1500
led 210 1501 377 1594
connector 67 1761 529 2284
button 449 1089 605 1371
resistor 708 1017 756 1140
resistor 811 1016 856 1143
resistor 457 875 576 1018
resistor 455 1424 568 1574
resistor 710 632 755 761
resistor 820 634 870 763
resistor 933 635 978 763
resistor 1045 640 1091 763
transistor 899 1011 1069 1150
led 424 1604 514 1758
resistor 530 1605 583 1734
pads 601 1578 692 1751
pads 691 1583 779 1753
resistor 626 1797 668 1922
resistor 710 1800 751 1923
led 717 1976 801 2146
capacitor 605 2106 642 2225
resistor 735 2214 781 2336
resistor 819 2213 861 2335
capacitor 902 2211 944 2339
electrolytic 1001 2143 1072 2364
resistor 859 2104 932 2140
resistor 1136 2200 1263 2244
diode 1116 2013 1279 2142
resistor 1325 2105 1371 2231
button 1407 2047 1853 2336
pads 1118 1782 1236 1950
ic 806 1681 1097 2055
pads 1109 995 1225 1164
clock 1151 709 1749 919
connector 137 196 1624 594
connector 1637 184 2550 591
resistor 1931 641 1977 763
resistor 2042 641 2091 764
resistor 2151 640 2199 763
capacitor 1360 942 1405 1067
capacitor 1449 943 1493 1067
capacitor 1526 943 1568 1066
ic 1250 1309 1710 1760
capacitor 1928 1441 1972 1566
jumper 2272 1782 2506 1903
button 1917 2062 2367 2346
resistor 2325 1920 2375 2038
resistor 2435 1920 2482 2043
text 710 775 761 856
text 819 778 874 859
text 938 779 989 860
text 1042 779 1096 859
text 1286 610 1435 674
text 585 869 640 1114
text 749 877 799 1001
text 831 875 883 1001
text 931 907 984 991
text 1293 952 1343 1035
text 1601 969 1657 1052
text 1679 1062 1735 1151
text 1721 702 1817 768
text 1675 609 1879 674
text 1868 777 1925 905
text 2044 786 2098 911
text 2154 788 2211 916
text 2365 607 2532 664
text 2286 656 2449 716
text 2364 715 2526 769
text 2286 765 2488 821
text 2325 819 2526 877
text 2288 881 2453 935
text 2365 931 2528 990
text 2285 990 2448 1043
text 2364 1042 2530 1100
text 2286 1104 2454 1154
text 2363 1154 2528 1212
text 2280 1212 2444 1264
text 2365 1264 2528 1320
text 2285 1325 2449 1383
text 2364 1381 2528 1436
text 2247 1435 2448 1493
text 2319 1494 2528 1547
text 2284 1546 2448 1594
text 2360 1598 2527 1656
text 2277 1652 2438 1706
text 2359 1712 2527 1768
text 2496 1911 2541 2028
text 2090 1680 2257 1741
text 2259 1922 2309 2040
text 2099 1843 2247 1985
text 2502 1789 2541 1891
text 2367 2100 2525 2157
text 2284 2157 2543 2207
text 2285 2209 2544 2264
text 2683 2330 3168 2383
text 3168 2363 3194 2383
text 3227 2332 3319 2384
text 3358 2335 3506 2385
text 2383 2262 2530 2314
text 3622 299 3675 467
text 3421 309 3472 467
text 3336 221 3484 353
text 3237 220 3389 351
text 3157 220 3321 354
text 3074 217 3232 367
text 2989 217 3133 360
text 2902 219 3046 359
text 2815 216 2962 356
text 2725 244 2846 352
text 2656 214 2822 353
text 2596 243 2711 353
text 2544 216 2696 363
text 1219 937 1283 1354
text 2214 905 2288 1423
text 2237 711 2280 877
text 2002 1736 2256 1811
text 548 2021 596 2252
text 399 1305 448 1556
text 847 1341 902 1668
text 400 1062 449 1273
text 627 1157 762 1202
text 631 1202 759 1244
text 631 1242 763 1285
text 631 1285 764 1321
text 630 1320 763 1360
text 630 1359 760 1400
text 630 1398 764 1440
text 630 1438 762 1484
text 574 1454 627 1572
text 644 1490 700 1574
text 710 1490 767 1577
text 1042 1363 1109 1410
text 1042 1428 1109 1470
text 1042 1478 1107 1522
text 1041 1532 1106 1577
text 1041 1585 1104 1632
text 1041 1641 1106 1685
text 1188 1364 1257 1412
text 1190 1419 1254 1469
text 1191 1477 1252 1521
text 1191 1532 1254 1577
text 1190 1585 1252 1636
text 1191 1643 1254 1684
text 1311 1241 1349 1306
text 1372 1249 1415 1283
text 1426 1249 1469 1285
text 1481 1249 1530 1285
text 1540 1251 1581 1284
text 1593 1253 1638 1285
text 1323 1088 1367 1158
text 1378 1091 1420 1162
text 1432 1122 1478 1157
text 1488 1125 1531 1156
text 1546 1123 1586 1154
text 1599 1123 1643 1158
text 1968 836 2035 1373
text 2022 921 2210 1657
text 1686 1305 1779 1369
text 1707 1374 1774 1423
text 1709 1427 1773 1475
text 1711 1486 1772 1531
text 1709 1541 1769 1588
text 1711 1596 1770 1640
text 1710 1651 1772 1695
text 1844 1391 1909 1436
text 1841 1447 1915 1495
text 1844 1505 1912 1546
text 1844 1558 1910 1607
text 1844 1615 1911 1660
text 1843 1673 1912 1720
text 1931 1591 1986 1672
text 2381 1957 2433 2047
text 2405 2048 2525 2099
text 2369 2325 2494 2381
text 2002 1978 2204 2042
text 1627 1975 1828 2043
text 1595 1907 1637 1973
text 1537 1909 1580 1977
text 1481 1907 1526 1979
text 1430 1909 1469 1978
text 1372 1910 1412 1974
text 1317 1907 1360 1975
text 1595 1758 1640 1823
text 1538 1760 1583 1823
text 1485 1760 1530 1825
text 1431 1759 1475 1827
text 1373 1758 1417 1825
text 1319 1757 1362 1820
text 1259 1665 1305 2016
text 1317 2025 1404 2085
text 367 1598 415 1760
text 337 1760 457 1815
text 785 1643 836 1764
text 610 1928 663 2049
text 665 1930 714 2051
text 667 2211 720 2338
text 667 2119 720 2200
text 785 2149 901 2201
text 972 2059 1093 2114
text 953 2294 1004 2374
text 1063 2112 1173 2165
text 1091 2310 1175 2364
text 1165 2259 1248 2314
connector 2543 354 3634 2329
test 1106 1379 1138 1408
test 1158 1377 1190 1412
test 1109 1432 1139 1466
test 1105 1486 1135 1522
test 1106 1545 1135 1577
test 1104 1595 1136 1632
test 1106 1653 1136 1688
test 1157 1431 1190 1465
test 1158 1487 1191 1518
test 1155 1540 1191 1575
test 1156 1599 1191 1632
test 1158 1652 1194 1688
test 1323 1158 1356 1191
test 1325 1208 1355 1244
test 1382 1156 1409 1188
test 1382 1212 1408 1247
test 1436 1155 1466 1191
test 1435 1209 1464 1243
test 1492 1158 1523 1190
test 1491 1208 1526 1247
test 1549 1153 1578 1192
test 1548 1212 1578 1244
test 1604 1156 1634 1191
test 1603 1212 1632 1247
test 1769 1381 1801 1412
test 1823 1379 1852 1413
test 1770 1434 1804 1469
test 1823 1435 1856 1466
test 1822 1492 1855 1521
test 1771 1492 1799 1521
test 1768 1545 1803 1577
test 1771 1599 1799 1632
test 1769 1656 1803 1691
test 1823 1546 1856 1575
test 1823 1601 1855 1630
test 1823 1656 1857 1685
test 1324 1821 1356 1849
test 1322 1875 1356 1903
test 1377 1874 1409 1907
test 1432 1872 1468 1907
test 1486 1874 1522 1907
test 1545 1874 1574 1908
test 1601 1872 1633 1908
test 1379 1821 1409 1851
test 1432 1823 1466 1853
test 1488 1823 1522 1853
test 1545 1821 1576 1856
test 1603 1820 1628 1856
test 577 2260 664 2347
component 716 676 748 718
component 828 679 855 721
component 939 677 968 720
component 1050 678 1083 717
component 491 916 521 982
component 716 1055 740 1100
component 817 1057 848 1104
component 1309 739 1600 833
component 1933 678 1966 722
component 2046 678 2083 727
component 2161 683 2188 723
component 491 1471 526 1538
component 538 1650 567 1690
component 2443 1955 2474 1998
component 2334 1960 2365 2004
component 1334 2144 1368 2194
component 1178 2211 1218 2240
component 867 2109 918 2135
component 823 2259 855 2295
component 743 2260 772 2298
component 712 1843 746 1883
component 632 1841 660 1884
