button 326 622 404 701
button 442 621 516 700
button 557 620 629 698
button 669 622 745 700
ic 424 284 536 389
ic 635 473 697 536
ic 735 312 776 343
resistor 132 255 153 265
resistor 131 273 152 281
resistor 186 372 199 398
resistor 226 373 239 393
resistor 266 373 278 397
resistor 334 482 353 492
resistor 335 495 354 506
resistor 332 508 355 517
resistor 332 521 357 532
resistor 329 533 359 544
resistor 376 468 399 478
resistor 375 483 399 493
resistor 374 495 400 504
resistor 374 508 399 520
resistor 377 522 401 533
resistor 376 535 398 547
resistor 415 468 441 478
resistor 418 483 442 495
resistor 418 495 439 505
resistor 415 509 439 520
resistor 415 523 439 533
resistor 502 474 524 484
resistor 506 489 526 498
resistor 501 499 522 513
resistor 501 514 524 527
resistor 368 602 390 612
resistor 482 601 504 616
resistor 594 600 618 612
resistor 705 600 730 613
resistor 469 405 482 426
resistor 383 385 393 410
resistor 426 185 447 192
resistor 429 198 447 206
resistor 427 212 448 221
resistor 455 183 478 192
resistor 457 197 478 207
resistor 456 213 478 222
resistor 645 116 666 127
resistor 656 149 678 158
resistor 659 161 675 171
resistor 653 184 678 197
resistor 656 207 679 217
resistor 672 259 682 281
resistor 701 259 713 283
resistor 623 372 636 398
resistor 669 370 681 395
resistor 702 370 713 397
