button 326 46 404 125
button 442 47 516 126
button 557 49 629 127
button 669 47 745 125
ic 424 358 536 463
ic 635 211 697 274
ic 735 404 776 435
resistor 132 482 153 492
resistor 131 466 152 474
resistor 186 349 199 375
resistor 226 354 239 374
resistor 266 350 278 374
resistor 334 255 353 265
resistor 335 241 354 252
resistor 332 230 355 239
resistor 332 215 357 226
resistor 329 203 359 214
resistor 376 269 399 279
resistor 375 254 399 264
resistor 374 243 400 252
resistor 374 227 399 239
resistor 377 214 401 225
resistor 376 200 398 212
resistor 415 269 441 279
resistor 418 252 442 264
resistor 418 242 439 252
resistor 415 227 439 238
resistor 415 214 439 224
resistor 502 263 524 273
resistor 506 249 526 258
resistor 501 234 522 248
resistor 501 220 524 233
resistor 368 135 390 145
resistor 482 131 504 146
resistor 594 135 618 147
resistor 705 134 730 147
resistor 469 321 482 342
resistor 383 337 393 362
resistor 426 555 447 562
resistor 429 541 447 549
resistor 427 526 448 535
resistor 455 555 478 564
resistor 457 540 478 550
resistor 456 525 478 534
resistor 645 620 666 631
resistor 656 589 678 598
resistor 659 576 675 586
resistor 653 550 678 563
resistor 656 530 679 540
resistor 672 466 682 488
resistor 701 464 713 488
resistor 623 349 636 375
resistor 669 352 681 377
resistor 702 350 713 377
