button 657 46 735 125
button 545 47 619 126
button 432 49 504 127
button 316 47 392 125
ic 525 358 637 463
ic 364 211 426 274
ic 285 404 326 435
resistor 908 482 929 492
resistor 909 466 930 474
resistor 862 349 875 375
resistor 822 354 835 374
resistor 783 350 795 374
resistor 708 255 727 265
resistor 707 241 726 252
resistor 706 230 729 239
resistor 704 215 729 226
resistor 702 203 732 214
resistor 662 269 685 279
resistor 662 254 686 264
resistor 661 243 687 252
resistor 662 227 687 239
resistor 660 214 684 225
resistor 663 200 685 212
resistor 620 269 646 279
resistor 619 252 643 264
resistor 622 242 643 252
resistor 622 227 646 238
resistor 622 214 646 224
resistor 537 263 559 273
resistor 535 249 555 258
resistor 539 234 560 248
resistor 537 220 560 233
resistor 671 135 693 145
resistor 557 131 579 146
resistor 443 135 467 147
resistor 331 134 356 147
resistor 579 321 592 342
resistor 668 337 678 362
resistor 614 555 635 562
resistor 614 541 632 549
resistor 613 526 634 535
resistor 583 555 606 564
resistor 583 540 604 550
resistor 583 525 605 534
resistor 395 620 416 631
resistor 383 589 405 598
resistor 386 576 402 586
resistor 383 550 408 563
resistor 382 530 405 540
resistor 379 466 389 488
resistor 348 464 360 488
resistor 425 349 438 375
resistor 380 352 392 377
resistor 348 350 359 377
