test 1266 186 1300 219
test 1266 222 1301 256
test 1264 256 1300 289
test 1161 178 1194 212
test 1159 217 1193 246
test 1159 252 1192 281
test 1331 356 1365 390
test 1265 444 1300 474
test 1264 477 1299 511
test 1263 512 1297 547
test 1157 506 1192 539
test 1159 471 1192 503
test 1157 436 1192 468
test 1349 674 1384 710
test 1351 826 1381 854
test 1197 810 1235 842
test 1200 774 1234 809
test 1200 741 1233 773
test 1102 690 1133 723
test 1102 727 1134 758
test 1100 760 1133 793
test 974 610 1007 646
test 896 604 929 638
test 932 641 963 673
test 883 674 915 711
test 895 779 931 814
test 830 818 865 850
test 832 852 864 889
test 1024 516 1055 546
test 717 590 752 624
test 684 792 719 824
test 574 769 610 800
test 569 670 602 703
test 485 648 517 681
test 457 563 486 596
test 447 861 483 894
test 406 860 437 894
test 442 817 475 848
test 371 627 403 659
test 356 669 387 701
test 304 710 339 747
test 284 631 316 667
test 235 641 270 673
test 321 832 352 866
test 334 870 365 900
pads 1098 294 1111 320
pads 1064 307 1090 320
pads 1064 322 1089 334
capacitor 1094 383 1117 394
capacitor 1094 417 1120 430
capacitor 1092 454 1117 464
capacitor 1094 479 1104 503
capacitor 1104 516 1122 554
capacitor 1084 515 1099 554
capacitor 1079 481 1090 506
capacitor 1044 481 1054 507
capacitor 1022 480 1036 506
capacitor 1002 481 1015 507
capacitor 988 477 999 501
capacitor 973 464 999 476
capacitor 976 476 987 501
capacitor 974 421 999 432
capacitor 973 408 1000 419
unknown 1080 361 1090 387
capacitor 1023 362 1034 388
capacitor 907 435 920 459
capacitor 844 315 854 343
capacitor 818 304 845 316
capacitor 807 316 820 341
ic 820 317 844 341
pads 860 529 885 542
ic 726 348 904 528
resistor 810 530 835 542
capacitor 809 565 821 589
capacitor 769 597 796 607
unknown 759 560 807 594
capacitor 716 562 755 581
pads 571 817 725 879
capacitor 710 490 723 515
capacitor 700 355 721 378
capacitor 630 331 648 372
capacitor 657 579 683 590
resistor 657 564 683 577
capacitor 615 531 625 554
ferrite 565 557 591 567
capacitor 596 591 607 615
clock 543 583 590 617
resistor 557 625 582 637
pads 597 642 607 668
capacitor 614 366 625 390
capacitor 586 371 597 392
capacitor 550 385 561 408
capacitor 528 371 553 382
capacitor 514 387 537 411
capacitor 495 418 521 428
capacitor 496 436 520 447
capacitor 489 463 514 475
resistor 468 518 494 529
ferrite 489 575 513 585
ferrite 506 594 518 616
capacitor 527 582 538 604
resistor 443 785 454 809
capacitor 480 731 488 755
resistor 463 730 474 752
resistor 450 731 460 754
resistor 435 729 446 753
ic 376 781 424 816
resistor 413 826 424 848
resistor 398 825 408 849
transistor 388 713 429 768
transistor 343 714 382 741
transistor 327 753 375 809
fuse 226 756 319 803
transistor 252 700 278 737
resistor 221 690 233 712
resistor 204 691 217 712
transistor 206 645 233 679
capacitor 257 613 296 629
connector 213 422 387 604
resistor 330 631 340 656
capacitor 343 633 354 657
resistor 358 632 369 658
capacitor 289 327 301 351
capacitor 308 329 316 341
inductor 341 380 379 398
capacitor 381 373 392 395
capacitor 368 353 380 376
capacitor 382 345 391 368
capacitor 380 331 402 341
capacitor 378 321 387 327
ic 319 291 363 361
resistor 373 266 382 279
clock 345 251 367 279
capacitor 375 254 381 263
pads 291 225 346 251
pads 465 349 477 376
resistor 477 335 501 361
capacitor 977 375 1004 385
text 1304 194 1343 211
text 1303 229 1344 248
text 1303 265 1342 282
text 1116 188 1156 207
text 1117 224 1155 241
text 1115 258 1156 276
text 1327 390 1366 408
text 1154 393 1172 432
text 1302 449 1343 471
text 1301 486 1340 505
text 1301 522 1342 541
text 1344 710 1385 728
text 1346 807 1386 825
text 1236 745 1278 765
text 1234 779 1278 797
text 1236 799 1276 818
text 1058 768 1097 786
text 1058 731 1097 749
text 1058 694 1097 712
text 1153 546 1191 564
text 1136 462 1155 500
text 893 816 926 834
text 867 848 884 888
text 833 797 874 816
text 839 679 879 696
text 891 649 929 664
text 932 606 971 626
text 1007 608 1026 647
text 1021 546 1063 566
text 683 774 722 792
text 576 750 608 768
text 603 676 642 694
text 511 674 549 692
text 483 869 513 887
text 483 849 521 866
text 480 825 513 842
text 390 675 423 694
text 385 612 427 626
text 420 588 460 606
text 304 697 342 711
text 352 838 368 867
text 316 869 331 899
text 234 673 273 691
test 278 806 308 836
text 308 812 338 831
text 713 626 754 647
text 1118 379 1149 396
text 1118 415 1148 433
text 1105 474 1126 507
text 1123 519 1140 549
text 1063 520 1083 549
text 1061 479 1079 512
text 1090 435 1120 454
text 1062 359 1080 389
text 1094 264 1113 295
text 1034 304 1063 322
text 1032 323 1064 339
text 1034 358 1051 390
text 1048 450 1065 480
text 1026 451 1043 481
text 1005 451 1021 479
text 973 504 1003 523
text 955 482 973 509
text 943 462 974 479
text 943 420 974 438
text 944 404 972 419
text 935 371 974 389
text 907 404 926 435
text 880 324 911 344
text 857 304 876 343
text 813 285 851 302
text 789 305 808 344
text 774 284 811 301
text 688 315 708 354
text 858 544 888 561
text 807 544 838 561
text 691 471 711 512
text 771 544 795 560
text 822 569 854 587
text 800 598 830 614
text 721 545 750 563
text 664 592 696 611
text 664 548 694 565
text 632 293 650 332
text 608 326 627 365
text 585 329 603 368
text 559 344 577 385
text 524 354 554 371
text 493 366 518 392
text 487 324 512 352
text 338 207 367 223
text 348 234 366 251
text 371 210 389 249
text 397 255 414 285
text 368 288 398 306
text 395 308 435 325
text 408 328 447 345
text 397 349 436 366
text 397 366 436 384
text 397 383 438 401
text 456 402 496 419
text 464 419 494 436
text 472 436 490 476
text 470 502 500 518
text 626 547 643 577
text 609 591 626 620
text 608 640 624 670
text 583 626 609 643
text 595 621 601 628
text 537 622 557 639
text 522 614 537 642
text 503 617 524 648
text 487 588 507 615
text 457 784 476 814
text 387 854 404 873
text 425 829 441 851
text 363 818 394 834
text 482 688 500 728
text 464 699 483 728
text 448 697 464 728
text 431 698 448 728
text 380 705 400 724
text 367 742 381 763
pads 548 642 588 666
text 550 669 569 688
text 283 358 301 399
text 301 360 316 398
text 318 382 339 399
text 203 401 222 420
text 224 613 256 630
text 212 626 226 647
text 300 605 316 633
text 325 604 342 632
text 357 604 376 632
text 201 719 220 749
text 233 729 250 748
text 287 734 303 755
text 261 741 282 757
text 233 694 251 715
text 278 685 297 702
text 278 667 298 683
text 338 661 355 697
text 323 746 341 766
text 591 562 620 578
text 728 824 747 841
unknown 269 268 289 299
unknown 267 231 281 245
unknown 273 247 285 267
unknown 284 250 291 265
unknown 311 255 322 267
unknown 332 254 340 266
unknown 329 276 338 281
unknown 319 274 326 285
unknown 298 272 309 296
unknown 299 309 315 316
unknown 291 302 298 315
unknown 299 301 315 307
unknown 275 328 288 336
unknown 643 385 649 395
unknown 627 380 634 391
unknown 606 393 616 415
unknown 616 418 639 427
unknown 635 435 642 445
unknown 600 437 624 446
unknown 559 418 582 427
unknown 526 419 551 427
unknown 635 473 640 483
unknown 604 464 629 474
unknown 582 431 591 436
unknown 565 430 577 436
unknown 551 430 563 436
unknown 536 430 548 436
unknown 523 436 530 447
unknown 480 483 504 492
unknown 586 447 598 453
unknown 567 447 578 453
unknown 552 454 559 465
unknown 543 454 549 465
unknown 533 453 540 464
unknown 568 457 579 463
unknown 634 493 645 503
unknown 603 491 613 502
unknown 571 501 595 511
unknown 588 458 596 481
unknown 578 473 584 483
unknown 524 459 530 469
unknown 550 473 573 482
unknown 522 475 533 481
unknown 521 484 532 490
unknown 550 484 560 490
unknown 549 494 560 499
unknown 522 494 531 500
unknown 560 515 569 539
unknown 543 502 567 511
unknown 515 502 539 511
unknown 523 514 533 537
unknown 496 529 519 538
unknown 474 548 497 557
unknown 624 520 647 529
unknown 578 528 587 551
unknown 532 548 542 573
unknown 501 548 525 557
unknown 497 561 520 571
text 769 215 854 236
text 694 215 764 239
text 734 239 763 261
text 781 239 881 260
text 854 216 898 238
text 552 289 603 308
text 391 441 415 592
pins 1173 124 1318 179
pins 1196 178 1263 307
pins 1176 306 1317 434
pins 1193 435 1261 564
pins 1176 563 1314 678
pins 1320 656 1349 726
pins 1319 807 1347 874
pins 1205 850 1259 898
pins 1137 686 1201 848
pins 297 130 1018 202
component 338 473 362 580
component 770 365 844 515
pins 888 720 1017 767
pins 891 842 1019 881
pins 735 748 770 885
component 551 591 584 613
component 263 760 281 800
pins 295 832 320 904
pins 370 834 394 903
pins 528 757 563 888
capacitor 300 669 326 682
capacitor 290 707 302 732
resistor 300 683 326 695
connector 1032 219 1105 256
