test 322 186 356 219
test 321 222 356 256
test 322 256 358 289
test 428 178 461 212
test 429 217 463 246
test 430 252 463 281
test 257 356 291 390
test 322 444 357 474
test 323 477 358 511
test 325 512 359 547
test 430 506 465 539
test 430 471 463 503
test 430 436 465 468
test 238 674 273 710
test 241 826 271 854
test 387 810 425 842
test 388 774 422 809
test 389 741 422 773
test 489 690 520 723
test 488 727 520 758
test 489 760 522 793
test 615 610 648 646
test 693 604 726 638
test 659 641 690 673
test 707 674 739 711
test 691 779 727 814
test 757 818 792 850
test 758 852 790 889
test 567 516 598 546
test 870 590 905 624
test 903 792 938 824
test 1012 769 1048 800
test 1020 670 1053 703
test 1105 648 1137 681
test 1136 563 1165 596
test 1139 861 1175 894
test 1185 860 1216 894
test 1147 817 1180 848
test 1219 627 1251 659
test 1235 669 1266 701
test 1283 710 1318 747
test 1306 631 1338 667
test 1352 641 1387 673
test 1270 832 1301 866
test 1257 870 1288 900
pads 511 294 524 320
pads 532 307 558 320
pads 533 322 558 334
capacitor 505 383 528 394
capacitor 502 417 528 430
capacitor 505 454 530 464
capacitor 518 479 528 503
capacitor 500 516 518 554
capacitor 523 515 538 554
capacitor 532 481 543 506
capacitor 568 481 578 507
capacitor 586 480 600 506
capacitor 607 481 620 507
capacitor 623 477 634 501
capacitor 623 464 649 476
capacitor 635 476 646 501
capacitor 623 421 648 432
capacitor 622 408 649 419
unknown 532 361 542 387
capacitor 588 362 599 388
capacitor 702 435 715 459
capacitor 768 315 778 343
capacitor 777 304 804 316
capacitor 802 316 815 341
ic 778 317 802 341
pads 737 529 762 542
ic 718 348 896 528
resistor 787 530 812 542
capacitor 801 565 813 589
capacitor 826 597 853 607
unknown 815 560 863 594
capacitor 867 562 906 581
pads 897 817 1051 879
capacitor 899 490 912 515
capacitor 901 355 922 378
capacitor 974 331 992 372
capacitor 939 579 965 590
resistor 939 564 965 577
capacitor 997 531 1007 554
ferrite 1031 557 1057 567
capacitor 1015 591 1026 615
clock 1032 583 1079 617
resistor 1040 625 1065 637
pads 1015 642 1025 668
capacitor 997 366 1008 390
capacitor 1025 371 1036 392
capacitor 1061 385 1072 408
capacitor 1069 371 1094 382
capacitor 1085 387 1108 411
capacitor 1101 418 1127 428
capacitor 1102 436 1126 447
capacitor 1108 463 1133 475
resistor 1128 518 1154 529
ferrite 1109 575 1133 585
ferrite 1104 594 1116 616
capacitor 1084 582 1095 604
resistor 1168 785 1179 809
capacitor 1134 731 1142 755
resistor 1148 730 1159 752
resistor 1162 731 1172 754
resistor 1176 729 1187 753
ic 1198 781 1246 816
resistor 1198 826 1209 848
resistor 1214 825 1224 849
transistor 1193 713 1234 768
transistor 1240 714 1279 741
transistor 1247 753 1295 809
fuse 1303 756 1396 803
transistor 1344 700 1370 737
resistor 1389 690 1401 712
resistor 1405 691 1418 712
transistor 1389 645 1416 679
capacitor 1326 613 1365 629
connector 1235 422 1409 604
resistor 1282 631 1292 656
capacitor 1268 633 1279 657
resistor 1253 632 1264 658
capacitor 1321 327 1333 351
capacitor 1306 329 1314 341
inductor 1243 380 1281 398
capacitor 1230 373 1241 395
capacitor 1242 353 1254 376
capacitor 1231 345 1240 368
capacitor 1220 331 1242 341
capacitor 1235 321 1244 327
ic 1259 291 1303 361
resistor 1240 266 1249 279
clock 1255 251 1277 279
capacitor 1241 254 1247 263
pads 1276 225 1331 251
pads 1145 349 1157 376
resistor 1121 335 1145 361
capacitor 618 375 645 385
text 279 194 318 211
text 278 229 319 248
text 280 265 319 282
text 466 188 506 207
text 467 224 505 241
text 466 258 507 276
text 256 390 295 408
text 450 393 468 432
text 279 449 320 471
text 282 486 321 505
text 280 522 321 541
text 237 710 278 728
text 236 807 276 825
text 344 745 386 765
text 344 779 388 797
text 346 799 386 818
text 525 768 564 786
text 525 731 564 749
text 525 694 564 712
text 431 546 469 564
text 467 462 486 500
text 696 816 729 834
text 738 848 755 888
text 748 797 789 816
text 743 679 783 696
text 693 649 731 664
text 651 606 690 626
text 596 608 615 647
text 559 546 601 566
text 900 774 939 792
text 1014 750 1046 768
text 980 676 1019 694
text 1073 674 1111 692
text 1109 869 1139 887
text 1101 849 1139 866
text 1109 825 1142 842
text 1199 675 1232 694
text 1195 612 1237 626
text 1162 588 1202 606
text 1280 697 1318 711
text 1254 838 1270 867
text 1291 869 1306 899
text 1349 673 1388 691
test 1314 806 1344 836
text 1284 812 1314 831
text 868 626 909 647
text 473 379 504 396
text 474 415 504 433
text 496 474 517 507
text 482 519 499 549
text 539 520 559 549
text 543 479 561 512
text 502 435 532 454
text 542 359 560 389
text 509 264 528 295
text 559 304 588 322
text 558 323 590 339
text 571 358 588 390
text 557 450 574 480
text 579 451 596 481
text 601 451 617 479
text 619 504 649 523
text 649 482 667 509
text 648 462 679 479
text 648 420 679 438
text 650 404 678 419
text 648 371 687 389
text 696 404 715 435
text 711 324 742 344
text 746 304 765 343
text 771 285 809 302
text 814 305 833 344
text 811 284 848 301
text 914 315 934 354
text 734 544 764 561
text 784 544 815 561
text 911 471 931 512
text 827 544 851 560
text 768 569 800 587
text 792 598 822 614
text 872 545 901 563
text 926 592 958 611
text 928 548 958 565
text 972 293 990 332
text 995 326 1014 365
text 1019 329 1037 368
text 1045 344 1063 385
text 1068 354 1098 371
text 1104 366 1129 392
text 1110 324 1135 352
text 1255 207 1284 223
text 1256 234 1274 251
text 1233 210 1251 249
text 1208 255 1225 285
text 1224 288 1254 306
text 1187 308 1227 325
text 1175 328 1214 345
text 1186 349 1225 366
text 1186 366 1225 384
text 1184 383 1225 401
text 1126 402 1166 419
text 1128 419 1158 436
text 1132 436 1150 476
text 1122 502 1152 518
text 979 547 996 577
text 996 591 1013 620
text 998 640 1014 670
text 1013 626 1039 643
text 1021 621 1027 628
text 1065 622 1085 639
text 1085 614 1100 642
text 1098 617 1119 648
text 1115 588 1135 615
text 1146 784 1165 814
text 1218 854 1235 873
text 1181 829 1197 851
text 1228 818 1259 834
text 1122 688 1140 728
text 1139 699 1158 728
text 1158 697 1174 728
text 1174 698 1191 728
text 1222 705 1242 724
text 1241 742 1255 763
pads 1034 642 1074 666
text 1053 669 1072 688
text 1321 358 1339 399
text 1306 360 1321 398
text 1283 382 1304 399
text 1400 401 1419 420
text 1366 613 1398 630
text 1396 626 1410 647
text 1306 605 1322 633
text 1280 604 1297 632
text 1246 604 1265 632
text 1402 719 1421 749
text 1372 729 1389 748
text 1319 734 1335 755
text 1340 741 1361 757
text 1371 694 1389 715
text 1325 685 1344 702
text 1324 667 1344 683
text 1267 661 1284 697
text 1281 746 1299 766
text 1002 562 1031 578
text 875 824 894 841
unknown 1333 268 1353 299
unknown 1341 231 1355 245
unknown 1337 247 1349 267
unknown 1331 250 1338 265
unknown 1300 255 1311 267
unknown 1282 254 1290 266
unknown 1284 276 1293 281
unknown 1296 274 1303 285
unknown 1313 272 1324 296
unknown 1307 309 1323 316
unknown 1324 302 1331 315
unknown 1307 301 1323 307
unknown 1334 328 1347 336
unknown 973 385 979 395
unknown 988 380 995 391
unknown 1006 393 1016 415
unknown 983 418 1006 427
unknown 980 435 987 445
unknown 998 437 1022 446
unknown 1040 418 1063 427
unknown 1071 419 1096 427
unknown 982 473 987 483
unknown 993 464 1018 474
unknown 1031 431 1040 436
unknown 1045 430 1057 436
unknown 1059 430 1071 436
unknown 1074 430 1086 436
unknown 1092 436 1099 447
unknown 1118 483 1142 492
unknown 1024 447 1036 453
unknown 1044 447 1055 453
unknown 1063 454 1070 465
unknown 1073 454 1079 465
unknown 1082 453 1089 464
unknown 1043 457 1054 463
unknown 977 493 988 503
unknown 1009 491 1019 502
unknown 1027 501 1051 511
unknown 1026 458 1034 481
unknown 1038 473 1044 483
unknown 1092 459 1098 469
unknown 1049 473 1072 482
unknown 1089 475 1100 481
unknown 1090 484 1101 490
unknown 1062 484 1072 490
unknown 1062 494 1073 499
unknown 1091 494 1100 500
unknown 1053 515 1062 539
unknown 1055 502 1079 511
unknown 1083 502 1107 511
unknown 1089 514 1099 537
unknown 1103 529 1126 538
unknown 1125 548 1148 557
unknown 975 520 998 529
unknown 1035 528 1044 551
unknown 1080 548 1090 573
unknown 1097 548 1121 557
unknown 1102 561 1125 571
text 768 215 853 236
text 858 215 928 239
text 859 239 888 261
text 741 239 841 260
text 724 216 768 238
text 1019 289 1070 308
text 1207 441 1231 592
pins 304 124 449 179
pins 359 178 426 307
pins 305 306 446 434
pins 361 435 429 564
pins 308 563 446 678
pins 273 656 302 726
pins 275 807 303 874
pins 363 850 417 898
pins 421 686 485 848
pins 604 130 1325 202
component 1260 473 1284 580
component 778 365 852 515
pins 605 720 734 767
pins 603 842 731 881
pins 852 748 887 885
component 1038 591 1071 613
component 1341 760 1359 800
pins 1302 832 1327 904
pins 1228 834 1252 903
pins 1059 757 1094 888
capacitor 1296 669 1322 682
capacitor 1320 707 1332 732
resistor 1296 683 1322 695
connector 517 219 590 256
