capacitor 226 1143 242 1180
resistor 253 1141 270 1178
resistor 299 1153 340 1171
resistor 462 972 476 1010
resistor 483 973 497 1008
resistor 501 971 516 1009
resistor 520 973 539 1009
capacitor 228 951 250 993
capacitor 263 959 279 996
ferrite 211 922 270 948
resistor 178 858 213 873
resistor 177 833 212 848
ic 218 793 287 842
capacitor 186 773 225 791
resistor 248 739 264 778
led 29 311 55 373
led 31 233 55 295
capacitor 70 352 107 421
capacitor 114 353 147 421
resistor 297 853 315 892
capacitor 226 353 260 421
capacitor 266 356 302 421
inductor 74 240 176 330
connector 167 61 343 209
capacitor 410 143 425 179
resistor 506 143 520 178
diode 271 232 426 312
capacitor 327 325 423 371
ic 430 119 496 204
capacitor 461 227 502 246
ic 439 250 523 324
capacitor 462 323 501 337
resistor 477 449 494 488
pads 500 423 521 465
resistor 538 392 552 428
connector 557 43 896 329
transistor 557 343 611 383
transistor 558 386 612 430
pads 537 343 552 381
ic 424 408 477 442
capacitor 324 467 420 505
inductor 196 440 299 537
capacitor 387 389 422 458
ic 634 372 667 401
inductor 708 361 730 394
inductor 741 359 765 393
inductor 773 360 797 391
inductor 807 357 830 392
resistor 409 523 449 539
resistor 413 548 448 561
ic 151 353 220 422
connector 21 453 169 961
resistor 554 958 569 993
resistor 686 957 725 975
capacitor 639 1159 677 1177
capacitor 1480 1136 1521 1231
capacitor 1438 1064 1474 1081
resistor 1439 1042 1476 1058
pads 1437 1013 1476 1027
ic 1344 1019 1429 1086
capacitor 1321 1046 1337 1079
diode 1224 1019 1314 1086
resistor 1202 1043 1217 1080
resistor 1255 1092 1291 1108
capacitor 1253 1113 1291 1130
connector 1329 1116 1445 1169
connector 1582 973 1974 1281
connector 1581 560 1976 866
connector 1472 105 1980 500
capacitor 1434 234 1471 251
resistor 1432 256 1471 274
capacitor 1297 238 1387 282
capacitor 1309 295 1350 389
resistor 1219 390 1253 404
resistor 1220 409 1254 425
capacitor 1281 412 1316 427
resistor 1309 442 1344 457
resistor 1311 464 1346 479
capacitor 1312 487 1344 502
ic 1253 435 1307 511
capacitor 1164 391 1202 407
resistor 1223 441 1254 457
resistor 1219 466 1254 479
capacitor 1223 486 1253 501
ic 1163 408 1210 484
capacitor 1126 488 1186 513
diode 1087 374 1151 460
ferrite 1095 314 1113 353
pads 1094 270 1114 312
connector 1134 18 1288 357
capacitor 1196 488 1211 524
resistor 920 201 950 216
resistor 917 224 950 241
connector 954 96 1083 594
pads 1427 300 1469 322
pads 1433 334 1474 352
pads 1427 359 1473 378
pads 1433 392 1472 408
capacitor 1438 554 1533 599
capacitor 1489 612 1533 707
ferrite 1443 645 1468 704
resistor 1416 656 1430 695
resistor 1346 654 1364 692
resistor 1317 654 1330 687
resistor 1295 654 1310 689
resistor 1262 657 1280 690
resistor 1245 671 1259 705
resistor 1199 657 1237 675
ferrite 1199 690 1224 750
capacitor 1198 757 1224 815
ic 1254 737 1447 931
capacitor 1199 862 1224 922
ferrite 1199 940 1256 965
capacitor 1081 706 1115 721
capacitor 1034 704 1073 719
capacitor 995 685 1029 725
capacitor 867 702 903 719
capacitor 940 747 960 785
capacitor 909 706 946 720
capacitor 973 747 1008 762
capacitor 1100 742 1113 780
capacitor 1046 765 1085 782
pads 964 772 1024 799
capacitor 1100 805 1114 842
capacitor 981 814 1017 831
capacitor 1090 870 1150 897
ic 984 838 1012 867
capacitor 899 805 937 822
capacitor 909 828 942 842
capacitor 864 828 898 843
capacitor 937 857 952 895
capacitor 961 936 975 971
capacitor 1012 937 1030 973
pads 1052 938 1067 974
capacitor 1073 960 1131 985
capacitor 1075 933 1117 948
resistor 1367 948 1382 986
resistor 1389 949 1403 987
connector 169 1195 1310 1319
resistor 520 579 533 619
resistor 801 620 817 659
text 86 971 118 1183
text 140 1178 170 1204
text 193 1138 222 1186
text 248 1092 273 1141
text 292 1092 325 1141
text 368 1127 460 1180
text 205 992 236 1055
text 262 1000 290 1064
text 216 892 267 920
text 292 892 318 940
text 172 879 217 903
text 390 1024 414 1071
text 415 1022 440 1069
text 440 1022 468 1068
text 469 1026 492 1069
text 416 933 445 960
text 221 847 247 871
text 254 845 278 890
text 269 735 298 764
text 242 706 300 733
text 173 646 211 769
text 31 901 59 928
text 292 537 318 566
text 39 421 65 469
text 29 376 57 429
text 71 422 96 454
text 101 422 128 454
text 127 422 152 454
text 337 511 399 540
text 406 565 452 589
text 421 456 448 486
text 413 498 451 522
text 447 453 475 500
text 173 214 203 239
text 237 276 270 302
text 187 284 216 312
text 226 324 263 353
text 288 321 318 348
text 427 296 459 321
text 416 187 448 214
text 346 95 380 210
text 403 104 431 138
text 500 106 526 138
text 504 222 548 249
text 421 336 450 397
text 458 339 504 368
text 507 327 535 372
text 611 338 646 366
text 665 348 696 373
text 568 434 599 460
text 530 429 556 476
text 498 468 523 515
text 471 499 496 546
text 484 573 513 621
text 784 596 830 620
text 705 404 733 436
text 740 404 764 434
text 769 404 799 435
text 803 404 830 438
text 853 338 882 369
text 916 288 952 399
text 910 243 954 270
text 908 173 954 201
text 910 104 946 173
text 1081 101 1114 161
text 1083 176 1110 226
text 1097 221 1124 270
text 1140 364 1186 390
text 1086 467 1112 502
text 1112 518 1154 545
text 1184 530 1210 576
text 1212 514 1262 539
text 1215 537 1261 563
text 1214 562 1262 589
text 1253 371 1300 396
text 1118 461 1164 488
text 1270 525 1314 554
text 1346 438 1392 463
text 1346 463 1394 489
text 1346 488 1390 513
text 1459 527 1505 554
text 1292 104 1320 133
text 1291 187 1318 236
text 1444 189 1472 232
text 1399 246 1425 294
text 1352 295 1376 340
text 1380 297 1425 327
text 1381 329 1424 354
text 1380 357 1425 382
text 1380 391 1425 415
text 1352 356 1377 400
text 1321 407 1365 434
text 1343 604 1369 649
text 1313 604 1337 654
text 1286 605 1312 651
text 1257 606 1282 652
text 1231 612 1257 658
text 1178 627 1222 656
text 837 647 865 709
text 898 670 959 696
text 851 730 877 789
text 829 796 890 821
text 797 824 857 853
text 831 857 889 887
text 878 745 936 771
text 949 717 1007 741
text 947 643 1002 697
text 1021 670 1082 696
text 1089 667 1149 696
text 1027 737 1087 765
text 1126 732 1154 792
text 1028 790 1087 818
text 1115 804 1175 831
text 1113 841 1173 869
text 1167 874 1196 925
text 948 812 977 856
text 1163 695 1192 742
text 1164 752 1191 802
text 921 902 951 964
text 952 977 979 1037
text 1004 979 1032 1040
text 1044 988 1072 1035
text 1072 1000 1136 1027
text 1133 933 1161 993
text 1164 929 1195 976
text 1215 996 1247 1026
text 1171 1041 1197 1088
text 1204 1090 1248 1115
text 1183 1117 1244 1146
text 679 979 725 1004
text 573 963 621 989
ic 455 626 780 949
text 679 1157 728 1181
text 1296 1120 1324 1164
text 1315 979 1343 1038
text 1316 949 1362 975
text 1362 990 1407 1017
text 1412 967 1459 995
text 1477 1008 1524 1034
text 1478 1037 1523 1063
text 1477 1064 1540 1092
text 1522 1160 1549 1207
text 1406 610 1433 657
text 1438 602 1467 647
text 1461 728 1491 757
text 1506 713 1534 762
text 1835 1285 1883 1315
text 1824 945 1881 978
text 1840 884 1886 914
text 1826 545 1882 565
text 1835 497 1883 527
text 950 533 978 567
text 161 488 193 513
text 661 1102 1137 1142
text 712 1048 762 1097
text 775 1056 1079 1093
text 512 1004 639 1163
text 334 800 441 914
text 180 550 284 634
text 295 590 403 670
text 551 546 894 584
text 600 509 861 541
text 626 446 834 491
unknown 1021 835 1037 869
unknown 982 873 1017 888
unknown 994 905 1031 921
unknown 1097 905 1132 922
unknown 1067 821 1082 856
unknown 469 376 505 413
unknown 25 1018 75 1156
inductor 324 382 378 454
component 1743 1026 1790 1224
component 1747 609 1798 814
component 485 665 740 857
component 1379 1026 1400 1079
component 1261 1024 1281 1080
text 1091 403 1146 425
component 99 249 147 317
component 223 446 266 517
component 161 362 214 401
component 317 233 381 277
component 235 808 276 834
component 1279 756 1393 896
