test 322 861 356 894
test 321 824 356 858
test 322 791 358 824
test 428 868 461 902
test 429 834 463 863
test 430 799 463 828
test 257 690 291 724
test 322 606 357 636
test 323 569 358 603
test 325 533 359 568
test 430 541 465 574
test 430 577 463 609
test 430 612 465 644
test 238 370 273 406
test 241 226 271 254
test 387 238 425 270
test 388 271 422 306
test 389 307 422 339
test 489 357 520 390
test 488 322 520 353
test 489 287 522 320
test 615 434 648 470
test 693 442 726 476
test 659 407 690 439
test 707 369 739 406
test 691 266 727 301
test 757 230 792 262
test 758 191 790 228
test 567 534 598 564
test 870 456 905 490
test 903 256 938 288
test 1012 280 1048 311
test 1020 377 1053 410
test 1105 399 1137 432
test 1136 484 1165 517
test 1139 186 1175 219
test 1185 186 1216 220
test 1147 232 1180 263
test 1219 421 1251 453
test 1235 379 1266 411
test 1283 333 1318 370
test 1306 413 1338 449
test 1352 407 1387 439
test 1270 214 1301 248
test 1257 180 1288 210
pads 511 760 524 786
pads 532 760 558 773
pads 533 746 558 758
capacitor 505 686 528 697
capacitor 502 650 528 663
capacitor 505 616 530 626
capacitor 518 577 528 601
capacitor 500 526 518 564
capacitor 523 526 538 565
capacitor 532 574 543 599
capacitor 568 573 578 599
capacitor 586 574 600 600
capacitor 607 573 620 599
capacitor 623 579 634 603
capacitor 623 604 649 616
capacitor 635 579 646 604
capacitor 623 648 648 659
capacitor 622 661 649 672
unknown 532 693 542 719
capacitor 588 692 599 718
capacitor 702 621 715 645
capacitor 768 737 778 765
capacitor 777 764 804 776
capacitor 802 739 815 764
ic 778 739 802 763
pads 737 538 762 551
ic 718 552 896 732
resistor 787 538 812 550
capacitor 801 491 813 515
capacitor 826 473 853 483
unknown 815 486 863 520
capacitor 867 499 906 518
pads 897 201 1051 263
capacitor 899 565 912 590
capacitor 901 702 922 725
capacitor 974 708 992 749
capacitor 939 490 965 501
resistor 939 503 965 516
capacitor 997 526 1007 549
ferrite 1031 513 1057 523
capacitor 1015 465 1026 489
clock 1032 463 1079 497
resistor 1040 443 1065 455
pads 1015 412 1025 438
capacitor 997 690 1008 714
capacitor 1025 688 1036 709
capacitor 1061 672 1072 695
capacitor 1069 698 1094 709
capacitor 1085 669 1108 693
capacitor 1101 652 1127 662
capacitor 1102 633 1126 644
capacitor 1108 605 1133 617
resistor 1128 551 1154 562
ferrite 1109 495 1133 505
ferrite 1104 464 1116 486
capacitor 1084 476 1095 498
resistor 1168 271 1179 295
capacitor 1134 325 1142 349
resistor 1148 328 1159 350
resistor 1162 326 1172 349
resistor 1176 327 1187 351
ic 1198 264 1246 299
resistor 1198 232 1209 254
resistor 1214 231 1224 255
transistor 1193 312 1234 367
transistor 1240 339 1279 366
transistor 1247 271 1295 327
fuse 1303 277 1396 324
transistor 1344 343 1370 380
resistor 1389 368 1401 390
resistor 1405 368 1418 389
transistor 1389 401 1416 435
capacitor 1326 451 1365 467
connector 1235 476 1409 658
resistor 1282 424 1292 449
capacitor 1268 423 1279 447
resistor 1253 422 1264 448
capacitor 1321 729 1333 753
capacitor 1306 739 1314 751
inductor 1243 682 1281 700
capacitor 1230 685 1241 707
capacitor 1242 704 1254 727
capacitor 1231 712 1240 735
capacitor 1220 739 1242 749
capacitor 1235 753 1244 759
ic 1259 719 1303 789
resistor 1240 801 1249 814
clock 1255 801 1277 829
capacitor 1241 817 1247 826
pads 1276 829 1331 855
pads 1145 704 1157 731
resistor 1121 719 1145 745
capacitor 618 695 645 705
text 279 869 318 886
text 278 832 319 851
text 280 798 319 815
text 466 873 506 892
text 467 839 505 856
text 466 804 507 822
text 256 672 295 690
text 450 648 468 687
text 279 609 320 631
text 282 575 321 594
text 280 539 321 558
text 237 352 278 370
text 236 255 276 273
text 344 315 386 335
text 344 283 388 301
text 346 262 386 281
text 525 294 564 312
text 525 331 564 349
text 525 368 564 386
text 431 516 469 534
text 467 580 486 618
text 696 246 729 264
text 738 192 755 232
text 748 264 789 283
text 743 384 783 401
text 693 416 731 431
text 651 454 690 474
text 596 433 615 472
text 559 514 601 534
text 900 288 939 306
text 1014 312 1046 330
text 980 386 1019 404
text 1073 388 1111 406
text 1109 193 1139 211
text 1101 214 1139 231
text 1109 238 1142 255
text 1199 386 1232 405
text 1195 454 1237 468
text 1162 474 1202 492
text 1280 369 1318 383
text 1254 213 1270 242
text 1291 181 1306 211
text 1349 389 1388 407
test 1314 244 1344 274
text 1284 249 1314 268
text 868 433 909 454
text 473 684 504 701
text 474 647 504 665
text 496 573 517 606
text 482 531 499 561
text 539 531 559 560
text 543 568 561 601
text 502 626 532 645
text 542 691 560 721
text 509 785 528 816
text 559 758 588 776
text 558 741 590 757
text 571 690 588 722
text 557 600 574 630
text 579 599 596 629
text 601 601 617 629
text 619 557 649 576
text 649 571 667 598
text 648 601 679 618
text 648 642 679 660
text 650 661 678 676
text 648 691 687 709
text 696 645 715 676
text 711 736 742 756
text 746 737 765 776
text 771 778 809 795
text 814 736 833 775
text 811 779 848 796
text 914 726 934 765
text 734 519 764 536
text 784 519 815 536
text 911 568 931 609
text 827 520 851 536
text 768 493 800 511
text 792 466 822 482
text 872 517 901 535
text 926 469 958 488
text 928 515 958 532
text 972 748 990 787
text 995 715 1014 754
text 1019 712 1037 751
text 1045 695 1063 736
text 1068 709 1098 726
text 1104 688 1129 714
text 1110 728 1135 756
text 1255 857 1284 873
text 1256 829 1274 846
text 1233 831 1251 870
text 1208 795 1225 825
text 1224 774 1254 792
text 1187 755 1227 772
text 1175 735 1214 752
text 1186 714 1225 731
text 1186 696 1225 714
text 1184 679 1225 697
text 1126 661 1166 678
text 1128 644 1158 661
text 1132 604 1150 644
text 1122 562 1152 578
text 979 503 996 533
text 996 460 1013 489
text 998 410 1014 440
text 1013 437 1039 454
text 1021 452 1027 459
text 1065 441 1085 458
text 1085 438 1100 466
text 1098 432 1119 463
text 1115 465 1135 492
text 1146 266 1165 296
text 1218 207 1235 226
text 1181 229 1197 251
text 1228 246 1259 262
text 1122 352 1140 392
text 1139 352 1158 381
text 1158 352 1174 383
text 1174 352 1191 382
text 1222 356 1242 375
text 1241 317 1255 338
pads 1034 414 1074 438
text 1053 392 1072 411
text 1321 681 1339 722
text 1306 682 1321 720
text 1283 681 1304 698
text 1400 660 1419 679
text 1366 450 1398 467
text 1396 433 1410 454
text 1306 447 1322 475
text 1280 448 1297 476
text 1246 448 1265 476
text 1402 331 1421 361
text 1372 332 1389 351
text 1319 325 1335 346
text 1340 323 1361 339
text 1371 365 1389 386
text 1325 378 1344 395
text 1324 397 1344 413
text 1267 383 1284 419
text 1281 314 1299 334
text 1002 502 1031 518
text 875 239 894 256
unknown 1333 781 1353 812
unknown 1341 835 1355 849
unknown 1337 813 1349 833
unknown 1331 815 1338 830
unknown 1300 813 1311 825
unknown 1282 814 1290 826
unknown 1284 799 1293 804
unknown 1296 795 1303 806
unknown 1313 784 1324 808
unknown 1307 764 1323 771
unknown 1324 765 1331 778
unknown 1307 773 1323 779
unknown 1334 744 1347 752
unknown 973 685 979 695
unknown 988 689 995 700
unknown 1006 665 1016 687
unknown 983 653 1006 662
unknown 980 635 987 645
unknown 998 634 1022 643
unknown 1040 653 1063 662
unknown 1071 653 1096 661
unknown 982 597 987 607
unknown 993 606 1018 616
unknown 1031 644 1040 649
unknown 1045 644 1057 650
unknown 1059 644 1071 650
unknown 1074 644 1086 650
unknown 1092 633 1099 644
unknown 1118 588 1142 597
unknown 1024 627 1036 633
unknown 1044 627 1055 633
unknown 1063 615 1070 626
unknown 1073 615 1079 626
unknown 1082 616 1089 627
unknown 1043 617 1054 623
unknown 977 577 988 587
unknown 1009 578 1019 589
unknown 1027 569 1051 579
unknown 1026 599 1034 622
unknown 1038 597 1044 607
unknown 1092 611 1098 621
unknown 1049 598 1072 607
unknown 1089 599 1100 605
unknown 1090 590 1101 596
unknown 1062 590 1072 596
unknown 1062 581 1073 586
unknown 1091 580 1100 586
unknown 1053 541 1062 565
unknown 1055 569 1079 578
unknown 1083 569 1107 578
unknown 1089 543 1099 566
unknown 1103 542 1126 551
unknown 1125 523 1148 532
unknown 975 551 998 560
unknown 1035 529 1044 552
unknown 1080 507 1090 532
unknown 1097 523 1121 532
unknown 1102 509 1125 519
text 768 844 853 865
text 858 841 928 865
text 859 819 888 841
text 741 820 841 841
text 724 842 768 864
text 1019 772 1070 791
text 1207 488 1231 639
pins 304 901 449 956
pins 359 773 426 902
pins 305 646 446 774
pins 361 516 429 645
pins 308 402 446 517
pins 273 354 302 424
pins 275 206 303 273
pins 363 182 417 230
pins 421 232 485 394
pins 604 878 1325 950
component 1260 500 1284 607
component 778 565 852 715
pins 605 313 734 360
pins 603 199 731 238
pins 852 195 887 332
component 1038 467 1071 489
component 1341 280 1359 320
pins 1302 176 1327 248
pins 1228 177 1252 246
pins 1059 192 1094 323
capacitor 1296 398 1322 411
capacitor 1320 348 1332 373
resistor 1296 385 1322 397
connector 517 824 590 861
