capacitor 226 170 242 207
resistor 253 172 270 209
resistor 299 179 340 197
resistor 462 340 476 378
resistor 483 342 497 377
resistor 501 341 516 379
resistor 520 341 539 377
capacitor 228 357 250 399
capacitor 263 354 279 391
ferrite 211 402 270 428
resistor 178 477 213 492
resistor 177 502 212 517
ic 218 508 287 557
capacitor 186 559 225 577
resistor 248 572 264 611
led 29 977 55 1039
led 31 1055 55 1117
capacitor 70 929 107 998
capacitor 114 929 147 997
resistor 297 458 315 497
capacitor 226 929 260 997
capacitor 266 929 302 994
inductor 74 1020 176 1110
connector 167 1141 343 1289
capacitor 410 1171 425 1207
resistor 506 1172 520 1207
diode 271 1038 426 1118
capacitor 327 979 423 1025
ic 430 1146 496 1231
capacitor 461 1104 502 1123
ic 439 1026 523 1100
capacitor 462 1013 501 1027
resistor 477 862 494 901
pads 500 885 521 927
resistor 538 922 552 958
connector 557 1021 896 1307
transistor 557 967 611 1007
transistor 558 920 612 964
pads 537 969 552 1007
ic 424 908 477 942
capacitor 324 845 420 883
inductor 196 813 299 910
capacitor 387 892 422 961
ic 634 949 667 978
inductor 708 956 730 989
inductor 741 957 765 991
inductor 773 959 797 990
inductor 807 958 830 993
resistor 409 811 449 827
resistor 413 789 448 802
ic 151 928 220 997
connector 21 389 169 897
resistor 554 357 569 392
resistor 686 375 725 393
capacitor 639 173 677 191
capacitor 1480 119 1521 214
capacitor 1438 269 1474 286
resistor 1439 292 1476 308
pads 1437 323 1476 337
ic 1344 264 1429 331
capacitor 1321 271 1337 304
diode 1224 264 1314 331
resistor 1202 270 1217 307
resistor 1255 242 1291 258
capacitor 1253 220 1291 237
connector 1329 181 1445 234
connector 1582 69 1974 377
connector 1581 484 1976 790
connector 1472 850 1980 1245
capacitor 1434 1099 1471 1116
resistor 1432 1076 1471 1094
capacitor 1297 1068 1387 1112
capacitor 1309 961 1350 1055
resistor 1219 946 1253 960
resistor 1220 925 1254 941
capacitor 1281 923 1316 938
resistor 1309 893 1344 908
resistor 1311 871 1346 886
capacitor 1312 848 1344 863
ic 1253 839 1307 915
capacitor 1164 943 1202 959
resistor 1223 893 1254 909
resistor 1219 871 1254 884
capacitor 1223 849 1253 864
ic 1163 866 1210 942
capacitor 1126 837 1186 862
diode 1087 890 1151 976
ferrite 1095 997 1113 1036
pads 1094 1038 1114 1080
connector 1134 993 1288 1332
capacitor 1196 826 1211 862
resistor 920 1134 950 1149
resistor 917 1109 950 1126
connector 954 756 1083 1254
pads 1427 1028 1469 1050
pads 1433 998 1474 1016
pads 1427 972 1473 991
pads 1433 942 1472 958
capacitor 1438 751 1533 796
capacitor 1489 643 1533 738
ferrite 1443 646 1468 705
resistor 1416 655 1430 694
resistor 1346 658 1364 696
resistor 1317 663 1330 696
resistor 1295 661 1310 696
resistor 1262 660 1280 693
resistor 1245 645 1259 679
resistor 1199 675 1237 693
ferrite 1199 600 1224 660
capacitor 1198 535 1224 593
ic 1254 419 1447 613
capacitor 1199 428 1224 488
ferrite 1199 385 1256 410
capacitor 1081 629 1115 644
capacitor 1034 631 1073 646
capacitor 995 625 1029 665
capacitor 867 631 903 648
capacitor 940 565 960 603
capacitor 909 630 946 644
capacitor 973 588 1008 603
capacitor 1100 570 1113 608
capacitor 1046 568 1085 585
pads 964 551 1024 578
capacitor 1100 508 1114 545
capacitor 981 519 1017 536
capacitor 1090 453 1150 480
ic 984 483 1012 512
capacitor 899 528 937 545
capacitor 909 508 942 522
capacitor 864 507 898 522
capacitor 937 455 952 493
capacitor 961 379 975 414
capacitor 1012 377 1030 413
pads 1052 376 1067 412
capacitor 1073 365 1131 390
capacitor 1075 402 1117 417
resistor 1367 364 1382 402
resistor 1389 363 1403 401
connector 169 31 1310 155
resistor 520 731 533 771
resistor 801 691 817 730
text 86 167 118 379
text 140 146 170 172
text 193 164 222 212
text 248 209 273 258
text 292 209 325 258
text 368 170 460 223
text 205 295 236 358
text 262 286 290 350
text 216 430 267 458
text 292 410 318 458
text 172 447 217 471
text 390 279 414 326
text 415 281 440 328
text 440 282 468 328
text 469 281 492 324
text 416 390 445 417
text 221 479 247 503
text 254 460 278 505
text 269 586 298 615
text 242 617 300 644
text 173 581 211 704
text 31 422 59 449
text 292 784 318 813
text 39 881 65 929
text 29 921 57 974
text 71 896 96 928
text 101 896 128 928
text 127 896 152 928
text 337 810 399 839
text 406 761 452 785
text 421 864 448 894
text 413 828 451 852
text 447 850 475 897
text 173 1111 203 1136
text 237 1048 270 1074
text 187 1038 216 1066
text 226 997 263 1026
text 288 1002 318 1029
text 427 1029 459 1054
text 416 1136 448 1163
text 346 1140 380 1255
text 403 1212 431 1246
text 500 1212 526 1244
text 504 1101 548 1128
text 421 953 450 1014
text 458 982 504 1011
text 507 978 535 1023
text 611 984 646 1012
text 665 977 696 1002
text 568 890 599 916
text 530 874 556 921
text 498 835 523 882
text 471 804 496 851
text 484 729 513 777
text 784 730 830 754
text 705 914 733 946
text 740 916 764 946
text 769 915 799 946
text 803 912 830 946
text 853 981 882 1012
text 916 951 952 1062
text 910 1080 954 1107
text 908 1149 954 1177
text 910 1177 946 1246
text 1081 1189 1114 1249
text 1083 1124 1110 1174
text 1097 1080 1124 1129
text 1140 960 1186 986
text 1086 848 1112 883
text 1112 805 1154 832
text 1184 774 1210 820
text 1212 811 1262 836
text 1215 787 1261 813
text 1214 761 1262 788
text 1253 954 1300 979
text 1118 862 1164 889
text 1270 796 1314 825
text 1346 887 1392 912
text 1346 861 1394 887
text 1346 837 1390 862
text 1459 796 1505 823
text 1292 1217 1320 1246
text 1291 1114 1318 1163
text 1444 1118 1472 1161
text 1399 1056 1425 1104
text 1352 1010 1376 1055
text 1380 1023 1425 1053
text 1381 996 1424 1021
text 1380 968 1425 993
text 1380 935 1425 959
text 1352 950 1377 994
text 1321 916 1365 943
text 1343 701 1369 746
text 1313 696 1337 746
text 1286 699 1312 745
text 1257 698 1282 744
text 1231 692 1257 738
text 1178 694 1222 723
text 837 641 865 703
text 898 654 959 680
text 851 561 877 620
text 829 529 890 554
text 797 497 857 526
text 831 463 889 493
text 878 579 936 605
text 949 609 1007 633
text 947 653 1002 707
text 1021 654 1082 680
text 1089 654 1149 683
text 1027 585 1087 613
text 1126 558 1154 618
text 1028 532 1087 560
text 1115 519 1175 546
text 1113 481 1173 509
text 1167 425 1196 476
text 948 494 977 538
text 1163 608 1192 655
text 1164 548 1191 598
text 921 386 951 448
text 952 313 979 373
text 1004 310 1032 371
text 1044 315 1072 362
text 1072 323 1136 350
text 1133 357 1161 417
text 1164 374 1195 421
text 1215 324 1247 354
text 1171 262 1197 309
text 1204 235 1248 260
text 1183 204 1244 233
text 679 346 725 371
text 573 361 621 387
ic 455 401 780 724
text 679 169 728 193
text 1296 186 1324 230
text 1315 312 1343 371
text 1316 375 1362 401
text 1362 333 1407 360
text 1412 355 1459 383
text 1477 316 1524 342
text 1478 287 1523 313
text 1477 258 1540 286
text 1522 143 1549 190
text 1406 693 1433 740
text 1438 703 1467 748
text 1461 593 1491 622
text 1506 588 1534 637
text 1835 35 1883 65
text 1824 372 1881 405
text 1840 436 1886 466
text 1826 785 1882 805
text 1835 823 1883 853
text 950 783 978 817
text 161 837 193 862
text 661 208 1137 248
text 712 253 762 302
text 775 257 1079 294
text 512 187 639 346
text 334 436 441 550
text 180 716 284 800
text 295 680 403 760
text 551 766 894 804
text 600 809 861 841
text 626 859 834 904
unknown 1021 481 1037 515
unknown 982 462 1017 477
unknown 994 429 1031 445
unknown 1097 428 1132 445
unknown 1067 494 1082 529
unknown 469 937 505 974
unknown 25 194 75 332
inductor 324 896 378 968
component 1743 126 1790 324
component 1747 536 1798 741
component 485 493 740 685
component 1379 271 1400 324
component 1261 270 1281 326
text 1091 925 1146 947
component 99 1033 147 1101
component 223 833 266 904
component 161 949 214 988
component 317 1073 381 1117
component 235 516 276 542
component 1279 454 1393 594
