capacitor 1758 1143 1774 1180
resistor 1730 1141 1747 1178
resistor 1660 1153 1701 1171
resistor 1524 972 1538 1010
resistor 1503 973 1517 1008
resistor 1484 971 1499 1009
resistor 1461 973 1480 1009
capacitor 1750 951 1772 993
capacitor 1721 959 1737 996
ferrite 1730 922 1789 948
resistor 1787 858 1822 873
resistor 1788 833 1823 848
ic 1713 793 1782 842
capacitor 1775 773 1814 791
resistor 1736 739 1752 778
led 1945 311 1971 373
led 1945 233 1969 295
capacitor 1893 352 1930 421
capacitor 1853 353 1886 421
resistor 1685 853 1703 892
capacitor 1740 353 1774 421
capacitor 1698 356 1734 421
inductor 1824 240 1926 330
connector 1657 61 1833 209
capacitor 1575 143 1590 179
resistor 1480 143 1494 178
diode 1574 232 1729 312
capacitor 1577 325 1673 371
ic 1504 119 1570 204
capacitor 1498 227 1539 246
ic 1477 250 1561 324
capacitor 1499 323 1538 337
resistor 1506 449 1523 488
pads 1479 423 1500 465
resistor 1448 392 1462 428
connector 1104 43 1443 329
transistor 1389 343 1443 383
transistor 1388 386 1442 430
pads 1448 343 1463 381
ic 1523 408 1576 442
capacitor 1580 467 1676 505
inductor 1701 440 1804 537
capacitor 1578 389 1613 458
ic 1333 372 1366 401
inductor 1270 361 1292 394
inductor 1235 359 1259 393
inductor 1203 360 1227 391
inductor 1170 357 1193 392
resistor 1551 523 1591 539
resistor 1552 548 1587 561
ic 1780 353 1849 422
connector 1831 453 1979 961
resistor 1431 958 1446 993
resistor 1275 957 1314 975
capacitor 1323 1159 1361 1177
capacitor 479 1136 520 1231
capacitor 526 1064 562 1081
resistor 524 1042 561 1058
pads 524 1013 563 1027
ic 571 1019 656 1086
capacitor 663 1046 679 1079
diode 686 1019 776 1086
resistor 783 1043 798 1080
resistor 709 1092 745 1108
capacitor 709 1113 747 1130
connector 555 1116 671 1169
connector 26 973 418 1281
connector 24 560 419 866
connector 20 105 528 500
capacitor 529 234 566 251
resistor 529 256 568 274
capacitor 613 238 703 282
capacitor 650 295 691 389
resistor 747 390 781 404
resistor 746 409 780 425
capacitor 684 412 719 427
resistor 656 442 691 457
resistor 654 464 689 479
capacitor 656 487 688 502
ic 693 435 747 511
capacitor 798 391 836 407
resistor 746 441 777 457
resistor 746 466 781 479
capacitor 747 486 777 501
ic 790 408 837 484
capacitor 814 488 874 513
diode 849 374 913 460
ferrite 887 314 905 353
pads 886 270 906 312
connector 712 18 866 357
capacitor 789 488 804 524
resistor 1050 201 1080 216
resistor 1050 224 1083 241
connector 917 96 1046 594
pads 531 300 573 322
pads 526 334 567 352
pads 527 359 573 378
pads 528 392 567 408
capacitor 467 554 562 599
capacitor 467 612 511 707
ferrite 532 645 557 704
resistor 570 656 584 695
resistor 636 654 654 692
resistor 670 654 683 687
resistor 690 654 705 689
resistor 720 657 738 690
resistor 741 671 755 705
resistor 763 657 801 675
ferrite 776 690 801 750
capacitor 776 757 802 815
ic 553 737 746 931
capacitor 776 862 801 922
ferrite 744 940 801 965
capacitor 885 706 919 721
capacitor 927 704 966 719
capacitor 971 685 1005 725
capacitor 1097 702 1133 719
capacitor 1040 747 1060 785
capacitor 1054 706 1091 720
capacitor 992 747 1027 762
capacitor 887 742 900 780
capacitor 915 765 954 782
pads 976 772 1036 799
capacitor 886 805 900 842
capacitor 983 814 1019 831
capacitor 850 870 910 897
ic 988 838 1016 867
capacitor 1063 805 1101 822
capacitor 1058 828 1091 842
capacitor 1102 828 1136 843
capacitor 1048 857 1063 895
capacitor 1025 936 1039 971
capacitor 970 937 988 973
pads 933 938 948 974
capacitor 869 960 927 985
capacitor 883 933 925 948
resistor 618 948 633 986
resistor 597 949 611 987
connector 690 1195 1831 1319
resistor 1467 579 1480 619
resistor 1183 620 1199 659
text 1882 971 1914 1183
text 1830 1178 1860 1204
text 1778 1138 1807 1186
text 1727 1092 1752 1141
text 1675 1092 1708 1141
text 1540 1127 1632 1180
text 1764 992 1795 1055
text 1710 1000 1738 1064
text 1733 892 1784 920
text 1682 892 1708 940
text 1783 879 1828 903
text 1586 1024 1610 1071
text 1560 1022 1585 1069
text 1532 1022 1560 1068
text 1508 1026 1531 1069
text 1555 933 1584 960
text 1753 847 1779 871
text 1722 845 1746 890
text 1702 735 1731 764
text 1700 706 1758 733
text 1789 646 1827 769
text 1941 901 1969 928
text 1682 537 1708 566
text 1935 421 1961 469
text 1943 376 1971 429
text 1904 422 1929 454
text 1872 422 1899 454
text 1848 422 1873 454
text 1601 511 1663 540
text 1548 565 1594 589
text 1552 456 1579 486
text 1549 498 1587 522
text 1525 453 1553 500
text 1797 214 1827 239
text 1730 276 1763 302
text 1784 284 1813 312
text 1737 324 1774 353
text 1682 321 1712 348
text 1541 296 1573 321
text 1552 187 1584 214
text 1620 95 1654 210
text 1569 104 1597 138
text 1474 106 1500 138
text 1452 222 1496 249
text 1550 336 1579 397
text 1496 339 1542 368
text 1465 327 1493 372
text 1354 338 1389 366
text 1304 348 1335 373
text 1401 434 1432 460
text 1444 429 1470 476
text 1477 468 1502 515
text 1504 499 1529 546
text 1487 573 1516 621
text 1170 596 1216 620
text 1267 404 1295 436
text 1236 404 1260 434
text 1201 404 1231 435
text 1170 404 1197 438
text 1118 338 1147 369
text 1048 288 1084 399
text 1046 243 1090 270
text 1046 173 1092 201
text 1054 104 1090 173
text 886 101 919 161
text 890 176 917 226
text 876 221 903 270
text 814 364 860 390
text 888 467 914 502
text 846 518 888 545
text 790 530 816 576
text 738 514 788 539
text 739 537 785 563
text 738 562 786 589
text 700 371 747 396
text 836 461 882 488
text 686 525 730 554
text 608 438 654 463
text 606 463 654 489
text 610 488 654 513
text 495 527 541 554
text 680 104 708 133
text 682 187 709 236
text 528 189 556 232
text 575 246 601 294
text 624 295 648 340
text 575 297 620 327
text 576 329 619 354
text 575 357 620 382
text 575 391 620 415
text 623 356 648 400
text 635 407 679 434
text 631 604 657 649
text 663 604 687 654
text 688 605 714 651
text 718 606 743 652
text 743 612 769 658
text 778 627 822 656
text 1135 647 1163 709
text 1041 670 1102 696
text 1123 730 1149 789
text 1110 796 1171 821
text 1143 824 1203 853
text 1111 857 1169 887
text 1064 745 1122 771
text 993 717 1051 741
text 998 643 1053 697
text 918 670 979 696
text 851 667 911 696
text 913 737 973 765
text 846 732 874 792
text 913 790 972 818
text 825 804 885 831
text 827 841 887 869
text 804 874 833 925
text 1023 812 1052 856
text 808 695 837 742
text 809 752 836 802
text 1049 902 1079 964
text 1021 977 1048 1037
text 968 979 996 1040
text 928 988 956 1035
text 864 1000 928 1027
text 839 933 867 993
text 805 929 836 976
text 753 996 785 1026
text 803 1041 829 1088
text 752 1090 796 1115
text 756 1117 817 1146
text 1275 979 1321 1004
text 1379 963 1427 989
ic 1220 626 1545 949
text 1272 1157 1321 1181
text 676 1120 704 1164
text 657 979 685 1038
text 638 949 684 975
text 593 990 638 1017
text 541 967 588 995
text 476 1008 523 1034
text 477 1037 522 1063
text 460 1064 523 1092
text 451 1160 478 1207
text 567 610 594 657
text 533 602 562 647
text 509 728 539 757
text 466 713 494 762
text 117 1285 165 1315
text 119 945 176 978
text 114 884 160 914
text 118 545 174 565
text 117 497 165 527
text 1022 533 1050 567
text 1807 488 1839 513
text 863 1102 1339 1142
text 1238 1048 1288 1097
text 921 1056 1225 1093
text 1361 1004 1488 1163
text 1559 800 1666 914
text 1716 550 1820 634
text 1597 590 1705 670
text 1106 546 1449 584
text 1139 509 1400 541
text 1166 446 1374 491
unknown 963 835 979 869
unknown 983 873 1018 888
unknown 969 905 1006 921
unknown 868 905 903 922
unknown 918 821 933 856
unknown 1495 376 1531 413
unknown 1925 1018 1975 1156
inductor 1622 382 1676 454
component 210 1026 257 1224
component 202 609 253 814
component 1260 665 1515 857
component 600 1026 621 1079
component 719 1024 739 1080
text 854 403 909 425
component 1853 249 1901 317
component 1734 446 1777 517
component 1786 362 1839 401
component 1619 233 1683 277
component 1724 808 1765 834
component 607 756 721 896
