test 1266 861 1300 894
test 1266 824 1301 858
test 1264 791 1300 824
test 1161 868 1194 902
test 1159 834 1193 863
test 1159 799 1192 828
test 1331 690 1365 724
test 1265 606 1300 636
test 1264 569 1299 603
test 1263 533 1297 568
test 1157 541 1192 574
test 1159 577 1192 609
test 1157 612 1192 644
test 1349 370 1384 406
test 1351 226 1381 254
test 1197 238 1235 270
test 1200 271 1234 306
test 1200 307 1233 339
test 1102 357 1133 390
test 1102 322 1134 353
test 1100 287 1133 320
test 974 434 1007 470
test 896 442 929 476
test 932 407 963 439
test 883 369 915 406
test 895 266 931 301
test 830 230 865 262
test 832 191 864 228
test 1024 534 1055 564
test 717 456 752 490
test 684 256 719 288
test 574 280 610 311
test 569 377 602 410
test 485 399 517 432
test 457 484 486 517
test 447 186 483 219
test 406 186 437 220
test 442 232 475 263
test 371 421 403 453
test 356 379 387 411
test 304 333 339 370
test 284 413 316 449
test 235 407 270 439
test 321 214 352 248
test 334 180 365 210
pads 1098 760 1111 786
pads 1064 760 1090 773
pads 1064 746 1089 758
capacitor 1094 686 1117 697
capacitor 1094 650 1120 663
capacitor 1092 616 1117 626
capacitor 1094 577 1104 601
capacitor 1104 526 1122 564
capacitor 1084 526 1099 565
capacitor 1079 574 1090 599
capacitor 1044 573 1054 599
capacitor 1022 574 1036 600
capacitor 1002 573 1015 599
capacitor 988 579 999 603
capacitor 973 604 999 616
capacitor 976 579 987 604
capacitor 974 648 999 659
capacitor 973 661 1000 672
unknown 1080 693 1090 719
capacitor 1023 692 1034 718
capacitor 907 621 920 645
capacitor 844 737 854 765
capacitor 818 764 845 776
capacitor 807 739 820 764
ic 820 739 844 763
pads 860 538 885 551
ic 726 552 904 732
resistor 810 538 835 550
capacitor 809 491 821 515
capacitor 769 473 796 483
unknown 759 486 807 520
capacitor 716 499 755 518
pads 571 201 725 263
capacitor 710 565 723 590
capacitor 700 702 721 725
capacitor 630 708 648 749
capacitor 657 490 683 501
resistor 657 503 683 516
capacitor 615 526 625 549
ferrite 565 513 591 523
capacitor 596 465 607 489
clock 543 463 590 497
resistor 557 443 582 455
pads 597 412 607 438
capacitor 614 690 625 714
capacitor 586 688 597 709
capacitor 550 672 561 695
capacitor 528 698 553 709
capacitor 514 669 537 693
capacitor 495 652 521 662
capacitor 496 633 520 644
capacitor 489 605 514 617
resistor 468 551 494 562
ferrite 489 495 513 505
ferrite 506 464 518 486
capacitor 527 476 538 498
resistor 443 271 454 295
capacitor 480 325 488 349
resistor 463 328 474 350
resistor 450 326 460 349
resistor 435 327 446 351
ic 376 264 424 299
resistor 413 232 424 254
resistor 398 231 408 255
transistor 388 312 429 367
transistor 343 339 382 366
transistor 327 271 375 327
fuse 226 277 319 324
transistor 252 343 278 380
resistor 221 368 233 390
resistor 204 368 217 389
transistor 206 401 233 435
capacitor 257 451 296 467
connector 213 476 387 658
resistor 330 424 340 449
capacitor 343 423 354 447
resistor 358 422 369 448
capacitor 289 729 301 753
capacitor 308 739 316 751
inductor 341 682 379 700
capacitor 381 685 392 707
capacitor 368 704 380 727
capacitor 382 712 391 735
capacitor 380 739 402 749
capacitor 378 753 387 759
ic 319 719 363 789
resistor 373 801 382 814
clock 345 801 367 829
capacitor 375 817 381 826
pads 291 829 346 855
pads 465 704 477 731
resistor 477 719 501 745
capacitor 977 695 1004 705
text 1304 869 1343 886
text 1303 832 1344 851
text 1303 798 1342 815
text 1116 873 1156 892
text 1117 839 1155 856
text 1115 804 1156 822
text 1327 672 1366 690
text 1154 648 1172 687
text 1302 609 1343 631
text 1301 575 1340 594
text 1301 539 1342 558
text 1344 352 1385 370
text 1346 255 1386 273
text 1236 315 1278 335
text 1234 283 1278 301
text 1236 262 1276 281
text 1058 294 1097 312
text 1058 331 1097 349
text 1058 368 1097 386
text 1153 516 1191 534
text 1136 580 1155 618
text 893 246 926 264
text 867 192 884 232
text 833 264 874 283
text 839 384 879 401
text 891 416 929 431
text 932 454 971 474
text 1007 433 1026 472
text 1021 514 1063 534
text 683 288 722 306
text 576 312 608 330
text 603 386 642 404
text 511 388 549 406
text 483 193 513 211
text 483 214 521 231
text 480 238 513 255
text 390 386 423 405
text 385 454 427 468
text 420 474 460 492
text 304 369 342 383
text 352 213 368 242
text 316 181 331 211
text 234 389 273 407
test 278 244 308 274
text 308 249 338 268
text 713 433 754 454
text 1118 684 1149 701
text 1118 647 1148 665
text 1105 573 1126 606
text 1123 531 1140 561
text 1063 531 1083 560
text 1061 568 1079 601
text 1090 626 1120 645
text 1062 691 1080 721
text 1094 785 1113 816
text 1034 758 1063 776
text 1032 741 1064 757
text 1034 690 1051 722
text 1048 600 1065 630
text 1026 599 1043 629
text 1005 601 1021 629
text 973 557 1003 576
text 955 571 973 598
text 943 601 974 618
text 943 642 974 660
text 944 661 972 676
text 935 691 974 709
text 907 645 926 676
text 880 736 911 756
text 857 737 876 776
text 813 778 851 795
text 789 736 808 775
text 774 779 811 796
text 688 726 708 765
text 858 519 888 536
text 807 519 838 536
text 691 568 711 609
text 771 520 795 536
text 822 493 854 511
text 800 466 830 482
text 721 517 750 535
text 664 469 696 488
text 664 515 694 532
text 632 748 650 787
text 608 715 627 754
text 585 712 603 751
text 559 695 577 736
text 524 709 554 726
text 493 688 518 714
text 487 728 512 756
text 338 857 367 873
text 348 829 366 846
text 371 831 389 870
text 397 795 414 825
text 368 774 398 792
text 395 755 435 772
text 408 735 447 752
text 397 714 436 731
text 397 696 436 714
text 397 679 438 697
text 456 661 496 678
text 464 644 494 661
text 472 604 490 644
text 470 562 500 578
text 626 503 643 533
text 609 460 626 489
text 608 410 624 440
text 583 437 609 454
text 595 452 601 459
text 537 441 557 458
text 522 438 537 466
text 503 432 524 463
text 487 465 507 492
text 457 266 476 296
text 387 207 404 226
text 425 229 441 251
text 363 246 394 262
text 482 352 500 392
text 464 352 483 381
text 448 352 464 383
text 431 352 448 382
text 380 356 400 375
text 367 317 381 338
pads 548 414 588 438
text 550 392 569 411
text 283 681 301 722
text 301 682 316 720
text 318 681 339 698
text 203 660 222 679
text 224 450 256 467
text 212 433 226 454
text 300 447 316 475
text 325 448 342 476
text 357 448 376 476
text 201 331 220 361
text 233 332 250 351
text 287 325 303 346
text 261 323 282 339
text 233 365 251 386
text 278 378 297 395
text 278 397 298 413
text 338 383 355 419
text 323 314 341 334
text 591 502 620 518
text 728 239 747 256
unknown 269 781 289 812
unknown 267 835 281 849
unknown 273 813 285 833
unknown 284 815 291 830
unknown 311 813 322 825
unknown 332 814 340 826
unknown 329 799 338 804
unknown 319 795 326 806
unknown 298 784 309 808
unknown 299 764 315 771
unknown 291 765 298 778
unknown 299 773 315 779
unknown 275 744 288 752
unknown 643 685 649 695
unknown 627 689 634 700
unknown 606 665 616 687
unknown 616 653 639 662
unknown 635 635 642 645
unknown 600 634 624 643
unknown 559 653 582 662
unknown 526 653 551 661
unknown 635 597 640 607
unknown 604 606 629 616
unknown 582 644 591 649
unknown 565 644 577 650
unknown 551 644 563 650
unknown 536 644 548 650
unknown 523 633 530 644
unknown 480 588 504 597
unknown 586 627 598 633
unknown 567 627 578 633
unknown 552 615 559 626
unknown 543 615 549 626
unknown 533 616 540 627
unknown 568 617 579 623
unknown 634 577 645 587
unknown 603 578 613 589
unknown 571 569 595 579
unknown 588 599 596 622
unknown 578 597 584 607
unknown 524 611 530 621
unknown 550 598 573 607
unknown 522 599 533 605
unknown 521 590 532 596
unknown 550 590 560 596
unknown 549 581 560 586
unknown 522 580 531 586
unknown 560 541 569 565
unknown 543 569 567 578
unknown 515 569 539 578
unknown 523 543 533 566
unknown 496 542 519 551
unknown 474 523 497 532
unknown 624 551 647 560
unknown 578 529 587 552
unknown 532 507 542 532
unknown 501 523 525 532
unknown 497 509 520 519
text 769 844 854 865
text 694 841 764 865
text 734 819 763 841
text 781 820 881 841
text 854 842 898 864
text 552 772 603 791
text 391 488 415 639
pins 1173 901 1318 956
pins 1196 773 1263 902
pins 1176 646 1317 774
pins 1193 516 1261 645
pins 1176 402 1314 517
pins 1320 354 1349 424
pins 1319 206 1347 273
pins 1205 182 1259 230
pins 1137 232 1201 394
pins 297 878 1018 950
component 338 500 362 607
component 770 565 844 715
pins 888 313 1017 360
pins 891 199 1019 238
pins 735 195 770 332
component 551 467 584 489
component 263 280 281 320
pins 295 176 320 248
pins 370 177 394 246
pins 528 192 563 323
capacitor 300 398 326 411
capacitor 290 348 302 373
resistor 300 385 326 397
connector 1032 824 1105 861
