resistor 888 270 899 291
resistor 907 270 917 291
resistor 925 269 936 292
resistor 620 100 645 114
resistor 650 93 664 115
resistor 633 169 656 183
led 898 46 923 59
led 864 41 874 68
led 734 42 749 69
led 753 42 766 69
led 771 41 783 70
led 791 44 802 70
led 809 41 820 71
led 825 40 838 70
led 844 42 855 69
switch 944 30 1094 105
switch 13 128 55 168
display 64 84 564 257
pins 505 303 666 369
pins 702 313 878 352
pins 950 314 1123 351
pins 1114 31 1153 52
pins 617 241 659 261
pins 615 184 659 201
pins 905 314 922 349
ic 667 83 881 293
fuse 1110 189 1186 211
capacitor 1111 146 1162 182
capacitor 1109 106 1166 146
capacitor 1110 67 1162 105
transformer 984 202 1094 273
transformer 984 121 1095 187
clock 673 38 724 74
ic 618 124 651 155
ic 890 213 933 260
ic 899 75 926 93
pins 615 44 664 62
connector 1114 215 1221 280
test 1175 93 1220 149
