resistor 351 94 362 115
resistor 333 94 343 115
resistor 314 93 325 116
resistor 605 271 630 285
resistor 586 270 600 292
resistor 594 202 617 216
led 327 326 352 339
led 376 317 386 344
led 501 316 516 343
led 484 316 497 343
led 467 315 479 344
led 448 315 459 341
led 430 314 441 344
led 412 315 425 345
led 395 316 406 343
switch 156 280 306 355
switch 1195 217 1237 257
display 686 128 1186 301
pins 584 16 745 82
pins 372 33 548 72
pins 127 34 300 71
pins 97 333 136 354
pins 591 124 633 144
pins 591 184 635 201
pins 328 36 345 71
ic 369 92 583 302
fuse 64 174 140 196
capacitor 88 203 139 239
capacitor 84 239 141 279
capacitor 88 280 140 318
transformer 156 112 266 183
transformer 155 198 266 264
clock 526 311 577 347
ic 599 230 632 261
ic 317 125 360 172
ic 324 292 351 310
pins 586 323 635 341
connector 29 105 136 170
test 30 236 75 292
