resistor 888 94 899 115
resistor 907 94 917 115
resistor 925 93 936 116
resistor 620 271 645 285
resistor 650 270 664 292
resistor 633 202 656 216
led 898 326 923 339
led 864 317 874 344
led 734 316 749 343
led 753 316 766 343
led 771 315 783 344
led 791 315 802 341
led 809 314 820 344
led 825 315 838 345
led 844 316 855 343
switch 944 280 1094 355
switch 13 217 55 257
display 64 128 564 301
pins 505 16 666 82
pins 702 33 878 72
pins 950 34 1123 71
pins 1114 333 1153 354
pins 617 124 659 144
pins 615 184 659 201
pins 905 36 922 71
ic 667 92 881 302
fuse 1110 174 1186 196
capacitor 1111 203 1162 239
capacitor 1109 239 1166 279
capacitor 1110 280 1162 318
transformer 984 112 1094 183
transformer 984 198 1095 264
clock 673 311 724 347
ic 618 230 651 261
ic 890 125 933 172
ic 899 292 926 310
pins 615 323 664 341
connector 1114 105 1221 170
test 1175 236 1220 292
