ic 41 61 182 274
switch 50 296 116 420
resistor 125 311 149 359
resistor 157 313 183 363
unknown 54 449 102 532
capacitor 104 506 126 555
ic 137 463 210 543
capacitor 126 415 195 445
led 265 497 328 521
resistor 222 496 245 547
led 261 458 328 486
led 263 417 328 444
ic 364 414 557 557
ic 196 49 553 408
text 102 275 159 298
text 166 277 191 312
text 129 359 153 397
text 158 362 188 404
text 106 473 127 506
text 56 530 101 555
text 196 412 260 440
text 207 437 252 461
text 216 465 239 494
text 244 457 261 497
text 261 529 326 553
text 336 490 359 530
text 339 415 363 455
text 336 455 360 490
connector 47 1 554 43
connector 1 46 42 555
connector 45 557 555 600
connector 557 45 600 553
component 49 89 171 229
component 254 87 490 363
component 55 303 104 322
component 93 332 108 383
component 154 483 193 531
component 382 466 538 525
