connector 684 814 1448 1886
connector 881 1912 1487 2231
connector 671 2364 1448 3509
button 1494 3386 1735 3705
button 1855 3386 2097 3696
button 2223 3383 2458 3689
button 2584 3380 2823 3689
switch 2945 3299 3168 3741
switch 3206 3296 3439 3734
switch 3487 3296 3703 3734
switch 3752 3293 3977 3734
switch 4023 3296 4239 3731
switch 4287 3293 4516 3734
switch 4565 3296 4790 3738
switch 4832 3283 5058 3734
connector 5113 2902 5603 3493
connector 5229 876 5716 2654
jumper 5126 2751 5306 2855
jumper 4829 796 5027 907
connector 3335 286 5097 786
connector 1342 302 3100 812
display 3301 2588 5066 3269
button 1484 1625 1790 1867
jumper 1474 3022 1597 3199
ic 1542 2609 1787 2960
led 1590 2328 1665 2457
led 1700 3080 1774 3205
led 1870 3079 1926 3201
led 2026 3072 2087 3199
led 2194 3075 2255 3204
led 2367 3077 2421 3194
led 2531 3075 2594 3199
led 2692 3072 2755 3192
led 2865 3070 2919 3194
connector 2921 2655 3282 3011
ic 4299 814 4533 1043
connector 2972 872 3506 975
connector 2577 897 2767 999
jumper 2736 1170 2821 1362
jumper 2623 1165 2728 1360
jumper 2540 1160 2631 1365
ic 1565 911 2097 1309
connector 2953 1198 3526 1400
ic 4167 1545 4762 2128
electrolytic 1767 1333 1921 1431
resistor 5137 2615 5220 2665
resistor 5132 2558 5224 2606
resistor 5137 2497 5220 2548
resistor 5133 2443 5220 2489
resistor 5137 2386 5217 2437
electrolytic 4845 2230 4951 2384
capacitor 4792 2196 4842 2274
capacitor 4745 2161 4791 2237
resistor 4671 2161 4719 2242
capacitor 4848 2147 4924 2192
capacitor 4797 2099 4876 2142
capacitor 4786 1496 4873 1545
capacitor 4822 1448 4907 1496
capacitor 4783 1373 4827 1450
capacitor 4732 1406 4779 1486
capacitor 4138 1412 4184 1494
capacitor 4048 1502 4124 1548
capacitor 4009 1456 4092 1502
capacitor 4089 1381 4137 1458
resistor 4443 2184 4489 2265
capacitor 4478 2322 4524 2406
capacitor 4420 2322 4466 2404
capacitor 4145 2161 4186 2242
capacitor 4096 2199 4140 2278
capacitor 4015 2148 4091 2196
capacitor 4050 2104 4127 2150
capacitor 3199 576 3279 620
ic 3201 655 3283 720
resistor 3204 748 3281 796
electrolytic 2232 897 2337 1048
electrolytic 2232 1142 2330 1297
electrolytic 2119 896 2222 1050
resistor 2179 1178 2224 1255
resistor 2122 1178 2169 1258
resistor 1869 1696 1917 1776
led 1809 1686 1865 1804
capacitor 1469 2842 1514 2925
capacitor 1466 2745 1510 2829
capacitor 1469 2619 1515 2699
capacitor 1553 2527 1597 2609
text 1314 740 1350 799
text 1448 840 1521 899
text 1453 1126 1543 1299
text 1451 1310 1713 1356
text 1448 1362 1741 1410
text 1450 1413 1777 1459
text 1450 1503 1755 1551
text 1448 1552 1782 1594
text 1801 1435 1884 1469
text 1942 1314 2056 1374
text 2188 805 2261 861
text 2130 861 2214 897
text 2250 859 2331 894
text 1732 1305 1767 1339
text 2092 1047 2122 1088
text 2123 1096 2171 1175
text 2180 1059 2213 1139
text 2209 1057 2237 1080
text 2201 1294 2231 1332
text 2234 1297 2318 1336
text 2342 1186 2549 1363
text 2478 924 2573 976
text 2568 810 2788 897
text 2613 1032 2736 1090
text 2632 1119 2746 1172
text 2568 1363 2639 1406
text 2658 1363 2713 1408
text 2736 1366 2806 1409
text 2801 1122 2874 1185
text 2826 1216 2873 1361
text 2281 1436 2843 1615
text 2929 805 3089 882
text 2890 903 2969 963
text 3192 532 3280 569
text 3098 608 3179 658
text 3109 677 3195 719
text 3105 745 3182 792
text 2994 1073 3059 1199
text 2997 976 3046 1078
text 3089 980 3141 1069
text 3171 979 3225 1082
text 3264 979 3314 1073
text 3350 977 3397 1074
text 3431 979 3479 1076
text 3073 1101 3120 1197
text 3139 1106 3189 1195
text 3215 1106 3263 1194
text 3284 1116 3330 1194
text 3352 1132 3398 1193
text 3410 1132 3461 1197
text 3535 1258 3614 1318
text 3008 1406 3030 1452
text 3093 1408 3176 1443
text 3287 1405 3367 1441
text 2888 1445 3553 1568
text 3227 805 3405 870
text 3673 859 4068 1111
text 3676 1113 4050 1162
text 4172 794 4258 846
text 4170 980 4289 1039
text 4097 1266 4135 1353
text 4143 1314 4184 1386
text 4209 1045 4643 1095
text 4728 1298 4770 1381
text 4776 1269 4816 1345
text 5094 607 5180 676
text 5109 793 5219 852
text 5238 843 5269 896
text 4947 929 5117 971
text 4947 995 5205 1034
text 4946 1063 5128 1105
text 1560 1871 1724 1929
text 1493 1980 1612 2190
text 1920 1694 1956 1777
text 1798 1822 1960 1873
text 1800 2025 2025 2275
text 2125 1639 2827 1718
text 2861 1573 3864 1725
text 3690 2152 3837 2197
text 3893 1456 3975 1495
text 3928 1503 4009 1541
text 4097 1550 4163 1609
text 4058 2064 4117 2102
text 4019 2197 4074 2230
text 4417 2128 4517 2182
text 4928 1446 5009 1487
text 4896 1496 4978 1532
text 5142 1741 5210 1794
text 4631 2157 4668 2237
text 4896 2096 4972 2137
text 4936 2145 5016 2182
text 4944 2205 4979 2243
text 979 2263 1017 2303
text 1299 2271 1332 2298
text 1360 2240 1447 2293
text 1549 2288 1718 2332
text 1587 2459 1669 2495
text 1460 2575 1539 2612
text 1443 2706 1524 2744
text 1604 2530 1643 2610
text 1661 2554 1811 2606
text 2106 2219 2948 2482
text 2474 2509 2786 2571
text 2073 2601 2776 2772
text 1913 2799 2778 2870
text 2094 2870 2539 2930
text 2837 2797 2960 2857
text 2904 2479 3112 2570
text 2900 2571 3279 2644
text 3233 2249 3477 2302
text 3657 2195 3701 2336
text 3824 2198 3863 2336
text 3695 2328 3832 2368
text 3659 2361 3703 2495
text 3698 2491 3838 2533
text 3823 2357 3864 2499
text 3437 2539 3709 2588
text 3833 2535 4104 2590
text 3934 2478 4076 2525
text 4112 2448 4246 2498
text 4060 2227 4097 2282
text 4188 2174 4221 2231
text 4281 2532 4547 2591
text 4674 2533 4944 2588
text 4753 2259 4793 2310
text 4801 2297 4842 2376
text 4850 2384 4935 2421
text 4426 2419 4465 2501
text 4472 2419 4514 2491
text 4489 2191 4527 2275
text 5048 2390 5128 2430
text 5048 2445 5133 2484
text 5049 2501 5132 2545
text 5050 2557 5134 2600
text 5051 2614 5134 2658
text 5191 2682 5318 2742
text 5320 2654 5400 2707
text 5066 2725 5117 2860
text 5397 2707 5445 2893
text 1466 2927 1524 2966
text 1402 2972 1737 3016
text 1433 3084 1489 3140
text 1395 3197 1719 3240
text 1673 3023 1808 3069
text 1837 3022 1975 3064
text 1995 3021 2140 3065
text 1669 3235 1790 3292
text 1833 3226 1953 3283
text 1992 3226 2119 3286
text 1463 3322 1782 3372
text 1933 3318 2365 3365
text 2165 3017 2310 3066
text 2336 3011 2483 3065
text 2508 3014 2648 3064
text 2661 3013 2802 3062
text 2825 3010 2963 3060
text 2160 3227 2287 3285
text 2333 3216 2460 3278
text 2505 3218 2631 3280
text 2664 3219 2778 3277
text 2827 3220 2954 3280
text 2873 3351 2933 3404
text 3236 3077 3302 3235
text 1370 3517 1457 3575
text 1237 3582 1478 3633
text 1238 3636 1481 3685
text 1491 3712 1812 3771
text 1853 3707 2169 3763
text 2216 3702 2519 3764
text 2578 3700 2893 3759
text 2875 3638 2941 3690
text 2949 3743 3207 3797
text 3212 3741 3480 3797
text 3480 3742 3744 3793
text 3750 3739 4020 3795
text 4022 3740 4288 3797
text 4289 3738 4562 3792
text 4563 3737 4831 3796
text 4831 3739 5106 3799
text 5061 3457 5288 3499
text 5060 3505 5312 3548
component 2137 916 2214 995
component 1804 1351 1874 1406
component 2253 1176 2308 1250
component 2258 933 2312 1004
component 4869 2268 4937 2346
component 5157 2394 5192 2418
component 5157 2446 5196 2473
component 5162 2508 5196 2534
component 5159 2566 5195 2587
component 5160 2622 5200 2650
component 4452 2197 4474 2242
component 4682 2179 4705 2217
connector 5022 796 5110 909
connector 5306 2747 5391 2848
component 3223 753 3258 785
component 2187 1196 2213 1232
component 1882 1720 1902 1754
component 2132 1200 2151 1237
