ic 672 65 739 144
ic 562 62 634 144
ic 448 65 520 143
ic 329 63 395 142
ic 203 63 276 143
ic 91 62 162 143
ic 91 361 161 439
ic 207 357 276 439
ic 324 360 400 439
ic 450 360 520 437
ic 566 361 634 439
ic 671 358 739 438
ic 659 217 735 287
unknown 750 92 762 113
unknown 689 294 708 308
unknown 644 95 655 114
unknown 526 92 539 113
unknown 406 95 419 113
unknown 286 94 300 113
unknown 72 389 83 408
unknown 183 387 198 408
unknown 305 390 322 411
unknown 424 390 439 409
unknown 541 386 557 411
unknown 645 389 664 409
unknown 482 249 503 262
unknown 446 191 465 205
unknown 409 195 427 206
unknown 390 173 409 185
unknown 436 224 456 236
unknown 413 214 430 226
unknown 378 194 392 215
unknown 445 292 464 303
unknown 424 313 439 336
unknown 387 307 399 324
unknown 341 307 355 324
unknown 424 281 434 300
unknown 397 286 419 299
unknown 424 250 439 271
unknown 406 240 421 261
unknown 389 220 411 234
unknown 362 288 382 299
unknown 388 261 403 280
unknown 378 242 392 259
unknown 361 242 374 261
unknown 332 270 345 290
unknown 323 241 336 261
unknown 334 185 354 200
unknown 353 195 366 214
unknown 353 224 365 244
resistor 39 224 67 239
resistor 39 240 67 254
resistor 352 267 361 297
pads 287 388 305 417
pads 303 82 320 111
unknown 171 96 184 115
resistor 467 295 480 323
resistor 539 231 553 258
resistor 555 208 583 221
pads 653 143 666 171
pads 637 145 649 170
capacitor 140 317 155 344
capacitor 140 200 155 229
capacitor 306 356 319 383
capacitor 292 61 304 87
capacitor 520 230 533 258
capacitor 606 229 635 245
capacitor 604 208 636 221
text 703 145 734 156
text 639 55 667 66
text 665 145 681 174
text 622 147 634 172
capacitor 635 172 666 188
text 639 188 666 203
text 678 198 710 213
text 682 336 713 351
text 604 339 636 357
text 503 341 531 357
text 345 343 375 358
text 539 432 558 449
text 539 258 552 290
text 523 256 536 286
text 606 245 636 261
text 606 193 633 210
text 301 327 320 357
text 284 361 297 388
text 347 241 358 267
text 466 270 482 296
text 226 343 259 356
text 108 345 129 361
text 35 425 56 450
text 118 145 144 161
text 218 142 247 160
text 355 145 381 156
text 473 145 500 159
text 587 142 615 158
text 39 51 53 76
text 305 54 318 86
text 278 57 291 87
capacitor 640 67 665 80
text 140 176 153 200
text 138 288 155 314
text 205 179 263 202
text 190 202 277 223
text 69 224 95 238
text 69 238 96 255
connector 10 4 788 52
connector 9 450 787 498
connector 60 53 80 98
pins 37 99 80 172
test 10 166 37 194
connector 11 218 37 287
connector 60 406 82 449
pins 762 180 791 353
connector 556 225 583 273
component 681 85 713 119
component 574 85 606 119
component 458 85 490 119
component 336 85 368 119
component 216 84 248 118
component 100 84 132 118
component 681 224 716 257
component 698 379 733 412
component 591 381 626 414
component 474 381 509 414
component 353 382 388 415
component 234 381 269 414
component 117 382 152 415
test 262 148 280 168
test 763 364 792 394
