connector 4537 2104 5301 3176
connector 4498 1759 5104 2078
connector 4537 481 5314 1626
button 4250 285 4491 604
button 3888 294 4130 604
button 3527 301 3762 607
button 3162 301 3401 610
switch 2817 249 3040 691
switch 2546 256 2779 694
switch 2282 256 2498 694
switch 2008 256 2233 697
switch 1746 259 1962 694
switch 1469 256 1698 697
switch 1195 252 1420 694
switch 927 256 1153 707
connector 382 497 872 1088
connector 269 1336 756 3114
jumper 679 1135 859 1239
jumper 958 3083 1156 3194
connector 888 3204 2650 3704
connector 2885 3178 4643 3688
display 919 721 2684 1402
button 4195 2123 4501 2365
jumper 4388 791 4511 968
ic 4198 1030 4443 1381
led 4320 1533 4395 1662
led 4211 785 4285 910
led 4059 789 4115 911
led 3898 791 3959 918
led 3730 786 3791 915
led 3564 796 3618 913
led 3391 791 3454 915
led 3230 798 3293 918
led 3066 796 3120 920
connector 2703 979 3064 1335
ic 1452 2947 1686 3176
connector 2479 3015 3013 3118
connector 3218 2991 3408 3093
jumper 3164 2628 3249 2820
jumper 3257 2630 3362 2825
jumper 3354 2625 3445 2830
ic 3888 2681 4420 3079
connector 2459 2590 3032 2792
ic 1223 1862 1818 2445
electrolytic 4064 2559 4218 2657
resistor 765 1325 848 1375
resistor 761 1384 853 1432
resistor 765 1442 848 1493
resistor 765 1501 852 1547
resistor 768 1553 848 1604
electrolytic 1034 1606 1140 1760
capacitor 1143 1716 1193 1794
capacitor 1194 1753 1240 1829
resistor 1266 1748 1314 1829
capacitor 1061 1798 1137 1843
capacitor 1109 1848 1188 1891
capacitor 1112 2445 1199 2494
capacitor 1078 2494 1163 2542
capacitor 1158 2540 1202 2617
capacitor 1206 2504 1253 2584
capacitor 1801 2496 1847 2578
capacitor 1861 2442 1937 2488
capacitor 1893 2488 1976 2534
capacitor 1848 2532 1896 2609
resistor 1496 1725 1542 1806
capacitor 1461 1584 1507 1668
capacitor 1519 1586 1565 1668
capacitor 1799 1748 1840 1829
capacitor 1845 1712 1889 1791
capacitor 1894 1794 1970 1842
capacitor 1858 1840 1935 1886
capacitor 2706 3370 2786 3414
ic 2702 3270 2784 3335
resistor 2704 3194 2781 3242
electrolytic 3648 2942 3753 3093
electrolytic 3655 2693 3753 2848
electrolytic 3763 2940 3866 3094
resistor 3761 2735 3806 2812
resistor 3816 2732 3863 2812
resistor 4068 2214 4116 2294
led 4120 2186 4176 2304
capacitor 4471 1065 4516 1148
capacitor 4475 1161 4519 1245
capacitor 4470 1291 4516 1371
capacitor 4388 1381 4432 1463
text 4635 3191 4671 3250
text 4464 3091 4537 3150
text 4442 2691 4532 2864
text 4272 2634 4534 2680
text 4244 2580 4537 2628
text 4208 2531 4535 2577
text 4230 2439 4535 2487
text 4203 2396 4537 2438
text 4101 2521 4184 2555
text 3929 2616 4043 2676
text 3724 3129 3797 3185
text 3771 3093 3855 3129
text 3654 3096 3735 3131
text 4218 2651 4253 2685
text 3863 2902 3893 2943
text 3814 2815 3862 2894
text 3772 2851 3805 2931
text 3748 2910 3776 2933
text 3754 2658 3784 2696
text 3667 2654 3751 2693
text 3436 2627 3643 2804
text 3412 3014 3507 3066
text 3197 3093 3417 3180
text 3249 2900 3372 2958
text 3239 2818 3353 2871
text 3346 2584 3417 2627
text 3272 2582 3327 2627
text 3179 2581 3249 2624
text 3111 2805 3184 2868
text 3112 2629 3159 2774
text 3142 2375 3704 2554
text 2896 3108 3056 3185
text 3016 3027 3095 3087
text 2705 3421 2793 3458
text 2806 3332 2887 3382
text 2790 3271 2876 3313
text 2803 3198 2880 3245
text 2926 2791 2991 2917
text 2939 2912 2988 3014
text 2844 2921 2896 3010
text 2760 2908 2814 3011
text 2671 2917 2721 3011
text 2588 2916 2635 3013
text 2506 2914 2554 3011
text 2865 2793 2912 2889
text 2796 2795 2846 2884
text 2722 2796 2770 2884
text 2655 2796 2701 2874
text 2587 2797 2633 2858
text 2524 2793 2575 2858
text 2371 2672 2450 2732
text 2955 2538 2977 2584
text 2809 2547 2892 2582
text 2618 2549 2698 2585
text 2432 2422 3097 2545
text 2580 3120 2758 3185
text 1917 2879 2312 3131
text 1935 2828 2309 2877
text 1727 3144 1813 3196
text 1696 2951 1815 3010
text 1850 2637 1888 2724
text 1801 2604 1842 2676
text 1342 2895 1776 2945
text 1215 2609 1257 2692
text 1169 2645 1209 2721
text 805 3314 891 3383
text 766 3138 876 3197
text 716 3094 747 3147
text 868 3019 1038 3061
text 780 2956 1038 2995
text 857 2885 1039 2927
text 4261 2061 4425 2119
text 4373 1800 4492 2010
text 4029 2213 4065 2296
text 4025 2117 4187 2168
text 3960 1715 4185 1965
text 3158 2272 3860 2351
text 2121 2265 3124 2417
text 2148 1793 2295 1838
text 2010 2495 2092 2534
text 1976 2449 2057 2487
text 1822 2381 1888 2440
text 1868 1888 1927 1926
text 1911 1760 1966 1793
text 1468 1808 1568 1862
text 976 2503 1057 2544
text 1007 2458 1089 2494
text 775 2196 843 2249
text 1317 1753 1354 1833
text 1013 1853 1089 1894
text 969 1808 1049 1845
text 1006 1747 1041 1785
text 4968 1687 5006 1727
text 4653 1692 4686 1719
text 4538 1697 4625 1750
text 4267 1658 4436 1702
text 4316 1495 4398 1531
text 4446 1378 4525 1415
text 4461 1246 4542 1284
text 4342 1380 4381 1460
text 4174 1384 4324 1436
text 3037 1508 3879 1771
text 3199 1419 3511 1481
text 3209 1218 3912 1389
text 3207 1120 4072 1191
text 3446 1060 3891 1120
text 3025 1133 3148 1193
text 2873 1420 3081 1511
text 2706 1346 3085 1419
text 2508 1688 2752 1741
text 2284 1654 2328 1795
text 2122 1654 2161 1792
text 2153 1622 2290 1662
text 2282 1495 2326 1629
text 2147 1457 2287 1499
text 2121 1491 2162 1633
text 2276 1402 2548 1451
text 1881 1400 2152 1455
text 1909 1465 2051 1512
text 1739 1492 1873 1542
text 1888 1708 1925 1763
text 1764 1759 1797 1816
text 1438 1399 1704 1458
text 1041 1402 1311 1457
text 1192 1680 1232 1731
text 1143 1614 1184 1693
text 1050 1569 1135 1606
text 1520 1489 1559 1571
text 1471 1499 1513 1571
text 1458 1715 1496 1799
text 857 1560 937 1600
text 852 1506 937 1545
text 853 1445 936 1489
text 851 1390 935 1433
text 851 1332 934 1376
text 667 1248 794 1308
text 585 1283 665 1336
text 868 1130 919 1265
text 540 1097 588 1283
text 4461 1024 4519 1063
text 4248 974 4583 1018
text 4496 850 4552 906
text 4266 750 4590 793
text 4177 921 4312 967
text 4010 926 4148 968
text 3845 925 3990 969
text 4195 698 4316 755
text 4032 707 4152 764
text 3866 704 3993 764
text 4203 618 4522 668
text 3620 625 4052 672
text 3675 924 3820 973
text 3502 925 3649 979
text 3337 926 3477 976
text 3183 928 3324 977
text 3022 930 3160 980
text 3698 705 3825 763
text 3525 712 3652 774
text 3354 710 3480 772
text 3207 713 3321 771
text 3031 710 3158 770
text 3052 586 3112 639
text 2683 755 2749 913
text 4528 415 4615 473
text 4507 357 4748 408
text 4504 305 4747 354
text 4173 219 4494 278
text 3816 227 4132 283
text 3466 226 3769 288
text 3092 231 3407 290
text 3044 300 3110 352
text 2778 193 3036 247
text 2505 193 2773 249
text 2241 197 2505 248
text 1965 195 2235 251
text 1697 193 1963 250
text 1423 198 1696 252
text 1154 194 1422 253
text 879 191 1154 251
text 697 491 924 533
text 673 442 925 485
component 3771 2995 3848 3074
component 4111 2584 4181 2639
component 3677 2740 3732 2814
component 3673 2986 3727 3057
component 1048 1644 1116 1722
component 793 1572 828 1596
component 789 1517 828 1544
component 789 1456 823 1482
component 790 1403 826 1424
component 785 1340 825 1368
component 1511 1748 1533 1793
component 1280 1773 1303 1811
connector 875 3081 963 3194
connector 594 1142 679 1243
component 2727 3205 2762 3237
component 3772 2758 3798 2794
component 4083 2236 4103 2270
component 3834 2753 3853 2790
