resistor 279 437 324 461
pads 331 435 378 461
ic 390 320 469 414
resistor 482 408 545 463
ic 466 232 543 313
resistor 476 154 539 211
capacitor 431 73 454 119
capacitor 391 63 425 130
resistor 286 80 346 132
ic 189 75 283 135
resistor 77 155 124 179
resistor 432 193 456 241
resistor 196 188 241 210
resistor 193 161 240 183
resistor 193 139 240 157
resistor 250 167 297 188
resistor 275 144 320 166
resistor 348 263 371 310
unknown 134 477 159 523
unknown 216 519 260 545
unknown 273 517 318 545
unknown 368 476 393 523
unknown 404 485 432 538
unknown 439 489 464 538
unknown 231 493 277 515
unknown 208 455 237 503
unknown 51 358 96 386
unknown 97 357 145 383
unknown 78 321 125 350
unknown 163 361 209 387
unknown 211 415 256 442
unknown 215 365 238 408
unknown 273 388 297 429
unknown 256 341 278 386
unknown 316 402 361 425
unknown 402 425 428 467
unknown 310 363 352 385
unknown 276 298 301 342
unknown 174 324 218 349
unknown 218 304 241 355
unknown 225 281 270 310
unknown 308 331 353 358
unknown 308 281 333 326
unknown 283 250 332 274
unknown 384 264 432 293
unknown 158 213 184 260
unknown 53 211 79 256
unknown 83 208 106 257
resistor 143 86 187 110
unknown 134 288 179 314
unknown 196 243 241 270
unknown 190 208 238 239
text 266 464 314 492
text 318 463 366 490
text 435 414 473 444
text 478 378 529 408
text 485 318 524 346
text 358 314 383 351
text 437 248 458 277
text 477 121 529 150
text 133 182 183 205
text 134 158 182 183
text 74 125 109 154
text 134 55 173 83
text 152 131 188 160
text 240 187 296 214
text 243 138 274 162
unknown 207 46 254 70
text 262 51 295 75
text 306 48 353 77
text 362 54 388 94
text 462 61 482 98
text 489 43 552 77
text 40 520 214 554
connector 46 557 555 599
connector 1 47 44 553
connector 46 0 551 42
connector 555 47 600 550
unknown 77 479 120 520
unknown 79 76 124 116
unknown 485 80 523 116
unknown 484 479 526 521
component 412 341 443 385
component 493 261 524 281
component 226 89 243 120
