connector 4537 814 5301 1886
connector 4498 1912 5104 2231
connector 4537 2364 5314 3509
button 4250 3386 4491 3705
button 3888 3386 4130 3696
button 3527 3383 3762 3689
button 3162 3380 3401 3689
switch 2817 3299 3040 3741
switch 2546 3296 2779 3734
switch 2282 3296 2498 3734
switch 2008 3293 2233 3734
switch 1746 3296 1962 3731
switch 1469 3293 1698 3734
switch 1195 3296 1420 3738
switch 927 3283 1153 3734
connector 382 2902 872 3493
connector 269 876 756 2654
jumper 679 2751 859 2855
jumper 958 796 1156 907
connector 888 286 2650 786
connector 2885 302 4643 812
display 919 2588 2684 3269
button 4195 1625 4501 1867
jumper 4388 3022 4511 3199
ic 4198 2609 4443 2960
led 4320 2328 4395 2457
led 4211 3080 4285 3205
led 4059 3079 4115 3201
led 3898 3072 3959 3199
led 3730 3075 3791 3204
led 3564 3077 3618 3194
led 3391 3075 3454 3199
led 3230 3072 3293 3192
led 3066 3070 3120 3194
connector 2703 2655 3064 3011
ic 1452 814 1686 1043
connector 2479 872 3013 975
connector 3218 897 3408 999
jumper 3164 1170 3249 1362
jumper 3257 1165 3362 1360
jumper 3354 1160 3445 1365
ic 3888 911 4420 1309
connector 2459 1198 3032 1400
ic 1223 1545 1818 2128
electrolytic 4064 1333 4218 1431
resistor 765 2615 848 2665
resistor 761 2558 853 2606
resistor 765 2497 848 2548
resistor 765 2443 852 2489
resistor 768 2386 848 2437
electrolytic 1034 2230 1140 2384
capacitor 1143 2196 1193 2274
capacitor 1194 2161 1240 2237
resistor 1266 2161 1314 2242
capacitor 1061 2147 1137 2192
capacitor 1109 2099 1188 2142
capacitor 1112 1496 1199 1545
capacitor 1078 1448 1163 1496
capacitor 1158 1373 1202 1450
capacitor 1206 1406 1253 1486
capacitor 1801 1412 1847 1494
capacitor 1861 1502 1937 1548
capacitor 1893 1456 1976 1502
capacitor 1848 1381 1896 1458
resistor 1496 2184 1542 2265
capacitor 1461 2322 1507 2406
capacitor 1519 2322 1565 2404
capacitor 1799 2161 1840 2242
capacitor 1845 2199 1889 2278
capacitor 1894 2148 1970 2196
capacitor 1858 2104 1935 2150
capacitor 2706 576 2786 620
ic 2702 655 2784 720
resistor 2704 748 2781 796
electrolytic 3648 897 3753 1048
electrolytic 3655 1142 3753 1297
electrolytic 3763 896 3866 1050
resistor 3761 1178 3806 1255
resistor 3816 1178 3863 1258
resistor 4068 1696 4116 1776
led 4120 1686 4176 1804
capacitor 4471 2842 4516 2925
capacitor 4475 2745 4519 2829
capacitor 4470 2619 4516 2699
capacitor 4388 2527 4432 2609
text 4635 740 4671 799
text 4464 840 4537 899
text 4442 1126 4532 1299
text 4272 1310 4534 1356
text 4244 1362 4537 1410
text 4208 1413 4535 1459
text 4230 1503 4535 1551
text 4203 1552 4537 1594
text 4101 1435 4184 1469
text 3929 1314 4043 1374
text 3724 805 3797 861
text 3771 861 3855 897
text 3654 859 3735 894
text 4218 1305 4253 1339
text 3863 1047 3893 1088
text 3814 1096 3862 1175
text 3772 1059 3805 1139
text 3748 1057 3776 1080
text 3754 1294 3784 1332
text 3667 1297 3751 1336
text 3436 1186 3643 1363
text 3412 924 3507 976
text 3197 810 3417 897
text 3249 1032 3372 1090
text 3239 1119 3353 1172
text 3346 1363 3417 1406
text 3272 1363 3327 1408
text 3179 1366 3249 1409
text 3111 1122 3184 1185
text 3112 1216 3159 1361
text 3142 1436 3704 1615
text 2896 805 3056 882
text 3016 903 3095 963
text 2705 532 2793 569
text 2806 608 2887 658
text 2790 677 2876 719
text 2803 745 2880 792
text 2926 1073 2991 1199
text 2939 976 2988 1078
text 2844 980 2896 1069
text 2760 979 2814 1082
text 2671 979 2721 1073
text 2588 977 2635 1074
text 2506 979 2554 1076
text 2865 1101 2912 1197
text 2796 1106 2846 1195
text 2722 1106 2770 1194
text 2655 1116 2701 1194
text 2587 1132 2633 1193
text 2524 1132 2575 1197
text 2371 1258 2450 1318
text 2955 1406 2977 1452
text 2809 1408 2892 1443
text 2618 1405 2698 1441
text 2432 1445 3097 1568
text 2580 805 2758 870
text 1917 859 2312 1111
text 1935 1113 2309 1162
text 1727 794 1813 846
text 1696 980 1815 1039
text 1850 1266 1888 1353
text 1801 1314 1842 1386
text 1342 1045 1776 1095
text 1215 1298 1257 1381
text 1169 1269 1209 1345
text 805 607 891 676
text 766 793 876 852
text 716 843 747 896
text 868 929 1038 971
text 780 995 1038 1034
text 857 1063 1039 1105
text 4261 1871 4425 1929
text 4373 1980 4492 2190
text 4029 1694 4065 1777
text 4025 1822 4187 1873
text 3960 2025 4185 2275
text 3158 1639 3860 1718
text 2121 1573 3124 1725
text 2148 2152 2295 2197
text 2010 1456 2092 1495
text 1976 1503 2057 1541
text 1822 1550 1888 1609
text 1868 2064 1927 2102
text 1911 2197 1966 2230
text 1468 2128 1568 2182
text 976 1446 1057 1487
text 1007 1496 1089 1532
text 775 1741 843 1794
text 1317 2157 1354 2237
text 1013 2096 1089 2137
text 969 2145 1049 2182
text 1006 2205 1041 2243
text 4968 2263 5006 2303
text 4653 2271 4686 2298
text 4538 2240 4625 2293
text 4267 2288 4436 2332
text 4316 2459 4398 2495
text 4446 2575 4525 2612
text 4461 2706 4542 2744
text 4342 2530 4381 2610
text 4174 2554 4324 2606
text 3037 2219 3879 2482
text 3199 2509 3511 2571
text 3209 2601 3912 2772
text 3207 2799 4072 2870
text 3446 2870 3891 2930
text 3025 2797 3148 2857
text 2873 2479 3081 2570
text 2706 2571 3085 2644
text 2508 2249 2752 2302
text 2284 2195 2328 2336
text 2122 2198 2161 2336
text 2153 2328 2290 2368
text 2282 2361 2326 2495
text 2147 2491 2287 2533
text 2121 2357 2162 2499
text 2276 2539 2548 2588
text 1881 2535 2152 2590
text 1909 2478 2051 2525
text 1739 2448 1873 2498
text 1888 2227 1925 2282
text 1764 2174 1797 2231
text 1438 2532 1704 2591
text 1041 2533 1311 2588
text 1192 2259 1232 2310
text 1143 2297 1184 2376
text 1050 2384 1135 2421
text 1520 2419 1559 2501
text 1471 2419 1513 2491
text 1458 2191 1496 2275
text 857 2390 937 2430
text 852 2445 937 2484
text 853 2501 936 2545
text 851 2557 935 2600
text 851 2614 934 2658
text 667 2682 794 2742
text 585 2654 665 2707
text 868 2725 919 2860
text 540 2707 588 2893
text 4461 2927 4519 2966
text 4248 2972 4583 3016
text 4496 3084 4552 3140
text 4266 3197 4590 3240
text 4177 3023 4312 3069
text 4010 3022 4148 3064
text 3845 3021 3990 3065
text 4195 3235 4316 3292
text 4032 3226 4152 3283
text 3866 3226 3993 3286
text 4203 3322 4522 3372
text 3620 3318 4052 3365
text 3675 3017 3820 3066
text 3502 3011 3649 3065
text 3337 3014 3477 3064
text 3183 3013 3324 3062
text 3022 3010 3160 3060
text 3698 3227 3825 3285
text 3525 3216 3652 3278
text 3354 3218 3480 3280
text 3207 3219 3321 3277
text 3031 3220 3158 3280
text 3052 3351 3112 3404
text 2683 3077 2749 3235
text 4528 3517 4615 3575
text 4507 3582 4748 3633
text 4504 3636 4747 3685
text 4173 3712 4494 3771
text 3816 3707 4132 3763
text 3466 3702 3769 3764
text 3092 3700 3407 3759
text 3044 3638 3110 3690
text 2778 3743 3036 3797
text 2505 3741 2773 3797
text 2241 3742 2505 3793
text 1965 3739 2235 3795
text 1697 3740 1963 3797
text 1423 3738 1696 3792
text 1154 3737 1422 3796
text 879 3739 1154 3799
text 697 3457 924 3499
text 673 3505 925 3548
component 3771 916 3848 995
component 4111 1351 4181 1406
component 3677 1176 3732 1250
component 3673 933 3727 1004
component 1048 2268 1116 2346
component 793 2394 828 2418
component 789 2446 828 2473
component 789 2508 823 2534
component 790 2566 826 2587
component 785 2622 825 2650
component 1511 2197 1533 2242
component 1280 2179 1303 2217
connector 875 796 963 909
connector 594 2747 679 2848
component 2727 753 2762 785
component 3772 1196 3798 1232
component 4083 1720 4103 1754
component 3834 1200 3853 1237
