connector 8 5 787 50
connector 58 53 79 95
connector 31 142 54 168
connector 54 146 81 170
electrolytic 95 52 175 122
capacitor 89 127 142 155
capacitor 146 127 194 158
emi 203 139 245 162
capacitor 251 94 284 145
clock 297 63 371 129
ic 93 160 196 239
test 8 171 37 193
capacitor 49 194 81 244
connector 11 217 36 286
capacitor 197 174 228 224
emi 205 246 247 272
capacitor 134 243 186 272
resistor 40 249 67 264
led 38 269 68 279
test 85 238 94 256
test 106 250 117 271
capacitor 19 303 50 354
capacitor 51 303 83 352
ic 92 275 198 356
diode 21 359 60 400
test 67 358 87 367
test 153 359 164 379
capacitor 252 175 282 226
capacitor 252 232 283 281
capacitor 200 289 231 340
capacitor 253 290 284 339
test 258 146 282 172
connector 59 406 81 448
electrolytic 100 382 168 446
led 181 385 191 413
led 196 387 206 415
led 209 387 220 415
led 224 386 235 416
led 238 388 250 415
led 252 387 263 415
led 265 385 277 416
led 277 387 291 416
clock 298 371 372 437
resistor 377 377 404 389
resistor 377 404 404 417
resistor 377 433 405 445
resistor 411 386 454 412
resistor 532 384 553 409
switch 568 355 629 442
pads 511 367 525 395
pads 511 337 525 364
pads 509 305 526 335
resistor 377 67 404 79
resistor 377 98 404 111
resistor 377 126 405 138
resistor 412 90 453 117
button 473 55 512 134
button 514 55 553 133
resistor 521 150 533 177
resistor 537 150 550 177
resistor 512 190 522 219
inductor 526 192 546 214
led 556 208 584 221
pads 570 64 747 191
transistor 520 229 552 260
resistor 522 263 554 277
connector 557 227 581 274
resistor 596 262 639 287
ic 599 226 638 250
ic 601 199 638 221
resistor 676 195 718 223
ic 636 294 737 411
pads 541 286 571 302
pads 542 303 573 318
resistor 542 322 572 334
resistor 543 338 570 350
resistor 721 228 747 241
resistor 721 245 748 258
resistor 719 262 748 274
resistor 719 277 748 291
connector 765 183 789 353
test 767 369 788 394
connector 11 451 788 499
ic 291 144 505 358
text 42 52 57 94
text 82 102 103 120
text 83 69 97 84
text 167 67 198 83
text 227 52 262 71
text 6 195 40 207
text 2 205 43 217
text 36 170 59 186
text 58 169 86 187
text 37 225 49 246
text 183 106 203 122
text 219 119 243 134
text 252 77 271 92
text 247 150 256 173
text 237 176 250 195
text 231 202 241 222
text 238 222 250 242
text 188 246 200 275
text 233 286 247 312
text 240 314 252 340
resistor 205 345 248 370
text 8 289 36 298
text 8 310 18 336
text 10 362 19 381
text 42 405 58 434
text 67 369 87 384
text 85 394 96 407
text 85 421 99 437
text 99 358 119 373
text 85 335 95 360
text 56 281 84 293
text 70 271 86 280
text 69 246 83 269
text 87 259 95 277
text 95 259 106 276
text 119 250 131 275
text 94 239 109 252
text 165 361 177 379
text 249 362 277 375
text 180 418 194 437
text 196 417 210 438
text 210 417 222 440
text 224 418 235 438
text 237 417 249 437
text 250 417 264 437
text 265 419 277 437
text 279 417 292 438
text 320 359 349 371
text 376 363 403 375
text 378 390 396 404
text 376 419 400 432
text 416 415 447 431
text 465 432 501 449
text 488 371 502 396
text 528 413 556 427
text 526 344 538 363
text 526 297 537 317
text 522 278 538 291
text 508 247 520 265
text 508 220 519 247
text 526 216 545 229
text 322 132 353 144
text 375 54 394 65
text 374 82 401 95
text 374 110 400 123
text 418 76 446 89
text 424 129 463 143
text 461 59 474 89
text 553 58 564 85
text 508 151 519 178
text 552 150 564 177
text 550 182 568 195
text 553 195 582 205
text 583 229 594 258
text 640 203 651 221
text 641 226 653 246
text 640 259 669 273
text 654 119 721 135
text 747 146 760 177
text 770 167 788 179
text 747 188 763 206
text 663 198 674 221
text 691 228 718 242
text 689 246 719 260
text 692 263 717 274
text 691 275 719 291
text 751 294 762 322
text 750 233 764 285
text 743 347 757 365
text 741 368 753 405
text 755 366 765 405
text 646 414 742 445
text 754 437 776 449
text 571 289 595 303
text 570 307 596 319
text 572 322 593 334
text 573 338 589 350
text 595 339 619 352
text 771 353 788 364
text 1 7 12 26
text 1 32 13 52
text 1 457 15 474
text 2 480 16 502
component 310 77 358 113
component 425 97 439 108
component 107 193 178 229
component 109 68 144 105
component 344 183 453 319
component 610 269 623 278
component 689 204 703 213
component 576 376 588 385
component 575 413 587 421
component 588 414 599 422
component 599 413 611 422
component 611 414 624 422
component 588 376 599 386
component 602 378 612 384
component 612 377 621 386
component 646 329 730 366
component 425 394 439 403
component 312 387 359 420
component 220 353 233 362
component 107 399 139 435
component 34 370 46 391
component 106 309 177 345
jumper 25 94 54 146
jumper 52 95 80 149
