ic 418 61 559 274
switch 484 296 550 420
resistor 451 311 475 359
resistor 417 313 443 363
unknown 498 449 546 532
capacitor 474 506 496 555
ic 390 463 463 543
capacitor 405 415 474 445
led 272 497 335 521
resistor 355 496 378 547
led 272 458 339 486
led 272 417 337 444
ic 43 414 236 557
ic 47 49 404 408
text 441 275 498 298
text 409 277 434 312
text 447 359 471 397
text 412 362 442 404
text 473 473 494 506
text 499 530 544 555
text 340 412 404 440
text 348 437 393 461
text 361 465 384 494
text 339 457 356 497
text 274 529 339 553
text 241 490 264 530
text 237 415 261 455
text 240 455 264 490
connector 46 1 553 43
connector 558 46 599 555
connector 45 557 555 600
connector 0 45 43 553
component 429 89 551 229
component 110 87 346 363
component 496 303 545 322
component 492 332 507 383
component 407 483 446 531
component 62 466 218 525
