ic 672 358 739 437
ic 562 358 634 440
ic 448 359 520 437
ic 329 360 395 439
ic 203 359 276 439
ic 91 359 162 440
ic 91 63 161 141
ic 207 63 276 145
ic 324 63 400 142
ic 450 65 520 142
ic 566 63 634 141
ic 671 64 739 144
ic 659 215 735 285
unknown 750 389 762 410
unknown 689 194 708 208
unknown 644 388 655 407
unknown 526 389 539 410
unknown 406 389 419 407
unknown 286 389 300 408
unknown 72 94 83 113
unknown 183 94 198 115
unknown 305 91 322 112
unknown 424 93 439 112
unknown 541 91 557 116
unknown 645 93 664 113
unknown 482 240 503 253
unknown 446 297 465 311
unknown 409 296 427 307
unknown 390 317 409 329
unknown 436 266 456 278
unknown 413 276 430 288
unknown 378 287 392 308
unknown 445 199 464 210
unknown 424 166 439 189
unknown 387 178 399 195
unknown 341 178 355 195
unknown 424 202 434 221
unknown 397 203 419 216
unknown 424 231 439 252
unknown 406 241 421 262
unknown 389 268 411 282
unknown 362 203 382 214
unknown 388 222 403 241
unknown 378 243 392 260
unknown 361 241 374 260
unknown 332 212 345 232
unknown 323 241 336 261
unknown 334 302 354 317
unknown 353 288 366 307
unknown 353 258 365 278
resistor 39 263 67 278
resistor 39 248 67 262
resistor 352 205 361 235
pads 287 85 305 114
pads 303 391 320 420
unknown 171 387 184 406
resistor 467 179 480 207
resistor 539 244 553 271
resistor 555 281 583 294
pads 653 331 666 359
pads 637 332 649 357
capacitor 140 158 155 185
capacitor 140 273 155 302
capacitor 306 119 319 146
capacitor 292 415 304 441
capacitor 520 244 533 272
capacitor 606 257 635 273
capacitor 604 281 636 294
text 703 346 734 357
text 639 436 667 447
text 665 328 681 357
text 622 330 634 355
capacitor 635 314 666 330
text 639 299 666 314
text 678 289 710 304
text 682 151 713 166
text 604 145 636 163
text 503 145 531 161
text 345 144 375 159
text 539 53 558 70
text 539 212 552 244
text 523 216 536 246
text 606 241 636 257
text 606 292 633 309
text 301 145 320 175
text 284 114 297 141
text 347 235 358 261
text 466 206 482 232
text 226 146 259 159
text 108 141 129 157
text 35 52 56 77
text 118 341 144 357
text 218 342 247 360
text 355 346 381 357
text 473 343 500 357
text 587 344 615 360
text 39 426 53 451
text 305 416 318 448
text 278 415 291 445
capacitor 640 422 665 435
text 140 302 153 326
text 138 188 155 214
text 205 300 263 323
text 190 279 277 300
text 69 264 95 278
text 69 247 96 264
connector 10 450 788 498
connector 9 4 787 52
connector 60 404 80 449
pins 37 330 80 403
test 10 308 37 336
connector 11 215 37 284
connector 60 53 82 96
pins 762 149 791 322
connector 556 229 583 277
component 681 383 713 417
component 574 383 606 417
component 458 383 490 417
component 336 383 368 417
component 216 384 248 418
component 100 384 132 418
component 681 245 716 278
component 698 90 733 123
component 591 88 626 121
component 474 88 509 121
component 353 87 388 120
component 234 88 269 121
component 117 87 152 120
test 262 334 280 354
test 763 108 792 138
