resistor 279 139 324 163
pads 331 139 378 165
ic 390 186 469 280
resistor 482 137 545 192
ic 466 287 543 368
resistor 476 389 539 446
capacitor 431 481 454 527
capacitor 391 470 425 537
resistor 286 468 346 520
ic 189 465 283 525
resistor 77 421 124 445
resistor 432 359 456 407
resistor 196 390 241 412
resistor 193 417 240 439
resistor 193 443 240 461
resistor 250 412 297 433
resistor 275 434 320 456
resistor 348 290 371 337
unknown 134 77 159 123
unknown 216 55 260 81
unknown 273 55 318 83
unknown 368 77 393 124
unknown 404 62 432 115
unknown 439 62 464 111
unknown 231 85 277 107
unknown 208 97 237 145
unknown 51 214 96 242
unknown 97 217 145 243
unknown 78 250 125 279
unknown 163 213 209 239
unknown 211 158 256 185
unknown 215 192 238 235
unknown 273 171 297 212
unknown 256 214 278 259
unknown 316 175 361 198
unknown 402 133 428 175
unknown 310 215 352 237
unknown 276 258 301 302
unknown 174 251 218 276
unknown 218 245 241 296
unknown 225 290 270 319
unknown 308 242 353 269
unknown 308 274 333 319
unknown 283 326 332 350
unknown 384 307 432 336
unknown 158 340 184 387
unknown 53 344 79 389
unknown 83 343 106 392
resistor 143 490 187 514
unknown 134 286 179 312
unknown 196 330 241 357
unknown 190 361 238 392
text 266 108 314 136
text 318 110 366 137
text 435 156 473 186
text 478 192 529 222
text 485 254 524 282
text 358 249 383 286
text 437 323 458 352
text 477 450 529 479
text 133 395 183 418
text 134 417 182 442
text 74 446 109 475
text 134 517 173 545
text 152 440 188 469
text 240 386 296 413
text 243 438 274 462
unknown 207 530 254 554
text 262 525 295 549
text 306 523 353 552
text 362 506 388 546
text 462 502 482 539
text 489 523 552 557
text 40 46 214 80
connector 46 1 555 43
connector 1 47 44 553
connector 46 558 551 600
connector 555 50 600 553
unknown 77 80 120 121
unknown 79 484 124 524
unknown 485 484 523 520
unknown 484 79 526 121
component 412 215 443 259
component 493 319 524 339
component 226 480 243 511
