ic 61 65 128 144
ic 166 62 238 144
ic 280 65 352 143
ic 405 63 471 142
ic 524 63 597 143
ic 638 62 709 143
ic 639 361 709 439
ic 524 357 593 439
ic 400 360 476 439
ic 280 360 350 437
ic 166 361 234 439
ic 61 358 129 438
ic 65 217 141 287
unknown 38 92 50 113
unknown 92 294 111 308
unknown 145 95 156 114
unknown 261 92 274 113
unknown 381 95 394 113
unknown 500 94 514 113
unknown 717 389 728 408
unknown 602 387 617 408
unknown 478 390 495 411
unknown 361 390 376 409
unknown 243 386 259 411
unknown 136 389 155 409
unknown 297 249 318 262
unknown 335 191 354 205
unknown 373 195 391 206
unknown 391 173 410 185
unknown 344 224 364 236
unknown 370 214 387 226
unknown 408 194 422 215
unknown 336 292 355 303
unknown 361 313 376 336
unknown 401 307 413 324
unknown 445 307 459 324
unknown 366 281 376 300
unknown 381 286 403 299
unknown 361 250 376 271
unknown 379 240 394 261
unknown 389 220 411 234
unknown 418 288 438 299
unknown 397 261 412 280
unknown 408 242 422 259
unknown 426 242 439 261
unknown 455 270 468 290
unknown 464 241 477 261
unknown 446 185 466 200
unknown 434 195 447 214
unknown 435 224 447 244
resistor 733 224 761 239
resistor 733 240 761 254
resistor 439 267 448 297
pads 495 388 513 417
pads 480 82 497 111
unknown 616 96 629 115
resistor 320 295 333 323
resistor 247 231 261 258
resistor 217 208 245 221
pads 134 143 147 171
pads 151 145 163 170
capacitor 645 317 660 344
capacitor 645 200 660 229
capacitor 481 356 494 383
capacitor 496 61 508 87
capacitor 267 230 280 258
capacitor 165 229 194 245
capacitor 164 208 196 221
text 66 145 97 156
text 133 55 161 66
text 119 145 135 174
text 166 147 178 172
capacitor 134 172 165 188
text 134 188 161 203
text 90 198 122 213
text 87 336 118 351
text 164 339 196 357
text 269 341 297 357
text 425 343 455 358
text 242 432 261 449
text 248 258 261 290
text 264 256 277 286
text 164 245 194 261
text 167 193 194 210
text 480 327 499 357
text 503 361 516 388
text 442 241 453 267
text 318 270 334 296
text 541 343 574 356
text 671 345 692 361
text 744 425 765 450
text 656 145 682 161
text 553 142 582 160
text 419 145 445 156
text 300 145 327 159
text 185 142 213 158
text 747 51 761 76
text 482 54 495 86
text 509 57 522 87
capacitor 135 67 160 80
text 647 176 660 200
text 645 288 662 314
text 537 179 595 202
text 523 202 610 223
text 705 224 731 238
text 704 238 731 255
connector 12 4 790 52
connector 13 450 791 498
connector 720 53 740 98
pins 720 99 763 172
test 763 166 790 194
connector 763 218 789 287
connector 718 406 740 449
pins 9 180 38 353
connector 217 225 244 273
component 87 85 119 119
component 194 85 226 119
component 310 85 342 119
component 432 85 464 119
component 552 84 584 118
component 668 84 700 118
component 84 224 119 257
component 67 379 102 412
component 174 381 209 414
component 291 381 326 414
component 412 382 447 415
component 531 381 566 414
component 648 382 683 415
test 520 148 538 168
test 8 364 37 394
