ic 418 326 559 539
switch 484 180 550 304
resistor 451 241 475 289
resistor 417 237 443 287
unknown 498 68 546 151
capacitor 474 45 496 94
ic 390 57 463 137
capacitor 405 155 474 185
led 272 79 335 103
resistor 355 53 378 104
led 272 114 339 142
led 272 156 337 183
ic 43 43 236 186
ic 47 192 404 551
text 441 302 498 325
text 409 288 434 323
text 447 203 471 241
text 412 196 442 238
text 473 94 494 127
text 499 45 544 70
text 340 160 404 188
text 348 139 393 163
text 361 106 384 135
text 339 103 356 143
text 274 47 339 71
text 241 70 264 110
text 237 145 261 185
text 240 110 264 145
connector 46 557 553 599
connector 558 45 599 554
connector 45 0 555 43
connector 0 47 43 555
component 429 371 551 511
component 110 237 346 513
component 496 278 545 297
component 492 217 507 268
component 407 69 446 117
component 62 75 218 134
