connector 1861 720 2380 1568
connector 4428 730 4956 1577
connector 2041 3314 2370 3485
connector 2254 1639 2386 3007
connector 2822 3201 4193 3346
connector 4470 2952 4718 3507
connector 4470 2368 4725 2920
connector 4099 2368 4338 2791
connector 4412 1633 4564 2333
connector 2715 1201 4089 1346
connector 2098 515 3205 603
button 2312 194 2509 423
button 2589 188 2786 420
button 2876 185 3070 420
button 3160 188 3357 426
button 3451 181 3638 417
button 3725 191 3925 417
button 4005 188 4212 423
button 4299 185 4496 420
button 4554 417 4744 649
led 3297 525 3423 591
led 3443 525 3582 593
led 3601 525 3740 593
led 3758 520 3897 596
led 3914 515 4055 593
led 4067 518 4209 591
led 4228 518 4367 593
led 4382 518 4528 593
connector 2614 798 2764 937
resistor 3450 696 3550 749
resistor 3058 805 3109 903
capacitor 3150 947 3243 996
capacitor 3119 800 3170 903
capacitor 3179 800 3231 900
capacitor 3074 696 3170 751
capacitor 3183 696 3283 753
capacitor 3307 696 3407 749
capacitor 3689 800 3746 902
capacitor 3628 802 3685 902
capacitor 3570 800 3623 902
ic 3258 793 3542 1004
jumper 4011 789 4156 863
jumper 4009 863 4156 936
jumper 3227 1549 3371 1632
connector 3512 1566 3635 1876
unknown 3415 1679 3466 1777
unknown 3332 1679 3387 1775
clock 3166 1565 3291 1871
ic 3138 2151 3664 2673
pins 3740 2134 3889 2696
pins 3123 2753 3683 2900
pins 2921 2134 3064 2691
pins 3123 1932 3679 2077
jumper 2404 3032 2500 3178
capacitor 2364 3098 2411 3196
ic 2077 3079 2348 3269
capacitor 2452 3316 2544 3363
capacitor 2452 3379 2546 3428
resistor 2652 3210 2750 3261
led 2634 3136 2766 3198
text 2524 3228 2628 3293
text 2517 3165 2623 3216
text 2519 3096 2623 3148
text 2620 3074 2816 3126
text 2836 3355 2888 3474
text 2896 3364 2955 3478
text 2965 3364 3024 3510
text 3038 3365 3091 3495
text 3100 3362 3162 3509
text 3169 3365 3229 3507
text 3238 3365 3295 3507
text 3307 3366 3360 3509
text 3374 3365 3433 3510
text 3441 3364 3495 3507
text 3505 3367 3558 3474
text 3577 3366 3634 3473
text 3642 3368 3698 3473
text 3710 3367 3763 3458
text 3779 3367 3834 3478
text 3847 3367 3901 3474
text 3914 3366 3971 3472
text 3987 3368 4037 3473
text 4047 3368 4110 3473
text 4118 3368 4172 3477
text 4393 3322 4426 3385
text 4357 3085 4442 3315
text 2835 3055 2888 3167
text 2900 3057 2953 3168
text 2967 3052 3022 3166
text 3039 3047 3089 3153
text 3104 3053 3158 3163
text 3172 3047 3224 3167
text 3237 3052 3292 3164
text 3305 3055 3363 3167
text 3374 3053 3429 3164
text 3443 3056 3493 3168
text 3506 3058 3559 3167
text 3576 3060 3630 3164
text 3643 3057 3692 3164
text 3711 3055 3766 3155
text 3779 3057 3830 3167
text 3847 3058 3894 3166
text 3914 3061 3967 3167
text 3978 3057 4034 3167
text 4050 3058 4101 3167
text 4114 3052 4169 3171
text 2097 2932 2209 2997
text 2098 2861 2208 2924
text 2063 2799 2206 2853
text 2067 2731 2208 2789
text 2071 2661 2211 2721
text 2073 2598 2204 2652
text 2071 2525 2206 2583
text 2069 2460 2209 2519
text 2071 2398 2206 2450
text 2069 2329 2204 2385
text 2099 2261 2205 2315
text 2095 2193 2211 2250
text 2094 2125 2208 2184
text 2093 2055 2209 2110
text 2072 1988 2204 2045
text 2066 1925 2206 1976
text 2099 1855 2205 1909
text 2068 1782 2204 1845
text 2068 1720 2209 1777
text 2066 1652 2204 1709
text 2424 2929 2536 2994
text 2423 2863 2533 2926
text 2425 2800 2536 2852
text 2426 2729 2525 2783
text 2426 2667 2726 2719
text 2422 2595 2718 2652
text 2427 2531 2721 2580
text 2427 2466 2721 2515
text 2426 2398 2651 2448
text 2426 2330 2682 2379
text 2425 2258 2537 2323
text 2426 2190 2536 2253
text 2427 2124 2535 2179
text 2425 2052 2521 2115
text 2427 1988 2534 2043
text 2425 1920 2535 1979
text 2425 1855 2536 1908
text 2425 1789 2532 1841
text 2425 1719 2530 1773
text 2426 1658 2529 1704
text 3069 2830 3114 2888
text 3067 2760 3110 2824
text 2940 2704 2968 2745
text 2998 2699 3045 2751
text 3092 2547 3127 2613
text 3689 2831 3729 2892
text 3685 2760 3730 2824
text 3747 2703 3810 2750
text 3818 2704 3873 2748
text 4025 2678 4056 2732
text 3983 2457 4068 2676
text 4395 2768 4425 2818
text 4364 2501 4445 2768
text 2926 2085 2984 2130
text 2993 2083 3052 2130
text 3068 2011 3113 2069
text 3068 1943 3115 2000
text 3688 2009 3732 2073
text 3690 1943 3732 1997
text 3745 2084 3806 2130
text 3816 2087 3874 2131
text 4285 2263 4387 2318
text 4282 2197 4384 2248
text 4284 2130 4383 2177
text 4282 2062 4385 2113
text 4292 1990 4383 2046
text 4282 1925 4385 1976
text 4311 1856 4387 1911
text 4308 1788 4388 1842
text 4278 1720 4385 1774
text 4276 1648 4385 1708
text 4586 1647 4695 1707
text 4589 1722 4696 1776
text 4585 2263 4694 2320
text 4585 2197 4694 2246
text 4583 2129 4694 2183
text 4587 2058 4693 2115
text 4587 1988 4694 2048
text 4588 1926 4697 1976
text 4587 1857 4687 1910
text 4589 1788 4704 1841
text 2569 1821 3106 1950
text 2546 1679 3159 1805
text 2731 1387 2782 1498
text 2798 1387 2851 1495
text 2731 1055 2782 1166
text 2800 1056 2853 1164
text 2864 1388 2922 1495
text 2934 1389 2987 1494
text 3000 1385 3055 1494
text 3071 1389 3120 1562
text 3137 1388 3192 1550
text 3203 1384 3261 1497
text 3276 1385 3327 1543
text 3345 1384 3394 1534
text 3408 1384 3459 1495
text 3476 1385 3529 1493
text 3479 1056 3532 1164
text 3407 1053 3458 1164
text 3547 1350 3595 1563
text 3620 1348 3664 1552
text 3682 1383 3734 1661
text 3748 1387 3803 1658
text 3813 1387 3868 1479
text 3879 1384 3939 1515
text 3953 1390 4008 1448
text 4022 1382 4078 1464
text 4277 1001 4368 1297
text 2871 1053 2920 1166
text 2935 1053 2990 1157
text 3004 1057 3058 1164
text 3071 1055 3122 1164
text 3140 1055 3193 1163
text 3208 1053 3258 1169
text 3273 1056 3326 1197
text 3548 1055 3604 1161
text 3615 1051 3667 1152
text 3684 1056 3736 1164
text 3750 1057 3805 1163
text 3813 1052 3877 1161
text 3885 1051 3941 1166
text 3955 1047 4011 1162
text 4024 1051 4078 1164
text 2121 446 2167 511
text 2187 445 2237 515
text 2255 445 2308 514
text 2329 441 2372 515
text 2394 443 2440 515
text 2461 443 2511 516
text 2526 443 2580 506
text 2598 447 2648 515
text 2664 443 2716 515
text 2735 441 2784 518
text 2799 441 2855 515
text 2867 440 2924 515
text 2935 437 2988 515
text 3003 439 3057 514
text 3074 441 3126 506
text 3139 442 3192 514
text 2378 146 2451 192
text 2659 146 2727 193
text 2948 143 3014 193
text 3227 145 3297 194
text 3340 1050 3394 1194
text 3511 142 3582 192
text 3797 140 3864 193
text 4078 135 4142 190
text 4363 136 4434 188
text 3327 466 3397 516
text 3478 461 3556 516
text 3640 466 3711 513
text 3794 462 3868 515
text 3947 461 4031 513
text 4267 455 4329 514
text 4421 453 4495 514
text 3899 868 4005 926
text 3903 798 4001 858
text 3992 746 4231 777
text 4164 869 4377 924
text 4164 803 4376 855
text 4562 343 4742 406
text 2434 993 2528 1324
text 2391 877 2615 934
text 2391 808 2609 865
text 2766 873 2864 934
text 2768 800 2866 861
connector 3368 1551 3509 1635
component 3072 838 3091 870
component 3478 716 3507 738
component 2682 3230 2711 3253
connector 2428 3229 2514 3301
connector 2424 3164 2510 3231
