connector 1861 2352 2380 3200
connector 4428 2343 4956 3190
connector 2041 435 2370 606
connector 2254 913 2386 2281
connector 2822 574 4193 719
connector 4470 413 4718 968
connector 4470 1000 4725 1552
connector 4099 1129 4338 1552
connector 4412 1587 4564 2287
connector 2715 2574 4089 2719
connector 2098 3317 3205 3405
button 2312 3497 2509 3726
button 2589 3500 2786 3732
button 2876 3500 3070 3735
button 3160 3494 3357 3732
button 3451 3503 3638 3739
button 3725 3503 3925 3729
button 4005 3497 4212 3732
button 4299 3500 4496 3735
button 4554 3271 4744 3503
led 3297 3329 3423 3395
led 3443 3327 3582 3395
led 3601 3327 3740 3395
led 3758 3324 3897 3400
led 3914 3327 4055 3405
led 4067 3329 4209 3402
led 4228 3327 4367 3402
led 4382 3327 4528 3402
connector 2614 2983 2764 3122
resistor 3450 3171 3550 3224
resistor 3058 3017 3109 3115
capacitor 3150 2924 3243 2973
capacitor 3119 3017 3170 3120
capacitor 3179 3020 3231 3120
capacitor 3074 3169 3170 3224
capacitor 3183 3167 3283 3224
capacitor 3307 3171 3407 3224
capacitor 3689 3018 3746 3120
capacitor 3628 3018 3685 3118
capacitor 3570 3018 3623 3120
ic 3258 2916 3542 3127
jumper 4011 3057 4156 3131
jumper 4009 2984 4156 3057
jumper 3227 2288 3371 2371
connector 3512 2044 3635 2354
unknown 3415 2143 3466 2241
unknown 3332 2145 3387 2241
clock 3166 2049 3291 2355
ic 3138 1247 3664 1769
pins 3740 1224 3889 1786
pins 3123 1020 3683 1167
pins 2921 1229 3064 1786
pins 3123 1843 3679 1988
jumper 2404 742 2500 888
capacitor 2364 724 2411 822
ic 2077 651 2348 841
capacitor 2452 557 2544 604
capacitor 2452 492 2546 541
resistor 2652 659 2750 710
led 2634 722 2766 784
text 2524 627 2628 692
text 2517 704 2623 755
text 2519 772 2623 824
text 2620 794 2816 846
text 2836 446 2888 565
text 2896 442 2955 556
text 2965 410 3024 556
text 3038 425 3091 555
text 3100 411 3162 558
text 3169 413 3229 555
text 3238 413 3295 555
text 3307 411 3360 554
text 3374 410 3433 555
text 3441 413 3495 556
text 3505 446 3558 553
text 3577 447 3634 554
text 3642 447 3698 552
text 3710 462 3763 553
text 3779 442 3834 553
text 3847 446 3901 553
text 3914 448 3971 554
text 3987 447 4037 552
text 4047 447 4110 552
text 4118 443 4172 552
text 4393 535 4426 598
text 4357 605 4442 835
text 2835 753 2888 865
text 2900 752 2953 863
text 2967 754 3022 868
text 3039 767 3089 873
text 3104 757 3158 867
text 3172 753 3224 873
text 3237 756 3292 868
text 3305 753 3363 865
text 3374 756 3429 867
text 3443 752 3493 864
text 3506 753 3559 862
text 3576 756 3630 860
text 3643 756 3692 863
text 3711 765 3766 865
text 3779 753 3830 863
text 3847 754 3894 862
text 3914 753 3967 859
text 3978 753 4034 863
text 4050 753 4101 862
text 4114 749 4169 868
text 2097 923 2209 988
text 2098 996 2208 1059
text 2063 1067 2206 1121
text 2067 1131 2208 1189
text 2071 1199 2211 1259
text 2073 1268 2204 1322
text 2071 1337 2206 1395
text 2069 1401 2209 1460
text 2071 1470 2206 1522
text 2069 1535 2204 1591
text 2099 1605 2205 1659
text 2095 1670 2211 1727
text 2094 1736 2208 1795
text 2093 1810 2209 1865
text 2072 1875 2204 1932
text 2066 1944 2206 1995
text 2099 2011 2205 2065
text 2068 2075 2204 2138
text 2068 2143 2209 2200
text 2066 2211 2204 2268
text 2424 926 2536 991
text 2423 994 2533 1057
text 2425 1068 2536 1120
text 2426 1137 2525 1191
text 2426 1201 2726 1253
text 2422 1268 2718 1325
text 2427 1340 2721 1389
text 2427 1405 2721 1454
text 2426 1472 2651 1522
text 2426 1541 2682 1590
text 2425 1597 2537 1662
text 2426 1667 2536 1730
text 2427 1741 2535 1796
text 2425 1805 2521 1868
text 2427 1877 2534 1932
text 2425 1941 2535 2000
text 2425 2012 2536 2065
text 2425 2079 2532 2131
text 2425 2147 2530 2201
text 2426 2216 2529 2262
text 3069 1032 3114 1090
text 3067 1096 3110 1160
text 2940 1175 2968 1216
text 2998 1169 3045 1221
text 3092 1307 3127 1373
text 3689 1028 3729 1089
text 3685 1096 3730 1160
text 3747 1170 3810 1217
text 3818 1172 3873 1216
text 4025 1188 4056 1242
text 3983 1244 4068 1463
text 4395 1102 4425 1152
text 4364 1152 4445 1419
text 2926 1790 2984 1835
text 2993 1790 3052 1837
text 3068 1851 3113 1909
text 3068 1920 3115 1977
text 3688 1847 3732 1911
text 3690 1923 3732 1977
text 3745 1790 3806 1836
text 3816 1789 3874 1833
text 4285 1602 4387 1657
text 4282 1672 4384 1723
text 4284 1743 4383 1790
text 4282 1807 4385 1858
text 4292 1874 4383 1930
text 4282 1944 4385 1995
text 4311 2009 4387 2064
text 4308 2078 4388 2132
text 4278 2146 4385 2200
text 4276 2212 4385 2272
text 4586 2213 4695 2273
text 4589 2144 4696 2198
text 4585 1600 4694 1657
text 4585 1674 4694 1723
text 4583 1737 4694 1791
text 4587 1805 4693 1862
text 4587 1872 4694 1932
text 4588 1944 4697 1994
text 4587 2010 4687 2063
text 4589 2079 4704 2132
text 2569 1970 3106 2099
text 2546 2115 3159 2241
text 2731 2422 2782 2533
text 2798 2425 2851 2533
text 2731 2754 2782 2865
text 2800 2756 2853 2864
text 2864 2425 2922 2532
text 2934 2426 2987 2531
text 3000 2426 3055 2535
text 3071 2358 3120 2531
text 3137 2370 3192 2532
text 3203 2423 3261 2536
text 3276 2377 3327 2535
text 3345 2386 3394 2536
text 3408 2425 3459 2536
text 3476 2427 3529 2535
text 3479 2756 3532 2864
text 3407 2756 3458 2867
text 3547 2357 3595 2570
text 3620 2368 3664 2572
text 3682 2259 3734 2537
text 3748 2262 3803 2533
text 3813 2441 3868 2533
text 3879 2405 3939 2536
text 3953 2472 4008 2530
text 4022 2456 4078 2538
text 4277 2623 4368 2919
text 2871 2754 2920 2867
text 2935 2763 2990 2867
text 3004 2756 3058 2863
text 3071 2756 3122 2865
text 3140 2757 3193 2865
text 3208 2751 3258 2867
text 3273 2723 3326 2864
text 3548 2759 3604 2865
text 3615 2768 3667 2869
text 3684 2756 3736 2864
text 3750 2757 3805 2863
text 3813 2759 3877 2868
text 3885 2754 3941 2869
text 3955 2758 4011 2873
text 4024 2756 4078 2869
text 2121 3409 2167 3474
text 2187 3405 2237 3475
text 2255 3406 2308 3475
text 2329 3405 2372 3479
text 2394 3405 2440 3477
text 2461 3404 2511 3477
text 2526 3414 2580 3477
text 2598 3405 2648 3473
text 2664 3405 2716 3477
text 2735 3402 2784 3479
text 2799 3405 2855 3479
text 2867 3405 2924 3480
text 2935 3405 2988 3483
text 3003 3406 3057 3481
text 3074 3414 3126 3479
text 3139 3406 3192 3478
text 2378 3728 2451 3774
text 2659 3727 2727 3774
text 2948 3727 3014 3777
text 3227 3726 3297 3775
text 3340 2726 3394 2870
text 3511 3728 3582 3778
text 3797 3727 3864 3780
text 4078 3730 4142 3785
text 4363 3732 4434 3784
text 3327 3404 3397 3454
text 3478 3404 3556 3459
text 3640 3407 3711 3454
text 3794 3405 3868 3458
text 3947 3407 4031 3459
text 4267 3406 4329 3465
text 4421 3406 4495 3467
text 3899 2994 4005 3052
text 3903 3062 4001 3122
text 3992 3143 4231 3174
text 4164 2996 4377 3051
text 4164 3065 4376 3117
text 4562 3514 4742 3577
text 2434 2596 2528 2927
text 2391 2986 2615 3043
text 2391 3055 2609 3112
text 2766 2986 2864 3047
text 2768 3059 2866 3120
connector 3368 2285 3509 2369
component 3072 3050 3091 3082
component 3478 3182 3507 3204
component 2682 667 2711 690
connector 2428 619 2514 691
connector 2424 689 2510 756
