capacitor 978 590 1014 604
capacitor 995 526 1028 535
capacitor 994 466 1025 481
capacitor 869 365 882 399
capacitor 853 369 865 400
capacitor 823 284 838 316
capacitor 993 104 1006 134
capacitor 651 190 682 205
capacitor 652 175 684 186
capacitor 765 509 779 542
capacitor 650 593 683 604
capacitor 653 575 685 588
capacitor 652 559 685 569
capacitor 606 530 619 567
capacitor 548 545 580 557
capacitor 474 544 508 558
capacitor 514 498 548 511
capacitor 449 231 483 247
capacitor 344 204 378 218
capacitor 322 242 334 275
capacitor 864 584 896 594
capacitor 861 564 896 578
capacitor 270 604 302 615
capacitor 219 601 257 613
capacitor 221 587 257 598
capacitor 266 587 304 595
capacitor 266 458 299 471
capacitor 302 269 317 299
capacitor 290 265 301 299
capacitor 276 266 288 299
capacitor 282 226 320 241
capacitor 471 365 484 400
capacitor 740 235 778 270
capacitor 560 224 599 259
capacitor 521 266 559 304
capacitor 430 490 463 500
capacitor 398 487 425 499
capacitor 382 488 396 522
capacitor 352 394 386 408
capacitor 351 337 388 351
capacitor 352 305 385 316
