capacitor 132 198 168 212
capacitor 118 267 151 276
capacitor 121 321 152 336
capacitor 264 403 277 437
capacitor 281 402 293 433
capacitor 308 486 323 518
capacitor 140 668 153 698
capacitor 464 597 495 612
capacitor 462 616 494 627
capacitor 367 260 381 293
capacitor 463 198 496 209
capacitor 461 214 493 227
capacitor 461 233 494 243
capacitor 527 235 540 272
capacitor 566 245 598 257
capacitor 638 244 672 258
capacitor 598 291 632 304
capacitor 663 555 697 571
capacitor 768 584 802 598
capacitor 812 527 824 560
capacitor 250 208 282 218
capacitor 250 224 285 238
capacitor 844 187 876 198
capacitor 889 189 927 201
capacitor 889 204 925 215
capacitor 842 207 880 215
capacitor 847 331 880 344
capacitor 829 503 844 533
capacitor 845 503 856 537
capacitor 858 503 870 536
capacitor 826 561 864 576
capacitor 662 402 675 437
capacitor 368 532 406 567
capacitor 547 543 586 578
capacitor 587 498 625 536
capacitor 683 302 716 312
capacitor 721 303 748 315
capacitor 750 280 764 314
capacitor 760 394 794 408
capacitor 758 451 795 465
capacitor 761 486 794 497
