capacitor 132 590 168 604
capacitor 118 526 151 535
capacitor 121 466 152 481
capacitor 264 365 277 399
capacitor 281 369 293 400
capacitor 308 284 323 316
capacitor 140 104 153 134
capacitor 464 190 495 205
capacitor 462 175 494 186
capacitor 367 509 381 542
capacitor 463 593 496 604
capacitor 461 575 493 588
capacitor 461 559 494 569
capacitor 527 530 540 567
capacitor 566 545 598 557
capacitor 638 544 672 558
capacitor 598 498 632 511
capacitor 663 231 697 247
capacitor 768 204 802 218
capacitor 812 242 824 275
capacitor 250 584 282 594
capacitor 250 564 285 578
capacitor 844 604 876 615
capacitor 889 601 927 613
capacitor 889 587 925 598
capacitor 842 587 880 595
capacitor 847 458 880 471
capacitor 829 269 844 299
capacitor 845 265 856 299
capacitor 858 266 870 299
capacitor 826 226 864 241
capacitor 662 365 675 400
capacitor 368 235 406 270
capacitor 547 224 586 259
capacitor 587 266 625 304
capacitor 683 490 716 500
capacitor 721 487 748 499
capacitor 750 488 764 522
capacitor 760 394 794 408
capacitor 758 337 795 351
capacitor 761 305 794 316
