text 374 2489 587 2563
connector 602 2629 1072 2732
connector 667 2468 998 2568
pins 1375 2642 1652 2686
connector 279 1711 362 2137
connector 272 1207 357 1624
pins 546 1275 644 2060
pins 866 1266 964 2068
connector 648 573 980 679
connector 575 406 1044 519
connector 1185 804 1282 1320
connector 1467 796 1559 1316
pins 1669 1076 1861 1264
pins 1674 743 1952 809
pins 2644 1045 3028 1253
pins 3535 510 3844 781
pins 3607 875 3830 1099
pins 1933 1283 2187 1352
pins 2989 1912 3059 2343
pins 3407 2434 3748 2548
pins 3344 2593 3818 2707
pins 2644 2479 3033 2698
pins 2259 2525 2461 2671
pins 1890 2155 2036 2227
pins 2620 2124 2669 2278
pins 1234 1468 1380 1532
pins 2038 1752 2187 1829
pins 2359 1509 2415 1857
pins 1952 407 2016 470
pins 2921 402 2977 470
text 461 670 570 770
text 382 952 595 1035
text 3811 1541 3859 1785
connector 3013 463 3259 682
connector 3026 805 3252 1034
pins 2335 1092 2565 1145
switch 3911 569 4052 687
