text 3525 445 3738 519
connector 3040 276 3510 379
connector 3114 440 3445 540
pins 2460 322 2737 366
connector 3750 871 3833 1297
connector 3755 1384 3840 1801
pins 3468 948 3566 1733
pins 3148 940 3246 1742
connector 3132 2329 3464 2435
connector 3068 2489 3537 2602
connector 2830 1688 2927 2204
connector 2553 1692 2645 2212
pins 2251 1744 2443 1932
pins 2160 2199 2438 2265
pins 1084 1755 1468 1963
pins 268 2227 577 2498
pins 282 1909 505 2133
pins 1925 1656 2179 1725
pins 1053 665 1123 1096
pins 364 460 705 574
pins 294 301 768 415
pins 1079 310 1468 529
pins 1651 337 1853 483
pins 2076 781 2222 853
pins 1443 730 1492 884
pins 2732 1476 2878 1540
pins 1925 1179 2074 1256
pins 1697 1151 1753 1499
pins 2096 2538 2160 2601
pins 1135 2538 1191 2606
text 3542 2238 3651 2338
text 3517 1973 3730 2056
text 253 1223 301 1467
connector 853 2326 1099 2545
connector 860 1974 1086 2203
pins 1547 1863 1777 1916
switch 60 2321 201 2439
