connector 3077 2573 3535 2657
connector 3142 2408 3474 2506
text 2914 2571 2943 2603
text 3659 2397 3692 2432
text 3598 2287 3634 2319
text 3595 2242 3627 2275
resistor 3514 2287 3587 2319
resistor 3513 2247 3587 2277
text 3424 2250 3461 2319
text 3379 2231 3415 2323
text 3333 2277 3369 2332
text 3287 2254 3324 2323
text 3240 2255 3278 2325
text 3196 2255 3233 2325
text 3112 2184 3492 2224
electrolytic 2781 2276 2929 2348
text 2832 2349 2883 2377
text 2939 2238 2990 2267
text 2790 2239 2841 2268
text 2932 2193 2979 2220
text 2772 2191 2841 2222
text 2934 2146 2979 2175
text 2795 2146 2840 2175
text 2935 2101 2978 2131
text 2797 2101 2840 2130
text 2939 2055 2978 2084
text 2794 2054 2840 2084
text 2934 2010 2978 2036
text 2796 2008 2839 2039
text 2933 1963 2978 1991
text 2793 1964 2840 1990
text 2935 1916 2979 1945
text 2799 1918 2839 1945
text 2940 1871 2978 1899
text 2800 1872 2838 1899
text 2946 1827 2982 1855
text 2775 1822 2841 1852
text 2942 1782 2998 1810
text 2785 1780 2841 1808
text 3206 2007 3742 2093
text 3375 1731 3472 1766
text 3375 1685 3472 1721
text 3375 1639 3473 1674
text 3374 1593 3473 1630
text 3380 1548 3473 1583
text 3375 1502 3473 1536
text 3366 1456 3473 1490
text 3366 1410 3473 1445
text 3367 1364 3474 1400
text 3366 1319 3474 1352
text 3366 1272 3473 1307
text 3366 1225 3473 1261
text 3366 1179 3473 1215
text 3366 1133 3472 1168
text 3372 1089 3473 1123
text 3365 1040 3472 1077
text 3612 1400 3649 1466
text 3291 1399 3328 1465
text 3540 1817 3582 1847
text 3218 1819 3257 1850
text 3715 1461 3756 1490
text 3718 1331 3757 1361
text 3666 1248 3705 1619
connector 3769 1468 3851 1874
connector 3768 965 3850 1366
text 3029 1779 3150 1814
text 3008 1734 3151 1767
text 3022 1688 3152 1721
text 3055 1639 3150 1675
text 3066 1593 3151 1629
text 3059 1548 3151 1584
text 3066 1501 3152 1537
text 3048 1456 3150 1493
text 3063 1412 3150 1444
text 3061 1365 3151 1400
text 3061 1319 3153 1354
text 3063 1272 3151 1307
text 3063 1225 3150 1262
text 3067 1179 3150 1214
text 3064 1133 3151 1170
text 3098 1094 3149 1112
text 3086 1042 3149 1077
text 3252 963 3494 1003
connector 3485 1030 3589 1814
connector 3162 1031 3266 1815
connector 2850 1772 2931 2268
connector 2575 1774 2656 2270
text 2446 2636 2863 2696
text 2228 2660 2298 2701
electrolytic 2230 2453 2405 2517
text 2308 2521 2341 2552
text 2244 2522 2287 2552
test 2226 2562 2304 2637
text 2595 2282 2637 2312
text 2671 2237 2730 2269
text 2509 2240 2568 2272
text 2675 2193 2720 2222
text 2517 2194 2562 2223
text 2675 2147 2720 2177
text 2517 2147 2561 2176
text 2676 2099 2719 2132
text 2517 2100 2562 2131
text 2677 2056 2716 2085
text 2527 2054 2562 2084
text 2683 2010 2717 2041
text 2529 2010 2561 2040
text 2681 1963 2716 1992
text 2527 1963 2562 1993
text 2681 1918 2716 1948
text 2528 1918 2561 1949
text 2680 1872 2717 1902
text 2528 1870 2560 1903
text 2685 1825 2715 1855
text 2528 1823 2561 1855
text 2674 1781 2725 1812
text 2510 1779 2561 1810
text 2488 1819 2520 1885
text 2169 2331 2489 2369
text 2461 2288 2493 2321
connector 2177 2269 2457 2324
text 2417 2206 2454 2271
text 2373 2217 2407 2271
text 2326 2204 2362 2272
text 2279 2204 2317 2271
text 2238 2204 2274 2270
text 2185 2194 2221 2274
resistor 2438 2113 2466 2188
resistor 2397 2113 2425 2188
ic 2329 2118 2384 2189
pads 2284 2119 2314 2193
text 2441 2076 2490 2107
text 2387 2076 2434 2107
text 2336 2086 2372 2114
text 2266 2090 2316 2118
text 2426 2039 2456 2077
text 2374 2040 2404 2077
text 2326 2041 2355 2078
text 2279 2041 2309 2078
switch 2248 1821 2478 2008
test 2117 2609 2163 2665
text 2124 2578 2167 2607
text 2146 2530 2176 2575
electrolytic 2133 2369 2203 2516
capacitor 2073 2478 2104 2551
text 2077 2555 2104 2587
text 2133 2283 2147 2302
electrolytic 2139 2168 2175 2278
capacitor 2096 2182 2125 2253
text 2142 2116 2167 2152
text 2092 2118 2119 2154
text 1925 2113 1961 2142
transistor 1637 2128 1819 2245
resistor 2039 2614 2068 2690
resistor 1996 2633 2022 2689
resistor 1926 2632 1957 2691
text 1958 2635 1985 2686
text 2081 2280 2114 2310
resistor 1686 2613 1715 2688
resistor 1646 2614 1671 2689
text 1723 2660 1755 2687
text 1601 2657 1634 2687
text 1765 2643 1849 2685
text 1483 2644 1567 2686
capacitor 1708 2490 1737 2563
text 1718 2565 1744 2594
text 1670 2455 1699 2503
ic 1299 2256 1656 2513
text 1612 2280 1642 2309
electrolytic 1683 2317 1732 2438
ic 1790 2260 2119 2520
electrolytic 1796 2537 1968 2595
text 1772 2599 1819 2628
text 1998 2556 2018 2590
text 2000 2523 2017 2549
electrolytic 1852 2154 2063 2236
text 1779 2089 1832 2121
electrolytic 1478 2518 1655 2587
led 1409 2624 1462 2675
text 1334 2666 1381 2695
text 1209 2669 1243 2698
text 1168 2661 1209 2689
text 1187 2549 1220 2578
text 1079 2560 1110 2590
text 949 2618 1040 2668
connector 892 2392 1105 2604
ic 1140 2226 1270 2437
electrolytic 1229 2528 1398 2593
resistor 1295 2600 1327 2701
resistor 1249 2599 1282 2702
text 373 2555 722 2666
text 608 2361 637 2419
switch 78 2298 593 2542
component 348 2375 447 2482
text 245 2482 332 2531
text 255 2304 316 2351
text 415 2196 447 2227
text 244 2201 277 2221
text 1056 2236 1097 2265
connector 892 2047 1102 2258
text 549 2140 811 2249
text 2302 1746 2439 1782
text 2219 1736 2257 1775
text 2149 1791 2190 1873
text 2058 1792 2098 1886
text 1969 1790 2004 1872
text 2157 1702 2172 1727
text 2076 1700 2090 1726
text 1983 1699 2000 1729
jumper 1954 1730 2093 1779
text 1829 1938 1882 1973
text 1750 1987 1788 2066
text 1672 1986 1706 2099
text 1579 1987 1616 2068
jumper 1560 1929 1711 1979
text 1768 1898 1784 1924
text 1674 1894 1690 1924
text 1593 1895 1611 1924
text 1824 1836 1868 1865
text 1823 1799 1861 1831
text 1819 1751 1863 1782
resistor 1738 1834 1814 1867
resistor 1739 1799 1815 1832
resistor 1739 1754 1815 1787
resistor 1556 1756 1630 1786
resistor 1598 1658 1627 1735
resistor 1555 1653 1585 1730
electrolytic 1665 1663 1703 1774
electrolytic 1699 1612 1794 1647
electrolytic 1811 1523 1846 1634
text 1816 1643 1844 1695
text 1723 1653 1764 1684
text 1704 1683 1731 1723
text 1637 1676 1663 1722
text 1577 1800 1619 1828
text 1525 1662 1551 1704
capacitor 1496 1667 1528 1742
text 1494 1751 1520 1794
capacitor 1413 1667 1442 1741
capacitor 1354 1667 1383 1741
text 1385 1666 1411 1709
text 1324 1665 1351 1708
text 1243 1679 1286 1706
capacitor 1223 1649 1297 1681
electrolytic 1168 1585 1204 1691
text 1212 1601 1244 1629
text 1178 1760 1436 1798
text 1050 1880 1082 1938
switch 1089 1835 1508 2020
electrolytic 1387 2151 1619 2237
text 1455 2046 1484 2120
text 1408 2046 1440 2115
text 1361 2048 1393 2120
text 1317 2045 1349 2186
text 1273 2049 1300 2127
text 1222 2045 1254 2118
text 1186 2052 1200 2095
text 1141 2054 1155 2097
text 1192 2188 1227 2216
text 955 1975 1008 2041
connector 206 1946 500 2146
text 498 1959 534 1990
connector 120 957 891 1907
text 2524 1704 2762 1742
text 2892 1523 2931 1657
text 2880 1682 2911 1735
resistor 2848 1659 2881 1764
led 2778 1679 2836 1747
text 2777 1637 2827 1668
button 2763 1523 2878 1641
text 2827 1492 2883 1523
text 2712 1502 2762 1533
text 2712 1572 2739 1620
electrolytic 2674 1544 2711 1655
capacitor 2742 1471 2815 1503
resistor 2741 1431 2813 1462
text 2751 1397 2799 1427
text 2749 1366 2801 1393
capacitor 2743 1336 2813 1367
text 2755 1310 2804 1335
capacitor 2743 1285 2815 1312
text 2634 1653 2661 1695
resistor 2635 1551 2663 1627
text 2588 1573 2617 1623
capacitor 2554 1556 2587 1630
text 2525 1572 2551 1623
capacitor 2494 1557 2523 1632
text 2444 1650 2470 1702
capacitor 2443 1556 2473 1632
text 2409 1574 2433 1620
capacitor 2377 1563 2406 1637
text 2295 1597 2321 1640
electrolytic 2259 1569 2294 1677
electrolytic 2175 1481 2211 1592
text 2214 1506 2241 1557
capacitor 2138 1494 2169 1569
text 2143 1406 2168 1459
pads 1896 1412 2129 1647
text 2106 1376 2139 1402
ic 2267 1096 2689 1523
text 2682 1102 2717 1132
electrolytic 2729 1223 2827 1258
text 2754 1192 2799 1220
text 2852 1150 2929 1417
capacitor 2152 1321 2223 1353
text 2182 1357 2228 1383
capacitor 2151 1285 2225 1317
text 2134 1257 2181 1284
text 2187 1247 2235 1273
electrolytic 2134 1202 2232 1238
text 2008 1347 2061 1377
text 1978 1156 2084 1227
button 1967 1229 2081 1342
text 1856 1587 1883 1638
capacitor 1856 1494 1887 1569
capacitor 1711 1570 1783 1601
text 1669 1571 1694 1621
test 1725 1515 1777 1568
text 1678 1507 1726 1541
text 1807 1189 1886 1457
text 1718 1439 1768 1470
capacitor 1710 1407 1783 1437
text 1718 1369 1766 1394
capacitor 1708 1337 1782 1370
test 1721 1227 1777 1282
text 1718 1283 1778 1317
text 1824 1132 1849 1184
resistor 1782 1124 1810 1200
resistor 1737 1125 1765 1201
text 1740 1069 1766 1118
text 1698 1126 1725 1177
electrolytic 1664 1105 1697 1202
ic 1248 1215 1663 1638
text 1156 1463 1208 1487
capacitor 1139 1425 1214 1458
capacitor 1140 1384 1213 1419
text 1156 1352 1205 1379
text 1153 1315 1203 1342
electrolytic 1129 1277 1224 1315
capacitor 1152 1236 1223 1265
text 1163 1204 1214 1232
text 1032 1535 1081 1563
text 1036 1487 1082 1517
text 1037 1442 1083 1472
text 1050 1397 1101 1428
text 1029 1348 1080 1381
text 1031 1305 1081 1335
resistor 936 1535 1011 1565
resistor 938 1490 1011 1521
capacitor 937 1444 1011 1474
electrolytic 937 1396 1032 1432
resistor 936 1354 1011 1383
resistor 936 1307 1008 1337
resistor 864 1418 904 1446
text 508 1242 553 1634
text 3666 848 3695 902
text 3549 817 3578 868
capacitor 3632 832 3662 905
electrolytic 3591 807 3629 904
text 3046 880 3114 917
test 2952 852 3033 934
text 2873 968 2939 1006
text 2884 887 2928 917
text 3117 769 3493 809
text 3429 680 3441 725
text 3365 678 3403 746
text 3320 678 3356 746
text 3274 678 3311 746
text 3228 678 3264 733
text 3182 677 3217 770
text 3138 675 3172 740
text 2980 722 3029 755
text 2979 678 3030 709
resistor 3047 727 3120 758
resistor 3048 681 3121 712
text 2697 1072 2746 1097
electrolytic 2676 1033 2769 1070
capacitor 2621 1004 2650 1079
text 2623 954 2649 1004
text 2578 1016 2605 1069
text 2522 1017 2550 1068
text 2424 1013 2449 1063
text 2405 941 2429 987
text 2331 929 2359 975
text 2536 913 2549 942
text 2463 911 2482 944
text 2395 912 2411 944
text 2327 913 2346 941
text 2589 852 2609 885
text 2588 773 2608 804
text 2587 695 2609 726
text 2591 616 2609 648
capacitor 2550 1005 2579 1079
capacitor 2495 1005 2523 1078
capacitor 2448 1005 2478 1078
capacitor 2384 986 2414 1060
resistor 2332 1003 2360 1078
text 2230 983 2257 1035
electrolytic 2258 970 2297 1080
text 2181 1150 2231 1181
capacitor 2150 1120 2223 1152
text 2152 948 2207 980
button 2113 832 2231 950
text 2036 797 2291 835
led 2511 830 2568 895
led 2442 831 2499 896
led 2374 829 2431 894
led 2304 829 2361 894
led 2512 748 2569 813
led 2444 749 2501 814
led 2374 748 2431 813
led 2306 750 2363 815
led 2512 667 2569 732
led 2442 669 2499 734
led 2374 669 2431 734
led 2306 669 2363 734
led 2512 586 2569 651
led 2441 587 2498 652
led 2372 587 2429 652
led 2304 587 2361 652
text 2252 629 2280 762
text 2036 601 2104 641
text 1964 672 2006 704
test 2019 655 2097 731
text 1623 1131 1650 1183
text 1557 1056 1584 1106
text 1514 1054 1540 1104
text 1452 1061 1480 1109
text 1427 1050 1452 1099
text 1609 1022 1658 1047
text 1564 983 1614 1013
text 1302 1154 1328 1202
text 1271 1156 1296 1205
resistor 1583 1114 1615 1191
capacitor 1537 1118 1568 1191
capacitor 1498 1117 1527 1192
resistor 1457 1116 1485 1194
capacitor 1416 1118 1445 1190
capacitor 1372 1116 1402 1191
capacitor 1331 1117 1361 1191
electrolytic 1495 1022 1587 1057
resistor 1486 989 1561 1020
resistor 1713 986 1788 1016
resistor 1598 931 1672 962
resistor 1746 789 1773 865
text 1741 1022 1791 1051
text 1704 928 1754 959
text 1690 892 1736 923
capacitor 1599 894 1672 924
capacitor 1480 950 1551 983
text 1542 928 1591 957
text 1525 903 1566 931
text 1523 857 1566 887
text 1526 808 1561 838
test 1470 898 1524 948
test 1468 851 1523 897
test 1470 802 1522 851
clock 1569 770 1699 888
text 1617 739 1648 768
text 1779 793 1805 842
text 1782 701 1810 751
resistor 1747 686 1775 763
ic 1211 814 1444 1050
text 1415 788 1447 816
text 1368 725 1416 752
text 1195 761 1242 789
resistor 1249 762 1322 794
electrolytic 1159 815 1193 915
electrolytic 1314 1064 1407 1099
electrolytic 1216 1116 1312 1151
text 1152 1122 1196 1151
text 1157 1071 1205 1100
text 1177 1047 1224 1074
text 1155 1015 1204 1044
capacitor 1227 1069 1299 1099
capacitor 1163 944 1192 1017
text 1160 759 1188 810
led 1031 1039 1086 1106
text 1040 1114 1086 1145
text 939 1056 1026 1094
text 1109 1157 1153 1189
unknown 1082 736 1148 1154
text 918 1106 967 1136
resistor 884 1022 916 1125
electrolytic 938 953 1063 1016
text 807 964 840 991
text 875 968 924 998
text 1041 917 1083 944
text 1028 803 1084 834
text 885 863 1021 904
text 915 743 1025 782
led 1033 841 1082 910
led 1031 729 1082 795
resistor 911 808 1011 840
text 865 810 911 837
resistor 947 678 1047 709
text 961 708 1010 733
text 337 786 712 823
text 701 695 716 746
text 647 695 683 762
text 602 697 638 762
text 558 694 592 762
text 511 696 547 749
text 465 696 500 785
text 419 695 454 755
text 245 739 294 766
text 247 694 291 723
resistor 305 740 378 770
resistor 306 695 379 725
connector 195 148 911 468
text 929 368 974 396
text 1013 445 1062 473
resistor 1001 483 1076 515
connector 1 493 1097 673
text 1191 319 1453 358
text 1514 392 1547 458
switch 1085 389 1505 575
text 1447 610 1485 694
text 1392 610 1427 700
text 1344 610 1382 703
text 1301 609 1333 758
text 1257 610 1294 761
text 1213 606 1250 756
text 1182 619 1198 671
text 1137 619 1151 673
connector 3138 530 3460 614
connector 3078 363 3532 444
text 2890 492 2937 524
text 2889 388 2937 422
text 2791 401 2838 429
resistor 2731 900 2837 977
resistor 2732 798 2838 875
resistor 2732 694 2838 771
resistor 2732 591 2838 668
text 2693 892 2721 945
text 2695 787 2721 839
text 2695 684 2721 735
text 2694 580 2721 633
connector 2482 393 2765 448
text 2487 321 2781 364
text 2724 464 2761 545
text 2679 465 2715 534
text 2634 465 2670 534
text 2588 468 2622 535
text 2539 468 2578 521
text 2496 466 2530 535
text 2179 500 2395 541
text 2180 452 2396 493
text 2178 408 2394 449
text 2177 360 2393 401
text 1923 501 2139 542
text 1924 457 2140 498
text 1923 410 2139 451
text 1922 363 2138 404
text 1954 288 2402 332
text 1780 290 1889 344
text 1818 578 1872 611
text 1573 490 1687 588
potentiometer 1689 390 1874 575
ic 1855 2630 1911 2678
component 3540 2297 3564 2314
component 3539 2255 3563 2272
component 2296 2468 2367 2512
component 2442 2139 2461 2164
component 2402 2139 2418 2164
component 1693 2635 1708 2668
component 1651 2635 1668 2666
component 1255 2635 1276 2669
component 1301 2636 1320 2671
component 1297 2546 1344 2593
component 1572 2536 1610 2585
component 1162 2272 1242 2395
component 1122 1980 1471 2011
component 1262 1850 1338 1873
component 1761 1842 1788 1862
component 1765 1808 1789 1828
component 1762 1761 1787 1780
component 1579 1763 1603 1782
component 1603 1690 1620 1713
component 1561 1680 1578 1706
component 2277 1969 2443 2005
component 2318 1836 2396 1864
component 2856 1701 2874 1731
component 2641 1579 2659 1603
component 2768 1438 2790 1456
component 2333 1202 2630 1468
component 1463 1141 1478 1170
component 1741 1150 1758 1175
component 1790 1153 1805 1178
component 1589 1141 1609 1170
component 1303 1280 1597 1518
component 961 1543 984 1562
component 960 1496 983 1514
component 962 1358 985 1377
component 875 1424 896 1440
component 963 1314 983 1331
component 890 1061 909 1090
component 331 746 355 765
component 334 704 355 717
component 946 814 977 832
component 984 683 1012 704
component 1104 1009 1119 1127
component 1278 771 1300 787
component 1368 767 1390 782
component 1260 870 1400 1009
component 1515 997 1536 1013
component 1626 937 1647 957
component 1741 990 1764 1012
component 1574 792 1687 864
component 1751 820 1768 845
component 1753 712 1769 738
component 2337 1028 2355 1053
component 2768 923 2812 952
component 2763 822 2802 851
component 2765 714 2807 746
component 2768 613 2807 642
component 3073 732 3095 752
component 3069 687 3094 704
component 1702 404 1858 553
component 1117 538 1465 565
component 1250 397 1334 430
component 1024 489 1047 509
text 1543 2102 1588 2137
component 2043 2641 2063 2670
component 1931 2637 1949 2659
pads 2140 1731 2196 1779
pads 1752 1928 1803 1978
test 1152 2603 1208 2662
