text 374 445 587 519
connector 602 276 1072 379
connector 667 440 998 540
pins 1375 322 1652 366
connector 279 871 362 1297
connector 272 1384 357 1801
pins 546 948 644 1733
pins 866 940 964 1742
connector 648 2329 980 2435
connector 575 2489 1044 2602
connector 1185 1688 1282 2204
connector 1467 1692 1559 2212
pins 1669 1744 1861 1932
pins 1674 2199 1952 2265
pins 2644 1755 3028 1963
pins 3535 2227 3844 2498
pins 3607 1909 3830 2133
pins 1933 1656 2187 1725
pins 2989 665 3059 1096
pins 3407 460 3748 574
pins 3344 301 3818 415
pins 2644 310 3033 529
pins 2259 337 2461 483
pins 1890 781 2036 853
pins 2620 730 2669 884
pins 1234 1476 1380 1540
pins 2038 1179 2187 1256
pins 2359 1151 2415 1499
pins 1952 2538 2016 2601
pins 2921 2538 2977 2606
text 461 2238 570 2338
text 382 1973 595 2056
text 3811 1223 3859 1467
connector 3013 2326 3259 2545
connector 3026 1974 3252 2203
pins 2335 1863 2565 1916
switch 3911 2321 4052 2439
