connector 577 351 1035 435
connector 638 502 970 600
text 1169 405 1198 437
text 420 576 453 611
text 478 689 514 721
text 485 733 517 766
resistor 525 689 598 721
resistor 525 731 599 761
text 651 689 688 758
text 697 685 733 777
text 743 676 779 731
text 788 685 825 754
text 834 683 872 753
text 879 683 916 753
text 620 784 1000 824
electrolytic 1183 660 1331 732
text 1229 631 1280 659
text 1122 741 1173 770
text 1271 740 1322 769
text 1133 788 1180 815
text 1271 786 1340 817
text 1133 833 1178 862
text 1272 833 1317 862
text 1134 877 1177 907
text 1272 878 1315 907
text 1134 924 1173 953
text 1272 924 1318 954
text 1134 972 1178 998
text 1273 969 1316 1000
text 1134 1017 1179 1045
text 1272 1018 1319 1044
text 1133 1063 1177 1092
text 1273 1063 1313 1090
text 1134 1109 1172 1137
text 1274 1109 1312 1136
text 1130 1153 1166 1181
text 1271 1156 1337 1186
text 1114 1198 1170 1226
text 1271 1200 1327 1228
text 370 915 906 1001
text 640 1242 737 1277
text 640 1287 737 1323
text 639 1334 737 1369
text 639 1378 738 1415
text 639 1425 732 1460
text 639 1472 737 1506
text 639 1518 746 1552
text 639 1563 746 1598
text 638 1608 745 1644
text 638 1656 746 1689
text 639 1701 746 1736
text 639 1747 746 1783
text 639 1793 746 1829
text 640 1840 746 1875
text 639 1885 740 1919
text 640 1931 747 1968
text 463 1542 500 1608
text 784 1543 821 1609
text 530 1161 572 1191
text 855 1158 894 1189
text 356 1518 397 1547
text 355 1647 394 1677
text 407 1389 446 1760
connector 261 1134 343 1540
connector 262 1642 344 2043
text 962 1194 1083 1229
text 961 1241 1104 1274
text 960 1287 1090 1320
text 962 1333 1057 1369
text 961 1379 1046 1415
text 961 1424 1053 1460
text 960 1471 1046 1507
text 962 1515 1064 1552
text 962 1564 1049 1596
text 961 1608 1051 1643
text 959 1654 1051 1689
text 961 1701 1049 1736
text 962 1746 1049 1783
text 962 1794 1045 1829
text 961 1838 1048 1875
text 963 1896 1014 1914
text 963 1931 1026 1966
text 618 2005 860 2045
connector 523 1194 627 1978
connector 846 1193 950 1977
connector 1181 740 1262 1236
connector 1456 738 1537 1234
text 1249 312 1666 372
text 1814 307 1884 348
electrolytic 1707 491 1882 555
text 1771 456 1804 487
text 1825 456 1868 486
test 1808 371 1886 446
text 1475 696 1517 726
text 1382 739 1441 771
text 1544 736 1603 768
text 1392 786 1437 815
text 1550 785 1595 814
text 1392 831 1437 861
text 1551 832 1595 861
text 1393 876 1436 909
text 1550 877 1595 908
text 1396 923 1435 952
text 1550 924 1585 954
text 1395 967 1429 998
text 1551 968 1583 998
text 1396 1016 1431 1045
text 1550 1015 1585 1045
text 1396 1060 1431 1090
text 1551 1059 1584 1090
text 1395 1106 1432 1136
text 1552 1105 1584 1138
text 1397 1153 1427 1183
text 1551 1153 1584 1185
text 1387 1196 1438 1227
text 1551 1198 1602 1229
text 1592 1123 1624 1189
text 1623 639 1943 677
text 1619 687 1651 720
connector 1655 684 1935 739
text 1658 737 1695 802
text 1705 737 1739 791
text 1750 736 1786 804
text 1795 737 1833 804
text 1838 738 1874 804
text 1891 734 1927 814
resistor 1646 820 1674 895
resistor 1687 820 1715 895
ic 1728 819 1783 890
pads 1798 815 1828 889
text 1622 901 1671 932
text 1678 901 1725 932
text 1740 894 1776 922
text 1796 890 1846 918
text 1656 931 1686 969
text 1708 931 1738 968
text 1757 930 1786 967
text 1803 930 1833 967
switch 1634 1000 1864 1187
test 1949 343 1995 399
text 1945 401 1988 430
text 1936 433 1966 478
electrolytic 1909 492 1979 639
capacitor 2008 457 2039 530
text 2008 421 2035 453
text 1965 706 1979 725
electrolytic 1937 730 1973 840
capacitor 1987 755 2016 826
text 1945 856 1970 892
text 1993 854 2020 890
text 2151 866 2187 895
transistor 2293 763 2475 880
resistor 2044 318 2073 394
resistor 2090 319 2116 375
resistor 2155 317 2186 376
text 2127 322 2154 373
text 1998 698 2031 728
resistor 2397 320 2426 395
resistor 2441 319 2466 394
text 2357 321 2389 348
text 2478 321 2511 351
text 2263 323 2347 365
text 2545 322 2629 364
capacitor 2375 445 2404 518
text 2368 414 2394 443
text 2413 505 2442 553
ic 2456 495 2813 752
text 2470 699 2500 728
electrolytic 2380 570 2429 691
ic 1993 488 2322 748
electrolytic 2144 413 2316 471
text 2293 380 2340 409
text 2094 418 2114 452
text 2095 459 2112 485
electrolytic 2049 772 2260 854
text 2280 887 2333 919
electrolytic 2457 421 2634 490
led 2650 333 2703 384
text 2731 313 2778 342
text 2869 310 2903 339
text 2903 319 2944 347
text 2892 430 2925 459
text 3002 418 3033 448
text 3072 340 3163 390
connector 3007 404 3220 616
ic 2842 571 2972 782
electrolytic 2714 415 2883 480
resistor 2785 307 2817 408
resistor 2830 306 2863 409
text 3390 342 3739 453
text 3475 589 3504 647
switch 3519 466 4034 710
component 3665 526 3764 633
text 3780 477 3867 526
text 3796 657 3857 704
text 3665 781 3697 812
text 3835 787 3868 807
text 3015 743 3056 772
connector 3010 750 3220 961
text 3301 759 3563 868
text 1673 1226 1810 1262
text 1855 1233 1893 1272
text 1922 1135 1963 1217
text 2014 1122 2054 1216
text 2108 1136 2143 1218
text 1940 1281 1955 1306
text 2022 1282 2036 1308
text 2112 1279 2129 1309
jumper 2019 1229 2158 1278
text 2230 1035 2283 1070
text 2324 942 2362 1021
text 2406 909 2440 1022
text 2496 940 2533 1021
jumper 2401 1029 2552 1079
text 2328 1084 2344 1110
text 2422 1084 2438 1114
text 2501 1084 2519 1113
text 2244 1143 2288 1172
text 2251 1177 2289 1209
text 2249 1226 2293 1257
resistor 2298 1141 2374 1174
resistor 2297 1176 2373 1209
resistor 2297 1221 2373 1254
resistor 2482 1222 2556 1252
resistor 2485 1273 2514 1350
resistor 2527 1278 2557 1355
electrolytic 2409 1234 2447 1345
electrolytic 2318 1361 2413 1396
electrolytic 2266 1374 2301 1485
text 2268 1313 2296 1365
text 2348 1324 2389 1355
text 2381 1285 2408 1325
text 2449 1286 2475 1332
text 2493 1180 2535 1208
text 2561 1304 2587 1346
capacitor 2584 1266 2616 1341
text 2592 1214 2618 1257
capacitor 2670 1267 2699 1341
capacitor 2729 1267 2758 1341
text 2701 1299 2727 1342
text 2761 1300 2788 1343
text 2826 1302 2869 1329
capacitor 2815 1327 2889 1359
electrolytic 2908 1317 2944 1423
text 2868 1379 2900 1407
text 2676 1210 2934 1248
text 3030 1070 3062 1128
switch 2604 988 3023 1173
electrolytic 2493 771 2725 857
text 2628 888 2657 962
text 2672 893 2704 962
text 2719 888 2751 960
text 2763 822 2795 963
text 2812 881 2839 959
text 2858 890 2890 963
text 2912 913 2926 956
text 2957 911 2971 954
text 2885 792 2920 820
text 3104 967 3157 1033
connector 3612 862 3906 1062
text 3578 1018 3614 1049
connector 3221 1101 3992 2051
text 1350 1266 1588 1304
text 1181 1351 1220 1485
text 1201 1273 1232 1326
resistor 1231 1244 1264 1349
led 1276 1261 1334 1329
text 1285 1340 1335 1371
button 1234 1367 1349 1485
text 1229 1485 1285 1516
text 1350 1475 1400 1506
text 1373 1388 1400 1436
electrolytic 1401 1353 1438 1464
capacitor 1297 1505 1370 1537
resistor 1299 1546 1371 1577
text 1313 1581 1361 1611
text 1311 1615 1363 1642
capacitor 1299 1641 1369 1672
text 1308 1673 1357 1698
capacitor 1297 1696 1369 1723
text 1451 1313 1478 1355
resistor 1449 1381 1477 1457
text 1495 1385 1524 1435
capacitor 1525 1378 1558 1452
text 1561 1385 1587 1436
capacitor 1589 1376 1618 1451
text 1642 1306 1668 1358
capacitor 1639 1376 1669 1452
text 1679 1388 1703 1434
capacitor 1706 1371 1735 1445
text 1791 1368 1817 1411
electrolytic 1818 1331 1853 1439
electrolytic 1901 1416 1937 1527
text 1871 1451 1898 1502
capacitor 1943 1439 1974 1514
text 1944 1549 1969 1602
pads 1983 1361 2216 1596
text 1973 1606 2006 1632
ic 1423 1485 1845 1912
text 1395 1876 1430 1906
electrolytic 1285 1750 1383 1785
text 1313 1788 1358 1816
text 1183 1591 1260 1858
capacitor 1889 1655 1960 1687
text 1884 1625 1930 1651
capacitor 1887 1691 1961 1723
text 1931 1724 1978 1751
text 1877 1735 1925 1761
electrolytic 1880 1770 1978 1806
text 2051 1631 2104 1661
text 2028 1781 2134 1852
button 2031 1666 2145 1779
text 2229 1370 2256 1421
capacitor 2225 1439 2256 1514
capacitor 2329 1407 2401 1438
text 2418 1387 2443 1437
test 2335 1440 2387 1493
text 2386 1467 2434 1501
text 2226 1551 2305 1819
text 2344 1538 2394 1569
capacitor 2329 1571 2402 1601
text 2346 1614 2394 1639
capacitor 2330 1638 2404 1671
test 2335 1726 2391 1781
text 2334 1691 2394 1725
text 2263 1824 2288 1876
resistor 2302 1808 2330 1884
resistor 2347 1807 2375 1883
text 2346 1890 2372 1939
text 2387 1831 2414 1882
electrolytic 2415 1806 2448 1903
ic 2449 1370 2864 1793
text 2904 1521 2956 1545
capacitor 2898 1550 2973 1583
capacitor 2899 1589 2972 1624
text 2907 1629 2956 1656
text 2909 1666 2959 1693
electrolytic 2888 1693 2983 1731
capacitor 2889 1743 2960 1772
text 2898 1776 2949 1804
text 3031 1445 3080 1473
text 3030 1491 3076 1521
text 3029 1536 3075 1566
text 3011 1580 3062 1611
text 3032 1627 3083 1660
text 3031 1673 3081 1703
resistor 3101 1443 3176 1473
resistor 3101 1487 3174 1518
capacitor 3101 1534 3175 1564
electrolytic 3080 1576 3175 1612
resistor 3101 1625 3176 1654
resistor 3104 1671 3176 1701
resistor 3208 1562 3248 1590
text 3559 1374 3604 1766
text 417 2106 446 2160
text 534 2140 563 2191
capacitor 450 2103 480 2176
electrolytic 483 2104 521 2201
text 998 2091 1066 2128
test 1079 2074 1160 2156
text 1173 2002 1239 2040
text 1184 2091 1228 2121
text 619 2199 995 2239
text 671 2283 683 2328
text 709 2262 747 2330
text 756 2262 792 2330
text 801 2262 838 2330
text 848 2275 884 2330
text 895 2238 930 2331
text 940 2268 974 2333
text 1083 2253 1132 2286
text 1082 2299 1133 2330
resistor 992 2250 1065 2281
resistor 991 2296 1064 2327
text 1366 1911 1415 1936
electrolytic 1343 1938 1436 1975
capacitor 1462 1929 1491 2004
text 1463 2004 1489 2054
text 1507 1939 1534 1992
text 1562 1940 1590 1991
text 1663 1945 1688 1995
text 1683 2021 1707 2067
text 1753 2033 1781 2079
text 1563 2066 1576 2095
text 1630 2064 1649 2097
text 1701 2064 1717 2096
text 1766 2067 1785 2095
text 1503 2123 1523 2156
text 1504 2204 1524 2235
text 1503 2282 1525 2313
text 1503 2360 1521 2392
capacitor 1533 1929 1562 2003
capacitor 1589 1930 1617 2003
capacitor 1634 1930 1664 2003
capacitor 1698 1948 1728 2022
resistor 1752 1930 1780 2005
text 1855 1973 1882 2025
electrolytic 1815 1928 1854 2038
text 1881 1827 1931 1858
capacitor 1889 1856 1962 1888
text 1905 2028 1960 2060
button 1881 2058 1999 2176
text 1821 2173 2076 2211
led 1544 2113 1601 2178
led 1613 2112 1670 2177
led 1681 2114 1738 2179
led 1751 2114 1808 2179
led 1543 2195 1600 2260
led 1611 2194 1668 2259
led 1681 2195 1738 2260
led 1749 2193 1806 2258
led 1543 2276 1600 2341
led 1613 2274 1670 2339
led 1681 2274 1738 2339
led 1749 2274 1806 2339
led 1543 2357 1600 2422
led 1614 2356 1671 2421
led 1683 2356 1740 2421
led 1751 2356 1808 2421
text 1832 2246 1860 2379
text 2008 2367 2076 2407
text 2106 2304 2148 2336
test 2015 2277 2093 2353
text 2462 1825 2489 1877
text 2528 1902 2555 1952
text 2572 1904 2598 1954
text 2632 1899 2660 1947
text 2660 1909 2685 1958
text 2454 1961 2503 1986
text 2498 1995 2548 2025
text 2784 1806 2810 1854
text 2816 1803 2841 1852
resistor 2497 1817 2529 1894
capacitor 2544 1817 2575 1890
capacitor 2585 1816 2614 1891
resistor 2627 1814 2655 1892
capacitor 2667 1818 2696 1890
capacitor 2710 1817 2740 1892
capacitor 2751 1817 2781 1891
electrolytic 2525 1951 2617 1986
resistor 2551 1988 2626 2019
resistor 2324 1992 2399 2022
resistor 2440 2046 2514 2077
resistor 2339 2143 2366 2219
text 2321 1957 2371 1986
text 2358 2049 2408 2080
text 2376 2085 2422 2116
capacitor 2440 2084 2513 2114
capacitor 2561 2025 2632 2058
text 2521 2051 2570 2080
text 2546 2077 2587 2105
text 2546 2121 2589 2151
text 2551 2170 2586 2200
test 2588 2060 2642 2110
test 2589 2111 2644 2157
test 2590 2157 2642 2206
clock 2413 2120 2543 2238
text 2464 2240 2495 2269
text 2307 2166 2333 2215
text 2302 2257 2330 2307
resistor 2337 2245 2365 2322
ic 2668 1958 2901 2194
text 2665 2192 2697 2220
text 2696 2256 2744 2283
text 2870 2219 2917 2247
resistor 2790 2214 2863 2246
electrolytic 2919 2093 2953 2193
electrolytic 2705 1909 2798 1944
electrolytic 2800 1857 2896 1892
text 2916 1857 2960 1886
text 2907 1908 2955 1937
text 2888 1934 2935 1961
text 2908 1964 2957 1993
capacitor 2813 1909 2885 1939
capacitor 2920 1991 2949 2064
text 2924 2198 2952 2249
led 3026 1902 3081 1969
text 3026 1863 3072 1894
text 3086 1914 3173 1952
text 2959 1819 3003 1851
unknown 2964 1854 3030 2272
text 3145 1872 3194 1902
resistor 3196 1883 3228 1986
electrolytic 3049 1992 3174 2055
text 3272 2017 3305 2044
text 3188 2010 3237 2040
text 3029 2064 3071 2091
text 3028 2174 3084 2205
text 3091 2104 3227 2145
text 3087 2226 3197 2265
led 3030 2098 3079 2167
led 3030 2213 3081 2279
resistor 3101 2168 3201 2200
text 3201 2171 3247 2198
resistor 3065 2299 3165 2330
text 3102 2275 3151 2300
text 3400 2185 3775 2222
text 3396 2262 3411 2313
text 3429 2246 3465 2313
text 3474 2246 3510 2311
text 3520 2246 3554 2314
text 3565 2259 3601 2312
text 3612 2223 3647 2312
text 3658 2253 3693 2313
text 3818 2242 3867 2269
text 3821 2285 3865 2314
resistor 3734 2238 3807 2268
resistor 3733 2283 3806 2313
connector 3201 2540 3917 2860
text 3138 2612 3183 2640
text 3050 2535 3099 2563
resistor 3036 2493 3111 2525
connector 3015 2335 4111 2515
text 2659 2650 2921 2689
text 2565 2550 2598 2616
switch 2607 2433 3027 2619
text 2627 2314 2665 2398
text 2685 2308 2720 2398
text 2730 2305 2768 2398
text 2779 2250 2811 2399
text 2818 2247 2855 2398
text 2862 2252 2899 2402
text 2914 2337 2930 2389
text 2961 2335 2975 2389
connector 652 2394 974 2478
connector 580 2564 1034 2645
text 1175 2484 1222 2516
text 1175 2586 1223 2620
text 1274 2579 1321 2607
resistor 1275 2031 1381 2108
resistor 1274 2133 1380 2210
resistor 1274 2237 1380 2314
resistor 1274 2340 1380 2417
text 1391 2063 1419 2116
text 1391 2169 1417 2221
text 1391 2273 1417 2324
text 1391 2375 1418 2428
connector 1347 2560 1630 2615
text 1331 2644 1625 2687
text 1351 2463 1388 2544
text 1397 2474 1433 2543
text 1442 2474 1478 2543
text 1490 2473 1524 2540
text 1534 2487 1573 2540
text 1582 2473 1616 2542
text 1717 2467 1933 2508
text 1716 2515 1932 2556
text 1718 2559 1934 2600
text 1719 2607 1935 2648
text 1973 2466 2189 2507
text 1972 2510 2188 2551
text 1973 2557 2189 2598
text 1974 2604 2190 2645
text 1710 2676 2158 2720
text 2223 2664 2332 2718
text 2240 2397 2294 2430
text 2425 2420 2539 2518
potentiometer 2238 2433 2423 2618
ic 2201 330 2257 378
component 548 694 572 711
component 549 736 573 753
component 1745 496 1816 540
component 1651 844 1670 869
component 1694 844 1710 869
component 2404 340 2419 373
component 2444 342 2461 373
component 2836 339 2857 373
component 2792 337 2811 372
component 2768 415 2815 462
component 2502 423 2540 472
component 2870 613 2950 736
component 2641 997 2990 1028
component 2774 1135 2850 1158
component 2324 1146 2351 1166
component 2323 1180 2347 1200
component 2325 1228 2350 1247
component 2509 1226 2533 1245
component 2492 1295 2509 1318
component 2534 1302 2551 1328
component 1669 1003 1835 1039
component 1716 1144 1794 1172
component 1238 1277 1256 1307
component 1453 1405 1471 1429
component 1322 1552 1344 1570
component 1482 1540 1779 1806
component 2634 1838 2649 1867
component 2354 1833 2371 1858
component 2307 1830 2322 1855
component 2503 1838 2523 1867
component 2515 1490 2809 1728
component 3128 1446 3151 1465
component 3129 1494 3152 1512
component 3127 1631 3150 1650
component 3216 1568 3237 1584
component 3129 1677 3149 1694
component 3203 1918 3222 1947
component 3757 2243 3781 2262
component 3757 2291 3778 2304
component 3135 2176 3166 2194
component 3100 2304 3128 2325
component 2993 1881 3008 1999
component 2812 2221 2834 2237
component 2722 2226 2744 2241
component 2712 1999 2852 2138
component 2576 1995 2597 2011
component 2465 2051 2486 2071
component 2348 1996 2371 2018
component 2425 2144 2538 2216
component 2344 2163 2361 2188
component 2343 2270 2359 2296
component 1757 1955 1775 1980
component 1300 2056 1344 2085
component 1310 2157 1349 2186
component 1305 2262 1347 2294
component 1305 2366 1344 2395
component 1017 2256 1039 2276
component 1018 2304 1043 2321
component 2254 2455 2410 2604
component 2647 2443 2995 2470
component 2778 2578 2862 2611
component 3065 2499 3088 2519
text 2524 871 2569 906
component 2049 338 2069 367
component 2163 349 2181 371
pads 1916 1229 1972 1277
pads 2309 1030 2360 1080
test 2904 346 2960 405
