test 311 30 418 109
jumper 668 1 794 146
button 932 35 1094 111
test 948 112 1050 193
jumper 1063 167 1128 300
resistor 1636 65 1701 175
connector 1703 37 1836 167
ic 1829 219 1867 261
capacitor 1888 212 1937 230
test 2053 37 2148 114
test 2318 32 2415 107
test 2464 35 2564 107
connector 1974 211 2420 282
connector 3181 7 3708 395
connector 3178 468 3715 868
connector 3185 961 3722 1363
connector 3183 1461 3732 1873
connector 513 203 635 361
connector 510 358 636 498
connector 505 499 635 641
switch 94 144 271 321
switch 88 358 264 530
switch 81 572 259 746
switch 76 788 255 961
connector 76 995 285 1202
connector 66 1249 278 1458
connector 17 1512 453 1833
connector 790 196 920 425
connector 787 432 918 616
test 527 709 634 786
led 361 177 416 207
led 353 378 413 412
led 351 590 408 625
led 343 804 404 838
led 296 1864 351 1899
resistor 357 230 417 263
resistor 358 283 416 318
resistor 353 434 413 465
resistor 352 491 410 524
resistor 351 646 408 678
resistor 349 702 406 734
resistor 345 861 403 894
resistor 344 916 403 951
resistor 365 1864 421 1898
resistor 505 1020 562 1055
diode 470 1538 550 1678
capacitor 294 1167 327 1225
inductor 327 1194 384 1225
capacitor 351 1134 383 1193
capacitor 386 1154 419 1224
capacitor 445 1285 481 1343
capacitor 500 1289 557 1322
capacitor 623 961 657 1021
capacitor 658 1190 692 1246
capacitor 696 1186 736 1250
connector 603 1616 726 1761
test 556 1829 660 1905
test 666 1825 764 1905
electrolytic 548 1459 760 1624
electrolytic 557 1261 768 1458
electrolytic 683 1074 744 1181
resistor 623 1082 658 1139
resistor 687 965 740 999
resistor 686 1002 742 1037
resistor 686 1039 742 1072
ic 573 1034 651 1077
ic 422 1103 614 1270
pads 817 1728 874 1760
pads 816 1665 847 1724
resistor 849 1667 879 1724
resistor 825 1633 882 1665
resistor 806 1567 844 1624
capacitor 813 1496 843 1554
resistor 847 1495 881 1552
pads 882 1495 916 1554
ic 865 1565 961 1628
capacitor 927 1638 965 1696
capacitor 944 1502 974 1559
resistor 1025 1504 1087 1650
transistor 980 1678 1124 1790
capacitor 966 1382 1088 1442
diode 1114 1426 1190 1565
inductor 1132 1580 1342 1770
capacitor 1229 1405 1292 1531
ic 744 1148 812 1229
capacitor 818 1168 851 1224
capacitor 857 1167 888 1226
connector 861 802 995 1122
test 758 706 861 784
test 871 708 970 781
resistor 1238 438 1273 496
resistor 1283 441 1316 498
test 1540 1711 1644 1790
test 1668 1709 1770 1790
test 1669 1598 1771 1677
capacitor 1434 1646 1465 1703
capacitor 1473 1648 1510 1717
jumper 1423 1511 1519 1642
connector 1945 1544 2078 1690
switch 2000 1695 2084 1851
pads 2087 1651 2681 1877
connector 2755 900 2903 1331
connector 1303 822 1714 925
connector 1300 951 1705 1057
connector 1294 1105 1703 1205
connector 1290 1241 1696 1339
ic 1717 684 2739 1544
text 255 85 311 112
text 188 115 273 158
text 276 118 402 155
text 629 11 665 85
text 360 147 419 180
text 288 172 345 213
text 359 204 421 232
text 360 259 413 283
text 287 260 345 300
text 187 327 269 365
text 270 326 400 366
text 412 379 466 409
text 287 386 346 426
text 353 407 407 434
text 279 469 344 511
text 352 465 411 493
text 185 539 265 576
text 227 157 265 180
text 222 366 263 391
text 271 541 400 579
text 218 585 254 604
text 285 599 340 639
text 409 589 464 622
text 354 622 405 648
text 352 681 407 700
text 284 689 340 733
text 474 204 507 276
text 473 360 506 436
text 471 496 503 571
text 645 224 727 263
text 643 273 778 314
text 647 324 697 359
text 640 361 723 398
text 641 403 773 445
text 644 450 696 487
text 640 505 719 541
text 638 554 770 593
text 639 602 685 637
text 541 669 625 705
text 805 14 882 53
text 883 32 933 56
text 804 59 927 99
text 807 107 854 144
text 864 106 945 146
text 791 159 867 198
text 893 167 926 191
text 933 202 1019 241
text 923 246 1045 285
text 923 293 1053 330
text 923 338 1049 380
text 922 388 1050 425
text 784 658 844 702
text 1101 28 1138 137
text 1145 42 1178 169
text 1186 42 1227 172
text 1229 42 1272 172
text 1274 43 1317 173
text 1326 23 1366 198
text 1373 23 1412 200
text 1419 124 1454 203
text 1413 5 1565 38
text 1459 76 1500 202
text 1507 76 1546 207
text 1553 80 1589 205
text 1597 84 1633 178
text 1632 12 1694 36
text 1603 393 1904 425
text 1604 428 2087 454
text 1323 448 1377 477
text 1836 8 1906 50
text 1779 219 1794 247
text 1822 188 1858 215
text 1888 187 1937 211
text 1971 185 2001 204
text 2011 180 2021 200
text 2049 6 2258 42
text 2153 61 2202 85
text 2346 5 2406 28
text 2267 102 2447 142
text 2489 5 2548 27
text 2526 106 2607 137
text 184 753 263 793
text 213 798 248 817
text 268 751 401 795
text 279 812 334 853
text 345 837 401 863
text 277 899 333 941
text 419 804 477 839
text 348 893 401 916
text 300 979 335 1008
text 295 1008 381 1044
text 291 1046 333 1067
text 476 1054 537 1081
text 584 1007 622 1031
text 523 781 569 804
text 740 778 801 802
text 901 662 922 706
text 649 938 704 963
text 745 966 798 993
text 744 1002 802 1028
text 746 1040 798 1063
text 656 1082 679 1139
text 749 1112 767 1143
text 776 1106 814 1132
text 818 1122 855 1152
text 900 1116 955 1153
text 1622 1075 1648 1107
text 1630 930 1659 963
text 1678 924 1700 959
text 2802 1370 2837 1394
text 317 1114 344 1170
text 373 1080 403 1135
text 201 1225 240 1254
text 335 1225 371 1256
text 284 1293 317 1320
text 380 1222 423 1247
text 284 1413 531 1454
text 323 1526 376 1563
text 616 1153 652 1180
text 632 1182 655 1220
text 439 1343 491 1367
text 498 1325 554 1348
text 559 1451 605 1476
text 736 1245 765 1267
text 854 1232 892 1255
text 815 1422 842 1476
text 817 1374 844 1413
text 849 1444 876 1484
text 884 1441 914 1484
text 918 1502 945 1546
text 557 1645 592 1726
text 443 1567 468 1590
text 733 1604 760 1669
text 887 1628 929 1654
text 884 1654 909 1693
text 1069 1142 1174 1174
text 1135 1374 1174 1403
text 1304 1389 1340 1462
text 1412 1466 1466 1497
text 1484 1465 1578 1496
text 1571 1525 1640 1562
text 1664 1559 1772 1593
text 1775 1619 1818 1642
text 1870 1540 1944 1580
text 2053 1575 2071 1611
text 2088 1638 2140 1676
text 2597 1646 2632 1676
text 238 1859 295 1894
text 299 1837 352 1860
text 372 1834 414 1859
text 473 1847 552 1886
text 507 1886 549 1907
text 589 1780 654 1807
text 674 1766 757 1805
text 730 1703 759 1767
text 766 1890 820 1911
text 821 1761 872 1782
text 807 1787 832 1826
text 827 1828 869 1847
text 845 1785 871 1823
text 1155 1772 1191 1803
text 1419 1739 1464 1764
text 1471 1737 1520 1764
text 1558 1798 1614 1830
text 1678 1809 1758 1845
text 1612 1693 1653 1716
text 1730 1691 1773 1712
text 2092 1691 2113 1719
text 2020 1855 2160 1896
text 2605 1856 2636 1881
text 1726 300 1774 393
component 1660 107 1681 154
component 1289 457 1305 476
component 2336 970 2626 1404
component 2216 865 2331 1433
component 2149 1176 2185 1360
component 2034 936 2119 1170
component 1829 859 1951 909
component 1822 999 1943 1055
component 1813 1143 1935 1197
component 1807 1288 1932 1340
text 1071 1188 1106 1219
text 1219 1188 1269 1218
component 130 683 170 733
component 126 903 163 951
component 140 466 177 519
component 147 250 181 300
component 886 1574 932 1622
component 856 1683 870 1706
component 1035 1544 1072 1615
component 700 972 720 989
component 700 1009 721 1025
component 359 926 380 941
component 363 705 383 720
component 372 289 393 304
text 758 1468 782 1496
jumper 1111 167 1176 300
jumper 1159 166 1224 299
jumper 1204 168 1269 301
jumper 1253 164 1318 297
jumper 1586 177 1631 257
jumper 1632 176 1676 262
jumper 1678 176 1722 262
jumper 1723 168 1776 267
connector 1313 186 1586 276
text 1102 305 1153 344
text 1411 307 1468 344
text 923 435 1002 471
text 1076 435 1133 471
text 1002 524 1083 567
text 919 478 944 520
text 748 456 789 536
text 415 27 444 42
text 743 1155 757 1171
text 844 1072 878 1090
text 932 780 971 800
connector 1520 1513 1570 1645
