test 311 1809 418 1888
jumper 668 1772 794 1917
button 932 1807 1094 1883
test 948 1725 1050 1806
jumper 1063 1618 1128 1751
resistor 1636 1743 1701 1853
connector 1703 1751 1836 1881
ic 1829 1657 1867 1699
capacitor 1888 1688 1937 1706
test 2053 1804 2148 1881
test 2318 1811 2415 1886
test 2464 1811 2564 1883
connector 1974 1636 2420 1707
connector 3181 1523 3708 1911
connector 3178 1050 3715 1450
connector 3185 555 3722 957
connector 3183 45 3732 457
connector 513 1557 635 1715
connector 510 1420 636 1560
connector 505 1277 635 1419
switch 94 1597 271 1774
switch 88 1388 264 1560
switch 81 1172 259 1346
switch 76 957 255 1130
connector 76 716 285 923
connector 66 460 278 669
connector 17 85 453 406
connector 790 1493 920 1722
connector 787 1302 918 1486
test 527 1132 634 1209
led 361 1711 416 1741
led 353 1506 413 1540
led 351 1293 408 1328
led 343 1080 404 1114
led 296 19 351 54
resistor 357 1655 417 1688
resistor 358 1600 416 1635
resistor 353 1453 413 1484
resistor 352 1394 410 1427
resistor 351 1240 408 1272
resistor 349 1184 406 1216
resistor 345 1024 403 1057
resistor 344 967 403 1002
resistor 365 20 421 54
resistor 505 863 562 898
diode 470 240 550 380
capacitor 294 693 327 751
inductor 327 693 384 724
capacitor 351 725 383 784
capacitor 386 694 419 764
capacitor 445 575 481 633
capacitor 500 596 557 629
capacitor 623 897 657 957
capacitor 658 672 692 728
capacitor 696 668 736 732
connector 603 157 726 302
test 556 13 660 89
test 666 13 764 93
electrolytic 548 294 760 459
electrolytic 557 460 768 657
electrolytic 683 737 744 844
resistor 623 779 658 836
resistor 687 919 740 953
resistor 686 881 742 916
resistor 686 846 742 879
ic 573 841 651 884
ic 422 648 614 815
pads 817 158 874 190
pads 816 194 847 253
resistor 849 194 879 251
resistor 825 253 882 285
resistor 806 294 844 351
capacitor 813 364 843 422
resistor 847 366 881 423
pads 882 364 916 423
ic 865 290 961 353
capacitor 927 222 965 280
capacitor 944 359 974 416
resistor 1025 268 1087 414
transistor 980 128 1124 240
capacitor 966 476 1088 536
diode 1114 353 1190 492
inductor 1132 148 1342 338
capacitor 1229 387 1292 513
ic 744 689 812 770
capacitor 818 694 851 750
capacitor 857 692 888 751
connector 861 796 995 1116
test 758 1134 861 1212
test 871 1137 970 1210
resistor 1238 1422 1273 1480
resistor 1283 1420 1316 1477
test 1540 128 1644 207
test 1668 128 1770 209
test 1669 241 1771 320
capacitor 1434 215 1465 272
capacitor 1473 201 1510 270
jumper 1423 276 1519 407
connector 1945 228 2078 374
switch 2000 67 2084 223
pads 2087 41 2681 267
connector 2755 587 2903 1018
connector 1303 993 1714 1096
connector 1300 861 1705 967
connector 1294 713 1703 813
connector 1290 579 1696 677
ic 1717 374 2739 1234
text 255 1806 311 1833
text 188 1760 273 1803
text 276 1763 402 1800
text 629 1833 665 1907
text 360 1738 419 1771
text 288 1705 345 1746
text 359 1686 421 1714
text 360 1635 413 1659
text 287 1618 345 1658
text 187 1553 269 1591
text 270 1552 400 1592
text 412 1509 466 1539
text 287 1492 346 1532
text 353 1484 407 1511
text 279 1407 344 1449
text 352 1425 411 1453
text 185 1342 265 1379
text 227 1738 265 1761
text 222 1527 263 1552
text 271 1339 400 1377
text 218 1314 254 1333
text 285 1279 340 1319
text 409 1296 464 1329
text 354 1270 405 1296
text 352 1218 407 1237
text 284 1185 340 1229
text 474 1642 507 1714
text 473 1482 506 1558
text 471 1347 503 1422
text 645 1655 727 1694
text 643 1604 778 1645
text 647 1559 697 1594
text 640 1520 723 1557
text 641 1473 773 1515
text 644 1431 696 1468
text 640 1377 719 1413
text 638 1325 770 1364
text 639 1281 685 1316
text 541 1213 625 1249
text 805 1865 882 1904
text 883 1862 933 1886
text 804 1819 927 1859
text 807 1774 854 1811
text 864 1772 945 1812
text 791 1720 867 1759
text 893 1727 926 1751
text 933 1677 1019 1716
text 923 1633 1045 1672
text 923 1588 1053 1625
text 923 1538 1049 1580
text 922 1493 1050 1530
text 784 1216 844 1260
text 1101 1781 1138 1890
text 1145 1749 1178 1876
text 1186 1746 1227 1876
text 1229 1746 1272 1876
text 1274 1745 1317 1875
text 1326 1720 1366 1895
text 1373 1718 1412 1895
text 1419 1715 1454 1794
text 1413 1880 1565 1913
text 1459 1716 1500 1842
text 1507 1711 1546 1842
text 1553 1713 1589 1838
text 1597 1740 1633 1834
text 1632 1882 1694 1906
text 1603 1493 1904 1525
text 1604 1464 2087 1490
text 1323 1441 1377 1470
text 1836 1868 1906 1910
text 1779 1671 1794 1699
text 1822 1703 1858 1730
text 1888 1707 1937 1731
text 1971 1714 2001 1733
text 2011 1718 2021 1738
text 2049 1876 2258 1912
text 2153 1833 2202 1857
text 2346 1890 2406 1913
text 2267 1776 2447 1816
text 2489 1891 2548 1913
text 2526 1781 2607 1812
text 184 1125 263 1165
text 213 1101 248 1120
text 268 1123 401 1167
text 279 1065 334 1106
text 345 1055 401 1081
text 277 977 333 1019
text 419 1079 477 1114
text 348 1002 401 1025
text 300 910 335 939
text 295 874 381 910
text 291 851 333 872
text 476 837 537 864
text 584 887 622 911
text 523 1114 569 1137
text 740 1116 801 1140
text 901 1212 922 1256
text 649 955 704 980
text 745 925 798 952
text 744 890 802 916
text 746 855 798 878
text 656 779 679 836
text 749 775 767 806
text 776 786 814 812
text 818 766 855 796
text 900 765 955 802
text 1622 811 1648 843
text 1630 955 1659 988
text 1678 959 1700 994
text 2802 524 2837 548
text 317 748 344 804
text 373 783 403 838
text 201 664 240 693
text 335 662 371 693
text 284 598 317 625
text 380 671 423 696
text 284 464 531 505
text 323 355 376 392
text 616 738 652 765
text 632 698 655 736
text 439 551 491 575
text 498 570 554 593
text 559 442 605 467
text 736 651 765 673
text 854 663 892 686
text 815 442 842 496
text 817 505 844 544
text 849 434 876 474
text 884 434 914 477
text 918 372 945 416
text 557 192 592 273
text 443 328 468 351
text 733 249 760 314
text 887 264 929 290
text 884 225 909 264
text 1069 744 1174 776
text 1135 515 1174 544
text 1304 456 1340 529
text 1412 421 1466 452
text 1484 422 1578 453
text 1571 356 1640 393
text 1664 325 1772 359
text 1775 276 1818 299
text 1870 338 1944 378
text 2053 307 2071 343
text 2088 242 2140 280
text 2597 242 2632 272
text 238 24 295 59
text 299 58 352 81
text 372 59 414 84
text 473 32 552 71
text 507 11 549 32
text 589 111 654 138
text 674 113 757 152
text 730 151 759 215
text 766 7 820 28
text 821 136 872 157
text 807 92 832 131
text 827 71 869 90
text 845 95 871 133
text 1155 115 1191 146
text 1419 154 1464 179
text 1471 154 1520 181
text 1558 88 1614 120
text 1678 73 1758 109
text 1612 202 1653 225
text 1730 206 1773 227
text 2092 199 2113 227
text 2020 22 2160 63
text 2605 37 2636 62
text 1726 1525 1774 1618
component 1660 1764 1681 1811
component 1289 1442 1305 1461
component 2336 514 2626 948
component 2216 485 2331 1053
component 2149 558 2185 742
component 2034 748 2119 982
component 1829 1009 1951 1059
component 1822 863 1943 919
component 1813 721 1935 775
component 1807 578 1932 630
text 1071 699 1106 730
text 1219 700 1269 730
component 130 1185 170 1235
component 126 967 163 1015
component 140 1399 177 1452
component 147 1618 181 1668
component 886 296 932 344
component 856 212 870 235
component 1035 303 1072 374
component 700 929 720 946
component 700 893 721 909
component 359 977 380 992
component 363 1198 383 1213
component 372 1614 393 1629
text 758 422 782 450
jumper 1111 1618 1176 1751
jumper 1159 1619 1224 1752
jumper 1204 1617 1269 1750
jumper 1253 1621 1318 1754
jumper 1586 1661 1631 1741
jumper 1632 1656 1676 1742
jumper 1678 1656 1722 1742
jumper 1723 1651 1776 1750
connector 1313 1642 1586 1732
text 1102 1574 1153 1613
text 1411 1574 1468 1611
text 923 1447 1002 1483
text 1076 1447 1133 1483
text 1002 1351 1083 1394
text 919 1398 944 1440
text 748 1382 789 1462
text 415 1876 444 1891
text 743 747 757 763
text 844 828 878 846
text 932 1118 971 1138
connector 1520 273 1570 405
