test 3324 30 3431 109
jumper 2948 1 3074 146
button 2648 35 2810 111
test 2692 112 2794 193
jumper 2614 167 2679 300
resistor 2041 65 2106 175
connector 1906 37 2039 167
ic 1875 219 1913 261
capacitor 1805 212 1854 230
test 1594 37 1689 114
test 1327 32 1424 107
test 1178 35 1278 107
connector 1322 211 1768 282
connector 34 7 561 395
connector 27 468 564 868
connector 20 961 557 1363
connector 10 1461 559 1873
connector 3107 203 3229 361
connector 3106 358 3232 498
connector 3107 499 3237 641
switch 3471 144 3648 321
switch 3478 358 3654 530
switch 3483 572 3661 746
switch 3487 788 3666 961
connector 3457 995 3666 1202
connector 3464 1249 3676 1458
connector 3289 1512 3725 1833
connector 2822 196 2952 425
connector 2824 432 2955 616
test 3108 709 3215 786
led 3326 177 3381 207
led 3329 378 3389 412
led 3334 590 3391 625
led 3338 804 3399 838
led 3391 1864 3446 1899
resistor 3325 230 3385 263
resistor 3326 283 3384 318
resistor 3329 434 3389 465
resistor 3332 491 3390 524
resistor 3334 646 3391 678
resistor 3336 702 3393 734
resistor 3339 861 3397 894
resistor 3339 916 3398 951
resistor 3321 1864 3377 1898
resistor 3180 1020 3237 1055
diode 3192 1538 3272 1678
capacitor 3415 1167 3448 1225
inductor 3358 1194 3415 1225
capacitor 3359 1134 3391 1193
capacitor 3323 1154 3356 1224
capacitor 3261 1285 3297 1343
capacitor 3185 1289 3242 1322
capacitor 3085 961 3119 1021
capacitor 3050 1190 3084 1246
capacitor 3006 1186 3046 1250
connector 3016 1616 3139 1761
test 3082 1829 3186 1905
test 2978 1825 3076 1905
electrolytic 2982 1459 3194 1624
electrolytic 2974 1261 3185 1458
electrolytic 2998 1074 3059 1181
resistor 3084 1082 3119 1139
resistor 3002 965 3055 999
resistor 3000 1002 3056 1037
resistor 3000 1039 3056 1072
ic 3091 1034 3169 1077
ic 3128 1103 3320 1270
pads 2868 1728 2925 1760
pads 2895 1665 2926 1724
resistor 2863 1667 2893 1724
resistor 2860 1633 2917 1665
resistor 2898 1567 2936 1624
capacitor 2899 1496 2929 1554
resistor 2861 1495 2895 1552
pads 2826 1495 2860 1554
ic 2781 1565 2877 1628
capacitor 2777 1638 2815 1696
capacitor 2768 1502 2798 1559
resistor 2655 1504 2717 1650
transistor 2618 1678 2762 1790
capacitor 2654 1382 2776 1442
diode 2552 1426 2628 1565
inductor 2400 1580 2610 1770
capacitor 2450 1405 2513 1531
ic 2930 1148 2998 1229
capacitor 2891 1168 2924 1224
capacitor 2854 1167 2885 1226
connector 2747 802 2881 1122
test 2881 706 2984 784
test 2772 708 2871 781
resistor 2469 438 2504 496
resistor 2426 441 2459 498
test 2098 1711 2202 1790
test 1972 1709 2074 1790
test 1971 1598 2073 1677
capacitor 2277 1646 2308 1703
capacitor 2232 1648 2269 1717
jumper 2223 1511 2319 1642
connector 1664 1544 1797 1690
switch 1658 1695 1742 1851
pads 1061 1651 1655 1877
connector 839 900 987 1331
connector 2028 822 2439 925
connector 2037 951 2442 1057
connector 2039 1105 2448 1205
connector 2046 1241 2452 1339
ic 1003 684 2025 1544
text 3431 85 3487 112
text 3469 115 3554 158
text 3340 118 3466 155
text 3077 11 3113 85
text 3323 147 3382 180
text 3397 172 3454 213
text 3321 204 3383 232
text 3329 259 3382 283
text 3397 260 3455 300
text 3473 327 3555 365
text 3342 326 3472 366
text 3276 379 3330 409
text 3396 386 3455 426
text 3335 407 3389 434
text 3398 469 3463 511
text 3331 465 3390 493
text 3477 539 3557 576
text 3477 157 3515 180
text 3479 366 3520 391
text 3342 541 3471 579
text 3488 585 3524 604
text 3402 599 3457 639
text 3278 589 3333 622
text 3337 622 3388 648
text 3335 681 3390 700
text 3402 689 3458 733
text 3235 204 3268 276
text 3236 360 3269 436
text 3239 496 3271 571
text 3015 224 3097 263
text 2964 273 3099 314
text 3045 324 3095 359
text 3019 361 3102 398
text 2969 403 3101 445
text 3046 450 3098 487
text 3023 505 3102 541
text 2972 554 3104 593
text 3057 602 3103 637
text 3117 669 3201 705
text 2860 14 2937 53
text 2809 32 2859 56
text 2815 59 2938 99
text 2888 107 2935 144
text 2797 106 2878 146
text 2875 159 2951 198
text 2816 167 2849 191
text 2723 202 2809 241
text 2697 246 2819 285
text 2689 293 2819 330
text 2693 338 2819 380
text 2692 388 2820 425
text 2898 658 2958 702
text 2604 28 2641 137
text 2564 42 2597 169
text 2515 42 2556 172
text 2470 42 2513 172
text 2425 43 2468 173
text 2376 23 2416 198
text 2330 23 2369 200
text 2288 124 2323 203
text 2177 5 2329 38
text 2242 76 2283 202
text 2196 76 2235 207
text 2153 80 2189 205
text 2109 84 2145 178
text 2048 12 2110 36
text 1838 393 2139 425
text 1655 428 2138 454
text 2365 448 2419 477
text 1836 8 1906 50
text 1948 219 1963 247
text 1884 188 1920 215
text 1805 187 1854 211
text 1741 185 1771 204
text 1721 180 1731 200
text 1484 6 1693 42
text 1540 61 1589 85
text 1336 5 1396 28
text 1295 102 1475 142
text 1194 5 1253 27
text 1135 106 1216 137
text 3479 753 3558 793
text 3494 798 3529 817
text 3341 751 3474 795
text 3408 812 3463 853
text 3341 837 3397 863
text 3409 899 3465 941
text 3265 804 3323 839
text 3341 893 3394 916
text 3407 979 3442 1008
text 3361 1008 3447 1044
text 3409 1046 3451 1067
text 3205 1054 3266 1081
text 3120 1007 3158 1031
text 3173 781 3219 804
text 2941 778 3002 802
text 2820 662 2841 706
text 3038 938 3093 963
text 2944 966 2997 993
text 2940 1002 2998 1028
text 2944 1040 2996 1063
text 3063 1082 3086 1139
text 2975 1112 2993 1143
text 2928 1106 2966 1132
text 2887 1122 2924 1152
text 2787 1116 2842 1153
text 2094 1075 2120 1107
text 2083 930 2112 963
text 2042 924 2064 959
text 905 1370 940 1394
text 3398 1114 3425 1170
text 3339 1080 3369 1135
text 3502 1225 3541 1254
text 3371 1225 3407 1256
text 3425 1293 3458 1320
text 3319 1222 3362 1247
text 3211 1413 3458 1454
text 3366 1526 3419 1563
text 3090 1153 3126 1180
text 3087 1182 3110 1220
text 3251 1343 3303 1367
text 3188 1325 3244 1348
text 3137 1451 3183 1476
text 2977 1245 3006 1267
text 2850 1232 2888 1255
text 2900 1422 2927 1476
text 2898 1374 2925 1413
text 2866 1444 2893 1484
text 2828 1441 2858 1484
text 2797 1502 2824 1546
text 3150 1645 3185 1726
text 3274 1567 3299 1590
text 2982 1604 3009 1669
text 2813 1628 2855 1654
text 2833 1654 2858 1693
text 2568 1142 2673 1174
text 2568 1374 2607 1403
text 2402 1389 2438 1462
text 2276 1466 2330 1497
text 2164 1465 2258 1496
text 2102 1525 2171 1562
text 1970 1559 2078 1593
text 1924 1619 1967 1642
text 1798 1540 1872 1580
text 1671 1575 1689 1611
text 1602 1638 1654 1676
text 1110 1646 1145 1676
text 3447 1859 3504 1894
text 3390 1837 3443 1860
text 3328 1834 3370 1859
text 3190 1847 3269 1886
text 3193 1886 3235 1907
text 3088 1780 3153 1807
text 2985 1766 3068 1805
text 2983 1703 3012 1767
text 2922 1890 2976 1911
text 2870 1761 2921 1782
text 2910 1787 2935 1826
text 2873 1828 2915 1847
text 2871 1785 2897 1823
text 2551 1772 2587 1803
text 2278 1739 2323 1764
text 2222 1737 2271 1764
text 2128 1798 2184 1830
text 1984 1809 2064 1845
text 2089 1693 2130 1716
text 1969 1691 2012 1712
text 1629 1691 1650 1719
text 1582 1855 1722 1896
text 1106 1856 1137 1881
text 1968 300 2016 393
component 2061 107 2082 154
component 2437 457 2453 476
component 1116 970 1406 1404
component 1411 865 1526 1433
component 1557 1176 1593 1360
component 1623 936 1708 1170
component 1791 859 1913 909
component 1799 999 1920 1055
component 1807 1143 1929 1197
component 1810 1288 1935 1340
text 2636 1188 2671 1219
text 2473 1188 2523 1218
component 3572 683 3612 733
component 3579 903 3616 951
component 3565 466 3602 519
component 3561 250 3595 300
component 2810 1574 2856 1622
component 2872 1683 2886 1706
component 2670 1544 2707 1615
component 3022 972 3042 989
component 3021 1009 3042 1025
component 3362 926 3383 941
component 3359 705 3379 720
component 3349 289 3370 304
text 2960 1468 2984 1496
jumper 2566 167 2631 300
jumper 2518 166 2583 299
jumper 2473 168 2538 301
jumper 2424 164 2489 297
jumper 2111 177 2156 257
jumper 2066 176 2110 262
jumper 2020 176 2064 262
jumper 1966 168 2019 267
connector 2156 186 2429 276
text 2589 305 2640 344
text 2274 307 2331 344
text 2740 435 2819 471
text 2609 435 2666 471
text 2659 524 2740 567
text 2798 478 2823 520
text 2953 456 2994 536
text 3298 27 3327 42
text 2985 1155 2999 1171
text 2864 1072 2898 1090
text 2771 780 2810 800
connector 2172 1513 2222 1645
