test 3324 1809 3431 1888
jumper 2948 1772 3074 1917
button 2648 1807 2810 1883
test 2692 1725 2794 1806
jumper 2614 1618 2679 1751
resistor 2041 1743 2106 1853
connector 1906 1751 2039 1881
ic 1875 1657 1913 1699
capacitor 1805 1688 1854 1706
test 1594 1804 1689 1881
test 1327 1811 1424 1886
test 1178 1811 1278 1883
connector 1322 1636 1768 1707
connector 34 1523 561 1911
connector 27 1050 564 1450
connector 20 555 557 957
connector 10 45 559 457
connector 3107 1557 3229 1715
connector 3106 1420 3232 1560
connector 3107 1277 3237 1419
switch 3471 1597 3648 1774
switch 3478 1388 3654 1560
switch 3483 1172 3661 1346
switch 3487 957 3666 1130
connector 3457 716 3666 923
connector 3464 460 3676 669
connector 3289 85 3725 406
connector 2822 1493 2952 1722
connector 2824 1302 2955 1486
test 3108 1132 3215 1209
led 3326 1711 3381 1741
led 3329 1506 3389 1540
led 3334 1293 3391 1328
led 3338 1080 3399 1114
led 3391 19 3446 54
resistor 3325 1655 3385 1688
resistor 3326 1600 3384 1635
resistor 3329 1453 3389 1484
resistor 3332 1394 3390 1427
resistor 3334 1240 3391 1272
resistor 3336 1184 3393 1216
resistor 3339 1024 3397 1057
resistor 3339 967 3398 1002
resistor 3321 20 3377 54
resistor 3180 863 3237 898
diode 3192 240 3272 380
capacitor 3415 693 3448 751
inductor 3358 693 3415 724
capacitor 3359 725 3391 784
capacitor 3323 694 3356 764
capacitor 3261 575 3297 633
capacitor 3185 596 3242 629
capacitor 3085 897 3119 957
capacitor 3050 672 3084 728
capacitor 3006 668 3046 732
connector 3016 157 3139 302
test 3082 13 3186 89
test 2978 13 3076 93
electrolytic 2982 294 3194 459
electrolytic 2974 460 3185 657
electrolytic 2998 737 3059 844
resistor 3084 779 3119 836
resistor 3002 919 3055 953
resistor 3000 881 3056 916
resistor 3000 846 3056 879
ic 3091 841 3169 884
ic 3128 648 3320 815
pads 2868 158 2925 190
pads 2895 194 2926 253
resistor 2863 194 2893 251
resistor 2860 253 2917 285
resistor 2898 294 2936 351
capacitor 2899 364 2929 422
resistor 2861 366 2895 423
pads 2826 364 2860 423
ic 2781 290 2877 353
capacitor 2777 222 2815 280
capacitor 2768 359 2798 416
resistor 2655 268 2717 414
transistor 2618 128 2762 240
capacitor 2654 476 2776 536
diode 2552 353 2628 492
inductor 2400 148 2610 338
capacitor 2450 387 2513 513
ic 2930 689 2998 770
capacitor 2891 694 2924 750
capacitor 2854 692 2885 751
connector 2747 796 2881 1116
test 2881 1134 2984 1212
test 2772 1137 2871 1210
resistor 2469 1422 2504 1480
resistor 2426 1420 2459 1477
test 2098 128 2202 207
test 1972 128 2074 209
test 1971 241 2073 320
capacitor 2277 215 2308 272
capacitor 2232 201 2269 270
jumper 2223 276 2319 407
connector 1664 228 1797 374
switch 1658 67 1742 223
pads 1061 41 1655 267
connector 839 587 987 1018
connector 2028 993 2439 1096
connector 2037 861 2442 967
connector 2039 713 2448 813
connector 2046 579 2452 677
ic 1003 374 2025 1234
text 3431 1806 3487 1833
text 3469 1760 3554 1803
text 3340 1763 3466 1800
text 3077 1833 3113 1907
text 3323 1738 3382 1771
text 3397 1705 3454 1746
text 3321 1686 3383 1714
text 3329 1635 3382 1659
text 3397 1618 3455 1658
text 3473 1553 3555 1591
text 3342 1552 3472 1592
text 3276 1509 3330 1539
text 3396 1492 3455 1532
text 3335 1484 3389 1511
text 3398 1407 3463 1449
text 3331 1425 3390 1453
text 3477 1342 3557 1379
text 3477 1738 3515 1761
text 3479 1527 3520 1552
text 3342 1339 3471 1377
text 3488 1314 3524 1333
text 3402 1279 3457 1319
text 3278 1296 3333 1329
text 3337 1270 3388 1296
text 3335 1218 3390 1237
text 3402 1185 3458 1229
text 3235 1642 3268 1714
text 3236 1482 3269 1558
text 3239 1347 3271 1422
text 3015 1655 3097 1694
text 2964 1604 3099 1645
text 3045 1559 3095 1594
text 3019 1520 3102 1557
text 2969 1473 3101 1515
text 3046 1431 3098 1468
text 3023 1377 3102 1413
text 2972 1325 3104 1364
text 3057 1281 3103 1316
text 3117 1213 3201 1249
text 2860 1865 2937 1904
text 2809 1862 2859 1886
text 2815 1819 2938 1859
text 2888 1774 2935 1811
text 2797 1772 2878 1812
text 2875 1720 2951 1759
text 2816 1727 2849 1751
text 2723 1677 2809 1716
text 2697 1633 2819 1672
text 2689 1588 2819 1625
text 2693 1538 2819 1580
text 2692 1493 2820 1530
text 2898 1216 2958 1260
text 2604 1781 2641 1890
text 2564 1749 2597 1876
text 2515 1746 2556 1876
text 2470 1746 2513 1876
text 2425 1745 2468 1875
text 2376 1720 2416 1895
text 2330 1718 2369 1895
text 2288 1715 2323 1794
text 2177 1880 2329 1913
text 2242 1716 2283 1842
text 2196 1711 2235 1842
text 2153 1713 2189 1838
text 2109 1740 2145 1834
text 2048 1882 2110 1906
text 1838 1493 2139 1525
text 1655 1464 2138 1490
text 2365 1441 2419 1470
text 1836 1868 1906 1910
text 1948 1671 1963 1699
text 1884 1703 1920 1730
text 1805 1707 1854 1731
text 1741 1714 1771 1733
text 1721 1718 1731 1738
text 1484 1876 1693 1912
text 1540 1833 1589 1857
text 1336 1890 1396 1913
text 1295 1776 1475 1816
text 1194 1891 1253 1913
text 1135 1781 1216 1812
text 3479 1125 3558 1165
text 3494 1101 3529 1120
text 3341 1123 3474 1167
text 3408 1065 3463 1106
text 3341 1055 3397 1081
text 3409 977 3465 1019
text 3265 1079 3323 1114
text 3341 1002 3394 1025
text 3407 910 3442 939
text 3361 874 3447 910
text 3409 851 3451 872
text 3205 837 3266 864
text 3120 887 3158 911
text 3173 1114 3219 1137
text 2941 1116 3002 1140
text 2820 1212 2841 1256
text 3038 955 3093 980
text 2944 925 2997 952
text 2940 890 2998 916
text 2944 855 2996 878
text 3063 779 3086 836
text 2975 775 2993 806
text 2928 786 2966 812
text 2887 766 2924 796
text 2787 765 2842 802
text 2094 811 2120 843
text 2083 955 2112 988
text 2042 959 2064 994
text 905 524 940 548
text 3398 748 3425 804
text 3339 783 3369 838
text 3502 664 3541 693
text 3371 662 3407 693
text 3425 598 3458 625
text 3319 671 3362 696
text 3211 464 3458 505
text 3366 355 3419 392
text 3090 738 3126 765
text 3087 698 3110 736
text 3251 551 3303 575
text 3188 570 3244 593
text 3137 442 3183 467
text 2977 651 3006 673
text 2850 663 2888 686
text 2900 442 2927 496
text 2898 505 2925 544
text 2866 434 2893 474
text 2828 434 2858 477
text 2797 372 2824 416
text 3150 192 3185 273
text 3274 328 3299 351
text 2982 249 3009 314
text 2813 264 2855 290
text 2833 225 2858 264
text 2568 744 2673 776
text 2568 515 2607 544
text 2402 456 2438 529
text 2276 421 2330 452
text 2164 422 2258 453
text 2102 356 2171 393
text 1970 325 2078 359
text 1924 276 1967 299
text 1798 338 1872 378
text 1671 307 1689 343
text 1602 242 1654 280
text 1110 242 1145 272
text 3447 24 3504 59
text 3390 58 3443 81
text 3328 59 3370 84
text 3190 32 3269 71
text 3193 11 3235 32
text 3088 111 3153 138
text 2985 113 3068 152
text 2983 151 3012 215
text 2922 7 2976 28
text 2870 136 2921 157
text 2910 92 2935 131
text 2873 71 2915 90
text 2871 95 2897 133
text 2551 115 2587 146
text 2278 154 2323 179
text 2222 154 2271 181
text 2128 88 2184 120
text 1984 73 2064 109
text 2089 202 2130 225
text 1969 206 2012 227
text 1629 199 1650 227
text 1582 22 1722 63
text 1106 37 1137 62
text 1968 1525 2016 1618
component 2061 1764 2082 1811
component 2437 1442 2453 1461
component 1116 514 1406 948
component 1411 485 1526 1053
component 1557 558 1593 742
component 1623 748 1708 982
component 1791 1009 1913 1059
component 1799 863 1920 919
component 1807 721 1929 775
component 1810 578 1935 630
text 2636 699 2671 730
text 2473 700 2523 730
component 3572 1185 3612 1235
component 3579 967 3616 1015
component 3565 1399 3602 1452
component 3561 1618 3595 1668
component 2810 296 2856 344
component 2872 212 2886 235
component 2670 303 2707 374
component 3022 929 3042 946
component 3021 893 3042 909
component 3362 977 3383 992
component 3359 1198 3379 1213
component 3349 1614 3370 1629
text 2960 422 2984 450
jumper 2566 1618 2631 1751
jumper 2518 1619 2583 1752
jumper 2473 1617 2538 1750
jumper 2424 1621 2489 1754
jumper 2111 1661 2156 1741
jumper 2066 1656 2110 1742
jumper 2020 1656 2064 1742
jumper 1966 1651 2019 1750
connector 2156 1642 2429 1732
text 2589 1574 2640 1613
text 2274 1574 2331 1611
text 2740 1447 2819 1483
text 2609 1447 2666 1483
text 2659 1351 2740 1394
text 2798 1398 2823 1440
text 2953 1382 2994 1462
text 3298 1876 3327 1891
text 2985 747 2999 763
text 2864 828 2898 846
text 2771 1118 2810 1138
connector 2172 273 2222 405
