connector 839 270 897 565
capacitor 718 508 756 575
ic 657 460 699 530
capacitor 676 540 706 555
capacitor 599 537 663 576
capacitor 630 480 643 512
resistor 599 474 619 519
pads 530 536 569 556
pads 499 452 585 535
capacitor 475 455 490 489
connector 375 493 492 613
connector 212 495 329 612
led 128 490 177 514
connector 0 366 182 485
connector 0 201 182 319
test 215 428 240 456
resistor 205 459 252 484
capacitor 263 410 297 426
resistor 307 379 329 426
resistor 340 399 385 423
resistor 391 398 437 423
pads 442 395 493 425
pads 500 402 539 419
test 604 438 630 465
capacitor 575 375 614 434
capacitor 551 378 569 433
diode 769 481 825 533
capacitor 675 435 707 453
capacitor 630 395 694 435
capacitor 599 346 633 364
emi 725 440 763 492
capacitor 727 388 789 426
emi 726 321 761 373
resistor 807 376 830 423
capacitor 712 288 744 304
resistor 774 252 804 278
inductor 706 225 757 257
switch 719 85 812 194
capacitor 676 197 693 230
capacitor 639 195 654 231
capacitor 593 196 611 231
ic 615 247 695 328
capacitor 569 300 604 319
resistor 496 302 542 326
pads 500 266 539 286
pads 441 264 492 289
resistor 391 265 438 288
resistor 339 265 387 288
resistor 308 263 330 312
capacitor 263 269 300 290
pads 502 328 520 362
capacitor 450 340 468 376
capacitor 451 296 467 331
ic 394 318 438 361
capacitor 347 345 381 364
capacitor 347 323 380 341
jumper 204 354 299 380
jumper 205 292 302 318
resistor 325 206 358 233
resistor 230 206 261 232
switch 197 83 285 191
switch 295 83 387 193
test 235 14 269 49
connector 412 15 528 133
connector 573 12 692 133
capacitor 550 145 566 178
capacitor 520 143 536 178
resistor 496 361 542 386
text 856 591 889 614
text 882 571 899 589
text 849 571 863 589
text 878 247 900 268
text 842 248 869 268
text 784 463 806 482
text 715 584 751 607
text 674 588 707 612
text 617 580 655 600
test 674 557 710 590
text 532 559 570 581
text 500 542 527 560
text 455 449 474 488
text 620 518 656 538
text 583 519 618 535
text 495 571 515 617
text 699 474 721 502
text 698 502 718 540
text 625 462 662 477
text 769 440 808 462
text 795 423 833 443
text 765 361 803 380
text 686 360 719 378
text 759 299 797 318
text 680 328 705 347
text 773 222 809 243
text 723 206 747 227
text 735 64 770 86
text 665 167 704 187
text 637 133 676 153
text 597 133 627 152
text 568 139 585 176
text 502 139 518 175
text 616 196 634 235
text 574 210 589 235
text 491 180 590 199
text 695 259 709 301
text 573 276 603 298
text 466 135 506 152
text 415 132 450 151
text 504 247 530 267
text 454 244 480 265
text 404 244 430 263
text 362 202 379 241
text 264 202 286 240
text 349 246 377 264
text 306 244 329 262
text 270 248 292 268
text 318 61 358 82
text 225 61 265 81
text 272 32 316 51
text 274 15 326 33
text 138 104 162 159
text 186 212 204 247
text 184 253 205 291
text 185 293 207 312
text 126 335 177 351
text 185 353 203 371
text 182 382 202 422
text 185 435 202 468
text 183 486 202 537
text 136 517 178 533
text 333 572 351 612
text 254 476 282 493
resistor 315 471 351 488
resistor 353 472 388 489
text 282 475 315 490
text 256 460 281 476
text 244 443 293 458
text 308 446 395 464
text 307 428 331 444
text 270 428 297 444
text 202 412 256 427
text 355 427 382 446
text 405 422 431 441
text 448 426 475 445
text 401 364 426 384
text 505 421 539 438
text 504 386 537 403
text 483 325 502 362
text 426 474 457 492
text 390 468 425 487
text 469 361 487 383
text 470 296 490 320
text 339 363 362 382
text 299 358 334 373
text 303 321 333 338
text 341 304 368 324
text 379 290 444 307
text 547 289 566 327
text 549 336 568 371
text 572 336 593 377
text 601 362 633 379
text 631 374 666 393
text 560 434 597 453
text 637 436 671 457
text 879 37 905 168
text 867 54 884 153
text 846 39 865 159
text 301 174 311 194
text 201 173 215 193
component 784 501 811 515
component 662 480 695 512
component 605 488 617 504
component 512 369 526 379
component 222 466 237 477
component 402 326 430 353
component 513 309 526 318
component 633 254 686 320
component 725 236 739 248
component 735 156 798 168
component 737 109 794 123
component 309 108 370 121
component 212 108 271 119
component 311 155 371 167
component 214 153 274 168
connector 199 318 303 339
connector 208 378 303 400
component 408 271 424 283
component 407 405 422 416
