capacitor 957 215 1002 242
capacitor 959 359 1002 383
led 910 514 940 529
led 909 536 941 552
resistor 909 556 942 570
resistor 909 573 941 591
connector 903 122 942 372
test 921 65 946 85
connector 846 57 904 553
emi 807 208 831 251
capacitor 803 257 827 269
resistor 803 348 828 376
electrolytic 785 390 836 443
capacitor 818 442 841 454
emi 816 458 843 500
ic 643 479 807 613
test 720 455 740 474
electrolytic 758 277 823 342
electrolytic 691 275 756 340
ic 632 135 800 259
ic 632 3 800 129
electrolytic 647 260 700 286
capacitor 644 321 687 349
capacitor 653 384 694 410
electrolytic 651 461 704 483
emi 580 564 623 590
capacitor 599 554 620 561
electrolytic 579 492 639 548
capacitor 562 485 583 497
diode 537 504 569 539
test 535 567 554 587
capacitor 618 370 639 383
capacitor 604 344 625 356
capacitor 603 228 628 242
ic 547 240 627 347
test 567 205 587 225
capacitor 585 173 606 184
emi 565 146 609 170
resistor 561 127 592 143
capacitor 552 172 572 182
test 548 207 567 226
ic 563 382 644 485
capacitor 561 63 582 73
emi 530 32 575 56
capacitor 531 63 554 74
electrolytic 477 77 530 125
electrolytic 475 142 530 193
capacitor 513 230 535 241
ic 456 243 536 343
capacitor 513 342 537 356
capacitor 458 372 478 383
ic 459 383 535 484
ic 472 510 531 566
test 472 567 492 587
capacitor 447 551 469 562
capacitor 448 514 469 526
capacitor 454 485 479 498
capacitor 423 71 464 96
ic 405 45 434 67
capacitor 351 24 392 48
capacitor 392 91 415 104
capacitor 392 140 416 153
capacitor 392 185 416 201
ic 434 211 461 233
capacitor 401 235 428 247
capacitor 432 234 455 247
capacitor 397 565 436 591
ic 394 524 421 555
capacitor 409 506 431 516
capacitor 385 482 407 493
capacitor 384 434 407 445
capacitor 384 344 407 355
capacitor 385 386 407 398
ic 348 483 379 509
ic 346 434 380 463
ic 348 387 381 413
ic 348 345 380 373
capacitor 333 312 374 339
capacitor 280 313 322 341
capacitor 352 251 393 277
capacitor 300 247 339 278
ic 329 198 389 246
ic 327 151 390 198
ic 327 104 391 150
ic 328 57 390 101
capacitor 298 22 340 48
capacitor 291 58 311 70
capacitor 290 75 311 84
capacitor 289 97 309 106
capacitor 289 108 311 119
capacitor 291 120 310 132
capacitor 289 145 312 155
capacitor 288 158 313 170
capacitor 289 174 310 182
capacitor 289 192 312 204
capacitor 289 208 311 218
capacitor 289 220 313 231
capacitor 289 235 313 247
capacitor 318 347 341 358
capacitor 318 359 340 373
capacitor 319 389 340 401
capacitor 318 404 340 414
capacitor 317 436 342 449
capacitor 318 451 339 462
capacitor 318 484 342 497
capacitor 318 499 342 511
electrolytic 325 538 379 591
capacitor 267 551 307 576
unknown 228 84 260 102
unknown 228 128 259 145
unknown 227 181 260 197
unknown 228 226 260 238
capacitor 209 86 221 110
capacitor 209 129 221 152
capacitor 210 180 220 205
capacitor 210 229 221 251
test 216 16 240 38
resistor 171 33 202 49
led 128 33 161 49
resistor 172 84 203 102
resistor 170 128 202 143
resistor 172 176 202 192
resistor 172 228 202 243
pads 244 324 274 339
resistor 244 342 275 357
resistor 244 363 273 376
pads 244 380 274 395
resistor 243 399 274 414
resistor 244 417 273 432
resistor 244 438 274 452
resistor 244 456 274 472
pads 244 475 274 489
resistor 244 493 275 509
resistor 244 513 274 527
pads 244 532 274 546
test 225 572 245 595
resistor 179 568 208 584
capacitor 173 541 213 567
led 136 570 165 584
capacitor 181 518 204 530
ic 188 455 235 517
ic 189 361 237 420
capacitor 187 423 208 435
capacitor 138 328 178 353
resistor 148 370 179 386
resistor 150 389 178 404
resistor 150 409 179 423
resistor 150 427 178 442
resistor 150 446 179 461
resistor 149 464 178 480
resistor 149 483 181 499
resistor 150 501 180 519
connector 9 26 116 279
connector 13 331 113 594
text 917 49 944 65
text 914 87 950 98
text 911 110 934 122
text 962 201 977 215
text 962 346 979 361
text 948 121 968 143
text 904 67 921 85
text 828 94 844 123
text 925 372 944 387
text 904 373 922 387
text 943 501 996 519
text 950 531 995 549
text 896 577 907 590
text 896 556 909 573
text 824 525 845 542
text 796 529 806 549
text 798 458 810 487
text 788 443 814 456
text 770 423 785 439
text 765 383 782 399
text 786 351 799 377
text 757 341 780 356
text 732 341 754 356
text 737 264 749 276
text 828 256 844 269
text 832 197 845 221
text 787 242 797 251
text 792 188 803 203
text 811 150 824 171
text 785 144 800 152
text 785 119 798 129
text 791 57 802 77
text 713 432 746 443
text 709 441 748 454
text 682 449 708 461
text 658 411 680 424
text 638 386 651 404
text 640 347 665 360
text 658 283 681 296
text 627 243 637 261
text 602 216 631 230
text 582 181 613 195
text 545 182 573 194
text 569 195 595 207
text 544 195 572 208
text 595 125 612 142
text 623 142 641 155
text 629 118 641 128
text 806 24 829 43
text 788 17 800 29
text 621 16 637 31
text 561 75 592 90
text 530 74 561 91
text 517 32 527 61
text 487 125 512 141
text 488 194 514 208
text 510 215 539 230
text 541 234 549 247
text 622 321 635 335
text 534 323 541 336
text 448 324 462 342
text 572 342 603 356
text 617 358 648 373
text 559 367 584 380
text 552 383 564 399
text 534 383 547 403
text 550 346 564 358
text 504 369 527 382
text 508 359 541 370
text 455 358 488 372
text 457 345 475 358
text 447 386 461 404
text 550 148 563 168
text 463 109 478 123
text 394 18 416 27
text 410 29 430 41
text 433 96 457 109
text 390 64 402 79
text 394 80 424 91
text 392 108 404 125
text 394 125 424 138
text 391 155 404 172
text 394 174 423 185
text 391 204 404 223
text 397 223 431 234
text 433 246 455 257
text 372 278 393 291
text 354 300 376 312
text 319 278 341 290
text 304 301 327 311
text 380 326 412 339
text 400 376 430 389
text 379 355 392 377
text 381 397 390 421
text 380 444 391 466
text 403 443 431 456
text 400 469 430 482
text 407 491 431 503
text 443 473 460 487
text 453 499 481 509
text 440 526 471 537
text 440 541 462 554
text 418 553 439 564
text 419 527 431 549
text 564 566 578 590
text 490 578 526 589
text 495 569 515 579
text 516 554 529 577
text 534 552 558 565
text 561 554 596 565
text 559 541 584 553
text 523 498 534 511
text 533 484 562 497
text 639 471 647 486
text 551 459 562 473
text 535 470 544 483
text 351 510 374 522
text 349 462 373 474
text 318 425 342 436
text 350 414 374 427
text 352 370 373 384
text 309 371 343 383
text 301 388 316 400
text 311 415 340 428
text 310 461 343 472
text 323 472 341 483
text 313 509 343 523
text 337 526 358 537
text 317 568 327 582
text 292 573 314 588
text 274 534 298 547
text 276 518 296 527
text 275 488 298 502
text 274 472 298 483
text 275 458 297 471
text 276 444 297 456
text 277 421 297 434
text 275 402 298 415
text 275 388 296 401
text 275 362 298 376
text 275 343 300 358
text 301 350 315 361
text 261 233 289 246
text 257 220 290 231
text 261 207 289 217
text 263 192 289 204
text 260 171 288 184
text 265 158 289 171
text 258 141 286 155
text 265 119 289 131
text 266 106 287 117
text 266 97 287 106
text 265 72 289 85
text 265 58 289 71
text 275 39 296 50
text 213 47 243 58
text 209 37 249 47
text 249 72 261 84
text 247 116 261 128
text 208 72 223 84
text 177 50 195 62
text 130 50 161 62
text 153 88 171 100
text 155 130 171 143
text 155 175 172 189
text 154 237 171 250
text 216 325 240 337
text 204 349 225 362
text 208 420 242 434
text 204 443 226 457
text 207 518 237 532
text 216 549 246 559
text 214 560 253 569
text 213 571 225 582
text 136 555 167 567
text 164 529 186 540
text 127 504 148 517
text 119 494 130 505
text 129 485 149 495
text 128 464 148 475
text 127 445 148 456
text 127 430 149 441
text 127 414 151 427
text 119 402 133 416
text 133 391 148 402
text 127 377 147 389
text 119 343 130 368
text 117 239 132 266
text 121 190 133 201
text 120 108 134 120
text 460 226 470 237
text 381 496 391 518
text 569 527 577 537
text 156 313 177 325
text 190 308 235 323
text 172 293 265 310
text 153 273 282 300
component 661 24 776 88
component 663 154 776 220
component 670 508 784 572
component 781 290 813 317
component 717 297 746 323
component 796 407 825 434
component 587 514 613 542
component 486 84 513 116
component 486 154 512 181
component 345 61 369 88
component 345 110 369 136
component 344 157 370 184
component 345 206 370 231
component 194 381 227 400
component 193 480 225 498
component 159 393 169 402
component 159 431 171 440
component 159 469 169 478
component 159 507 169 515
component 158 374 169 383
component 159 488 169 496
component 158 450 168 459
component 159 412 168 421
component 332 558 358 586
component 490 529 510 553
component 569 414 621 457
component 476 414 529 457
