connector 20 270 78 565
capacitor 161 508 199 575
ic 218 460 260 530
capacitor 211 540 241 555
capacitor 254 537 318 576
capacitor 274 480 287 512
resistor 298 474 318 519
pads 348 536 387 556
pads 332 452 418 535
capacitor 427 455 442 489
connector 425 493 542 613
connector 588 495 705 612
led 740 490 789 514
connector 735 366 917 485
connector 735 201 917 319
test 677 428 702 456
resistor 665 459 712 484
capacitor 620 410 654 426
resistor 588 379 610 426
resistor 532 399 577 423
resistor 480 398 526 423
pads 424 395 475 425
pads 378 402 417 419
test 287 438 313 465
capacitor 303 375 342 434
capacitor 348 378 366 433
diode 92 481 148 533
capacitor 210 435 242 453
capacitor 223 395 287 435
capacitor 284 346 318 364
emi 154 440 192 492
capacitor 128 388 190 426
emi 156 321 191 373
resistor 87 376 110 423
capacitor 173 288 205 304
resistor 113 252 143 278
inductor 160 225 211 257
switch 105 85 198 194
capacitor 224 197 241 230
capacitor 263 195 278 231
capacitor 306 196 324 231
ic 222 247 302 328
capacitor 313 300 348 319
resistor 375 302 421 326
pads 378 266 417 286
pads 425 264 476 289
resistor 479 265 526 288
resistor 530 265 578 288
resistor 587 263 609 312
capacitor 617 269 654 290
pads 397 328 415 362
capacitor 449 340 467 376
capacitor 450 296 466 331
ic 479 318 523 361
capacitor 536 345 570 364
capacitor 537 323 570 341
jumper 618 354 713 380
jumper 615 292 712 318
resistor 559 206 592 233
resistor 656 206 687 232
switch 632 83 720 191
switch 530 83 622 193
test 648 14 682 49
connector 389 15 505 133
connector 225 12 344 133
capacitor 351 145 367 178
capacitor 381 143 397 178
resistor 375 361 421 386
text 28 591 61 614
text 18 571 35 589
text 54 571 68 589
text 17 247 39 268
text 48 248 75 268
text 111 463 133 482
text 166 584 202 607
text 210 588 243 612
text 262 580 300 600
test 207 557 243 590
text 347 559 385 581
text 390 542 417 560
text 443 449 462 488
text 261 518 297 538
text 299 519 334 535
text 402 571 422 617
text 196 474 218 502
text 199 502 219 540
text 255 462 292 477
text 109 440 148 462
text 84 423 122 443
text 114 361 152 380
text 198 360 231 378
text 120 299 158 318
text 212 328 237 347
text 108 222 144 243
text 170 206 194 227
text 147 64 182 86
text 213 167 252 187
text 241 133 280 153
text 290 133 320 152
text 332 139 349 176
text 399 139 415 175
text 283 196 301 235
text 328 210 343 235
text 327 180 426 199
text 208 259 222 301
text 314 276 344 298
text 411 135 451 152
text 467 132 502 151
text 387 247 413 267
text 437 244 463 265
text 487 244 513 263
text 538 202 555 241
text 631 202 653 240
text 540 246 568 264
text 588 244 611 262
text 625 248 647 268
text 559 61 599 82
text 652 61 692 81
text 601 32 645 51
text 591 15 643 33
text 755 104 779 159
text 713 212 731 247
text 712 253 733 291
text 710 293 732 312
text 740 335 791 351
text 714 353 732 371
text 715 382 735 422
text 715 435 732 468
text 715 486 734 537
text 739 517 781 533
text 566 572 584 612
text 635 476 663 493
resistor 566 471 602 488
resistor 529 472 564 489
text 602 475 635 490
text 636 460 661 476
text 624 443 673 458
text 522 446 609 464
text 586 428 610 444
text 620 428 647 444
text 661 412 715 427
text 535 427 562 446
text 486 422 512 441
text 442 426 469 445
text 491 364 516 384
text 378 421 412 438
text 380 386 413 403
text 415 325 434 362
text 460 474 491 492
text 492 468 527 487
text 430 361 448 383
text 427 296 447 320
text 555 363 578 382
text 583 358 618 373
text 584 321 614 338
text 549 304 576 324
text 473 290 538 307
text 351 289 370 327
text 349 336 368 371
text 324 336 345 377
text 284 362 316 379
text 251 374 286 393
text 320 434 357 453
text 246 436 280 457
text 12 37 38 168
text 33 54 50 153
text 52 39 71 159
text 606 174 616 194
text 702 173 716 193
component 106 501 133 515
component 222 480 255 512
component 300 488 312 504
component 391 369 405 379
component 680 466 695 477
component 487 326 515 353
component 391 309 404 318
component 231 254 284 320
component 178 236 192 248
component 119 156 182 168
component 123 109 180 123
component 547 108 608 121
component 646 108 705 119
component 546 155 606 167
component 643 153 703 168
connector 614 318 718 339
connector 614 378 709 400
component 493 271 509 283
component 495 405 510 416
