connector 20 62 78 357
capacitor 161 52 199 119
ic 218 97 260 167
capacitor 211 72 241 87
capacitor 254 51 318 90
capacitor 274 115 287 147
resistor 298 108 318 153
pads 348 71 387 91
pads 332 92 418 175
capacitor 427 138 442 172
connector 425 14 542 134
connector 588 15 705 132
led 740 113 789 137
connector 735 142 917 261
connector 735 308 917 426
test 677 171 702 199
resistor 665 143 712 168
capacitor 620 201 654 217
resistor 588 201 610 248
resistor 532 204 577 228
resistor 480 204 526 229
pads 424 202 475 232
pads 378 208 417 225
test 287 162 313 189
capacitor 303 193 342 252
capacitor 348 194 366 249
diode 92 94 148 146
capacitor 210 174 242 192
capacitor 223 192 287 232
capacitor 284 263 318 281
emi 154 135 192 187
capacitor 128 201 190 239
emi 156 254 191 306
resistor 87 204 110 251
capacitor 173 323 205 339
resistor 113 349 143 375
inductor 160 370 211 402
switch 105 433 198 542
capacitor 224 397 241 430
capacitor 263 396 278 432
capacitor 306 396 324 431
ic 222 299 302 380
capacitor 313 308 348 327
resistor 375 301 421 325
pads 378 341 417 361
pads 425 338 476 363
resistor 479 339 526 362
resistor 530 339 578 362
resistor 587 315 609 364
capacitor 617 337 654 358
pads 397 265 415 299
capacitor 449 251 467 287
capacitor 450 296 466 331
ic 479 266 523 309
capacitor 536 263 570 282
capacitor 537 286 570 304
jumper 618 247 713 273
jumper 615 309 712 335
resistor 559 394 592 421
resistor 656 395 687 421
switch 632 436 720 544
switch 530 434 622 544
test 648 578 682 613
connector 389 494 505 612
connector 225 494 344 615
capacitor 351 449 367 482
capacitor 381 449 397 484
resistor 375 241 421 266
text 28 13 61 36
text 18 38 35 56
text 54 38 68 56
text 17 359 39 380
text 48 359 75 379
text 111 145 133 164
text 166 20 202 43
text 210 15 243 39
text 262 27 300 47
test 207 37 243 70
text 347 46 385 68
text 390 67 417 85
text 443 139 462 178
text 261 89 297 109
text 299 92 334 108
text 402 10 422 56
text 196 125 218 153
text 199 87 219 125
text 255 150 292 165
text 109 165 148 187
text 84 184 122 204
text 114 247 152 266
text 198 249 231 267
text 120 309 158 328
text 212 280 237 299
text 108 384 144 405
text 170 400 194 421
text 147 541 182 563
text 213 440 252 460
text 241 474 280 494
text 290 475 320 494
text 332 451 349 488
text 399 452 415 488
text 283 392 301 431
text 328 392 343 417
text 327 428 426 447
text 208 326 222 368
text 314 329 344 351
text 411 475 451 492
text 467 476 502 495
text 387 360 413 380
text 437 362 463 383
text 487 364 513 383
text 538 386 555 425
text 631 387 653 425
text 540 363 568 381
text 588 365 611 383
text 625 359 647 379
text 559 545 599 566
text 652 546 692 566
text 601 576 645 595
text 591 594 643 612
text 755 468 779 523
text 713 380 731 415
text 712 336 733 374
text 710 315 732 334
text 740 276 791 292
text 714 256 732 274
text 715 205 735 245
text 715 159 732 192
text 715 90 734 141
text 739 94 781 110
text 566 15 584 55
text 635 134 663 151
resistor 566 139 602 156
resistor 529 138 564 155
text 602 137 635 152
text 636 151 661 167
text 624 169 673 184
text 522 163 609 181
text 586 183 610 199
text 620 183 647 199
text 661 200 715 215
text 535 181 562 200
text 486 186 512 205
text 442 182 469 201
text 491 243 516 263
text 378 189 412 206
text 380 224 413 241
text 415 265 434 302
text 460 135 491 153
text 492 140 527 159
text 430 244 448 266
text 427 307 447 331
text 555 245 578 264
text 583 254 618 269
text 584 289 614 306
text 549 303 576 323
text 473 320 538 337
text 351 300 370 338
text 349 256 368 291
text 324 250 345 291
text 284 248 316 265
text 251 234 286 253
text 320 174 357 193
text 246 170 280 191
text 12 459 38 590
text 33 474 50 573
text 52 468 71 588
text 606 433 616 453
text 702 434 716 454
component 106 112 133 126
component 222 115 255 147
component 300 123 312 139
component 391 248 405 258
component 680 150 695 161
component 487 274 515 301
component 391 309 404 318
component 231 307 284 373
component 178 379 192 391
component 119 459 182 471
component 123 504 180 518
component 547 506 608 519
component 646 508 705 519
component 546 460 606 472
component 643 459 703 474
connector 614 288 718 309
connector 614 227 709 249
component 493 344 509 356
component 495 211 510 222
