capacitor 957 374 1002 401
capacitor 959 233 1002 257
led 910 87 940 102
led 909 64 941 80
resistor 909 46 942 60
resistor 909 25 941 43
connector 903 244 942 494
test 921 531 946 551
connector 846 63 904 559
emi 807 365 831 408
capacitor 803 347 827 359
resistor 803 240 828 268
electrolytic 785 173 836 226
capacitor 818 162 841 174
emi 816 116 843 158
ic 643 3 807 137
test 720 142 740 161
electrolytic 758 274 823 339
electrolytic 691 276 756 341
ic 632 357 800 481
ic 632 487 800 613
electrolytic 647 330 700 356
capacitor 644 267 687 295
capacitor 653 206 694 232
electrolytic 651 133 704 155
emi 580 26 623 52
capacitor 599 55 620 62
electrolytic 579 68 639 124
capacitor 562 119 583 131
diode 537 77 569 112
test 535 29 554 49
capacitor 618 233 639 246
capacitor 604 260 625 272
capacitor 603 374 628 388
ic 547 269 627 376
test 567 391 587 411
capacitor 585 432 606 443
emi 565 446 609 470
resistor 561 473 592 489
capacitor 552 434 572 444
test 548 390 567 409
ic 563 131 644 234
capacitor 561 543 582 553
emi 530 560 575 584
capacitor 531 542 554 553
electrolytic 477 491 530 539
electrolytic 475 423 530 474
capacitor 513 375 535 386
ic 456 273 536 373
capacitor 513 260 537 274
capacitor 458 233 478 244
ic 459 132 535 233
ic 472 50 531 106
test 472 29 492 49
capacitor 447 54 469 65
capacitor 448 90 469 102
capacitor 454 118 479 131
capacitor 423 520 464 545
ic 405 549 434 571
capacitor 351 568 392 592
capacitor 392 512 415 525
capacitor 392 463 416 476
capacitor 392 415 416 431
ic 434 383 461 405
capacitor 401 369 428 381
capacitor 432 369 455 382
capacitor 397 25 436 51
ic 394 61 421 92
capacitor 409 100 431 110
capacitor 385 123 407 134
capacitor 384 171 407 182
capacitor 384 261 407 272
capacitor 385 218 407 230
ic 348 107 379 133
ic 346 153 380 182
ic 348 203 381 229
ic 348 243 380 271
capacitor 333 277 374 304
capacitor 280 275 322 303
capacitor 352 339 393 365
capacitor 300 338 339 369
ic 329 370 389 418
ic 327 418 390 465
ic 327 466 391 512
ic 328 515 390 559
capacitor 298 568 340 594
capacitor 291 546 311 558
capacitor 290 532 311 541
capacitor 289 510 309 519
capacitor 289 497 311 508
capacitor 291 484 310 496
capacitor 289 461 312 471
capacitor 288 446 313 458
capacitor 289 434 310 442
capacitor 289 412 312 424
capacitor 289 398 311 408
capacitor 289 385 313 396
capacitor 289 369 313 381
capacitor 318 258 341 269
capacitor 318 243 340 257
capacitor 319 215 340 227
capacitor 318 202 340 212
capacitor 317 167 342 180
capacitor 318 154 339 165
capacitor 318 119 342 132
capacitor 318 105 342 117
electrolytic 325 25 379 78
capacitor 267 40 307 65
unknown 228 514 260 532
unknown 228 471 259 488
unknown 227 419 260 435
unknown 228 378 260 390
capacitor 209 506 221 530
capacitor 209 464 221 487
capacitor 210 411 220 436
capacitor 210 365 221 387
test 216 578 240 600
resistor 171 567 202 583
led 128 567 161 583
resistor 172 514 203 532
resistor 170 473 202 488
resistor 172 424 202 440
resistor 172 373 202 388
pads 244 277 274 292
resistor 244 259 275 274
resistor 244 240 273 253
pads 244 221 274 236
resistor 243 202 274 217
resistor 244 184 273 199
resistor 244 164 274 178
resistor 244 144 274 160
pads 244 127 274 141
resistor 244 107 275 123
resistor 244 89 274 103
pads 244 70 274 84
test 225 21 245 44
resistor 179 32 208 48
capacitor 173 49 213 75
led 136 32 165 46
capacitor 181 86 204 98
ic 188 99 235 161
ic 189 196 237 255
capacitor 187 181 208 193
capacitor 138 263 178 288
resistor 148 230 179 246
resistor 150 212 178 227
resistor 150 193 179 207
resistor 150 174 178 189
resistor 150 155 179 170
resistor 149 136 178 152
resistor 149 117 181 133
resistor 150 97 180 115
connector 9 337 116 590
connector 13 22 113 285
text 917 551 944 567
text 914 518 950 529
text 911 494 934 506
text 962 401 977 415
text 962 255 979 270
text 948 473 968 495
text 904 531 921 549
text 828 493 844 522
text 925 229 944 244
text 904 229 922 243
text 943 97 996 115
text 950 67 995 85
text 896 26 907 39
text 896 43 909 60
text 824 74 845 91
text 796 67 806 87
text 798 129 810 158
text 788 160 814 173
text 770 177 785 193
text 765 217 782 233
text 786 239 799 265
text 757 260 780 275
text 732 260 754 275
text 737 340 749 352
text 828 347 844 360
text 832 395 845 419
text 787 365 797 374
text 792 413 803 428
text 811 445 824 466
text 785 464 800 472
text 785 487 798 497
text 791 539 802 559
text 713 173 746 184
text 709 162 748 175
text 682 155 708 167
text 658 192 680 205
text 638 212 651 230
text 640 256 665 269
text 658 320 681 333
text 627 355 637 373
text 602 386 631 400
text 582 421 613 435
text 545 422 573 434
text 569 409 595 421
text 544 408 572 421
text 595 474 612 491
text 623 461 641 474
text 629 488 641 498
text 806 573 829 592
text 788 587 800 599
text 621 585 637 600
text 561 526 592 541
text 530 525 561 542
text 517 555 527 584
text 487 475 512 491
text 488 408 514 422
text 510 386 539 401
text 541 369 549 382
text 622 281 635 295
text 534 280 541 293
text 448 274 462 292
text 572 260 603 274
text 617 243 648 258
text 559 236 584 249
text 552 217 564 233
text 534 213 547 233
text 550 258 564 270
text 504 234 527 247
text 508 246 541 257
text 455 244 488 258
text 457 258 475 271
text 447 212 461 230
text 550 448 563 468
text 463 493 478 507
text 394 589 416 598
text 410 575 430 587
text 433 507 457 520
text 390 537 402 552
text 394 525 424 536
text 392 491 404 508
text 394 478 424 491
text 391 444 404 461
text 394 431 423 442
text 391 393 404 412
text 397 382 431 393
text 433 359 455 370
text 372 325 393 338
text 354 304 376 316
text 319 326 341 338
text 304 305 327 315
text 380 277 412 290
text 400 227 430 240
text 379 239 392 261
text 381 195 390 219
text 380 150 391 172
text 403 160 431 173
text 400 134 430 147
text 407 113 431 125
text 443 129 460 143
text 453 107 481 117
text 440 79 471 90
text 440 62 462 75
text 418 52 439 63
text 419 67 431 89
text 564 26 578 50
text 490 27 526 38
text 495 37 515 47
text 516 39 529 62
text 534 51 558 64
text 561 51 596 62
text 559 63 584 75
text 523 105 534 118
text 533 119 562 132
text 639 130 647 145
text 551 143 562 157
text 535 133 544 146
text 351 94 374 106
text 349 142 373 154
text 318 180 342 191
text 350 189 374 202
text 352 232 373 246
text 309 233 343 245
text 301 216 316 228
text 311 188 340 201
text 310 144 343 155
text 323 133 341 144
text 313 93 343 107
text 337 79 358 90
text 317 34 327 48
text 292 28 314 43
text 274 69 298 82
text 276 89 296 98
text 275 114 298 128
text 274 133 298 144
text 275 145 297 158
text 276 160 297 172
text 277 182 297 195
text 275 201 298 214
text 275 215 296 228
text 275 240 298 254
text 275 258 300 273
text 301 255 315 266
text 261 370 289 383
text 257 385 290 396
text 261 399 289 409
text 263 412 289 424
text 260 432 288 445
text 265 445 289 458
text 258 461 286 475
text 265 485 289 497
text 266 499 287 510
text 266 510 287 519
text 265 531 289 544
text 265 545 289 558
text 275 566 296 577
text 213 558 243 569
text 209 569 249 579
text 249 532 261 544
text 247 488 261 500
text 208 532 223 544
text 177 554 195 566
text 130 554 161 566
text 153 516 171 528
text 155 473 171 486
text 155 427 172 441
text 154 366 171 379
text 216 279 240 291
text 204 254 225 267
text 208 182 242 196
text 204 159 226 173
text 207 84 237 98
text 216 57 246 67
text 214 47 253 56
text 213 34 225 45
text 136 49 167 61
text 164 76 186 87
text 127 99 148 112
text 119 111 130 122
text 129 121 149 131
text 128 141 148 152
text 127 160 148 171
text 127 175 149 186
text 127 189 151 202
text 119 200 133 214
text 133 214 148 225
text 127 227 147 239
text 119 248 130 273
text 117 350 132 377
text 121 415 133 426
text 120 496 134 508
text 460 379 470 390
text 381 98 391 120
text 569 79 577 89
text 156 291 177 303
text 190 293 235 308
text 172 306 265 323
text 153 316 282 343
component 661 528 776 592
component 663 396 776 462
component 670 44 784 108
component 781 299 813 326
component 717 293 746 319
component 796 182 825 209
component 587 74 613 102
component 486 500 513 532
component 486 435 512 462
component 345 528 369 555
component 345 480 369 506
component 344 432 370 459
component 345 385 370 410
component 194 216 227 235
component 193 118 225 136
component 159 214 169 223
component 159 176 171 185
component 159 138 169 147
component 159 101 169 109
component 158 233 169 242
component 159 120 169 128
component 158 157 168 166
component 159 195 168 204
component 332 30 358 58
component 490 63 510 87
component 569 159 621 202
component 476 159 529 202
