capacitor 22 215 67 242
capacitor 22 359 65 383
led 84 514 114 529
led 83 536 115 552
resistor 82 556 115 570
resistor 83 573 115 591
connector 82 122 121 372
test 78 65 103 85
connector 120 57 178 553
emi 193 208 217 251
capacitor 197 257 221 269
resistor 196 348 221 376
electrolytic 188 390 239 443
capacitor 183 442 206 454
emi 181 458 208 500
ic 217 479 381 613
test 284 455 304 474
electrolytic 201 277 266 342
electrolytic 268 275 333 340
ic 224 135 392 259
ic 224 3 392 129
electrolytic 324 260 377 286
capacitor 337 321 380 349
capacitor 330 384 371 410
electrolytic 320 461 373 483
emi 401 564 444 590
capacitor 404 554 425 561
electrolytic 385 492 445 548
capacitor 441 485 462 497
diode 455 504 487 539
test 470 567 489 587
capacitor 385 370 406 383
capacitor 399 344 420 356
capacitor 396 228 421 242
ic 397 240 477 347
test 437 205 457 225
capacitor 418 173 439 184
emi 415 146 459 170
resistor 432 127 463 143
capacitor 452 172 472 182
test 457 207 476 226
ic 380 382 461 485
capacitor 442 63 463 73
emi 449 32 494 56
capacitor 470 63 493 74
electrolytic 494 77 547 125
electrolytic 494 142 549 193
capacitor 489 230 511 241
ic 488 243 568 343
capacitor 487 342 511 356
capacitor 546 372 566 383
ic 489 383 565 484
ic 493 510 552 566
test 532 567 552 587
capacitor 555 551 577 562
capacitor 555 514 576 526
capacitor 545 485 570 498
capacitor 560 71 601 96
ic 590 45 619 67
capacitor 632 24 673 48
capacitor 609 91 632 104
capacitor 608 140 632 153
capacitor 608 185 632 201
ic 563 211 590 233
capacitor 596 235 623 247
capacitor 569 234 592 247
capacitor 588 565 627 591
ic 603 524 630 555
capacitor 593 506 615 516
capacitor 617 482 639 493
capacitor 617 434 640 445
capacitor 617 344 640 355
capacitor 617 386 639 398
ic 645 483 676 509
ic 644 434 678 463
ic 643 387 676 413
ic 644 345 676 373
capacitor 650 312 691 339
capacitor 702 313 744 341
capacitor 631 251 672 277
capacitor 685 247 724 278
ic 635 198 695 246
ic 634 151 697 198
ic 633 104 697 150
ic 634 57 696 101
capacitor 684 22 726 48
capacitor 713 58 733 70
capacitor 713 75 734 84
capacitor 715 97 735 106
capacitor 713 108 735 119
capacitor 714 120 733 132
capacitor 712 145 735 155
capacitor 711 158 736 170
capacitor 714 174 735 182
capacitor 712 192 735 204
capacitor 713 208 735 218
capacitor 711 220 735 231
capacitor 711 235 735 247
capacitor 683 347 706 358
capacitor 684 359 706 373
capacitor 684 389 705 401
capacitor 684 404 706 414
capacitor 682 436 707 449
capacitor 685 451 706 462
capacitor 682 484 706 497
capacitor 682 499 706 511
electrolytic 645 538 699 591
capacitor 717 551 757 576
unknown 764 84 796 102
unknown 765 128 796 145
unknown 764 181 797 197
unknown 764 226 796 238
capacitor 803 86 815 110
capacitor 803 129 815 152
capacitor 804 180 814 205
capacitor 803 229 814 251
test 784 16 808 38
resistor 822 33 853 49
led 863 33 896 49
resistor 821 84 852 102
resistor 822 128 854 143
resistor 822 176 852 192
resistor 822 228 852 243
pads 750 324 780 339
resistor 749 342 780 357
resistor 751 363 780 376
pads 750 380 780 395
resistor 750 399 781 414
resistor 751 417 780 432
resistor 750 438 780 452
resistor 750 456 780 472
pads 750 475 780 489
resistor 749 493 780 509
resistor 750 513 780 527
pads 750 532 780 546
test 779 572 799 595
resistor 816 568 845 584
capacitor 811 541 851 567
led 859 570 888 584
capacitor 820 518 843 530
ic 789 455 836 517
ic 787 361 835 420
capacitor 816 423 837 435
capacitor 846 328 886 353
resistor 845 370 876 386
resistor 846 389 874 404
resistor 845 409 874 423
resistor 846 427 874 442
resistor 845 446 874 461
resistor 846 464 875 480
resistor 843 483 875 499
resistor 844 501 874 519
connector 908 26 1015 279
connector 911 331 1011 594
text 80 49 107 65
text 74 87 110 98
text 90 110 113 122
text 47 201 62 215
text 45 346 62 361
text 56 121 76 143
text 103 67 120 85
text 180 94 196 123
text 80 372 99 387
text 102 373 120 387
text 28 501 81 519
text 29 531 74 549
text 117 577 128 590
text 115 556 128 573
text 179 525 200 542
text 218 529 228 549
text 214 458 226 487
text 210 443 236 456
text 239 423 254 439
text 242 383 259 399
text 225 351 238 377
text 244 341 267 356
text 270 341 292 356
text 275 264 287 276
text 180 256 196 269
text 179 197 192 221
text 227 242 237 251
text 221 188 232 203
text 200 150 213 171
text 224 144 239 152
text 226 119 239 129
text 222 57 233 77
text 278 432 311 443
text 276 441 315 454
text 316 449 342 461
text 344 411 366 424
text 373 386 386 404
text 359 347 384 360
text 343 283 366 296
text 387 243 397 261
text 393 216 422 230
text 411 181 442 195
text 451 182 479 194
text 429 195 455 207
text 452 195 480 208
text 412 125 429 142
text 383 142 401 155
text 383 118 395 128
text 195 24 218 43
text 224 17 236 29
text 387 16 403 31
text 432 75 463 90
text 463 74 494 91
text 497 32 507 61
text 512 125 537 141
text 510 194 536 208
text 485 215 514 230
text 475 234 483 247
text 389 321 402 335
text 483 323 490 336
text 562 324 576 342
text 421 342 452 356
text 376 358 407 373
text 440 367 465 380
text 460 383 472 399
text 477 383 490 403
text 460 346 474 358
text 497 369 520 382
text 483 359 516 370
text 536 358 569 372
text 549 345 567 358
text 563 386 577 404
text 461 148 474 168
text 546 109 561 123
text 608 18 630 27
text 594 29 614 41
text 567 96 591 109
text 622 64 634 79
text 600 80 630 91
text 620 108 632 125
text 600 125 630 138
text 620 155 633 172
text 601 174 630 185
text 620 204 633 223
text 593 223 627 234
text 569 246 591 257
text 631 278 652 291
text 648 300 670 312
text 683 278 705 290
text 697 301 720 311
text 612 326 644 339
text 594 376 624 389
text 632 355 645 377
text 634 397 643 421
text 633 444 644 466
text 593 443 621 456
text 594 469 624 482
text 593 491 617 503
text 564 473 581 487
text 543 499 571 509
text 553 526 584 537
text 562 541 584 554
text 585 553 606 564
text 593 527 605 549
text 446 566 460 590
text 498 578 534 589
text 509 569 529 579
text 495 554 508 577
text 466 552 490 565
text 428 554 463 565
text 440 541 465 553
text 490 498 501 511
text 462 484 491 497
text 377 471 385 486
text 462 459 473 473
text 480 470 489 483
text 650 510 673 522
text 651 462 675 474
text 682 425 706 436
text 650 414 674 427
text 651 370 672 384
text 681 371 715 383
text 708 388 723 400
text 684 415 713 428
text 681 461 714 472
text 683 472 701 483
text 681 509 711 523
text 666 526 687 537
text 697 568 707 582
text 710 573 732 588
text 726 534 750 547
text 728 518 748 527
text 726 488 749 502
text 726 472 750 483
text 727 458 749 471
text 727 444 748 456
text 727 421 747 434
text 726 402 749 415
text 728 388 749 401
text 726 362 749 376
text 724 343 749 358
text 709 350 723 361
text 735 233 763 246
text 734 220 767 231
text 735 207 763 217
text 735 192 761 204
text 736 171 764 184
text 735 158 759 171
text 738 141 766 155
text 735 119 759 131
text 737 106 758 117
text 737 97 758 106
text 735 72 759 85
text 735 58 759 71
text 728 39 749 50
text 781 47 811 58
text 775 37 815 47
text 763 72 775 84
text 763 116 777 128
text 801 72 816 84
text 829 50 847 62
text 863 50 894 62
text 853 88 871 100
text 853 130 869 143
text 852 175 869 189
text 853 237 870 250
text 784 325 808 337
text 799 349 820 362
text 782 420 816 434
text 798 443 820 457
text 787 518 817 532
text 778 549 808 559
text 771 560 810 569
text 799 571 811 582
text 857 555 888 567
text 838 529 860 540
text 876 504 897 517
text 894 494 905 505
text 875 485 895 495
text 876 464 896 475
text 876 445 897 456
text 875 430 897 441
text 873 414 897 427
text 891 402 905 416
text 876 391 891 402
text 877 377 897 389
text 894 343 905 368
text 892 239 907 266
text 891 190 903 201
text 890 108 904 120
text 554 226 564 237
text 633 496 643 518
text 447 527 455 537
text 847 313 868 325
text 789 308 834 323
text 759 293 852 310
text 742 273 871 300
component 248 24 363 88
component 248 154 361 220
component 240 508 354 572
component 211 290 243 317
component 278 297 307 323
component 199 407 228 434
component 411 514 437 542
component 511 84 538 116
component 512 154 538 181
component 655 61 679 88
component 655 110 679 136
component 654 157 680 184
component 654 206 679 231
component 797 381 830 400
component 799 480 831 498
component 855 393 865 402
component 853 431 865 440
component 855 469 865 478
component 855 507 865 515
component 855 374 866 383
component 855 488 865 496
component 856 450 866 459
component 856 412 865 421
component 666 558 692 586
component 514 529 534 553
component 403 414 455 457
component 495 414 548 457
