pins 91 446 326 2999
jumper 540 2648 867 2856
capacitor 1108 2652 1220 2875
inductor 1232 2652 1461 2893
ic 1514 2687 1744 2858
resistor 1785 2674 1881 2856
connector 1989 2582 2578 3107
capacitor 2619 2545 2711 2733
connector 2810 2012 2937 2796
pins 3038 422 3238 2975
clock 2514 1759 2765 2524
capacitor 2813 1768 2888 1946
ic 1982 1825 2468 2319
resistor 1688 2549 1872 2638
resistor 1691 2459 1869 2551
resistor 1404 2465 1588 2559
resistor 1207 2473 1396 2554
ic 1635 2065 1913 2437
ic 818 1857 1458 2273
capacitor 483 1941 664 2022
clock 456 1311 791 1684
resistor 888 1568 1075 1657
resistor 888 1457 1069 1549
capacitor 1007 1132 1115 1357
capacitor 772 716 877 943
resistor 1621 1795 1702 1978
capacitor 1721 1789 1807 1978
capacitor 1883 389 1967 573
capacitor 1980 389 2069 573
capacitor 2080 384 2161 570
capacitor 2210 451 2315 678
capacitor 2337 454 2437 678
capacitor 2453 462 2540 654
ic 2556 435 2702 562
capacitor 2750 397 2972 508
capacitor 2764 527 2945 613
ic 2552 949 2833 1417
pins 393 139 3216 354
ic 1180 683 2161 1678
text 323 2616 418 2697
text 813 2797 923 2878
text 1094 2878 1237 2983
text 1318 2883 1409 2993
text 1599 2855 1699 2940
text 1790 2852 1877 3003
text 2587 2755 2732 2836
text 2806 2797 2903 2874
text 2906 2787 3039 2865
text 2955 2565 3035 2710
text 2948 2391 3035 2539
text 2958 2236 3039 2384
text 2952 2091 3035 2229
text 2900 1923 3042 2023
text 2435 2491 2532 2574
text 2339 2487 2384 2578
text 2171 2468 2219 2545
text 1874 2513 2032 2581
text 1871 2439 2019 2516
text 1465 2687 1516 2765
text 1000 2613 1055 2684
text 1223 2558 1377 2636
text 1413 2558 1555 2639
text 1555 2191 1623 2291
text 990 2278 1103 2365
text 1519 1765 1594 1910
text 1816 1768 1897 1926
text 1881 1858 1974 1939
text 2000 2320 2097 2397
text 2423 2361 2519 2452
text 2739 2687 2810 2761
text 2413 2210 2503 2284
text 2352 1736 2442 1820
text 2252 1687 2348 1771
text 2797 1665 2942 1749
text 2935 1591 3032 1684
text 481 1852 629 1936
text 994 1661 1090 1749
text 1090 1603 1174 1687
text 1077 1458 1174 1539
text 561 1197 668 1291
text 858 1161 945 1313
text 2845 1181 2955 1268
text 2771 726 2923 816
text 2777 636 2926 726
text 2616 632 2713 720
text 2506 658 2577 807
text 2329 684 2410 820
text 2210 691 2294 845
text 2071 639 2161 694
text 1900 571 2006 652
text 2065 571 2161 645
text 1803 352 1881 455
text 1397 384 1494 481
text 729 607 868 697
text 432 597 681 842
text 597 1026 874 1120
text 442 1016 581 1168
text 465 474 1290 571
text 2184 936 2477 1461
text 577 2514 1050 2604
connector 863 2648 1007 2822
component 1280 2499 1327 2533
component 1480 2498 1520 2531
component 1309 2769 1400 2836
component 1575 2717 1667 2841
component 1820 2746 1852 2791
component 1755 2584 1803 2616
component 1752 2497 1803 2533
component 1664 2177 1878 2307
component 2604 1983 2730 2322
component 2112 1924 2329 2214
component 1644 1862 1677 1916
component 830 2061 900 2224
component 945 1987 1198 2183
component 1247 2026 1389 2166
component 542 1389 693 1602
component 952 1486 1003 1519
component 955 1597 1004 1629
component 1362 877 1979 1488
component 2600 1148 2823 1292
component 2645 1081 2803 1143
component 2590 476 2670 536
