pins 3016 446 3251 2999
jumper 2475 2648 2802 2856
capacitor 2122 2652 2234 2875
inductor 1881 2652 2110 2893
ic 1598 2687 1828 2858
resistor 1461 2674 1557 2856
connector 764 2582 1353 3107
capacitor 631 2545 723 2733
connector 405 2012 532 2796
pins 104 422 304 2975
clock 577 1759 828 2524
capacitor 454 1768 529 1946
ic 874 1825 1360 2319
resistor 1470 2549 1654 2638
resistor 1473 2459 1651 2551
resistor 1754 2465 1938 2559
resistor 1946 2473 2135 2554
ic 1429 2065 1707 2437
ic 1884 1857 2524 2273
capacitor 2678 1941 2859 2022
clock 2551 1311 2886 1684
resistor 2267 1568 2454 1657
resistor 2273 1457 2454 1549
capacitor 2227 1132 2335 1357
capacitor 2465 716 2570 943
resistor 1640 1795 1721 1978
capacitor 1535 1789 1621 1978
capacitor 1375 389 1459 573
capacitor 1273 389 1362 573
capacitor 1181 384 1262 570
capacitor 1027 451 1132 678
capacitor 905 454 1005 678
capacitor 802 462 889 654
ic 640 435 786 562
capacitor 370 397 592 508
capacitor 397 527 578 613
ic 509 949 790 1417
pins 126 139 2949 354
ic 1181 683 2162 1678
text 2924 2616 3019 2697
text 2419 2797 2529 2878
text 2105 2878 2248 2983
text 1933 2883 2024 2993
text 1643 2855 1743 2940
text 1465 2852 1552 3003
text 610 2755 755 2836
text 439 2797 536 2874
text 303 2787 436 2865
text 307 2565 387 2710
text 307 2391 394 2539
text 303 2236 384 2384
text 307 2091 390 2229
text 300 1923 442 2023
text 810 2491 907 2574
text 958 2487 1003 2578
text 1123 2468 1171 2545
text 1310 2513 1468 2581
text 1323 2439 1471 2516
text 1826 2687 1877 2765
text 2287 2613 2342 2684
text 1965 2558 2119 2636
text 1787 2558 1929 2639
text 1719 2191 1787 2291
text 2239 2278 2352 2365
text 1748 1765 1823 1910
text 1445 1768 1526 1926
text 1368 1858 1461 1939
text 1245 2320 1342 2397
text 823 2361 919 2452
text 532 2687 603 2761
text 839 2210 929 2284
text 900 1736 990 1820
text 994 1687 1090 1771
text 400 1665 545 1749
text 310 1591 407 1684
text 2713 1852 2861 1936
text 2252 1661 2348 1749
text 2168 1603 2252 1687
text 2168 1458 2265 1539
text 2674 1197 2781 1291
text 2397 1161 2484 1313
text 387 1181 497 1268
text 419 726 571 816
text 416 636 565 726
text 629 632 726 720
text 765 658 836 807
text 932 684 1013 820
text 1048 691 1132 845
text 1181 639 1271 694
text 1336 571 1442 652
text 1181 571 1277 645
text 1461 352 1539 455
text 1848 384 1945 481
text 2474 607 2613 697
text 2661 597 2910 842
text 2468 1026 2745 1120
text 2761 1016 2900 1168
text 2052 474 2877 571
text 865 936 1158 1461
text 2292 2514 2765 2604
connector 2335 2648 2479 2822
component 2015 2499 2062 2533
component 1822 2498 1862 2531
component 1942 2769 2033 2836
component 1675 2717 1767 2841
component 1490 2746 1522 2791
component 1539 2584 1587 2616
component 1539 2497 1590 2533
component 1464 2177 1678 2307
component 612 1983 738 2322
component 1013 1924 1230 2214
component 1665 1862 1698 1916
component 2442 2061 2512 2224
component 2144 1987 2397 2183
component 1953 2026 2095 2166
component 2649 1389 2800 1602
component 2339 1486 2390 1519
component 2338 1597 2387 1629
component 1363 877 1980 1488
component 519 1148 742 1292
component 539 1081 697 1143
component 672 476 752 536
