pins 91 127 326 2680
jumper 540 270 867 478
capacitor 1108 251 1220 474
inductor 1232 233 1461 474
ic 1514 268 1744 439
resistor 1785 270 1881 452
connector 1989 19 2578 544
capacitor 2619 393 2711 581
connector 2810 330 2937 1114
pins 3038 151 3238 2704
clock 2514 602 2765 1367
capacitor 2813 1180 2888 1358
ic 1982 807 2468 1301
resistor 1688 488 1872 577
resistor 1691 575 1869 667
resistor 1404 567 1588 661
resistor 1207 572 1396 653
ic 1635 689 1913 1061
ic 818 853 1458 1269
capacitor 483 1104 664 1185
clock 456 1442 791 1815
resistor 888 1469 1075 1558
resistor 888 1577 1069 1669
capacitor 1007 1769 1115 1994
capacitor 772 2183 877 2410
resistor 1621 1148 1702 1331
capacitor 1721 1148 1807 1337
capacitor 1883 2553 1967 2737
capacitor 1980 2553 2069 2737
capacitor 2080 2556 2161 2742
capacitor 2210 2448 2315 2675
capacitor 2337 2448 2437 2672
capacitor 2453 2472 2540 2664
ic 2556 2564 2702 2691
capacitor 2750 2618 2972 2729
capacitor 2764 2513 2945 2599
ic 2552 1709 2833 2177
pins 393 2772 3216 2987
ic 1180 1448 2161 2443
text 323 429 418 510
text 813 248 923 329
text 1094 143 1237 248
text 1318 133 1409 243
text 1599 186 1699 271
text 1790 123 1877 274
text 2587 290 2732 371
text 2806 252 2903 329
text 2906 261 3039 339
text 2955 416 3035 561
text 2948 587 3035 735
text 2958 742 3039 890
text 2952 897 3035 1035
text 2900 1103 3042 1203
text 2435 552 2532 635
text 2339 548 2384 639
text 2171 581 2219 658
text 1874 545 2032 613
text 1871 610 2019 687
text 1465 361 1516 439
text 1000 442 1055 513
text 1223 490 1377 568
text 1413 487 1555 568
text 1555 835 1623 935
text 990 761 1103 848
text 1519 1216 1594 1361
text 1816 1200 1897 1358
text 1881 1187 1974 1268
text 2000 729 2097 806
text 2423 674 2519 765
text 2739 365 2810 439
text 2413 842 2503 916
text 2352 1306 2442 1390
text 2252 1355 2348 1439
text 2797 1377 2942 1461
text 2935 1442 3032 1535
text 481 1190 629 1274
text 994 1377 1090 1465
text 1090 1439 1174 1523
text 1077 1587 1174 1668
text 561 1835 668 1929
text 858 1813 945 1965
text 2845 1858 2955 1945
text 2771 2310 2923 2400
text 2777 2400 2926 2490
text 2616 2406 2713 2494
text 2506 2319 2577 2468
text 2329 2306 2410 2442
text 2210 2281 2294 2435
text 2071 2432 2161 2487
text 1900 2474 2006 2555
text 2065 2481 2161 2555
text 1803 2671 1881 2774
text 1397 2645 1494 2742
text 729 2429 868 2519
text 432 2284 681 2529
text 597 2006 874 2100
text 442 1958 581 2110
text 465 2555 1290 2652
text 2184 1665 2477 2190
text 577 522 1050 612
connector 863 304 1007 478
component 1280 593 1327 627
component 1480 595 1520 628
component 1309 290 1400 357
component 1575 285 1667 409
component 1820 335 1852 380
component 1755 510 1803 542
component 1752 593 1803 629
component 1664 819 1878 949
component 2604 804 2730 1143
component 2112 912 2329 1202
component 1644 1210 1677 1264
component 830 902 900 1065
component 945 943 1198 1139
component 1247 960 1389 1100
component 542 1524 693 1737
component 952 1607 1003 1640
component 955 1497 1004 1529
component 1362 1638 1979 2249
component 2600 1834 2823 1978
component 2645 1983 2803 2045
component 2590 2590 2670 2650
