switch 350 763 573 1196
led 585 1140 662 1177
led 590 1087 662 1127
led 587 1040 662 1077
led 587 990 663 1031
led 585 942 663 979
led 583 887 665 933
led 587 844 662 881
led 583 790 663 831
jumper 1035 661 1158 740
capacitor 1130 1222 1164 1272
jumper 1129 841 1209 949
connector 991 1044 1054 1112
connector 993 986 1055 1047
connector 989 928 1057 988
connector 1047 780 1123 1184
capacitor 1149 1073 1199 1102
capacitor 1239 1076 1288 1105
electrolytic 1070 588 1226 660
resistor 1277 1139 1303 1184
resistor 1305 1138 1327 1187
resistor 1327 1138 1356 1187
resistor 1227 1299 1267 1325
resistor 1278 1296 1324 1323
capacitor 1362 1248 1388 1293
resistor 1225 1324 1270 1352
capacitor 1135 1306 1164 1350
capacitor 1203 1377 1246 1403
transistor 1238 1213 1300 1280
electrolytic 1477 1053 1606 1149
capacitor 1356 1371 1405 1403
capacitor 1130 1452 1155 1498
capacitor 1157 1452 1185 1500
resistor 1371 1523 1400 1566
clock 1007 1499 1313 1610
resistor 568 1609 592 1653
led 521 1656 589 1724
resistor 567 1720 594 1765
connector 293 1461 504 1680
connector 287 1689 504 1905
resistor 606 1845 653 1872
resistor 605 1872 653 1899
resistor 608 1896 653 1923
resistor 605 1922 653 1949
resistor 606 1949 651 1974
resistor 605 1973 654 2000
ferrite 608 2002 667 2033
led 200 1905 543 2072
resistor 725 2099 800 2173
resistor 728 2183 800 2259
ic 722 2257 865 2430
ic 569 2451 831 2709
ferrite 529 2673 565 2738
ferrite 523 2939 582 2971
capacitor 856 2835 904 2863
capacitor 839 2665 883 2744
ferrite 883 2650 944 2683
resistor 883 2624 928 2650
pads 874 2546 921 2622
ic 939 2697 1368 2973
ic 850 2430 928 2491
ic 1021 2430 1293 2641
capacitor 886 1977 932 2023
clock 878 1876 1176 1971
ic 1213 1888 1374 1950
capacitor 982 1848 1025 1875
capacitor 1027 1849 1070 1878
connector 678 1818 841 1968
connector 675 1595 843 1746
resistor 538 2433 566 2478
connector 220 2085 714 2412
connector 130 2427 525 3174
ic 1331 2588 1391 2664
jumper 1375 2678 1514 2746
capacitor 1512 2585 1550 2609
capacitor 1596 2584 1641 2612
resistor 1531 2538 1614 2578
connector 1236 563 2566 867
connector 2605 567 3920 867
connector 3971 519 4107 948
clock 1507 2652 1631 2967
connector 1700 2657 1848 2812
connector 1924 2657 2071 2817
connector 1060 1819 1179 1874
jumper 1050 1698 1168 1759
ic 898 2031 1376 2383
clock 2145 1093 2398 1345
electrolytic 2479 1050 2610 1117
connector 2405 1121 2555 1274
connector 2625 1121 2777 1275
connector 2848 1148 2998 1298
connector 3069 1150 3219 1302
electrolytic 2988 1036 3125 1148
connector 2196 2279 2344 2433
connector 2421 2279 2567 2427
capacitor 2644 2288 2685 2363
capacitor 2275 2213 2299 2259
capacitor 2247 2213 2275 2259
capacitor 2758 2217 2834 2256
electrolytic 3923 2890 4112 2987
button 3886 2718 4081 2840
button 4139 2724 4360 2840
button 4143 2895 4362 3020
button 4136 2548 4362 2671
button 4410 2722 4636 2848
battery 3865 2532 4087 2677
led 4090 2768 4129 2841
led 4370 2946 4406 3021
led 4365 2770 4404 2844
led 4367 2595 4405 2672
connector 4143 2321 4262 2426
electrolytic 4286 2315 4353 2440
capacitor 4081 1996 4109 2040
capacitor 4121 1949 4169 1977
connector 4236 1970 4353 2029
resistor 4299 2033 4325 2079
resistor 3069 1911 3111 1935
capacitor 3072 1866 3144 1907
ic 3195 2029 3347 2161
ic 3187 1872 3343 2007
ic 3186 1728 3344 1862
connector 2120 1041 2178 1143
electrolytic 3167 2212 3265 2390
capacitor 3123 2323 3170 2355
capacitor 3303 2293 3328 2335
capacitor 3415 2389 3489 2430
capacitor 3417 2343 3489 2384
capacitor 3417 2294 3490 2337
capacitor 3416 2248 3489 2290
pads 3590 2341 3625 2400
ic 3584 2217 3729 2313
capacitor 3742 2359 3801 2393
capacitor 3739 2298 3765 2340
capacitor 3767 2298 3792 2341
pads 4444 2875 4617 3000
pads 4440 2569 4610 2700
electrolytic 4369 2369 4548 2546
electrolytic 4546 2354 4644 2540
capacitor 2917 1329 2994 1373
electrolytic 3121 1350 3248 1421
jumper 3246 1210 3305 1316
capacitor 3286 1143 3312 1188
capacitor 3496 1339 3522 1389
switch 3343 1060 3680 1280
switch 3684 1060 3934 1279
capacitor 3321 1523 3346 1566
capacitor 3321 1480 3346 1524
capacitor 3387 1516 3414 1559
capacitor 3473 1652 3514 1677
ic 3416 1488 3555 1587
resistor 3557 1559 3582 1605
resistor 3557 1518 3584 1563
resistor 3623 1521 3648 1563
capacitor 3620 1478 3649 1523
connector 3700 1480 3760 1589
connector 3683 1615 3800 1727
capacitor 3881 1506 3906 1553
capacitor 3946 1532 3984 1595
diode 3921 1771 4023 1805
connector 4093 1652 4162 1762
electrolytic 4018 1475 4180 1546
resistor 4384 1367 4413 1412
led 4427 1410 4456 1480
led 4423 1307 4459 1384
led 3943 1050 3977 1120
transistor 3942 977 4020 1037
resistor 3993 1046 4024 1092
connector 4037 984 4095 1238
capacitor 3890 1754 3917 1799
resistor 3867 1751 3890 1802
resistor 3845 1755 3866 1801
resistor 3821 1756 3842 1799
capacitor 3792 1755 3816 1800
capacitor 3693 1754 3717 1799
resistor 3717 1755 3740 1800
resistor 3742 1754 3766 1801
resistor 3766 1755 3795 1802
button 4189 1461 4409 1583
button 4467 1459 4679 1579
button 4466 1316 4684 1433
electrolytic 4333 1035 4521 1237
led 4804 777 4873 811
connector 4816 565 5032 763
switch 4490 504 4777 988
connector 4173 487 4481 934
jumper 4120 773 4170 888
led 5178 698 5249 732
led 5176 651 5248 682
led 5262 612 5315 717
resistor 5277 722 5323 750
jumper 5323 730 5389 850
connector 4693 1399 4805 1502
electrolytic 4577 1590 4765 1765
electrolytic 4578 1767 4765 1865
electrolytic 4729 1878 4922 2074
electrolytic 4759 2082 4872 2274
electrolytic 4733 2278 4923 2483
electrolytic 4643 2490 4743 2677
electrolytic 4766 2490 4869 2673
led 4644 2774 4679 2848
electrolytic 5099 2857 5310 3028
electrolytic 5097 2751 5284 2854
connector 4815 827 5402 1852
connector 3850 2313 3906 2431
connector 3902 2112 4092 2513
ic 3700 1817 3994 2104
electrolytic 4294 2092 4365 2215
connector 4138 942 4337 1450
jumper 3577 1803 3637 1914
connector 3412 1760 3560 1954
transistor 3423 1965 3554 2131
ic 2263 1404 3042 2185
display 2165 2434 3868 3047
text 334 743 396 783
text 523 585 590 611
text 521 610 588 631
text 523 632 575 654
text 523 655 589 676
text 524 677 589 699
text 523 700 590 721
text 524 720 589 743
text 523 744 586 766
text 1105 567 1154 590
text 1038 605 1065 658
text 1013 723 1073 755
text 1120 732 1164 757
text 1175 758 1235 784
text 1129 806 1152 844
text 1167 820 1222 854
text 1038 757 1089 783
text 1004 835 1063 867
text 1004 867 1061 899
text 1002 901 1063 929
text 1214 894 1235 942
text 1212 960 1236 993
text 1123 1014 1175 1041
text 1189 1015 1226 1042
text 1125 1105 1215 1137
text 1289 1076 1371 1108
text 1454 1073 1468 1099
text 1611 1070 1630 1096
text 1714 1108 1804 1144
text 1824 1108 1955 1144
text 2049 1089 2113 1123
text 2219 1049 2271 1073
text 2285 1049 2336 1075
text 2365 1049 2429 1079
text 2577 1017 2599 1041
text 2613 1063 2699 1096
text 2702 1046 2764 1078
text 2835 1046 2885 1072
text 2899 1046 2950 1073
text 3130 1054 3146 1081
text 3127 1086 3213 1119
text 3325 1068 3340 1091
text 3370 887 3401 1039
text 3420 1001 3446 1035
text 3468 1003 3496 1037
text 3515 1001 3544 1036
text 3566 935 3601 1035
text 3618 903 3645 1036
text 3675 1064 3689 1091
text 3715 862 3743 1037
text 3764 882 3794 1031
text 3812 884 3842 1033
text 3858 886 3888 1035
text 3944 623 3965 754
text 3935 951 3982 980
text 3992 1091 4019 1154
text 4097 967 4125 1080
text 4106 601 4126 635
text 4134 598 4163 735
text 4113 748 4138 763
text 4137 747 4161 777
text 4194 908 4211 937
text 4180 823 4208 891
text 4195 796 4209 820
text 4261 600 4295 706
text 4435 801 4454 828
text 4437 890 4451 918
text 4446 851 4493 880
text 4487 878 4502 908
text 4485 954 4502 981
text 4387 933 4451 968
text 4399 992 4487 1032
text 4713 1083 4748 1170
text 4717 1030 4750 1056
text 4745 877 4760 904
text 4746 948 4761 975
text 4751 852 4783 877
text 4765 894 4829 928
text 4778 1007 4811 1031
text 4767 1034 4804 1061
text 4764 1147 4800 1168
text 4797 817 4880 841
text 4869 765 4888 789
text 4885 782 4952 815
text 4896 818 4963 842
text 4949 766 4965 790
text 4963 768 5026 804
text 5034 568 5061 799
text 5092 589 5261 616
text 5094 619 5259 642
text 5119 649 5170 677
text 5103 704 5168 730
text 5095 733 5264 764
text 5094 763 5247 787
text 5259 813 5318 846
text 5318 601 5365 630
text 5316 635 5343 704
text 5404 829 5454 856
text 5404 808 5453 829
text 357 1214 546 1242
text 527 1192 660 1218
text 503 1476 637 1504
text 514 1527 529 1551
text 519 1551 577 1585
text 511 1589 528 1613
text 595 1588 619 1654
text 604 1656 630 1724
text 632 1640 658 1740
text 674 1512 723 1538
text 743 1516 774 1539
text 813 1515 863 1546
text 899 1513 932 1539
text 689 1562 844 1592
text 851 1629 884 1696
text 903 1606 987 1637
text 903 1638 987 1668
text 904 1668 986 1697
text 904 1697 987 1727
text 1001 1279 1011 1306
text 1001 1323 1128 1356
text 1051 1187 1116 1217
text 1091 1220 1121 1285
text 1137 1375 1202 1400
text 1093 1430 1120 1494
text 1192 1427 1215 1494
text 1165 1284 1188 1348
text 1189 1277 1253 1301
text 1237 1180 1280 1213
text 1144 1614 1185 1650
text 1237 1352 1299 1375
text 1332 1299 1398 1325
text 1391 1269 1454 1295
text 1356 1211 1418 1244
ic 1315 1207 1356 1294
text 1358 1116 1389 1199
text 1390 1118 1419 1201
text 1420 1118 1449 1203
text 1335 1418 1420 1451
text 1320 1546 1337 1575
text 1416 1492 1450 1577
text 1463 1147 1487 1166
text 1504 1161 1591 1196
text 1973 1163 2023 1187
text 2117 1166 2151 1194
text 2228 1373 2295 1398
text 2223 1421 2244 1451
text 2435 1274 2500 1306
text 2559 1131 2584 1296
text 2662 1275 2724 1308
text 2782 1124 2808 1295
text 2856 1352 2880 1386
text 2849 1303 2907 1340
text 3003 1150 3030 1331
text 2996 1333 3079 1367
text 3067 1451 3087 1484
text 3109 1303 3170 1336
text 3151 1426 3238 1463
text 3223 1129 3246 1315
text 3251 1112 3283 1195
text 3301 1347 3361 1383
text 3315 1410 3350 1474
text 3315 1568 3350 1634
text 3378 1455 3403 1508
text 3401 1645 3465 1681
text 3447 1447 3516 1481
text 3376 1289 3392 1315
text 3526 1286 3565 1323
text 3634 1285 3668 1309
text 3529 1345 3615 1382
text 3559 1426 3594 1509
text 3616 1407 3651 1471
text 3619 1561 3647 1627
text 3571 1601 3597 1665
text 3616 1632 3679 1666
text 3722 1290 3915 1326
text 3924 1117 3949 1182
text 3947 1123 3974 1289
text 4033 1242 4098 1278
text 3763 1353 3785 1401
text 3690 1446 3754 1477
text 3755 1412 3784 1578
text 3872 1440 3906 1504
text 3924 1535 3948 1601
text 3785 1351 3808 1401
text 3810 1338 3833 1401
text 3833 1339 3858 1400
text 595 1730 618 1801
text 503 1741 518 1765
text 502 1831 516 1857
text 511 1847 572 1882
text 524 1719 552 1846
text 512 1888 578 1916
text 544 1927 560 1955
text 543 1976 559 2004
text 542 2032 558 2060
text 557 1954 580 2027
text 557 2047 624 2073
text 689 1781 841 1811
text 533 2842 578 2876
text 541 2877 605 2914
text 591 2935 635 2971
text 535 2478 560 2547
text 661 2712 729 2751
text 795 2828 858 2863
text 805 2433 824 2459
text 820 2745 905 2779
text 863 2357 927 2394
text 886 2396 953 2432
text 933 2550 963 2618
text 939 2623 1006 2645
text 950 2660 998 2687
text 1132 2653 1177 2688
text 1082 2403 1100 2429
text 1135 2405 1153 2428
text 1212 2406 1231 2429
text 1406 2397 1434 2580
text 1295 2450 1307 2478
text 1293 2536 1307 2557
text 1294 2595 1307 2618
text 1314 2427 1381 2470
text 1326 2551 1394 2589
text 1462 2903 1504 2944
text 1439 2547 1499 2580
text 1503 2543 1526 2578
text 1584 2615 1651 2640
text 1667 2707 1692 2762
text 1749 2614 1813 2653
text 1859 2636 1913 2662
text 1967 2621 2029 2654
text 1893 2710 1916 2763
text 1694 2822 2039 2920
text 1188 3124 1219 3161
text 1374 3099 1401 3151
text 1445 3100 1470 3153
text 1618 3121 1657 3158
text 2159 3105 2184 3161
text 1578 2986 2052 3039
text 1648 3044 1991 3083
text 3912 2675 3953 2711
text 4010 2679 4077 2708
text 3939 2843 4003 2877
text 3971 2986 4056 3022
text 4112 2878 4131 2901
text 4108 2465 4127 2504
text 4110 2573 4146 2637
text 4087 2673 4125 2765
text 4122 2672 4182 2713
text 4154 2427 4192 2460
text 4214 2428 4256 2458
text 4329 2447 4363 2536
text 4406 2592 4433 2662
text 4187 2689 4420 2716
text 4214 2859 4279 2892
text 4339 2845 4425 2883
text 4411 2936 4444 3024
text 4495 2845 4558 2878
text 4491 3002 4557 3033
text 4607 2566 4639 2656
text 4592 2677 4649 2711
text 4647 2856 4684 2945
text 4663 2676 4690 2770
text 4621 2987 4687 3024
text 4642 2359 4675 2445
text 4691 2354 4728 2441
text 4640 2446 4726 2483
text 4875 2582 4902 2686
text 5240 2398 5309 2510
component 4827 2846 4893 2954
text 5179 2706 5271 2741
text 5335 2689 5400 2730
text 5310 2889 5345 2976
text 5472 2298 5513 2458
text 5445 1814 5518 2276
component 5234 1983 5303 2095
component 427 2127 622 2376
text 806 2178 839 2245
text 806 2094 839 2166
text 845 1829 877 2240
text 948 1978 1040 2015
text 1331 1994 1396 2029
text 1153 1951 1197 1986
text 1254 1846 1323 1880
text 1187 1824 1250 1860
text 708 1982 757 2010
text 708 2011 743 2038
text 708 2041 742 2067
text 792 1982 824 2009
text 776 2011 825 2040
text 776 2041 824 2066
text 916 1833 982 1861
text 1003 1820 1069 1845
component 1725 1631 1835 2228
component 2053 1751 2107 1887
text 2128 2563 2167 2600
text 2528 2090 2772 2135
text 2295 2184 2329 2213
text 2300 2212 2321 2260
text 2322 2215 2344 2261
text 2341 2254 2400 2290
text 2351 2329 2381 2382
text 2573 2328 2601 2381
text 2477 2247 2531 2278
text 2545 2244 2611 2278
text 2636 2196 2679 2234
text 2689 2287 2721 2377
text 2736 2259 2826 2290
text 2807 2354 2831 2390
text 2841 2395 2908 2421
text 2841 2372 2906 2395
text 2842 2351 2907 2373
text 2843 2328 2907 2352
text 2842 2306 2908 2328
text 2862 2278 2926 2307
text 2839 2238 2862 2306
text 2920 2364 3051 2395
text 3104 2356 3168 2382
text 3180 2389 3266 2424
text 3299 2338 3332 2400
text 3340 1965 3406 2000
text 3345 2074 3405 2106
text 3497 2254 3581 2292
text 3497 2309 3583 2347
text 3499 2353 3584 2389
text 3497 2399 3582 2435
text 3622 2320 3654 2347
text 3553 2106 3718 2135
text 3676 2370 3742 2400
text 3709 2313 3732 2362
text 3686 2312 3706 2362
text 3845 2282 3903 2312
text 3819 2302 3845 2417
text 4318 2282 4361 2310
text 4315 2235 4355 2269
text 3823 2469 3846 2521
text 3820 2532 3845 2569
text 3691 2059 3724 2084
text 3720 2080 3750 2107
text 3951 2085 3982 2109
text 3974 2061 4003 2086
text 3987 2087 4072 2113
text 4078 1949 4104 1995
text 4137 2089 4180 2120
text 4047 2068 4278 2092
text 4279 2079 4297 2100
text 4245 2037 4294 2063
text 4174 1993 4230 2032
text 4167 1951 4232 1981
text 4233 1940 4352 1966
text 4467 1928 4570 1951
text 4618 1924 4681 1956
text 4627 1872 4714 1904
text 4553 1853 4575 1873
text 4551 1695 4577 1766
component 4393 1663 4456 1770
text 4130 1863 4154 1930
text 4107 1787 4128 1828
text 3972 1839 4001 1861
text 3945 1817 3976 1841
text 3719 1811 3748 1835
text 3584 1770 3646 1805
text 3378 1796 3410 1861
text 3688 1800 3720 1866
text 4710 2129 4745 2225
text 5405 1087 5512 1410
text 5186 1446 5221 1554
text 5209 1101 5327 1561
text 5356 1848 5421 1883
text 5117 1803 5407 1840
text 4920 1807 4984 1842
text 4828 1846 4916 1882
text 4769 1669 4796 1879
text 4762 1167 4798 1191
text 4765 1265 4799 1292
text 4765 1290 4800 1317
text 4770 1349 4804 1371
text 4770 1370 4802 1396
text 4762 1517 4794 1542
text 4778 1540 4793 1564
text 4765 1613 4797 1639
text 4785 1637 4798 1662
text 4682 1510 4746 1542
text 4687 1549 4751 1584
text 4690 1311 4756 1347
text 4688 1366 4751 1400
text 4714 1214 4748 1240
text 4503 1254 4629 1306
text 4431 1240 4459 1303
text 4391 1294 4420 1361
text 4478 1438 4524 1461
text 4545 1438 4593 1458
text 4607 1437 4694 1461
text 4412 1484 4464 1555
text 4360 1360 4383 1428
text 4333 1353 4363 1435
text 4262 1435 4378 1458
text 3998 1341 4131 1370
text 4070 1368 4133 1403
text 4052 1548 4141 1582
text 4094 1586 4156 1622
text 4037 1672 4068 1740
text 4066 1597 4090 1781
text 3958 1407 3979 1444
text 4000 1543 4021 1564
text 3858 1339 3882 1400
text 3883 1338 3906 1401
text 3907 1338 3931 1403
text 3932 1340 3959 1402
text 3961 1352 3983 1399
text 3937 1731 4004 1765
text 3619 1674 3682 1714
text 3656 1745 3677 1780
text 3425 1739 3544 1769
text 3236 1687 3298 1722
text 3124 1795 3148 1864
text 3116 1910 3183 1936
resistor 3068 1942 3109 1959
text 3118 1937 3185 1963
text 902 1726 988 1756
text 903 1758 986 1787
text 902 1786 946 1819
text 1006 1662 1286 1701
text 1002 1714 1047 1753
text 1004 1760 1049 1799
text 1288 1738 1312 1803
text 1313 1734 1333 1802
text 1335 1717 1358 1786
text 1366 1719 1389 1788
text 1389 1735 1411 1804
text 1413 1736 1434 1804
text 1458 1711 1478 1778
text 1437 1777 1470 1804
text 4695 1945 4724 2049
component 379 765 409 1171
component 486 784 518 841
component 488 945 520 1176
connector 1148 954 1210 1008
component 1096 597 1165 642
component 1497 1065 1547 1117
component 2513 1058 2561 1098
component 3360 1208 3648 1235
component 3369 1098 3668 1132
component 3712 1089 3919 1119
component 3698 1186 3921 1221
component 4393 1073 4479 1151
connector 5261 753 5323 812
component 4077 1480 4144 1529
connector 3247 1319 3300 1379
component 3166 1361 3221 1395
component 2201 1155 2348 1257
component 2074 1263 2108 1432
component 1964 1322 1974 1359
component 1963 1384 1976 1423
component 1964 1451 1973 1490
component 1964 1514 1973 1554
component 1964 1584 1973 1625
component 1964 1648 1974 1687
jumper 975 1345 1108 1413
component 1083 1533 1222 1577
jumper 1046 1755 1171 1814
connector 1169 1706 1235 1818
component 956 1899 1076 1943
jumper 3637 1804 3688 1913
connector 3580 1913 3682 2106
component 3800 1877 3898 2061
component 4457 2072 4564 2132
component 4629 1623 4713 1707
component 4799 1922 4887 2006
component 4627 1789 4709 1845
component 4792 2142 4851 2230
component 4800 2340 4887 2419
component 4566 2399 4625 2487
component 4426 2406 4514 2489
component 4794 2550 4853 2638
component 1957 2420 1971 2461
component 1958 2368 1971 2405
component 1959 2297 1969 2335
component 1959 2227 1972 2269
component 1959 2163 1971 2203
component 1957 2092 1970 2132
component 2059 2170 2106 2437
component 1005 2090 1239 2213
component 1036 2213 1229 2308
component 1127 2486 1192 2566
component 1557 2547 1590 2571
component 753 2119 770 2151
component 749 2207 768 2234
component 622 2512 711 2641
component 714 2560 764 2600
component 140 2747 195 2900
component 1092 2774 1221 2877
component 5184 2893 5265 2985
component 3823 2905 3850 2950
pads 1183 3174 2194 3289
connector 1161 675 1222 735
connector 4116 888 4170 949
connector 1401 2587 1508 2680
component 3030 1055 3080 1118
connector 661 521 983 1501
connector 2173 2556 2271 2923
ic 4325 1615 4494 1832
ic 4238 1634 4308 1709
ic 4247 1811 4318 1884
capacitor 4182 1727 4240 1822
capacitor 4384 1851 4484 1907
capacitor 4501 2278 4600 2340
capacitor 4502 2251 4555 2278
capacitor 4628 2043 4689 2138
capacitor 4933 2004 4995 2098
capacitor 4997 2069 5048 2097
capacitor 4940 2118 5003 2213
capacitor 5166 2196 5269 2253
capacitor 5278 2199 5369 2260
capacitor 4935 2401 5000 2496
capacitor 4998 2474 5055 2499
capacitor 4939 2521 5004 2621
capacitor 5166 2600 5264 2662
capacitor 5271 2605 5372 2665
capacitor 5021 2799 5084 2899
capacitor 4994 2839 5019 2895
capacitor 4781 2709 4874 2767
ic 4400 2039 4619 2203
ic 4411 2212 4489 2286
ic 4589 2206 4662 2278
ic 5005 1922 5111 2055
ic 5012 2120 5109 2245
ic 5126 1905 5388 2185
ic 5004 2323 5108 2447
ic 5140 2316 5395 2598
ic 5005 2516 5114 2645
ic 4942 2734 5019 2814
ic 4954 2911 5028 2991
text 5022 2968 5038 3004
text 4973 2305 4999 2356
text 4974 1905 4997 1955
text 4217 1617 4245 1658
capacitor 3822 2137 3900 2259
capacitor 3729 2142 3806 2260
resistor 1517 1274 1561 1306
resistor 1586 1273 1628 1308
resistor 1654 1272 1698 1310
resistor 1952 1317 1986 1364
resistor 1953 1383 1986 1428
resistor 1952 1452 1986 1495
resistor 1951 1514 1986 1556
resistor 1951 1582 1984 1629
resistor 1950 1647 1987 1693
resistor 1949 2089 1979 2134
resistor 1950 2162 1979 2206
resistor 1948 2225 1979 2272
resistor 1948 2297 1978 2339
resistor 1945 2366 1978 2408
resistor 1948 2422 1983 2464
capacitor 3070 1495 3115 1573
capacitor 2168 2093 2246 2140
capacitor 2167 2044 2244 2090
capacitor 2167 1998 2246 2044
capacitor 2170 1877 2250 1923
capacitor 2171 1463 2247 1505
capacitor 2169 1580 2248 1624
capacitor 2262 1343 2327 1370
connector 4089 2214 4131 2426
connector 4091 2131 4289 2174
connector 4137 2175 4318 2317
