capacitor 232 1914 482 2069
emi 627 1754 713 1907
capacitor 858 1897 952 2087
capacitor 1275 1689 1522 1839
capacitor 178 550 427 702
capacitor 668 734 913 892
capacitor 665 574 915 727
capacitor 535 1944 627 1992
capacitor 1777 1842 1928 2092
capacitor 1803 454 1957 705
ic 533 2018 714 2156
ic 230 1619 556 1851
ic 296 750 447 913
ic 508 422 692 558
ic 905 426 1089 555
capacitor 363 945 452 998
capacitor 482 886 565 938
emi 515 701 608 862
resistor 963 602 1080 701
resistor 1159 525 1208 658
button 1236 433 1415 816
ic 93 1131 282 1322
resistor 95 1832 189 1876
resistor 143 1716 188 1808
resistor 72 1718 119 1809
resistor 628 1942 722 1992
resistor 1026 1795 1072 1888
resistor 1090 1792 1135 1888
resistor 1136 1683 1183 1778
resistor 893 1233 938 1321
resistor 753 1319 872 1416
electrolytic 529 1206 739 1629
zener 80 1491 156 1568
zener 222 1492 285 1561
clock 1062 1903 1238 2056
ic 1033 1695 1116 1785
led 458 1056 516 1191
led 526 1055 585 1191
switch 728 929 893 1251
capacitor 465 322 556 369
resistor 580 322 675 371
connector 1469 1861 1705 1982
ic 986 856 1782 1653
led 1526 531 1588 663
led 1609 529 1668 663
connector 2042 622 2220 728
connector 2292 678 2410 1032
connector 2289 1121 2412 1953
resistor 2129 1169 2226 1288
ic 1858 1016 2086 1409
resistor 1916 1441 2011 1488
resistor 1952 1849 2069 1952
resistor 2092 1849 2212 1949
ic 1812 1665 1996 1789
ic 1809 1551 1996 1669
resistor 2150 1741 2245 1788
resistor 2153 1671 2246 1719
resistor 2153 1603 2245 1648
resistor 2155 1535 2243 1578
pads 1126 2058 1230 2118
resistor 1876 915 1966 961
resistor 1875 860 1967 905
resistor 1877 803 1969 847
connector 51 2252 2401 2486
capacitor 1496 684 1758 853
connector 40 16 2414 264
text 3 2371 48 2444
text 7 2271 44 2344
text 351 2085 446 2151
text 64 1898 173 1959
text 61 1621 125 1703
text 135 1620 198 1712
text 41 1421 177 1489
text 205 1420 322 1485
text 568 2159 664 2220
text 522 1873 609 1936
text 734 1929 821 1998
text 593 1686 724 1749
text 426 1554 500 1614
text 874 2093 939 2215
text 1035 2151 1199 2233
text 1239 2062 1367 2128
text 1243 1911 1304 2001
text 955 1777 1015 1903
text 952 1685 1013 1776
text 763 1527 822 1620
text 748 1434 865 1496
text 885 1334 950 1460
text 1147 1780 1205 1892
text 1200 1666 1259 1789
text 2159 2176 2254 2244
text 1487 1989 1557 2050
text 1570 1989 1699 2055
text 1537 1696 1599 1821
text 1747 1666 1803 1794
text 1951 1962 2083 2020
text 2083 1959 2209 2023
text 2294 1954 2428 2016
text 2012 1724 2142 1788
text 2011 1662 2142 1723
text 2012 1602 2141 1663
text 2012 1529 2143 1589
text 1800 1488 1909 1547
text 2026 1427 2160 1496
text 2091 1301 2154 1396
text 2228 1208 2287 1432
text 2122 1088 2254 1153
text 289 1175 348 1289
text 381 1049 450 1216
text 276 988 361 1045
text 225 789 286 881
text 480 949 535 1031
text 534 958 591 1046
text 607 940 674 1205
text 674 1024 730 1146
text 574 879 659 941
text 930 801 987 912
text 276 476 354 532
text 544 571 603 693
text 604 605 657 692
text 969 719 1100 789
text 1051 793 1222 854
text 1090 532 1150 657
text 1431 692 1490 818
text 1529 432 1595 518
text 1596 429 1659 521
text 1978 918 2112 979
text 1978 855 2112 915
text 1978 792 2113 853
text 1803 719 1934 781
text 2055 736 2215 794
text 2222 941 2283 1007
text 2222 818 2281 932
text 2020 545 2233 615
text 1 140 42 212
text 7 38 38 102
text 325 314 409 376
text 713 428 774 515
text 813 424 870 512
text 690 319 776 376
text 878 280 1034 355
text 1224 372 1352 431
text 1461 270 1973 423
text 1972 273 2147 338
text 2170 259 2268 324
component 603 2045 643 2114
component 315 1661 470 1808
component 1045 1722 1090 1750
component 1105 1950 1186 2007
component 1886 1584 1914 1644
component 1890 1708 1916 1763
component 1167 915 1600 1585
component 1870 1164 2068 1269
component 756 1158 855 1191
component 816 988 877 1012
component 742 984 798 1016
component 571 1329 697 1517
component 97 1521 130 1544
component 323 789 401 881
component 583 444 617 540
component 966 451 1010 549
