connector 11 6 591 64
pins 559 133 594 342
connector 361 129 416 158
unknown 275 129 299 142
pads 327 137 350 150
pads 327 151 351 162
pads 327 164 350 175
unknown 350 165 361 187
unknown 454 182 477 195
unknown 256 174 268 197
unknown 157 158 169 182
capacitor 95 158 120 171
capacitor 150 200 212 238
unknown 254 205 276 216
unknown 309 209 324 232
capacitor 236 218 258 262
unknown 356 243 379 255
unknown 288 240 311 254
unknown 287 254 309 266
resistor 333 253 344 276
unknown 401 266 413 288
unknown 441 272 452 293
inductor 366 274 381 306
unknown 390 288 412 300
resistor 332 276 344 297
inductor 275 270 290 304
unknown 289 277 301 300
transistor 145 278 173 303
unknown 345 300 367 310
capacitor 323 299 344 312
resistor 299 299 322 311
unknown 288 308 301 331
unknown 257 309 281 324
resistor 287 331 301 355
resistor 333 312 346 334
unknown 332 335 346 356
resistor 149 310 173 322
resistor 131 323 141 347
resistor 114 325 126 347
unknown 378 318 402 331
unknown 422 341 436 364
resistor 376 343 399 355
unknown 345 355 357 378
unknown 322 376 334 398
unknown 239 367 253 390
connector 554 358 592 446
capacitor 264 404 302 465
resistor 394 453 406 477
resistor 373 453 387 479
resistor 282 468 305 481
unknown 312 493 326 516
ic 273 483 306 514
unknown 253 486 265 507
capacitor 95 475 155 514
connector 13 552 588 605
text 297 141 325 156
text 296 157 325 172
text 296 172 326 187
text 183 183 213 198
text 93 172 115 186
text 331 221 347 251
text 220 234 234 266
text 155 261 175 276
text 174 308 195 324
text 129 349 144 370
text 113 349 127 368
text 317 266 332 297
text 273 248 287 269
text 382 268 397 286
text 348 314 364 348
text 285 355 302 388
text 401 341 422 357
text 356 404 386 420
text 319 404 353 420
text 408 450 423 481
text 358 445 373 478
text 308 466 339 483
text 288 522 310 538
text 93 458 125 473
component 284 496 299 506
