capacitor 1972 432 2222 587
emi 1741 594 1827 747
capacitor 1502 414 1596 604
capacitor 932 662 1179 812
capacitor 2027 1799 2276 1951
capacitor 1541 1609 1786 1767
capacitor 1539 1774 1789 1927
capacitor 1827 509 1919 557
capacitor 526 409 677 659
capacitor 497 1796 651 2047
ic 1740 345 1921 483
ic 1898 650 2224 882
ic 2007 1588 2158 1751
ic 1762 1943 1946 2079
ic 1365 1946 1549 2075
capacitor 2002 1503 2091 1556
capacitor 1889 1563 1972 1615
emi 1846 1639 1939 1800
resistor 1374 1800 1491 1899
resistor 1246 1843 1295 1976
button 1039 1685 1218 2068
ic 2172 1179 2361 1370
resistor 2265 625 2359 669
resistor 2266 693 2311 785
resistor 2335 692 2382 783
resistor 1732 509 1826 559
resistor 1382 613 1428 706
resistor 1319 613 1364 709
resistor 1271 723 1318 818
resistor 1516 1180 1561 1268
resistor 1582 1085 1701 1182
electrolytic 1715 872 1925 1295
zener 2298 933 2374 1010
zener 2169 940 2232 1009
clock 1216 445 1392 598
ic 1338 716 1421 806
led 1938 1310 1996 1445
led 1869 1310 1928 1446
switch 1561 1250 1726 1572
capacitor 1898 2132 1989 2179
resistor 1779 2130 1874 2179
connector 749 519 985 640
ic 672 848 1468 1645
led 866 1838 928 1970
led 786 1838 845 1972
connector 234 1773 412 1879
connector 44 1469 162 1823
connector 42 548 165 1380
resistor 228 1213 325 1332
ic 368 1092 596 1485
resistor 443 1013 538 1060
resistor 385 549 502 652
resistor 242 552 362 652
ic 458 712 642 836
ic 458 832 645 950
resistor 209 713 304 760
resistor 208 782 301 830
resistor 209 853 301 898
resistor 211 923 299 966
pads 1224 383 1328 443
resistor 488 1540 578 1586
resistor 487 1596 579 1641
resistor 485 1654 577 1698
connector 53 15 2403 249
capacitor 696 1648 958 1817
connector 40 2237 2414 2485
text 2406 57 2451 130
text 2410 157 2447 230
text 2008 350 2103 416
text 2281 542 2390 603
text 2329 798 2393 880
text 2256 789 2319 881
text 2277 1012 2413 1080
text 2132 1016 2249 1081
text 1790 281 1886 342
text 1845 565 1932 628
text 1633 503 1720 572
text 1730 752 1861 815
text 1954 887 2028 947
text 1515 286 1580 408
text 1255 268 1419 350
text 1087 373 1215 439
text 1150 500 1211 590
text 1439 598 1499 724
text 1441 725 1502 816
text 1632 881 1691 974
text 1589 1005 1706 1067
text 1504 1041 1569 1167
text 1249 609 1307 721
text 1195 712 1254 835
text 200 257 295 325
text 897 451 967 512
text 755 446 884 512
text 855 680 917 805
text 651 707 707 835
text 371 481 503 539
text 245 478 371 542
text 26 485 160 547
text 312 713 442 777
text 312 778 443 839
text 313 838 442 899
text 311 912 442 972
text 545 954 654 1013
text 294 1005 428 1074
text 300 1105 363 1200
text 167 1069 226 1293
text 200 1348 332 1413
text 2106 1212 2165 1326
text 2004 1285 2073 1452
text 2093 1456 2178 1513
text 2168 1620 2229 1712
text 1919 1470 1974 1552
text 1863 1455 1920 1543
text 1780 1296 1847 1561
text 1724 1355 1780 1477
text 1795 1560 1880 1622
text 1467 1589 1524 1700
text 2100 1969 2178 2025
text 1851 1808 1910 1930
text 1797 1809 1850 1896
text 1354 1712 1485 1782
text 1232 1647 1403 1708
text 1304 1844 1364 1969
text 964 1683 1023 1809
text 859 1983 925 2069
text 795 1980 858 2072
text 342 1522 476 1583
text 342 1586 476 1646
text 341 1648 476 1709
text 520 1720 651 1782
text 239 1707 399 1765
text 171 1494 232 1560
text 173 1569 232 1683
text 221 1886 434 1956
text 2412 2289 2453 2361
text 2416 2399 2447 2463
text 2045 2125 2129 2187
text 1680 1986 1741 2073
text 1584 1989 1641 2077
text 1678 2125 1764 2182
text 1420 2146 1576 2221
text 1102 2070 1230 2129
text 481 2078 993 2231
text 307 2163 482 2228
text 186 2177 284 2242
component 1811 387 1851 456
component 1984 693 2139 840
component 1364 751 1409 779
component 1268 494 1349 551
component 540 857 568 917
component 538 738 564 793
component 854 916 1287 1586
component 386 1232 584 1337
component 1599 1310 1698 1343
component 1577 1489 1638 1513
component 1656 1485 1712 1517
component 1757 984 1883 1172
component 2324 957 2357 980
component 2053 1620 2131 1712
component 1837 1961 1871 2057
component 1444 1952 1488 2050
