connector 9 6 589 64
pins 6 133 41 342
connector 184 129 239 158
unknown 301 129 325 142
pads 250 137 273 150
pads 249 151 273 162
pads 250 164 273 175
unknown 239 165 250 187
unknown 123 182 146 195
unknown 332 174 344 197
unknown 431 158 443 182
capacitor 480 158 505 171
capacitor 388 200 450 238
unknown 324 205 346 216
unknown 276 209 291 232
capacitor 342 218 364 262
unknown 221 243 244 255
unknown 289 240 312 254
unknown 291 254 313 266
resistor 256 253 267 276
unknown 187 266 199 288
unknown 148 272 159 293
inductor 219 274 234 306
unknown 188 288 210 300
resistor 256 276 268 297
inductor 310 270 325 304
unknown 299 277 311 300
transistor 427 278 455 303
unknown 233 300 255 310
capacitor 256 299 277 312
resistor 278 299 301 311
unknown 299 308 312 331
unknown 319 309 343 324
resistor 299 331 313 355
resistor 254 312 267 334
unknown 254 335 268 356
resistor 427 310 451 322
resistor 459 323 469 347
resistor 474 325 486 347
unknown 198 318 222 331
unknown 164 341 178 364
resistor 201 343 224 355
unknown 243 355 255 378
unknown 266 376 278 398
unknown 347 367 361 390
connector 8 358 46 446
capacitor 298 404 336 465
resistor 194 453 206 477
resistor 213 453 227 479
resistor 295 468 318 481
unknown 274 493 288 516
ic 294 483 327 514
unknown 335 486 347 507
capacitor 445 475 505 514
connector 12 552 587 605
text 275 141 303 156
text 275 157 304 172
text 274 172 304 187
text 387 183 417 198
text 485 172 507 186
text 253 221 269 251
text 366 234 380 266
text 425 261 445 276
text 405 308 426 324
text 456 349 471 370
text 473 349 487 368
text 268 266 283 297
text 313 248 327 269
text 203 268 218 286
text 236 314 252 348
text 298 355 315 388
text 178 341 199 357
text 214 404 244 420
text 247 404 281 420
text 177 450 192 481
text 227 445 242 478
text 261 466 292 483
text 290 522 312 538
text 475 458 507 473
component 301 496 316 506
