capacitor 232 432 482 587
emi 627 594 713 747
capacitor 858 414 952 604
capacitor 1275 662 1522 812
capacitor 178 1799 427 1951
capacitor 668 1609 913 1767
capacitor 665 1774 915 1927
capacitor 535 509 627 557
capacitor 1777 409 1928 659
capacitor 1803 1796 1957 2047
ic 533 345 714 483
ic 230 650 556 882
ic 296 1588 447 1751
ic 508 1943 692 2079
ic 905 1946 1089 2075
capacitor 363 1503 452 1556
capacitor 482 1563 565 1615
emi 515 1639 608 1800
resistor 963 1800 1080 1899
resistor 1159 1843 1208 1976
button 1236 1685 1415 2068
ic 93 1179 282 1370
resistor 95 625 189 669
resistor 143 693 188 785
resistor 72 692 119 783
resistor 628 509 722 559
resistor 1026 613 1072 706
resistor 1090 613 1135 709
resistor 1136 723 1183 818
resistor 893 1180 938 1268
resistor 753 1085 872 1182
electrolytic 529 872 739 1295
zener 80 933 156 1010
zener 222 940 285 1009
clock 1062 445 1238 598
ic 1033 716 1116 806
led 458 1310 516 1445
led 526 1310 585 1446
switch 728 1250 893 1572
capacitor 465 2132 556 2179
resistor 580 2130 675 2179
connector 1469 519 1705 640
ic 986 848 1782 1645
led 1526 1838 1588 1970
led 1609 1838 1668 1972
connector 2042 1773 2220 1879
connector 2292 1469 2410 1823
connector 2289 548 2412 1380
resistor 2129 1213 2226 1332
ic 1858 1092 2086 1485
resistor 1916 1013 2011 1060
resistor 1952 549 2069 652
resistor 2092 552 2212 652
ic 1812 712 1996 836
ic 1809 832 1996 950
resistor 2150 713 2245 760
resistor 2153 782 2246 830
resistor 2153 853 2245 898
resistor 2155 923 2243 966
pads 1126 383 1230 443
resistor 1876 1540 1966 1586
resistor 1875 1596 1967 1641
resistor 1877 1654 1969 1698
connector 51 15 2401 249
capacitor 1496 1648 1758 1817
connector 40 2237 2414 2485
text 3 57 48 130
text 7 157 44 230
text 351 350 446 416
text 64 542 173 603
text 61 798 125 880
text 135 789 198 881
text 41 1012 177 1080
text 205 1016 322 1081
text 568 281 664 342
text 522 565 609 628
text 734 503 821 572
text 593 752 724 815
text 426 887 500 947
text 874 286 939 408
text 1035 268 1199 350
text 1239 373 1367 439
text 1243 500 1304 590
text 955 598 1015 724
text 952 725 1013 816
text 763 881 822 974
text 748 1005 865 1067
text 885 1041 950 1167
text 1147 609 1205 721
text 1200 712 1259 835
text 2159 257 2254 325
text 1487 451 1557 512
text 1570 446 1699 512
text 1537 680 1599 805
text 1747 707 1803 835
text 1951 481 2083 539
text 2083 478 2209 542
text 2294 485 2428 547
text 2012 713 2142 777
text 2011 778 2142 839
text 2012 838 2141 899
text 2012 912 2143 972
text 1800 954 1909 1013
text 2026 1005 2160 1074
text 2091 1105 2154 1200
text 2228 1069 2287 1293
text 2122 1348 2254 1413
text 289 1212 348 1326
text 381 1285 450 1452
text 276 1456 361 1513
text 225 1620 286 1712
text 480 1470 535 1552
text 534 1455 591 1543
text 607 1296 674 1561
text 674 1355 730 1477
text 574 1560 659 1622
text 930 1589 987 1700
text 276 1969 354 2025
text 544 1808 603 1930
text 604 1809 657 1896
text 969 1712 1100 1782
text 1051 1647 1222 1708
text 1090 1844 1150 1969
text 1431 1683 1490 1809
text 1529 1983 1595 2069
text 1596 1980 1659 2072
text 1978 1522 2112 1583
text 1978 1586 2112 1646
text 1978 1648 2113 1709
text 1803 1720 1934 1782
text 2055 1707 2215 1765
text 2222 1494 2283 1560
text 2222 1569 2281 1683
text 2020 1886 2233 1956
text 1 2289 42 2361
text 7 2399 38 2463
text 325 2125 409 2187
text 713 1986 774 2073
text 813 1989 870 2077
text 690 2125 776 2182
text 878 2146 1034 2221
text 1224 2070 1352 2129
text 1461 2078 1973 2231
text 1972 2163 2147 2228
text 2170 2177 2268 2242
component 603 387 643 456
component 315 693 470 840
component 1045 751 1090 779
component 1105 494 1186 551
component 1886 857 1914 917
component 1890 738 1916 793
component 1167 916 1600 1586
component 1870 1232 2068 1337
component 756 1310 855 1343
component 816 1489 877 1513
component 742 1485 798 1517
component 571 984 697 1172
component 97 957 130 980
component 323 1620 401 1712
component 583 1961 617 2057
component 966 1952 1010 2050
