capacitor 1972 1914 2222 2069
emi 1741 1754 1827 1907
capacitor 1502 1897 1596 2087
capacitor 932 1689 1179 1839
capacitor 2027 550 2276 702
capacitor 1541 734 1786 892
capacitor 1539 574 1789 727
capacitor 1827 1944 1919 1992
capacitor 526 1842 677 2092
capacitor 497 454 651 705
ic 1740 2018 1921 2156
ic 1898 1619 2224 1851
ic 2007 750 2158 913
ic 1762 422 1946 558
ic 1365 426 1549 555
capacitor 2002 945 2091 998
capacitor 1889 886 1972 938
emi 1846 701 1939 862
resistor 1374 602 1491 701
resistor 1246 525 1295 658
button 1039 433 1218 816
ic 2172 1131 2361 1322
resistor 2265 1832 2359 1876
resistor 2266 1716 2311 1808
resistor 2335 1718 2382 1809
resistor 1732 1942 1826 1992
resistor 1382 1795 1428 1888
resistor 1319 1792 1364 1888
resistor 1271 1683 1318 1778
resistor 1516 1233 1561 1321
resistor 1582 1319 1701 1416
electrolytic 1715 1206 1925 1629
zener 2298 1491 2374 1568
zener 2169 1492 2232 1561
clock 1216 1903 1392 2056
ic 1338 1695 1421 1785
led 1938 1056 1996 1191
led 1869 1055 1928 1191
switch 1561 929 1726 1251
capacitor 1898 322 1989 369
resistor 1779 322 1874 371
connector 749 1861 985 1982
ic 672 856 1468 1653
led 866 531 928 663
led 786 529 845 663
connector 234 622 412 728
connector 44 678 162 1032
connector 42 1121 165 1953
resistor 228 1169 325 1288
ic 368 1016 596 1409
resistor 443 1441 538 1488
resistor 385 1849 502 1952
resistor 242 1849 362 1949
ic 458 1665 642 1789
ic 458 1551 645 1669
resistor 209 1741 304 1788
resistor 208 1671 301 1719
resistor 209 1603 301 1648
resistor 211 1535 299 1578
pads 1224 2058 1328 2118
resistor 488 915 578 961
resistor 487 860 579 905
resistor 485 803 577 847
connector 53 2252 2403 2486
capacitor 696 684 958 853
connector 40 16 2414 264
text 2406 2371 2451 2444
text 2410 2271 2447 2344
text 2008 2085 2103 2151
text 2281 1898 2390 1959
text 2329 1621 2393 1703
text 2256 1620 2319 1712
text 2277 1421 2413 1489
text 2132 1420 2249 1485
text 1790 2159 1886 2220
text 1845 1873 1932 1936
text 1633 1929 1720 1998
text 1730 1686 1861 1749
text 1954 1554 2028 1614
text 1515 2093 1580 2215
text 1255 2151 1419 2233
text 1087 2062 1215 2128
text 1150 1911 1211 2001
text 1439 1777 1499 1903
text 1441 1685 1502 1776
text 1632 1527 1691 1620
text 1589 1434 1706 1496
text 1504 1334 1569 1460
text 1249 1780 1307 1892
text 1195 1666 1254 1789
text 200 2176 295 2244
text 897 1989 967 2050
text 755 1989 884 2055
text 855 1696 917 1821
text 651 1666 707 1794
text 371 1962 503 2020
text 245 1959 371 2023
text 26 1954 160 2016
text 312 1724 442 1788
text 312 1662 443 1723
text 313 1602 442 1663
text 311 1529 442 1589
text 545 1488 654 1547
text 294 1427 428 1496
text 300 1301 363 1396
text 167 1208 226 1432
text 200 1088 332 1153
text 2106 1175 2165 1289
text 2004 1049 2073 1216
text 2093 988 2178 1045
text 2168 789 2229 881
text 1919 949 1974 1031
text 1863 958 1920 1046
text 1780 940 1847 1205
text 1724 1024 1780 1146
text 1795 879 1880 941
text 1467 801 1524 912
text 2100 476 2178 532
text 1851 571 1910 693
text 1797 605 1850 692
text 1354 719 1485 789
text 1232 793 1403 854
text 1304 532 1364 657
text 964 692 1023 818
text 859 432 925 518
text 795 429 858 521
text 342 918 476 979
text 342 855 476 915
text 341 792 476 853
text 520 719 651 781
text 239 736 399 794
text 171 941 232 1007
text 173 818 232 932
text 221 545 434 615
text 2412 140 2453 212
text 2416 38 2447 102
text 2045 314 2129 376
text 1680 428 1741 515
text 1584 424 1641 512
text 1678 319 1764 376
text 1420 280 1576 355
text 1102 372 1230 431
text 481 270 993 423
text 307 273 482 338
text 186 259 284 324
component 1811 2045 1851 2114
component 1984 1661 2139 1808
component 1364 1722 1409 1750
component 1268 1950 1349 2007
component 540 1584 568 1644
component 538 1708 564 1763
component 854 915 1287 1585
component 386 1164 584 1269
component 1599 1158 1698 1191
component 1577 988 1638 1012
component 1656 984 1712 1016
component 1757 1329 1883 1517
component 2324 1521 2357 1544
component 2053 789 2131 881
component 1837 444 1871 540
component 1444 451 1488 549
