connector 283 353 332 760
pins 231 818 382 874
connector 247 941 359 987
pins 225 1223 381 1288
pins 488 1850 584 2065
pins 353 1782 480 2132
pins 325 2227 416 2404
pins 504 2385 661 2773
pins 322 2554 417 2731
pins 222 2145 333 2812
text 630 267 656 323
capacitor 655 240 713 348
pins 885 101 1032 215
pins 1104 128 1447 212
pins 1163 223 1383 326
pins 1513 109 1661 213
capacitor 882 1534 923 1561
pins 3757 2555 3852 2975
pins 3607 2336 3653 2484
connector 3608 2080 3886 2364
resistor 3509 2204 3557 2236
resistor 3567 2177 3606 2226
resistor 3608 2203 3656 2238
pads 3662 2172 3700 2231
component 3522 2209 3545 2228
component 3578 2189 3595 2215
component 3621 2211 3645 2231
pins 3607 1959 3655 2100
pins 3452 1428 3547 1685
pins 3429 1711 3566 1848
pins 3431 1109 3573 1399
pins 3447 823 3557 1079
pins 3435 659 3574 801
pins 3136 111 3390 320
pins 3421 198 3598 402
pins 3489 406 3684 642
connector 3681 680 3818 1246
connector 3684 1277 3820 1847
pins 2267 98 2553 536
capacitor 2747 725 2801 822
text 2798 753 2824 800
capacitor 2887 781 2941 872
text 2944 785 2965 878
pins 2821 701 2870 850
pins 3035 702 3312 856
pins 2995 877 3150 935
pins 2818 921 2866 1061
pins 2820 1148 2867 1290
pins 2816 1363 2867 1508
capacitor 2744 1171 2799 1260
text 2798 1194 2821 1247
capacitor 1825 252 1879 348
text 1880 276 1906 327
