connector 477 2612 695 2916
text 564 2597 595 2618
switch 309 2364 505 2631
text 363 2626 413 2651
text 524 2589 551 2623
connector 698 2686 923 2919
component 396 2561 447 2594
component 399 2409 451 2439
component 650 2439 760 2526
fuse 475 2371 572 2616
resistor 575 2454 613 2507
capacitor 578 2541 612 2595
capacitor 576 2362 610 2413
text 620 2547 647 2577
text 577 2432 608 2455
text 617 2385 636 2416
capacitor 796 2647 852 2681
capacitor 797 2548 848 2580
resistor 825 2585 855 2639
capacitor 862 2647 912 2679
text 780 2556 798 2608
text 775 2632 803 2663
text 805 2592 826 2645
text 887 2536 928 2563
text 941 2541 979 2562
text 862 2490 888 2510
text 935 2444 955 2496
text 917 2872 944 2896
text 947 2867 998 2888
text 1006 2866 1057 2887
text 1066 2867 1117 2886
text 1124 2867 1176 2887
text 1184 2867 1235 2887
text 1235 2866 1284 2887
text 1285 2866 1332 2887
text 1334 2867 1381 2886
text 1383 2866 1483 2891
text 1447 2836 1472 2862
text 1434 2659 1458 2704
text 1463 2663 1484 2726
text 1170 2541 1207 2560
text 944 2806 980 2827
text 1378 2803 1391 2827
text 1178 2804 1205 2827
text 1382 2538 1408 2561
text 1646 2659 1668 2724
text 1903 2615 1926 2700
text 2186 2834 2204 2877
text 2185 2772 2203 2812
text 2361 2662 2394 2683
text 2393 2672 2414 2714
text 2418 2747 2478 2772
text 2562 2661 2596 2698
text 2476 2578 2496 2618
text 2581 2756 2605 2784
text 2509 2864 2564 2887
text 2551 2511 2580 2539
text 2620 2606 2657 2638
text 2622 2571 2659 2606
text 2621 2538 2658 2570
text 2870 2619 2891 2660
text 2871 2578 2890 2616
text 3017 2577 3036 2618
text 3120 2860 3179 2883
text 3033 2746 3090 2767
text 3099 2670 3122 2708
text 3206 2818 3245 2836
text 3709 2576 3780 2602
text 3665 2555 3713 2578
text 3709 2510 3771 2534
text 3709 2442 3773 2466
text 3708 2374 3773 2398
text 3708 2305 3772 2330
text 3670 2486 3707 2507
text 3672 2420 3707 2440
text 3669 2352 3708 2372
text 3670 2283 3709 2304
text 3670 2214 3706 2236
text 3705 2234 3788 2261
text 3585 2287 3611 2371
text 3601 2124 3614 2149
text 3674 2162 3705 2187
text 3763 2122 3781 2149
text 3702 2071 3721 2097
text 3659 1968 3717 1991
text 3651 1773 3681 1965
text 633 2268 658 2299
text 823 2325 846 2347
text 882 2158 918 2179
text 840 2131 877 2150
text 879 2131 916 2149
text 1040 2436 1058 2487
text 1059 2437 1076 2486
text 1040 2348 1057 2398
text 1037 2323 1063 2348
text 1066 2292 1102 2333
text 1160 2437 1179 2488
text 1180 2439 1196 2488
text 1160 2349 1178 2398
text 1279 2348 1299 2396
text 1280 2437 1297 2487
text 1297 2437 1315 2485
text 1415 2485 1432 2535
text 2395 2483 2413 2522
text 2395 2400 2413 2440
text 2362 2387 2393 2407
text 2564 2344 2583 2380
text 2564 2305 2583 2342
text 2656 2486 2694 2508
text 2711 2488 2748 2508
text 2764 2489 2800 2507
text 2817 2485 2855 2506
text 2891 2517 2929 2538
text 2923 2500 2955 2532
text 2929 2263 2950 2299
text 2932 2302 2950 2340
text 2936 2347 2952 2377
text 3121 2512 3155 2531
text 3100 2478 3121 2518
text 3099 2397 3121 2433
text 3100 2206 3121 2245
text 3119 2238 3153 2259
text 2669 2216 2866 2305
text 2653 2182 2882 2214
connector 231 1782 629 2352
resistor 749 2073 781 2131
resistor 746 1997 781 2050
text 710 2102 729 2155
text 708 2040 730 2094
text 708 1980 730 2037
text 707 1941 729 1980
text 730 2082 753 2122
text 733 2009 752 2038
text 733 1939 751 1979
text 728 1915 754 1935
text 919 2066 959 2086
text 956 2011 992 2029
text 979 1973 998 2012
text 1055 2115 1127 2160
text 1077 2051 1096 2101
text 1159 2108 1184 2130
text 1249 2108 1274 2134
text 1277 2294 1315 2329
text 2393 2208 2413 2252
text 2361 2109 2395 2128
text 2393 2122 2411 2162
text 2549 2268 2566 2299
text 2658 2029 2677 2068
text 2778 2087 2820 2111
text 2922 2029 2943 2065
text 2986 2037 3004 2084
text 3010 2031 3053 2049
text 3095 2059 3144 2076
text 3219 2058 3256 2077
text 3138 1908 3213 1927
text 3257 1913 3278 1951
text 3304 2057 3342 2078
text 3094 1760 3144 1780
text 3096 1710 3146 1730
text 3297 2110 3319 2149
text 787 1818 821 1839
text 887 1778 924 1802
text 720 1778 756 1797
text 688 1756 733 1776
text 679 1735 728 1753
text 731 1720 749 1761
text 680 1700 718 1721
text 720 1698 758 1718
text 786 1700 825 1717
text 826 1699 862 1719
text 866 1699 903 1718
text 978 1773 997 1812
text 978 1732 998 1771
text 939 1695 986 1745
text 1112 1694 1160 1744
text 1093 1717 1111 1756
text 1090 1845 1115 1864
text 1159 1673 1181 1696
text 1251 1889 1274 1913
text 1248 1673 1273 1697
text 1974 1607 2060 1632
text 2181 1562 2200 1602
text 2180 1502 2199 1540
text 2393 1932 2411 1970
text 2392 1847 2411 1888
text 2362 1835 2393 1853
text 2594 1858 2615 1907
text 2657 1802 2676 1841
text 2562 1793 2584 1831
text 2561 1751 2584 1790
text 2582 1703 2632 1722
text 2391 1657 2410 1696
text 2923 1803 2943 1837
text 3166 1640 3240 1660
text 3228 1700 3300 1719
text 3760 1728 3782 1758
text 3641 1686 3656 1704
text 3628 1660 3666 1678
text 3688 1660 3726 1678
text 3641 1509 3674 1593
text 3628 1488 3677 1507
text 3678 1488 3725 1506
text 3726 1487 3772 1506
text 3687 1508 3721 1638
text 3732 1509 3762 1627
text 3499 1524 3544 1543
text 3726 1325 3764 1346
text 3681 1325 3719 1345
text 3635 1325 3674 1346
text 3549 1303 3577 1324
text 3682 1295 3732 1315
text 3495 1423 3532 1440
text 3428 1410 3447 1450
text 3382 1405 3429 1422
text 3423 1317 3440 1355
text 3487 1304 3523 1324
text 3369 1537 3417 1557
text 3318 1545 3367 1564
text 3328 1451 3346 1476
text 3352 1427 3372 1452
text 3352 1261 3370 1284
text 3328 1237 3347 1261
text 3243 1184 3277 1231
text 3332 1179 3357 1207
text 2998 1590 3044 1607
text 3101 1557 3120 1595
text 3100 1516 3120 1553
text 3137 1429 3158 1440
text 3032 1360 3048 1399
text 2922 1576 2943 1604
text 3099 1255 3136 1309
text 3163 1236 3183 1261
text 3138 1258 3157 1284
text 2655 1574 2676 1612
text 2614 1539 2655 1555
text 2614 1412 2654 1429
text 2498 1380 2543 1398
text 2648 1300 2668 1343
text 2675 1247 2693 1291
text 2643 1186 2692 1205
text 2384 1537 2423 1556
text 1111 1478 1159 1527
text 978 1535 1016 1552
text 1019 1565 1036 1603
text 926 1534 964 1553
text 1006 1457 1044 1476
text 948 1438 986 1458
text 769 1514 790 1555
text 678 1642 717 1662
text 677 1582 716 1602
text 677 1522 716 1543
text 677 1462 717 1483
text 677 1403 716 1423
text 677 1343 715 1363
text 676 1283 716 1304
text 720 1639 759 1659
text 719 1578 758 1600
text 719 1520 756 1540
text 719 1461 755 1480
text 719 1340 756 1361
text 718 1282 757 1301
text 948 1289 970 1330
text 1198 1445 1240 1463
text 1295 1147 1315 1171
text 1436 1129 1493 1310
text 1380 1137 1437 1307
text 3162 1135 3180 1172
text 3162 1192 3181 1231
text 3190 1178 3208 1220
text 3283 1095 3299 1135
text 3239 1079 3256 1119
text 3252 1048 3303 1068
text 3340 1119 3356 1161
text 3183 1058 3203 1108
text 3184 1019 3203 1057
text 3216 992 3234 1045
text 3098 1015 3121 1040
text 3329 963 3349 999
text 3734 835 3784 905
text 3563 893 3619 915
text 3505 821 3554 853
text 3422 817 3460 836
text 3326 875 3370 917
text 3205 909 3223 959
text 3185 920 3204 971
text 3251 822 3301 842
text 3146 823 3195 842
text 3087 939 3106 965
text 3001 799 3050 820
text 2936 932 2955 971
text 2927 883 2948 932
text 2961 1016 3011 1033
text 1430 859 1472 879
text 1314 817 1330 856
text 1294 933 1314 971
text 1030 941 1047 968
text 1002 788 1024 835
text 837 839 871 873
text 963 836 997 873
text 876 831 911 868
text 921 831 954 866
text 967 754 1018 775
text 1025 707 1046 742
text 943 673 963 722
text 933 1170 956 1223
text 1028 1144 1047 1156
text 829 1082 869 1101
text 733 1154 772 1183
text 718 1173 739 1245
text 603 1150 636 1184
text 638 1161 675 1181
text 471 1171 521 1190
text 367 1154 417 1174
text 510 1071 530 1118
text 733 1042 752 1091
text 676 1075 715 1091
text 647 1055 680 1106
text 362 967 387 1091
text 457 953 475 1004
text 457 1014 475 1064
text 453 1075 479 1093
text 363 833 388 876
text 461 837 503 879
text 567 931 614 948
text 746 898 764 946
text 792 782 831 824
text 797 727 841 774
text 645 692 695 712
text 747 660 797 679
text 577 647 627 668
text 361 555 386 683
text 510 569 531 620
text 512 620 531 670
text 541 548 560 648
text 560 585 621 610
text 930 490 973 509
text 1027 479 1046 515
text 1294 474 1312 515
text 1294 706 1313 745
text 1411 539 1433 584
text 1722 385 1756 417
text 1721 619 1757 653
text 1722 543 1757 573
text 1721 463 1756 495
text 3363 817 3400 835
text 3361 761 3400 781
text 3419 761 3459 781
text 3333 677 3353 727
text 3538 699 3562 749
text 3463 548 3537 571
text 3432 518 3461 564
text 3508 499 3556 531
text 3364 496 3402 515
text 3359 442 3400 460
text 3420 497 3459 515
text 3225 505 3248 560
text 3281 414 3321 430
text 3407 375 3440 406
text 3469 365 3502 396
text 3268 324 3339 343
text 3526 379 3561 416
text 3725 527 3781 576
text 3724 206 3782 257
text 3295 234 3340 307
text 1723 308 1757 339
text 1721 231 1756 262
text 1722 153 1755 182
text 3120 155 3170 177
text 3193 146 3232 167
text 3138 129 3153 146
text 3137 88 3153 105
text 3120 59 3170 78
text 2919 49 2969 66
text 2860 47 2909 67
text 2800 48 2852 67
text 2741 46 2793 67
text 2682 47 2732 67
text 2621 47 2672 68
text 2562 48 2613 67
text 1299 366 1349 383
text 1273 316 1293 360
text 1027 406 1047 458
text 917 204 969 223
text 1016 109 1047 131
text 997 132 1011 155
text 804 132 836 154
text 792 110 808 131
text 700 50 748 83
text 638 133 670 156
text 659 111 689 131
text 448 133 479 156
text 436 109 448 133
text 182 185 208 387
text 186 78 208 123
text 223 42 250 76
text 269 42 294 76
text 314 90 365 111
text 388 528 426 548
text 316 479 366 498
text 223 500 251 513
text 266 497 298 514
text 314 295 368 314
text 380 378 467 397
text 439 404 461 455
text 364 345 413 377
text 538 236 961 298
text 1771 267 2047 353
text 1767 146 2831 253
text 1765 60 2530 143
inductor 858 2558 915 2640
component 870 2582 892 2627
capacitor 941 2830 997 2865
capacitor 1000 2829 1055 2864
capacitor 1061 2829 1114 2864
capacitor 1119 2831 1172 2863
capacitor 1178 2830 1232 2863
capacitor 1238 2829 1294 2864
capacitor 1299 2829 1353 2863
capacitor 1358 2829 1412 2864
capacitor 940 2499 993 2532
capacitor 1000 2498 1052 2532
capacitor 1060 2497 1113 2532
capacitor 1119 2497 1172 2532
capacitor 1178 2495 1232 2532
capacitor 1238 2496 1292 2532
capacitor 1297 2498 1350 2532
capacitor 1356 2495 1411 2532
electrolytic 2205 2822 2354 2886
electrolytic 2203 2759 2353 2819
electrolytic 2417 2662 2564 2726
component 2237 2837 2304 2883
component 2239 2769 2306 2815
component 2449 2676 2516 2722
capacitor 2496 2619 2549 2654
capacitor 2496 2578 2551 2613
capacitor 2507 2545 2547 2565
electrolytic 2414 2472 2563 2535
electrolytic 2416 2389 2562 2450
capacitor 2497 2347 2550 2380
capacitor 2497 2306 2549 2338
capacitor 2509 2271 2546 2292
component 2450 2481 2517 2527
component 2450 2400 2517 2446
component 2451 2207 2518 2253
electrolytic 2414 2199 2559 2259
electrolytic 2413 2110 2562 2171
component 2452 2118 2519 2164
ic 2307 2542 2491 2657
resistor 2566 2619 2621 2654
resistor 2566 2579 2620 2613
resistor 2567 2539 2619 2571
capacitor 2657 2520 2689 2571
capacitor 2713 2517 2744 2572
capacitor 2764 2519 2796 2571
capacitor 2818 2518 2851 2570
electrolytic 3146 2752 3296 2818
component 3195 2765 3264 2814
electrolytic 2951 2657 3096 2722
component 2996 2669 3065 2718
resistor 2893 2618 2944 2651
resistor 2891 2576 2945 2610
resistor 2891 2537 2943 2570
component 2906 2588 2929 2604
ic 3020 2534 3212 2650
electrolytic 2958 2471 3096 2527
component 2996 2474 3065 2523
capacitor 2961 2577 3012 2610
capacitor 2962 2538 3014 2569
capacitor 2963 2623 3003 2648
test 3673 2577 3701 2605
test 3673 2509 3702 2537
test 3673 2439 3702 2468
test 3673 2373 3701 2401
test 3672 2304 3702 2331
test 3674 2235 3701 2262
resistor 3642 2073 3697 2102
component 3662 2084 3679 2097
pads 3621 1676 3675 1712
resistor 3679 1675 3737 1712
component 3697 1689 3717 1703
connector 3614 1717 3760 1769
led 3725 1410 3765 1485
led 3679 1408 3720 1485
led 3634 1408 3675 1483
text 3763 1451 3774 1466
text 3717 1451 3729 1466
text 3671 1451 3684 1466
component 818 2379 918 2458
component 958 2380 1023 2430
component 1520 2702 1582 2746
component 1706 2700 1768 2744
component 2417 2846 2490 2867
component 2436 2823 2492 2847
component 3029 2836 3105 2861
component 3049 2812 3108 2837
electrolytic 662 2133 887 2355
electrolytic 887 2132 1104 2343
electrolytic 1112 2133 1317 2344
electrolytic 1110 1920 1315 2121
electrolytic 1106 1700 1313 1911
electrolytic 1101 1484 1313 1680
transistor 811 2342 930 2533
inductor 615 2341 812 2618
electrolytic 953 2335 1033 2492
electrolytic 1077 2331 1153 2498
electrolytic 1198 2330 1274 2491
electrolytic 1317 2332 1395 2493
connector 940 2559 1433 2803
connector 1484 2474 1628 2912
connector 1664 2472 1819 2911
connector 2522 2576 2984 2905
potentiometer 2995 2760 3130 2882
electrolytic 2951 2385 3097 2444
component 2996 2391 3065 2440
electrolytic 3158 2096 3293 2160
electrolytic 2947 2190 3096 2258
component 2995 2203 3064 2252
component 3193 2103 3262 2152
ic 3016 2262 3210 2380
capacitor 2959 2263 3013 2296
capacitor 2961 2303 3014 2337
capacitor 2963 2350 3004 2375
connector 3621 2094 3762 2162
connector 3638 2003 3738 2040
heatsink 3207 2177 3594 2737
heatsink 1926 2189 2296 2743
heatsink 1919 1632 2303 2184
ic 2304 2266 2491 2385
ic 2305 1988 2489 2104
text 2564 2067 2583 2105
text 2563 2025 2583 2064
text 2545 1989 2565 2018
capacitor 2495 2069 2551 2102
capacitor 2494 2024 2548 2061
capacitor 2505 1989 2546 2017
capacitor 2612 1851 2647 1909
electrolytic 2414 1919 2561 1979
electrolytic 2413 1837 2562 1895
component 2453 1927 2520 1976
component 2452 1842 2519 1891
capacitor 2495 1792 2549 1827
capacitor 2494 1751 2551 1786
text 2559 1714 2576 1745
capacitor 2506 1717 2547 1739
ic 2303 1713 2490 1828
electrolytic 2414 1640 2560 1708
component 2452 1652 2519 1701
electrolytic 2565 1640 2649 1702
capacitor 2395 1558 2414 1594
capacitor 2620 1558 2645 1594
capacitor 2621 1431 2644 1469
text 2381 1498 2425 1516
capacitor 2392 1454 2417 1496
ic 2428 1396 2610 1627
component 2515 1426 2566 1571
connector 2682 1341 2923 2089
electrolytic 2204 1549 2352 1614
electrolytic 2202 1486 2352 1549
component 2241 1559 2308 1608
component 2242 1491 2309 1540
ic 2953 1823 3088 2028
ic 2953 1609 3087 1813
capacitor 2950 2029 2985 2085
transistor 3147 1998 3207 2059
text 3164 2057 3188 2078
resistor 3148 1926 3202 1989
resistor 3147 1837 3203 1900
resistor 3148 1750 3202 1809
resistor 3147 1681 3200 1743
component 3170 1942 3186 1972
component 3170 1852 3186 1883
component 3166 1764 3181 1794
component 3170 1698 3184 1726
resistor 3219 2002 3254 2055
text 3263 2056 3301 2078
resistor 3266 2000 3302 2053
resistor 3304 1999 3342 2056
component 3228 2018 3244 2037
component 3275 2015 3294 2037
component 3315 2018 3330 2038
resistor 3224 1904 3256 1959
component 3233 1915 3247 1941
component 3231 1831 3247 1856
resistor 3225 1815 3255 1863
resistor 3223 1742 3256 1792
text 3256 1822 3278 1861
component 3230 1755 3250 1778
text 3297 1746 3319 1786
resistor 3265 1741 3297 1792
component 3271 1753 3290 1776
capacitor 3099 2000 3136 2056
capacitor 3104 1885 3135 1937
capacitor 3100 1780 3134 1834
capacitor 3101 1653 3135 1706
resistor 3124 1557 3177 1591
resistor 3122 1516 3175 1549
component 3136 1569 3161 1586
component 3134 1525 3161 1544
text 3377 1558 3441 2054
resistor 3727 1345 3766 1400
resistor 3683 1348 3719 1401
resistor 3638 1347 3673 1400
component 3647 1360 3663 1386
component 3694 1359 3709 1386
component 3737 1360 3752 1387
component 3500 1495 3544 1514
pads 3459 1424 3583 1543
capacitor 3595 1346 3631 1400
capacitor 3582 1431 3625 1454
inductor 3536 1322 3590 1406
component 3556 1342 3579 1386
resistor 3498 1366 3530 1418
capacitor 3479 1324 3532 1356
resistor 3457 1365 3491 1418
component 3466 1380 3485 1403
component 3505 1380 3522 1402
capacitor 3384 1336 3423 1364
capacitor 3391 1365 3449 1401
capacitor 3325 1480 3359 1533
text 3278 1483 3297 1524
capacitor 3297 1482 3322 1523
electrolytic 3366 1473 3449 1535
capacitor 3640 1215 3770 1299
ic 3135 1230 3376 1479
component 3182 1281 3324 1428
text 3052 1387 3074 1428
resistor 3075 1387 3129 1421
component 3091 1395 3114 1413
capacitor 3089 1346 3129 1371
capacitor 3075 1306 3127 1344
text 2921 1391 2940 1402
text 2656 1375 2675 1400
pads 2979 1031 3021 1061
ic 2695 1196 2900 1335
capacitor 2775 1128 2808 1186
electrolytic 2625 1124 2710 1184
component 3394 1493 3429 1518
component 2652 1141 2686 1167
ic 2593 1292 2648 1348
component 2613 1298 2634 1343
capacitor 2600 1271 2639 1293
text 2600 1250 2642 1270
resistor 788 2071 823 2128
resistor 828 2073 862 2129
resistor 866 2075 901 2128
resistor 789 1993 821 2051
resistor 982 2024 1059 2067
component 1006 2038 1035 2057
component 754 2090 774 2113
component 795 2091 814 2114
component 835 2091 850 2113
pads 866 1989 894 2040
capacitor 897 2027 974 2066
capacitor 899 1986 953 2021
resistor 827 1992 861 2052
capacitor 748 1933 782 1988
capacitor 791 1948 818 1989
text 793 1932 821 1949
fuse 909 2061 1085 2137
capacitor 1094 2057 1125 2113
capacitor 996 1953 1029 2010
capacitor 1051 1865 1124 1902
text 1097 1946 1135 1969
capacitor 1051 1908 1125 1946
text 1096 1972 1113 2002
transistor 1034 1948 1096 2016
text 1031 1940 1053 1968
capacitor 997 1921 1033 1944
capacitor 993 1882 1035 1910
capacitor 995 1846 1033 1875
capacitor 996 1788 1030 1842
capacitor 996 1722 1028 1777
text 1095 1809 1111 1834
transistor 1034 1782 1093 1851
electrolytic 1034 1691 1091 1776
ic 826 1799 981 1988
component 863 1851 938 1958
text 793 1897 831 1929
test 787 1872 814 1901
test 787 1837 817 1866
text 758 1856 787 1871
text 758 1840 788 1856
capacitor 760 1872 784 1907
capacitor 761 1799 783 1837
resistor 724 1860 754 1911
resistor 723 1800 754 1852
component 729 1873 743 1896
component 730 1812 746 1836
resistor 684 1796 716 1851
resistor 683 1856 714 1915
capacitor 793 1777 812 1816
ic 789 1572 933 1698
component 830 1598 886 1672
resistor 747 1714 778 1775
resistor 784 1717 819 1774
resistor 825 1718 858 1774
resistor 864 1719 898 1774
pads 899 1727 928 1774
text 907 1714 936 1730
resistor 709 1663 765 1696
component 724 1670 747 1689
resistor 711 1604 762 1635
resistor 710 1547 764 1575
resistor 709 1485 761 1518
resistor 709 1424 762 1456
component 724 1610 746 1630
component 723 1552 745 1572
component 722 1492 744 1512
component 722 1433 744 1453
connector 227 1184 629 1759
capacitor 787 1505 822 1561
capacitor 921 1496 974 1533
electrolytic 982 1475 1067 1530
component 1005 1488 1040 1515
electrolytic 830 1503 913 1561
component 849 1519 884 1546
capacitor 983 1555 1015 1608
text 1020 1636 1038 1674
capacitor 982 1616 1016 1674
text 945 1676 983 1694
capacitor 944 1617 977 1672
capacitor 944 1555 977 1608
text 902 1551 936 1582
resistor 1037 1551 1110 1592
text 1055 1594 1096 1618
component 1057 1562 1085 1580
resistor 1038 1620 1107 1660
component 1060 1633 1088 1651
capacitor 788 1456 842 1489
capacitor 849 1455 905 1492
text 904 1457 923 1497
ic 789 1267 947 1454
component 825 1292 900 1419
capacitor 1057 1336 1078 1382
capacitor 958 1364 996 1420
capacitor 1185 1417 1226 1444
ic 1085 1278 1290 1417
text 1291 1332 1311 1365
connector 3358 896 3810 1237
component 3469 968 3643 1165
clock 2809 1032 3119 1276
capacitor 2955 978 3012 1014
resistor 3128 1183 3163 1236
resistor 3129 1124 3161 1179
component 3138 1141 3153 1165
resistor 3327 1155 3342 1184
capacitor 3212 1175 3233 1218
capacitor 3277 1194 3332 1227
resistor 3303 1157 3315 1183
text 3240 1137 3256 1176
capacitor 3261 1134 3281 1175
capacitor 3259 1077 3282 1117
capacitor 3302 1127 3338 1149
capacitor 3310 1104 3337 1119
text 3314 998 3353 1016
capacitor 3321 1017 3347 1055
resistor 3302 1066 3318 1096
resistor 3327 1065 3342 1096
capacitor 3278 968 3317 1041
capacitor 3128 1062 3180 1098
resistor 3128 1022 3180 1057
component 3145 1029 3164 1045
inductor 3102 962 3182 1014
component 3123 973 3168 995
capacitor 3128 917 3182 954
capacitor 3235 904 3268 959
resistor 3274 904 3308 960
component 3286 918 3301 943
capacitor 3312 906 3346 959
resistor 2956 933 3015 970
capacitor 2955 887 3011 924
component 2976 941 2996 957
inductor 3016 887 3096 1017
component 3047 918 3077 977
electrolytic 2955 818 3094 879
component 3002 823 3066 872
electrolytic 3128 840 3213 899
electrolytic 3233 841 3318 897
component 3156 855 3192 883
component 3261 853 3297 881
resistor 3354 782 3407 814
resistor 3415 782 3466 814
resistor 3413 725 3466 758
resistor 3356 726 3408 760
component 3374 788 3392 806
component 3372 734 3390 750
component 3432 733 3450 751
component 3431 787 3450 805
text 3267 652 3340 673
resistor 3277 671 3330 734
component 3297 690 3311 716
capacitor 3355 684 3408 718
transistor 3494 644 3547 712
transistor 3418 652 3474 713
fuse 3319 588 3493 658
capacitor 3494 600 3549 633
electrolytic 3344 525 3432 585
ic 3249 460 3338 602
capacitor 3296 428 3334 451
resistor 3414 459 3466 494
resistor 3355 460 3407 494
resistor 3354 403 3406 439
resistor 3414 405 3466 438
text 3422 442 3459 460
component 3430 466 3449 485
component 3432 413 3453 431
component 3374 467 3391 485
component 3372 413 3390 430
transistor 3416 327 3475 390
transistor 3492 324 3549 392
text 3354 347 3406 366
capacitor 3355 365 3409 399
resistor 3276 344 3329 406
component 3296 358 3313 386
fuse 3321 267 3492 329
capacitor 3493 279 3547 313
electrolytic 3349 209 3431 266
connector 3561 231 3823 549
connector 3556 548 3819 872
pads 3117 116 3173 154
pads 3117 78 3171 113
diode 3179 84 3247 145
text 3030 8 3051 56
capacitor 2975 10 3030 45
capacitor 2917 10 2970 44
capacitor 2857 11 2912 44
capacitor 2798 10 2853 44
capacitor 2739 10 2794 45
capacitor 2680 11 2735 44
capacitor 2620 11 2673 43
capacitor 2559 9 2614 45
capacitor 912 168 968 202
capacitor 554 168 609 204
text 558 205 610 226
capacitor 311 53 367 88
connector 203 76 309 503
resistor 313 315 367 348
resistor 313 358 365 392
component 328 318 348 336
component 328 364 348 382
resistor 384 410 437 446
component 401 418 421 435
resistor 309 414 366 474
component 329 427 346 458
transistor 376 468 440 527
resistor 312 498 367 531
text 386 578 407 622
jumper 391 609 460 710
connector 406 565 460 612
resistor 469 564 508 624
component 483 583 498 603
text 484 649 502 664
pads 474 627 510 682
text 511 671 529 721
capacitor 474 683 508 740
connector 175 682 458 963
resistor 569 668 631 703
resistor 650 713 686 766
component 661 724 676 750
text 631 775 653 829
resistor 653 771 684 824
component 658 789 674 809
clock 520 703 637 836
text 627 832 645 874
capacitor 585 836 625 862
resistor 568 873 605 928
capacitor 475 874 509 928
inductor 512 851 567 933
component 522 867 544 913
capacitor 743 678 799 713
capacitor 722 759 800 802
text 744 797 760 837
capacitor 700 805 737 828
connector 1049 447 1288 1202
ic 1360 626 1543 860
component 1408 662 1464 823
capacitor 1322 759 1345 804
capacitor 1320 655 1347 701
text 1298 546 1331 595
capacitor 1323 570 1353 626
capacitor 1554 759 1581 797
capacitor 1553 656 1580 699
text 1409 586 1427 624
capacitor 1366 589 1406 616
ic 1359 532 1410 587
component 1375 535 1394 583
electrolytic 1283 384 1367 441
component 1302 394 1340 422
capacitor 1047 415 1101 447
text 1144 411 1164 447
capacitor 1165 414 1218 448
ic 1065 266 1271 408
transistor 1688 641 1752 701
transistor 1688 563 1752 623
transistor 1687 484 1752 545
transistor 1688 406 1752 467
transistor 1687 328 1752 389
transistor 1686 250 1750 311
transistor 1687 171 1750 232
text 718 1401 757 1420
resistor 709 1364 763 1397
resistor 710 1306 763 1338
resistor 709 1244 763 1277
component 725 1373 745 1391
component 724 1253 744 1271
component 725 1313 745 1331
text 941 1250 979 1267
capacitor 939 1222 980 1247
ic 789 1164 929 1254
diode 838 1101 903 1160
text 782 1081 811 1102
diode 767 1101 829 1161
resistor 661 1175 718 1237
component 682 1188 698 1219
component 855 1122 874 1150
component 857 1107 875 1121
component 783 1105 801 1120
resistor 716 1103 750 1160
resistor 648 1107 678 1160
text 680 1157 720 1175
capacitor 688 1116 710 1156
component 723 1120 738 1142
component 654 1122 669 1144
capacitor 617 1116 641 1159
capacitor 531 1149 586 1182
capacitor 677 1050 714 1070
resistor 850 868 885 927
resistor 894 867 928 927
resistor 934 870 967 926
resistor 975 870 1009 925
component 860 883 874 910
component 901 883 915 910
component 942 883 956 910
component 985 883 999 910
capacitor 962 716 1017 750
capacitor 964 675 1017 709
ic 882 509 1018 674
capacitor 377 1095 413 1151
inductor 415 1091 471 1175
component 428 1109 448 1155
text 529 1090 578 1108
capacitor 530 1103 607 1143
resistor 473 1095 509 1154
text 629 1069 647 1112
capacitor 584 1072 625 1099
text 485 1032 502 1046
pads 473 1007 510 1067
jumper 396 981 456 1086
text 385 962 407 1005
connector 406 935 456 980
resistor 475 946 507 1004
component 481 965 495 985
clock 520 947 637 1072
component 552 961 608 1055
resistor 644 987 678 1042
resistor 685 987 716 1042
resistor 644 932 676 980
resistor 683 929 715 981
resistor 724 989 775 1022
resistor 723 948 774 982
text 615 912 658 950
text 778 988 798 1037
text 779 935 798 987
component 693 1006 708 1028
component 690 944 703 967
component 736 994 761 1008
component 732 959 757 973
text 653 881 670 912
capacitor 627 874 650 916
text 731 894 746 925
capacitor 676 899 715 923
ic 669 834 732 899
component 589 673 609 693
component 754 1735 771 1756
component 795 1731 811 1759
component 875 1734 890 1752
component 2590 1659 2627 1685
capacitor 1314 1841 1328 1879
text 1276 1919 1315 1956
capacitor 1276 1694 1306 1710
capacitor 1274 1661 1308 1680
capacitor 1275 2128 1310 2148
capacitor 1274 2096 1312 2118
capacitor 1315 2277 1331 2314
resistor 1313 2155 1329 2192
emi 3473 778 3549 819
emi 3471 719 3546 762
emi 631 1663 704 1699
emi 632 1603 703 1639
emi 631 1542 703 1582
emi 631 1483 703 1522
emi 631 1422 703 1459
emi 630 1364 703 1400
emi 629 1303 704 1342
emi 628 1242 704 1284
emi 3466 454 3548 500
emi 3469 404 3546 444
text 3120 356 3185 733
component 3262 496 3320 550
text 220 23 250 38
text 266 19 297 41
emi 3236 966 3273 1038
emi 632 2105 706 2147
emi 630 2046 707 2089
emi 631 1985 707 2027
emi 629 1926 705 1968
emi 719 715 800 758
potentiometer 2384 2764 2514 2886
