pins 362 2487 461 2660
pins 532 2827 622 3007
pins 466 2765 518 2817
pins 274 2064 379 2740
pins 363 2156 466 2331
pins 548 2117 700 2508
pins 608 1737 814 2012
pins 884 1482 957 1645
pins 822 186 1218 264
text 1915 972 2116 1034
pins 1642 312 3100 464
connector 3641 2527 3926 2823
resistor 3546 2657 3591 2692
component 3560 2668 3581 2687
resistor 3603 2668 3639 2717
component 3615 2681 3631 2710
resistor 3646 2660 3689 2691
component 3656 2667 3683 2684
pins 3642 2791 3691 2933
pins 3644 2418 3692 2556
pins 3795 1916 3889 2337
pins 3796 1430 3891 1852
pins 3799 1083 3871 1346
pins 3799 735 3872 989
pins 3793 375 3870 636
pins 3650 496 3742 588
pins 3647 315 3745 456
pins 3653 871 3744 959
pins 3652 731 3744 823
pins 3532 701 3603 982
pins 3162 704 3230 980
pins 3301 701 3461 984
pins 3187 1042 3578 1232
pins 3652 1054 3743 1142
pins 3657 1207 3746 1299
resistor 3664 1278 3692 1327
component 3668 1289 3688 1313
pins 3650 1383 3745 1475
pins 3417 1269 3628 1456
pins 3136 1268 3348 1456
pins 2936 853 3030 1278
text 3319 181 3514 248
text 3553 189 3575 217
text 3658 182 3678 225
pins 276 1822 447 1923
pins 702 1501 801 1697
