pins 362 348 461 521
pins 532 1 622 181
pins 466 191 518 243
pins 274 268 379 944
pins 363 677 466 852
pins 548 500 700 891
pins 608 996 814 1271
pins 884 1363 957 1526
pins 822 2744 1218 2822
text 1915 1974 2116 2036
pins 1642 2544 3100 2696
connector 3641 185 3926 481
resistor 3546 316 3591 351
component 3560 321 3581 340
resistor 3603 291 3639 340
component 3615 298 3631 327
resistor 3646 317 3689 348
component 3656 324 3683 341
pins 3642 75 3691 217
pins 3644 452 3692 590
pins 3795 671 3889 1092
pins 3796 1156 3891 1578
pins 3799 1662 3871 1925
pins 3799 2019 3872 2273
pins 3793 2372 3870 2633
pins 3650 2420 3742 2512
pins 3647 2552 3745 2693
pins 3653 2049 3744 2137
pins 3652 2185 3744 2277
pins 3532 2026 3603 2307
pins 3162 2028 3230 2304
pins 3301 2024 3461 2307
pins 3187 1776 3578 1966
pins 3652 1866 3743 1954
pins 3657 1709 3746 1801
resistor 3664 1681 3692 1730
component 3668 1695 3688 1719
pins 3650 1533 3745 1625
pins 3417 1552 3628 1739
pins 3136 1552 3348 1740
pins 2936 1730 3030 2155
text 3319 2760 3514 2827
text 3553 2791 3575 2819
text 3658 2783 3678 2826
pins 276 1085 447 1186
pins 702 1311 801 1507
