pins 3651 2487 3750 2660
pins 3490 2827 3580 3007
pins 3594 2765 3646 2817
pins 3733 2064 3838 2740
pins 3646 2156 3749 2331
pins 3412 2117 3564 2508
pins 3298 1737 3504 2012
pins 3155 1482 3228 1645
pins 2894 186 3290 264
text 1996 972 2197 1034
pins 1012 312 2470 464
connector 186 2527 471 2823
resistor 521 2657 566 2692
component 531 2668 552 2687
resistor 473 2668 509 2717
component 481 2681 497 2710
resistor 423 2660 466 2691
component 429 2667 456 2684
pins 421 2791 470 2933
pins 420 2418 468 2556
pins 223 1916 317 2337
pins 221 1430 316 1852
pins 241 1083 313 1346
pins 240 735 313 989
pins 242 375 319 636
pins 370 496 462 588
pins 367 315 465 456
pins 368 871 459 959
pins 368 731 460 823
pins 509 701 580 982
pins 882 704 950 980
pins 651 701 811 984
pins 534 1042 925 1232
pins 369 1054 460 1142
pins 366 1207 455 1299
resistor 420 1278 448 1327
component 424 1289 444 1313
pins 367 1383 462 1475
pins 484 1269 695 1456
pins 764 1268 976 1456
pins 1082 853 1176 1278
text 598 181 793 248
text 537 189 559 217
text 434 182 454 225
pins 3665 1822 3836 1923
pins 3311 1501 3410 1697
