connector 477 92 695 396
text 564 390 595 411
switch 309 377 505 644
text 363 357 413 382
text 524 385 551 419
connector 698 89 923 322
component 396 414 447 447
component 399 569 451 599
component 650 482 760 569
fuse 475 392 572 637
resistor 575 501 613 554
capacitor 578 413 612 467
capacitor 576 595 610 646
text 620 431 647 461
text 577 553 608 576
text 617 592 636 623
capacitor 796 327 852 361
capacitor 797 428 848 460
resistor 825 369 855 423
capacitor 862 329 912 361
text 780 400 798 452
text 775 345 803 376
text 805 363 826 416
text 887 445 928 472
text 941 446 979 467
text 862 498 888 518
text 935 512 955 564
text 917 112 944 136
text 947 120 998 141
text 1006 121 1057 142
text 1066 122 1117 141
text 1124 121 1176 141
text 1184 121 1235 141
text 1235 121 1284 142
text 1285 121 1332 142
text 1334 122 1381 141
text 1383 117 1483 142
text 1447 146 1472 172
text 1434 304 1458 349
text 1463 282 1484 345
text 1170 448 1207 467
text 944 181 980 202
text 1378 181 1391 205
text 1178 181 1205 204
text 1382 447 1408 470
text 1646 284 1668 349
text 1903 308 1926 393
text 2186 131 2204 174
text 2185 196 2203 236
text 2361 325 2394 346
text 2393 294 2414 336
text 2418 236 2478 261
text 2562 310 2596 347
text 2476 390 2496 430
text 2581 224 2605 252
text 2509 121 2564 144
text 2551 469 2580 497
text 2620 370 2657 402
text 2622 402 2659 437
text 2621 438 2658 470
text 2870 348 2891 389
text 2871 392 2890 430
text 3017 390 3036 431
text 3120 125 3179 148
text 3033 241 3090 262
text 3099 300 3122 338
text 3206 172 3245 190
text 3709 406 3780 432
text 3665 430 3713 453
text 3709 474 3771 498
text 3709 542 3773 566
text 3708 610 3773 634
text 3708 678 3772 703
text 3670 501 3707 522
text 3672 568 3707 588
text 3669 636 3708 656
text 3670 704 3709 725
text 3670 772 3706 794
text 3705 747 3788 774
text 3585 637 3611 721
text 3601 859 3614 884
text 3674 821 3705 846
text 3763 859 3781 886
text 3702 911 3721 937
text 3659 1017 3717 1040
text 3651 1043 3681 1235
text 633 709 658 740
text 823 661 846 683
text 882 829 918 850
text 840 858 877 877
text 879 859 916 877
text 1040 521 1058 572
text 1059 522 1076 571
text 1040 610 1057 660
text 1037 660 1063 685
text 1066 675 1102 716
text 1160 520 1179 571
text 1180 520 1196 569
text 1160 610 1178 659
text 1279 612 1299 660
text 1280 521 1297 571
text 1297 523 1315 571
text 1415 473 1432 523
text 2395 486 2413 525
text 2395 568 2413 608
text 2362 601 2393 621
text 2564 628 2583 664
text 2564 666 2583 703
text 2656 500 2694 522
text 2711 500 2748 520
text 2764 501 2800 519
text 2817 502 2855 523
text 2891 470 2929 491
text 2923 476 2955 508
text 2929 709 2950 745
text 2932 668 2950 706
text 2936 631 2952 661
text 3121 477 3155 496
text 3100 490 3121 530
text 3099 575 3121 611
text 3100 763 3121 802
text 3119 749 3153 770
text 2669 703 2866 792
text 2653 794 2882 826
connector 231 656 629 1226
resistor 749 877 781 935
resistor 746 958 781 1011
text 710 853 729 906
text 708 914 730 968
text 708 971 730 1028
text 707 1028 729 1067
text 730 886 753 926
text 733 970 752 999
text 733 1029 751 1069
text 728 1073 754 1093
text 919 922 959 942
text 956 979 992 997
text 979 996 998 1035
text 1055 848 1127 893
text 1077 907 1096 957
text 1159 878 1184 900
text 1249 874 1274 900
text 1277 679 1315 714
text 2393 756 2413 800
text 2361 880 2395 899
text 2393 846 2411 886
text 2549 709 2566 740
text 2658 940 2677 979
text 2778 897 2820 921
text 2922 943 2943 979
text 2986 924 3004 971
text 3010 959 3053 977
text 3095 932 3144 949
text 3219 931 3256 950
text 3138 1081 3213 1100
text 3257 1057 3278 1095
text 3304 930 3342 951
text 3094 1228 3144 1248
text 3096 1278 3146 1298
text 3297 859 3319 898
text 787 1169 821 1190
text 887 1206 924 1230
text 720 1211 756 1230
text 688 1232 733 1252
text 679 1255 728 1273
text 731 1247 749 1288
text 680 1287 718 1308
text 720 1290 758 1310
text 786 1291 825 1308
text 826 1289 862 1309
text 866 1290 903 1309
text 978 1196 997 1235
text 978 1237 998 1276
text 939 1263 986 1313
text 1112 1264 1160 1314
text 1093 1252 1111 1291
text 1090 1144 1115 1163
text 1159 1312 1181 1335
text 1251 1095 1274 1119
text 1248 1311 1273 1335
text 1974 1376 2060 1401
text 2181 1406 2200 1446
text 2180 1468 2199 1506
text 2393 1038 2411 1076
text 2392 1120 2411 1161
text 2362 1155 2393 1173
text 2594 1101 2615 1150
text 2657 1167 2676 1206
text 2562 1177 2584 1215
text 2561 1218 2584 1257
text 2582 1286 2632 1305
text 2391 1312 2410 1351
text 2923 1171 2943 1205
text 3166 1348 3240 1368
text 3228 1289 3300 1308
text 3760 1250 3782 1280
text 3641 1304 3656 1322
text 3628 1330 3666 1348
text 3688 1330 3726 1348
text 3641 1415 3674 1499
text 3628 1501 3677 1520
text 3678 1502 3725 1520
text 3726 1502 3772 1521
text 3687 1370 3721 1500
text 3732 1381 3762 1499
text 3499 1465 3544 1484
text 3726 1662 3764 1683
text 3681 1663 3719 1683
text 3635 1662 3674 1683
text 3549 1684 3577 1705
text 3682 1693 3732 1713
text 3495 1568 3532 1585
text 3428 1558 3447 1598
text 3382 1586 3429 1603
text 3423 1653 3440 1691
text 3487 1684 3523 1704
text 3369 1451 3417 1471
text 3318 1444 3367 1463
text 3328 1532 3346 1557
text 3352 1556 3372 1581
text 3352 1724 3370 1747
text 3328 1747 3347 1771
text 3243 1777 3277 1824
text 3332 1801 3357 1829
text 2998 1401 3044 1418
text 3101 1413 3120 1451
text 3100 1455 3120 1492
text 3137 1568 3158 1579
text 3032 1609 3048 1648
text 2922 1404 2943 1432
text 3099 1699 3136 1753
text 3163 1747 3183 1772
text 3138 1724 3157 1750
text 2655 1396 2676 1434
text 2614 1453 2655 1469
text 2614 1579 2654 1596
text 2498 1610 2543 1628
text 2648 1665 2668 1708
text 2675 1717 2693 1761
text 2643 1803 2692 1822
text 2384 1452 2423 1471
text 1111 1481 1159 1530
text 978 1456 1016 1473
text 1019 1405 1036 1443
text 926 1455 964 1474
text 1006 1532 1044 1551
text 948 1550 986 1570
text 769 1453 790 1494
text 678 1346 717 1366
text 677 1406 716 1426
text 677 1465 716 1486
text 677 1525 717 1546
text 677 1585 716 1605
text 677 1645 715 1665
text 676 1704 716 1725
text 720 1349 759 1369
text 719 1408 758 1430
text 719 1468 756 1488
text 719 1528 755 1547
text 719 1647 756 1668
text 718 1707 757 1726
text 948 1678 970 1719
text 1198 1545 1240 1563
text 1295 1837 1315 1861
text 1436 1698 1493 1879
text 1380 1701 1437 1871
text 3162 1836 3180 1873
text 3162 1777 3181 1816
text 3190 1788 3208 1830
text 3283 1873 3299 1913
text 3239 1889 3256 1929
text 3252 1940 3303 1960
text 3340 1847 3356 1889
text 3183 1900 3203 1950
text 3184 1951 3203 1989
text 3216 1963 3234 2016
text 3098 1968 3121 1993
text 3329 2009 3349 2045
text 3734 2103 3784 2173
text 3563 2093 3619 2115
text 3505 2155 3554 2187
text 3422 2172 3460 2191
text 3326 2091 3370 2133
text 3205 2049 3223 2099
text 3185 2037 3204 2088
text 3251 2166 3301 2186
text 3146 2166 3195 2185
text 3087 2043 3106 2069
text 3001 2188 3050 2209
text 2936 2037 2955 2076
text 2927 2076 2948 2125
text 2961 1975 3011 1992
text 1430 2129 1472 2149
text 1314 2152 1330 2191
text 1294 2037 1314 2075
text 1030 2040 1047 2067
text 1002 2173 1024 2220
text 837 2135 871 2169
text 963 2135 997 2172
text 876 2140 911 2177
text 921 2142 954 2177
text 967 2233 1018 2254
text 1025 2266 1046 2301
text 943 2286 963 2335
text 933 1785 956 1838
text 1028 1852 1047 1864
text 829 1907 869 1926
text 733 1825 772 1854
text 718 1763 739 1835
text 603 1824 636 1858
text 638 1827 675 1847
text 471 1818 521 1837
text 367 1834 417 1854
text 510 1890 530 1937
text 733 1917 752 1966
text 676 1917 715 1933
text 647 1902 680 1953
text 362 1917 387 2041
text 457 2004 475 2055
text 457 1944 475 1994
text 453 1915 479 1933
text 363 2132 388 2175
text 461 2129 503 2171
text 567 2060 614 2077
text 746 2062 764 2110
text 792 2184 831 2226
text 797 2234 841 2281
text 645 2296 695 2316
text 747 2329 797 2348
text 577 2340 627 2361
text 361 2325 386 2453
text 510 2388 531 2439
text 512 2338 531 2388
text 541 2360 560 2460
text 560 2398 621 2423
text 930 2499 973 2518
text 1027 2493 1046 2529
text 1294 2493 1312 2534
text 1294 2263 1313 2302
text 1411 2424 1433 2469
text 1722 2591 1756 2623
text 1721 2355 1757 2389
text 1722 2435 1757 2465
text 1721 2513 1756 2545
text 3363 2173 3400 2191
text 3361 2227 3400 2247
text 3419 2227 3459 2247
text 3333 2281 3353 2331
text 3538 2259 3562 2309
text 3463 2437 3537 2460
text 3432 2444 3461 2490
text 3508 2477 3556 2509
text 3364 2493 3402 2512
text 3359 2548 3400 2566
text 3420 2493 3459 2511
text 3225 2448 3248 2503
text 3281 2578 3321 2594
text 3407 2602 3440 2633
text 3469 2612 3502 2643
text 3268 2665 3339 2684
text 3526 2592 3561 2629
text 3725 2432 3781 2481
text 3724 2751 3782 2802
text 3295 2701 3340 2774
text 1723 2669 1757 2700
text 1721 2746 1756 2777
text 1722 2826 1755 2855
text 3120 2831 3170 2853
text 3193 2841 3232 2862
text 3138 2862 3153 2879
text 3137 2903 3153 2920
text 3120 2930 3170 2949
text 2919 2942 2969 2959
text 2860 2941 2909 2961
text 2800 2941 2852 2960
text 2741 2941 2793 2962
text 2682 2941 2732 2961
text 2621 2940 2672 2961
text 2562 2941 2613 2960
text 1299 2625 1349 2642
text 1273 2648 1293 2692
text 1027 2550 1047 2602
text 917 2785 969 2804
text 1016 2877 1047 2899
text 997 2853 1011 2876
text 804 2854 836 2876
text 792 2877 808 2898
text 700 2925 748 2958
text 638 2852 670 2875
text 659 2877 689 2897
text 448 2852 479 2875
text 436 2875 448 2899
text 182 2621 208 2823
text 186 2885 208 2930
text 223 2932 250 2966
text 269 2932 294 2966
text 314 2897 365 2918
text 388 2460 426 2480
text 316 2510 366 2529
text 223 2495 251 2508
text 266 2494 298 2511
text 314 2694 368 2713
text 380 2611 467 2630
text 439 2553 461 2604
text 364 2631 413 2663
text 538 2710 961 2772
text 1771 2655 2047 2741
text 1767 2755 2831 2862
text 1765 2865 2530 2948
inductor 858 368 915 450
component 870 381 892 426
capacitor 941 143 997 178
capacitor 1000 144 1055 179
capacitor 1061 144 1114 179
capacitor 1119 145 1172 177
capacitor 1178 145 1232 178
capacitor 1238 144 1294 179
capacitor 1299 145 1353 179
capacitor 1358 144 1412 179
capacitor 940 476 993 509
capacitor 1000 476 1052 510
capacitor 1060 476 1113 511
capacitor 1119 476 1172 511
capacitor 1178 476 1232 513
capacitor 1238 476 1292 512
capacitor 1297 476 1350 510
capacitor 1356 476 1411 513
electrolytic 2205 122 2354 186
electrolytic 2203 189 2353 249
electrolytic 2417 282 2564 346
component 2237 125 2304 171
component 2239 193 2306 239
component 2449 286 2516 332
capacitor 2496 354 2549 389
capacitor 2496 395 2551 430
capacitor 2507 443 2547 463
electrolytic 2414 473 2563 536
electrolytic 2416 558 2562 619
capacitor 2497 628 2550 661
capacitor 2497 670 2549 702
capacitor 2509 716 2546 737
component 2450 481 2517 527
component 2450 562 2517 608
component 2451 755 2518 801
electrolytic 2414 749 2559 809
electrolytic 2413 837 2562 898
component 2452 844 2519 890
ic 2307 351 2491 466
resistor 2566 354 2621 389
resistor 2566 395 2620 429
resistor 2567 437 2619 469
capacitor 2657 437 2689 488
capacitor 2713 436 2744 491
capacitor 2764 437 2796 489
capacitor 2818 438 2851 490
electrolytic 3146 190 3296 256
component 3195 194 3264 243
electrolytic 2951 286 3096 351
component 2996 290 3065 339
resistor 2893 357 2944 390
resistor 2891 398 2945 432
resistor 2891 438 2943 471
component 2906 404 2929 420
ic 3020 358 3212 474
electrolytic 2958 481 3096 537
component 2996 485 3065 534
capacitor 2961 398 3012 431
capacitor 2962 439 3014 470
capacitor 2963 360 3003 385
test 3673 403 3701 431
test 3673 471 3702 499
test 3673 540 3702 569
test 3673 607 3701 635
test 3672 677 3702 704
test 3674 746 3701 773
resistor 3642 906 3697 935
component 3662 911 3679 924
pads 3621 1296 3675 1332
resistor 3679 1296 3737 1333
component 3697 1305 3717 1319
connector 3614 1239 3760 1291
led 3725 1523 3765 1598
led 3679 1523 3720 1600
led 3634 1525 3675 1600
text 3763 1542 3774 1557
text 3717 1542 3729 1557
text 3671 1542 3684 1557
component 818 550 918 629
component 958 578 1023 628
component 1520 262 1582 306
component 1706 264 1768 308
component 2417 141 2490 162
component 2436 161 2492 185
component 3029 147 3105 172
component 3049 171 3108 196
electrolytic 662 653 887 875
electrolytic 887 665 1104 876
electrolytic 1112 664 1317 875
electrolytic 1110 887 1315 1088
electrolytic 1106 1097 1313 1308
electrolytic 1101 1328 1313 1524
transistor 811 475 930 666
inductor 615 390 812 667
electrolytic 953 516 1033 673
electrolytic 1077 510 1153 677
electrolytic 1198 517 1274 678
electrolytic 1317 515 1395 676
connector 940 205 1433 449
connector 1484 96 1628 534
connector 1664 97 1819 536
connector 2522 103 2984 432
potentiometer 2995 126 3130 248
electrolytic 2951 564 3097 623
component 2996 568 3065 617
electrolytic 3158 848 3293 912
electrolytic 2947 750 3096 818
component 2995 756 3064 805
component 3193 856 3262 905
ic 3016 628 3210 746
capacitor 2959 712 3013 745
capacitor 2961 671 3014 705
capacitor 2963 633 3004 658
connector 3621 846 3762 914
connector 3638 968 3738 1005
heatsink 3207 271 3594 831
heatsink 1926 265 2296 819
heatsink 1919 824 2303 1376
ic 2304 623 2491 742
ic 2305 904 2489 1020
text 2564 903 2583 941
text 2563 944 2583 983
text 2545 990 2565 1019
capacitor 2495 906 2551 939
capacitor 2494 947 2548 984
capacitor 2505 991 2546 1019
capacitor 2612 1099 2647 1157
electrolytic 2414 1029 2561 1089
electrolytic 2413 1113 2562 1171
component 2453 1032 2520 1081
component 2452 1117 2519 1166
capacitor 2495 1181 2549 1216
capacitor 2494 1222 2551 1257
text 2559 1263 2576 1294
capacitor 2506 1269 2547 1291
ic 2303 1180 2490 1295
electrolytic 2414 1300 2560 1368
component 2452 1307 2519 1356
electrolytic 2565 1306 2649 1368
capacitor 2395 1414 2414 1450
capacitor 2620 1414 2645 1450
capacitor 2621 1539 2644 1577
text 2381 1492 2425 1510
capacitor 2392 1512 2417 1554
ic 2428 1381 2610 1612
component 2515 1437 2566 1582
connector 2682 919 2923 1667
electrolytic 2204 1394 2352 1459
electrolytic 2202 1459 2352 1522
component 2241 1400 2308 1449
component 2242 1468 2309 1517
ic 2953 980 3088 1185
ic 2953 1195 3087 1399
capacitor 2950 923 2985 979
transistor 3147 949 3207 1010
text 3164 930 3188 951
resistor 3148 1019 3202 1082
resistor 3147 1108 3203 1171
resistor 3148 1199 3202 1258
resistor 3147 1265 3200 1327
component 3170 1036 3186 1066
component 3170 1125 3186 1156
component 3166 1214 3181 1244
component 3170 1282 3184 1310
resistor 3219 953 3254 1006
text 3263 930 3301 952
resistor 3266 955 3302 1008
resistor 3304 952 3342 1009
component 3228 971 3244 990
component 3275 971 3294 993
component 3315 970 3330 990
resistor 3224 1049 3256 1104
component 3233 1067 3247 1093
component 3231 1152 3247 1177
resistor 3225 1145 3255 1193
resistor 3223 1216 3256 1266
text 3256 1147 3278 1186
component 3230 1230 3250 1253
text 3297 1222 3319 1262
resistor 3265 1216 3297 1267
component 3271 1232 3290 1255
capacitor 3099 952 3136 1008
capacitor 3104 1071 3135 1123
capacitor 3100 1174 3134 1228
capacitor 3101 1302 3135 1355
resistor 3124 1417 3177 1451
resistor 3122 1459 3175 1492
component 3136 1422 3161 1439
component 3134 1464 3161 1483
text 3377 954 3441 1450
resistor 3727 1608 3766 1663
resistor 3683 1607 3719 1660
resistor 3638 1608 3673 1661
component 3647 1622 3663 1648
component 3694 1622 3709 1649
component 3737 1621 3752 1648
component 3500 1494 3544 1513
pads 3459 1465 3583 1584
capacitor 3595 1608 3631 1662
capacitor 3582 1554 3625 1577
inductor 3536 1602 3590 1686
component 3556 1622 3579 1666
resistor 3498 1590 3530 1642
capacitor 3479 1652 3532 1684
resistor 3457 1590 3491 1643
component 3466 1605 3485 1628
component 3505 1606 3522 1628
capacitor 3384 1644 3423 1672
capacitor 3391 1607 3449 1643
capacitor 3325 1475 3359 1528
text 3278 1484 3297 1525
capacitor 3297 1485 3322 1526
electrolytic 3366 1473 3449 1535
capacitor 3640 1709 3770 1793
ic 3135 1529 3376 1778
component 3182 1580 3324 1727
text 3052 1580 3074 1621
resistor 3075 1587 3129 1621
component 3091 1595 3114 1613
capacitor 3089 1637 3129 1662
capacitor 3075 1664 3127 1702
text 2921 1606 2940 1617
text 2656 1608 2675 1633
pads 2979 1947 3021 1977
ic 2695 1673 2900 1812
capacitor 2775 1822 2808 1880
electrolytic 2625 1824 2710 1884
component 3394 1490 3429 1515
component 2652 1841 2686 1867
ic 2593 1660 2648 1716
component 2613 1665 2634 1710
capacitor 2600 1715 2639 1737
text 2600 1738 2642 1758
resistor 788 880 823 937
resistor 828 879 862 935
resistor 866 880 901 933
resistor 789 957 821 1015
resistor 982 941 1059 984
component 1006 951 1035 970
component 754 895 774 918
component 795 894 814 917
component 835 895 850 917
pads 866 968 894 1019
capacitor 897 942 974 981
capacitor 899 987 953 1022
resistor 827 956 861 1016
capacitor 748 1020 782 1075
capacitor 791 1019 818 1060
text 793 1059 821 1076
fuse 909 871 1085 947
capacitor 1094 895 1125 951
capacitor 996 998 1029 1055
capacitor 1051 1106 1124 1143
text 1097 1039 1135 1062
capacitor 1051 1062 1125 1100
text 1096 1006 1113 1036
transistor 1034 992 1096 1060
text 1031 1040 1053 1068
capacitor 997 1064 1033 1087
capacitor 993 1098 1035 1126
capacitor 995 1133 1033 1162
capacitor 996 1166 1030 1220
capacitor 996 1231 1028 1286
text 1095 1174 1111 1199
transistor 1034 1157 1093 1226
electrolytic 1034 1232 1091 1317
ic 826 1020 981 1209
component 863 1050 938 1157
text 793 1079 831 1111
test 787 1107 814 1136
test 787 1142 817 1171
text 758 1137 787 1152
text 758 1152 788 1168
capacitor 760 1101 784 1136
capacitor 761 1171 783 1209
resistor 724 1097 754 1148
resistor 723 1156 754 1208
component 729 1112 743 1135
component 730 1172 746 1196
resistor 684 1157 716 1212
resistor 683 1093 714 1152
capacitor 793 1192 812 1231
ic 789 1310 933 1436
component 830 1336 886 1410
resistor 747 1233 778 1294
resistor 784 1234 819 1291
resistor 825 1234 858 1290
resistor 864 1234 898 1289
pads 899 1234 928 1281
text 907 1278 936 1294
resistor 709 1312 765 1345
component 724 1319 747 1338
resistor 711 1373 762 1404
resistor 710 1433 764 1461
resistor 709 1490 761 1523
resistor 709 1552 762 1584
component 724 1378 746 1398
component 723 1436 745 1456
component 722 1496 744 1516
component 722 1555 744 1575
connector 227 1249 629 1824
capacitor 787 1447 822 1503
capacitor 921 1475 974 1512
electrolytic 982 1478 1067 1533
component 1005 1493 1040 1520
electrolytic 830 1447 913 1505
component 849 1462 884 1489
capacitor 983 1400 1015 1453
text 1020 1334 1038 1372
capacitor 982 1334 1016 1392
text 945 1314 983 1332
capacitor 944 1336 977 1391
capacitor 944 1400 977 1453
text 902 1426 936 1457
resistor 1037 1416 1110 1457
text 1055 1390 1096 1414
component 1057 1428 1085 1446
resistor 1038 1348 1107 1388
component 1060 1357 1088 1375
capacitor 788 1519 842 1552
capacitor 849 1516 905 1553
text 904 1511 923 1551
ic 789 1554 947 1741
component 825 1589 900 1716
capacitor 1057 1626 1078 1672
capacitor 958 1588 996 1644
capacitor 1185 1564 1226 1591
ic 1085 1591 1290 1730
text 1291 1643 1311 1676
connector 3358 1771 3810 2112
component 3469 1843 3643 2040
clock 2809 1732 3119 1976
capacitor 2955 1994 3012 2030
resistor 3128 1772 3163 1825
resistor 3129 1829 3161 1884
component 3138 1843 3153 1867
resistor 3327 1824 3342 1853
capacitor 3212 1790 3233 1833
capacitor 3277 1781 3332 1814
resistor 3303 1825 3315 1851
text 3240 1832 3256 1871
capacitor 3261 1833 3281 1874
capacitor 3259 1891 3282 1931
capacitor 3302 1859 3338 1881
capacitor 3310 1889 3337 1904
text 3314 1992 3353 2010
capacitor 3321 1953 3347 1991
resistor 3302 1912 3318 1942
resistor 3327 1912 3342 1943
capacitor 3278 1967 3317 2040
capacitor 3128 1910 3180 1946
resistor 3128 1951 3180 1986
component 3145 1963 3164 1979
inductor 3102 1994 3182 2046
component 3123 2013 3168 2035
capacitor 3128 2054 3182 2091
capacitor 3235 2049 3268 2104
resistor 3274 2048 3308 2104
component 3286 2065 3301 2090
capacitor 3312 2049 3346 2102
resistor 2956 2038 3015 2075
capacitor 2955 2084 3011 2121
component 2976 2051 2996 2067
inductor 3016 1991 3096 2121
component 3047 2031 3077 2090
electrolytic 2955 2129 3094 2190
component 3002 2136 3066 2185
electrolytic 3128 2109 3213 2168
electrolytic 3233 2111 3318 2167
component 3156 2125 3192 2153
component 3261 2127 3297 2155
resistor 3354 2194 3407 2226
resistor 3415 2194 3466 2226
resistor 3413 2250 3466 2283
resistor 3356 2248 3408 2282
component 3374 2202 3392 2220
component 3372 2258 3390 2274
component 3432 2257 3450 2275
component 3431 2203 3450 2221
text 3267 2335 3340 2356
resistor 3277 2274 3330 2337
component 3297 2292 3311 2318
capacitor 3355 2290 3408 2324
transistor 3494 2296 3547 2364
transistor 3418 2295 3474 2356
fuse 3319 2350 3493 2420
capacitor 3494 2375 3549 2408
electrolytic 3344 2423 3432 2483
ic 3249 2406 3338 2548
capacitor 3296 2557 3334 2580
resistor 3414 2514 3466 2549
resistor 3355 2514 3407 2548
resistor 3354 2569 3406 2605
resistor 3414 2570 3466 2603
text 3422 2548 3459 2566
component 3430 2523 3449 2542
component 3432 2577 3453 2595
component 3374 2523 3391 2541
component 3372 2578 3390 2595
transistor 3416 2618 3475 2681
transistor 3492 2616 3549 2684
text 3354 2642 3406 2661
capacitor 3355 2609 3409 2643
resistor 3276 2602 3329 2664
component 3296 2622 3313 2650
fuse 3321 2679 3492 2741
capacitor 3493 2695 3547 2729
electrolytic 3349 2742 3431 2799
connector 3561 2459 3823 2777
connector 3556 2136 3819 2460
pads 3117 2854 3173 2892
pads 3117 2895 3171 2930
diode 3179 2863 3247 2924
text 3030 2952 3051 3000
capacitor 2975 2963 3030 2998
capacitor 2917 2964 2970 2998
capacitor 2857 2964 2912 2997
capacitor 2798 2964 2853 2998
capacitor 2739 2963 2794 2998
capacitor 2680 2964 2735 2997
capacitor 2620 2965 2673 2997
capacitor 2559 2963 2614 2999
capacitor 912 2806 968 2840
capacitor 554 2804 609 2840
text 558 2782 610 2803
capacitor 311 2920 367 2955
connector 203 2505 309 2932
resistor 313 2660 367 2693
resistor 313 2616 365 2650
component 328 2672 348 2690
component 328 2626 348 2644
resistor 384 2562 437 2598
component 401 2573 421 2590
resistor 309 2534 366 2594
component 329 2550 346 2581
transistor 376 2481 440 2540
resistor 312 2477 367 2510
text 386 2386 407 2430
jumper 391 2298 460 2399
connector 406 2396 460 2443
resistor 469 2384 508 2444
component 483 2405 498 2425
text 484 2344 502 2359
pads 474 2326 510 2381
text 511 2287 529 2337
capacitor 474 2268 508 2325
connector 175 2045 458 2326
resistor 569 2305 631 2340
resistor 650 2242 686 2295
component 661 2258 676 2284
text 631 2179 653 2233
resistor 653 2184 684 2237
component 658 2199 674 2219
clock 520 2172 637 2305
text 627 2134 645 2176
capacitor 585 2146 625 2172
resistor 568 2080 605 2135
capacitor 475 2080 509 2134
inductor 512 2075 567 2157
component 522 2095 544 2141
capacitor 743 2295 799 2330
capacitor 722 2206 800 2249
text 744 2171 760 2211
capacitor 700 2180 737 2203
connector 1049 1806 1288 2561
ic 1360 2148 1543 2382
component 1408 2185 1464 2346
capacitor 1322 2204 1345 2249
capacitor 1320 2307 1347 2353
text 1298 2413 1331 2462
capacitor 1323 2382 1353 2438
capacitor 1554 2211 1581 2249
capacitor 1553 2309 1580 2352
text 1409 2384 1427 2422
capacitor 1366 2392 1406 2419
ic 1359 2421 1410 2476
component 1375 2425 1394 2473
electrolytic 1283 2567 1367 2624
component 1302 2586 1340 2614
capacitor 1047 2561 1101 2593
text 1144 2561 1164 2597
capacitor 1165 2560 1218 2594
ic 1065 2600 1271 2742
transistor 1688 2307 1752 2367
transistor 1688 2385 1752 2445
transistor 1687 2463 1752 2524
transistor 1688 2541 1752 2602
transistor 1687 2619 1752 2680
transistor 1686 2697 1750 2758
transistor 1687 2776 1750 2837
text 718 1588 757 1607
resistor 709 1611 763 1644
resistor 710 1670 763 1702
resistor 709 1731 763 1764
component 725 1617 745 1635
component 724 1737 744 1755
component 725 1677 745 1695
text 941 1741 979 1758
capacitor 939 1761 980 1786
ic 789 1754 929 1844
diode 838 1848 903 1907
text 782 1906 811 1927
diode 767 1847 829 1907
resistor 661 1771 718 1833
component 682 1789 698 1820
component 855 1858 874 1886
component 857 1887 875 1901
component 783 1888 801 1903
resistor 716 1848 750 1905
resistor 648 1848 678 1901
text 680 1833 720 1851
capacitor 688 1852 710 1892
component 723 1866 738 1888
component 654 1864 669 1886
capacitor 617 1849 641 1892
capacitor 531 1826 586 1859
capacitor 677 1938 714 1958
resistor 850 2081 885 2140
resistor 894 2081 928 2141
resistor 934 2082 967 2138
resistor 975 2083 1009 2138
component 860 2098 874 2125
component 901 2098 915 2125
component 942 2098 956 2125
component 985 2098 999 2125
capacitor 962 2258 1017 2292
capacitor 964 2299 1017 2333
ic 882 2334 1018 2499
capacitor 377 1857 413 1913
inductor 415 1833 471 1917
component 428 1853 448 1899
text 529 1900 578 1918
capacitor 530 1865 607 1905
resistor 473 1854 509 1913
text 629 1896 647 1939
capacitor 584 1909 625 1936
text 485 1962 502 1976
pads 473 1941 510 2001
jumper 396 1922 456 2027
text 385 2003 407 2046
connector 406 2028 456 2073
resistor 475 2004 507 2062
component 481 2023 495 2043
clock 520 1936 637 2061
component 552 1953 608 2047
resistor 644 1966 678 2021
resistor 685 1966 716 2021
resistor 644 2028 676 2076
resistor 683 2027 715 2079
resistor 724 1986 775 2019
resistor 723 2026 774 2060
text 615 2058 658 2096
text 778 1971 798 2020
text 779 2021 798 2073
component 693 1980 708 2002
component 690 2041 703 2064
component 736 2000 761 2014
component 732 2035 757 2049
text 653 2096 670 2127
capacitor 627 2092 650 2134
text 731 2083 746 2114
capacitor 676 2085 715 2109
ic 669 2109 732 2174
component 589 2315 609 2335
component 754 1252 771 1273
component 795 1249 811 1277
component 875 1256 890 1274
component 2590 1323 2627 1349
capacitor 1314 1129 1328 1167
text 1276 1052 1315 1089
capacitor 1276 1298 1306 1314
capacitor 1274 1328 1308 1347
capacitor 1275 860 1310 880
capacitor 1274 890 1312 912
capacitor 1315 694 1331 731
resistor 1313 816 1329 853
emi 3473 2189 3549 2230
emi 3471 2246 3546 2289
emi 631 1309 704 1345
emi 632 1369 703 1405
emi 631 1426 703 1466
emi 631 1486 703 1525
emi 631 1549 703 1586
emi 630 1608 703 1644
emi 629 1666 704 1705
emi 628 1724 704 1766
emi 3466 2508 3548 2554
emi 3469 2564 3546 2604
text 3120 2275 3185 2652
component 3262 2458 3320 2512
text 220 2970 250 2985
text 266 2967 297 2989
emi 3236 1970 3273 2042
emi 632 861 706 903
emi 630 919 707 962
emi 631 981 707 1023
emi 629 1040 705 1082
emi 719 2250 800 2293
potentiometer 2384 122 2514 244
