pins 3651 348 3750 521
pins 3490 1 3580 181
pins 3594 191 3646 243
pins 3733 268 3838 944
pins 3646 677 3749 852
pins 3412 500 3564 891
pins 3298 996 3504 1271
pins 3155 1363 3228 1526
pins 2894 2744 3290 2822
text 1996 1974 2197 2036
pins 1012 2544 2470 2696
connector 186 185 471 481
resistor 521 316 566 351
component 531 321 552 340
resistor 473 291 509 340
component 481 298 497 327
resistor 423 317 466 348
component 429 324 456 341
pins 421 75 470 217
pins 420 452 468 590
pins 223 671 317 1092
pins 221 1156 316 1578
pins 241 1662 313 1925
pins 240 2019 313 2273
pins 242 2372 319 2633
pins 370 2420 462 2512
pins 367 2552 465 2693
pins 368 2049 459 2137
pins 368 2185 460 2277
pins 509 2026 580 2307
pins 882 2028 950 2304
pins 651 2024 811 2307
pins 534 1776 925 1966
pins 369 1866 460 1954
pins 366 1709 455 1801
resistor 420 1681 448 1730
component 424 1695 444 1719
pins 367 1533 462 1625
pins 484 1552 695 1739
pins 764 1552 976 1740
pins 1082 1730 1176 2155
text 598 2760 793 2827
text 537 2791 559 2819
text 434 2783 454 2826
pins 3665 1085 3836 1186
pins 3311 1311 3410 1507
