connector 4422 3044 4606 3502
connector 4100 3326 4352 3758
connector 3747 3540 3986 3720
connector 3402 3374 3600 3770
connector 3150 3374 3352 3770
connector 2894 3372 3102 3770
connector 2650 3370 2848 3772
connector 2144 3018 2600 3752
connector 1546 3458 1974 3756
connector 593 3319 1439 3927
connector 402 3414 552 3490
connector 388 2954 1294 3218
connector 360 1174 750 2717
connector 414 807 500 954
connector 594 811 674 959
connector 414 668 499 753
button 812 652 1064 847
button 810 416 1065 611
button 805 169 1065 371
button 1115 417 1370 616
button 497 409 755 606
switch 1704 156 1875 494
switch 1907 159 2075 497
switch 2110 157 2277 501
switch 2315 161 2480 496
switch 2517 159 2682 499
switch 2717 161 2887 504
switch 2919 161 3087 504
switch 3124 162 3287 501
connector 3367 79 3785 456
connector 3969 78 4397 459
connector 4319 506 4704 936
connector 4349 987 4426 1069
connector 4314 1119 4699 1536
jumper 4339 1594 4500 1671
connector 4309 1727 4699 2144
connector 4432 2177 4574 2251
connector 4455 2291 4625 2519
jumper 4434 2544 4590 2632
connector 4446 2720 4629 2959
switch 4029 3037 4390 3229
capacitor 3934 3482 3999 3516
capacitor 3877 3484 3929 3514
capacitor 3754 3481 3820 3519
resistor 3987 3441 4052 3476
capacitor 3717 3401 3750 3461
capacitor 3682 3399 3715 3461
capacitor 3715 3318 3750 3385
capacitor 3990 3281 4026 3344
capacitor 3675 3286 3735 3318
capacitor 3675 3252 3735 3286
capacitor 3956 3222 3972 3258
connector 3825 3099 3966 3172
connector 3067 3222 3142 3359
resistor 2083 3275 2119 3338
capacitor 2049 3274 2083 3336
capacitor 2015 3272 2049 3338
resistor 1983 3272 2017 3336
ic 1543 2887 1984 3328
resistor 1586 3359 1622 3426
pads 1552 3361 1585 3432
capacitor 1462 3312 1527 3349
capacitor 1460 3274 1526 3308
capacitor 1460 3236 1526 3274
capacitor 1462 3194 1523 3226
capacitor 1392 3192 1457 3226
capacitor 1462 3156 1525 3185
capacitor 1459 3116 1523 3154
capacitor 1462 2969 1522 3005
capacitor 1460 2931 1525 2966
jumper 1134 2638 1215 2797
jumper 1222 2638 1312 2794
jumper 1313 2708 1387 2851
jumper 1388 2713 1466 2858
jumper 1472 2638 1560 2794
capacitor 1897 2814 1932 2876
capacitor 1933 2814 1970 2876
capacitor 1975 2816 2006 2874
capacitor 2192 2864 2252 2898
resistor 2192 2831 2252 2862
capacitor 2192 2796 2252 2829
capacitor 2193 2755 2253 2782
capacitor 2300 2684 2337 2749
capacitor 2352 2686 2387 2749
capacitor 2472 2746 2533 2782
capacitor 2503 2822 2566 2854
capacitor 2502 2851 2565 2885
resistor 2486 2931 2547 2962
connector 2136 2555 2206 2691
connector 2810 2784 2949 2858
resistor 3072 2971 3109 3035
electrolytic 3193 2615 3286 2695
electrolytic 3187 2725 3286 2802
electrolytic 3469 2806 3572 2891
inductor 3303 2599 3562 2802
capacitor 3295 2811 3330 2872
resistor 3339 2816 3406 2861
capacitor 3269 2873 3299 2938
resistor 3303 2874 3332 2934
pads 3333 2871 3363 2934
resistor 3317 2936 3349 2996
resistor 3384 2939 3411 2998
resistor 3481 2936 3514 2998
capacitor 3348 2935 3382 3000
capacitor 3409 2936 3444 3000
capacitor 3447 2936 3481 2998
diode 3519 2926 3557 3006
capacitor 3486 2890 3548 2919
ic 3403 2879 3449 2929
capacitor 3791 2876 3829 2940
pads 3738 2798 3801 2831
capacitor 3738 2765 3798 2796
resistor 3856 2723 3881 2781
resistor 3878 2778 3912 2836
capacitor 3879 2720 3913 2779
inductor 3922 2719 4088 2889
capacitor 4228 2760 4287 2795
capacitor 4227 2875 4289 2913
resistor 4322 2913 4383 2946
resistor 4324 2744 4384 2779
led 4317 2879 4382 2905
led 4311 2783 4378 2813
ic 4242 2808 4276 2863
led 3916 2156 3944 2219
connector 3624 2592 3702 2734
capacitor 3672 2241 3730 2277
capacitor 3672 2207 3732 2234
capacitor 3674 1984 3730 2017
capacitor 3672 2021 3729 2056
capacitor 3672 2057 3732 2092
capacitor 3672 2094 3734 2127
capacitor 3672 2129 3734 2164
capacitor 3672 2167 3732 2204
capacitor 3670 1944 3734 1981
capacitor 3674 1899 3735 1937
capacitor 3674 1862 3734 1897
capacitor 3672 1827 3734 1862
capacitor 3674 1791 3732 1826
capacitor 3674 1756 3735 1786
capacitor 3672 1716 3734 1752
capacitor 3672 1677 3734 1712
capacitor 3674 1642 3732 1676
capacitor 3674 1606 3735 1641
capacitor 3542 2306 3575 2372
capacitor 3506 2308 3539 2371
capacitor 3470 2309 3499 2368
capacitor 3433 2305 3465 2366
capacitor 3395 2305 3432 2371
capacitor 3357 2305 3392 2369
capacitor 3322 2309 3355 2369
capacitor 3283 2308 3319 2371
capacitor 3249 2306 3282 2369
capacitor 3545 1502 3579 1565
capacitor 3507 1501 3542 1566
capacitor 3472 1504 3505 1568
capacitor 3433 1501 3469 1568
capacitor 3396 1505 3429 1566
capacitor 3362 1502 3395 1568
capacitor 3323 1504 3360 1568
capacitor 3286 1504 3322 1569
capacitor 3250 1504 3285 1568
jumper 1303 818 1382 966
led 1777 562 1809 622
led 1977 559 2012 624
led 2182 565 2212 624
led 2386 562 2415 624
led 2587 564 2616 625
led 2787 565 2819 625
led 2990 566 3022 628
led 3192 566 3220 625
led 3507 772 3540 838
button 3662 688 3849 934
button 3930 686 4120 932
led 2256 778 2289 838
button 1967 685 2153 928
button 1700 680 1886 926
capacitor 2475 2468 2533 2501
capacitor 2472 2432 2532 2465
capacitor 2472 2394 2532 2429
capacitor 2473 2358 2530 2391
capacitor 2472 2321 2532 2351
capacitor 2472 1604 2532 1636
capacitor 2470 1564 2533 1601
capacitor 2470 1526 2533 1561
capacitor 2472 1488 2533 1525
capacitor 2472 1451 2532 1489
capacitor 2472 1415 2533 1451
capacitor 2472 1381 2532 1416
capacitor 2470 1340 2530 1382
capacitor 2468 1302 2530 1344
capacitor 2470 1264 2536 1304
capacitor 2470 1228 2532 1268
capacitor 3139 1907 3174 1972
capacitor 3104 1906 3139 1976
capacitor 3064 1902 3102 1977
capacitor 3025 1912 3059 1974
capacitor 2989 1909 3024 1974
capacitor 2952 1906 2987 1974
capacitor 2914 1907 2949 1974
capacitor 2882 1906 2912 1972
capacitor 2847 1911 2872 1966
capacitor 2163 1909 2195 1972
capacitor 2125 1908 2162 1972
capacitor 2087 1908 2123 1972
capacitor 2050 1908 2086 1972
capacitor 2013 1908 2049 1974
capacitor 1976 1909 2013 1969
capacitor 1940 1908 1977 1969
capacitor 1870 1909 1900 1972
capacitor 1829 1909 1863 1969
capacitor 1795 1909 1825 1971
display 2459 652 3375 992
ic 3220 1978 3592 2234
ic 3222 1644 3594 1908
capacitor 3026 2398 3079 2451
capacitor 3000 2372 3052 2422
capacitor 2977 2345 3026 2394
capacitor 2946 2324 2993 2376
capacitor 2917 2298 2970 2351
capacitor 2892 2274 2939 2324
capacitor 2866 2244 2916 2296
capacitor 2839 2222 2887 2269
capacitor 2813 2193 2863 2238
capacitor 2973 2448 3026 2502
capacitor 2950 2425 3000 2472
capacitor 2923 2396 2975 2445
capacitor 2895 2371 2946 2421
capacitor 2870 2344 2926 2394
capacitor 2846 2318 2897 2371
capacitor 2817 2292 2869 2344
capacitor 2796 2271 2842 2314
capacitor 2769 2245 2813 2290
capacitor 2209 1604 2267 1664
capacitor 2185 1582 2235 1632
capacitor 2157 1552 2212 1607
capacitor 2134 1529 2184 1577
capacitor 2107 1501 2155 1552
capacitor 2075 1474 2130 1529
capacitor 2049 1447 2102 1504
capacitor 2022 1422 2075 1476
capacitor 1992 1391 2054 1447
capacitor 1975 1366 2027 1414
capacitor 1952 1336 2002 1386
capacitor 1927 1312 1975 1361
capacitor 2164 1656 2219 1709
capacitor 2135 1627 2190 1677
capacitor 2110 1601 2164 1654
capacitor 2082 1572 2139 1629
capacitor 2054 1551 2109 1604
capacitor 2032 1522 2087 1574
capacitor 2004 1496 2057 1549
capacitor 1977 1466 2032 1522
capacitor 1950 1441 2010 1494
capacitor 1924 1417 1972 1464
capacitor 1895 1391 1945 1446
capacitor 1865 1362 1920 1424
capacitor 2807 1626 2864 1682
capacitor 2839 1599 2892 1657
capacitor 2864 1574 2917 1627
capacitor 2890 1551 2947 1604
capacitor 2915 1517 2967 1576
capacitor 2952 1492 3004 1549
capacitor 2972 1467 3029 1519
capacitor 3004 1441 3055 1492
capacitor 3029 1411 3084 1471
capacitor 2984 1367 3032 1421
capacitor 2952 1391 3004 1447
capacitor 2922 1421 2977 1474
capacitor 2894 1447 2945 1504
capacitor 2872 1476 2930 1531
capacitor 2844 1501 2899 1554
capacitor 2817 1526 2874 1582
capacitor 2792 1551 2840 1604
capacitor 2762 1576 2819 1632
capacitor 2730 1607 2794 1659
capacitor 1870 2454 1920 2509
capacitor 1899 2431 1945 2482
capacitor 1922 2404 1969 2457
capacitor 1949 2372 1997 2429
capacitor 1979 2346 2025 2401
capacitor 2007 2322 2057 2374
capacitor 2030 2296 2087 2352
capacitor 2059 2271 2112 2324
capacitor 2087 2241 2135 2297
capacitor 2110 2216 2162 2271
capacitor 2140 2189 2190 2246
capacitor 2160 2162 2219 2221
capacitor 1925 2509 1982 2567
capacitor 1957 2484 2002 2539
capacitor 1980 2456 2025 2506
capacitor 1999 2422 2054 2482
capacitor 2029 2397 2079 2451
capacitor 2059 2371 2105 2427
capacitor 2077 2342 2127 2391
capacitor 2105 2321 2154 2366
capacitor 2129 2291 2182 2342
capacitor 2159 2266 2207 2314
capacitor 2185 2232 2237 2294
capacitor 2209 2204 2267 2266
ic 2280 2776 2468 2962
heatsink 2241 1662 2858 2287
connector 402 3232 562 3376
text 4349 3467 4398 3689
text 4352 3411 4420 3445
text 4355 3367 4418 3405
text 4356 3327 4418 3360
text 4355 3286 4418 3316
text 4360 3243 4418 3274
text 4307 3280 4344 3317
text 4389 3049 4420 3113
text 4478 3001 4590 3039
text 4320 2996 4373 3035
text 4183 2996 4246 3028
text 4034 2997 4114 3033
text 4097 3287 4137 3307
text 4020 3650 4088 3685
text 3979 3517 4068 3546
text 4000 3484 4089 3515
text 3990 3411 4072 3442
text 4035 3275 4069 3364
text 3888 3221 3954 3253
text 3983 3063 4021 3203
text 3843 3170 3947 3205
text 3627 3640 3735 3679
text 3690 3567 3749 3600
text 3663 3484 3751 3517
text 3649 3399 3676 3485
text 3617 3400 3648 3488
text 3678 3323 3711 3400
text 3576 3286 3662 3317
text 3574 3253 3663 3285
text 3404 3321 3594 3358
text 3362 3634 3396 3676
text 3211 3328 3289 3363
text 3113 3630 3143 3678
text 3071 3180 3143 3214
text 3524 3014 3553 3079
text 3482 3004 3510 3092
text 3451 3003 3479 3093
text 3420 3004 3447 3091
text 3387 3003 3416 3091
text 3354 3005 3383 3091
text 3324 3005 3351 3091
text 3563 2919 3647 2950
text 3561 2889 3647 2919
text 3583 2836 3669 2866
text 3229 2899 3260 2979
text 3198 2898 3227 2980
text 3204 2825 3289 2855
text 3165 2899 3197 2986
text 3166 2806 3196 2892
text 3077 2750 3164 2785
text 3079 2647 3165 2678
text 3078 2905 3107 2969
text 2853 3323 3065 3359
text 2864 3632 2896 3680
text 2636 3323 2823 3360
text 2608 3635 2640 3678
text 2479 2961 2566 2994
text 2498 2889 2565 2920
text 2501 2784 2565 2814
text 2151 2973 2205 3005
text 2119 2870 2186 2901
text 2101 2837 2186 2869
text 2118 2806 2187 2838
text 2119 2752 2187 2786
text 2092 3342 2123 3429
text 2051 3343 2080 3410
text 2018 3343 2047 3409
text 1984 3341 2018 3427
text 1907 3414 1953 3447
text 1714 3358 1818 3438
text 1625 3350 1660 3440
text 1518 3362 1551 3437
text 1534 3312 1595 3345
text 1528 3280 1595 3311
text 1387 3261 1455 3292
text 1396 3231 1455 3261
text 1325 3198 1390 3228
text 1387 3156 1455 3187
text 1388 3124 1456 3153
text 1389 2975 1455 3009
text 1397 2935 1456 2967
text 1296 3295 1358 3323
text 953 3304 1042 3340
text 694 2905 999 2941
text 421 2905 471 2941
text 435 3490 527 3523
text 559 3411 595 3479
text 498 3386 548 3414
text 396 3386 489 3416
text 565 3312 596 3361
text 562 3230 596 3303
text 378 3306 411 3375
text 381 3234 411 3303
text 4450 2687 4509 2720
text 4387 2784 4423 2898
text 4308 2948 4397 2978
text 4221 2918 4291 2950
text 4309 2845 4385 2877
text 4302 2816 4386 2846
text 4307 2714 4385 2745
text 4224 2719 4291 2751
text 4184 2783 4223 2882
text 4028 2902 4077 2937
text 3879 2837 3911 2925
text 3881 2632 3911 2717
text 3822 2717 3852 2811
text 3829 2877 3857 2965
text 3728 2837 3806 2866
text 3719 2726 3807 2755
text 3638 2741 3696 2774
text 3586 2515 3771 2590
text 3414 2560 3460 2596
text 2960 2789 2992 2853
text 2886 2741 2992 2779
text 2789 2741 2871 2780
text 2469 2710 2533 2743
text 2403 2733 2465 2763
text 2357 2617 2386 2683
text 2303 2616 2333 2682
text 2212 2572 2253 2683
text 2110 2641 2129 2684
text 2122 2511 2205 2544
text 2051 2805 2081 2876
text 2019 2805 2048 2877
text 1976 2561 2051 2630
text 1869 2805 1900 2878
text 1662 2854 1726 2885
text 1497 2851 1532 2929
text 1414 2850 1446 2934
text 1332 2847 1367 2919
text 1250 2849 1281 2920
text 1164 2850 1197 2918
text 1047 2786 1132 2827
text 1050 2718 1132 2760
text 1045 2650 1131 2689
text 1497 2521 1536 2628
text 1410 2522 1452 2629
text 1335 2521 1373 2628
text 1246 2521 1288 2628
text 1163 2523 1200 2629
text 4347 2568 4427 2608
text 4385 2293 4423 2487
text 4455 2260 4519 2294
text 4350 2199 4430 2241
text 3856 2100 3995 2139
text 3944 2145 3978 2235
text 3736 2241 3823 2278
text 3735 2206 3824 2238
text 3737 2170 3823 2200
text 3737 2132 3823 2163
text 3743 2096 3825 2128
text 3735 2059 3824 2093
text 3737 2023 3824 2053
text 3736 1985 3825 2018
text 3740 1949 3824 1980
text 3747 1901 3824 1932
text 3737 1865 3824 1898
text 3736 1829 3825 1859
text 3737 1789 3823 1823
text 3738 1754 3823 1787
text 3739 1718 3824 1750
text 3738 1681 3825 1714
text 3739 1645 3827 1675
text 3746 1607 3825 1638
text 3513 1928 3598 1962
text 3513 1596 3600 1630
text 3546 2375 3578 2457
text 3506 2372 3538 2459
text 3472 2372 3502 2457
text 3435 2374 3465 2452
text 3398 2370 3427 2459
text 3361 2375 3392 2459
text 3323 2373 3354 2459
text 3287 2373 3318 2459
text 3251 2374 3280 2458
text 3069 2330 3144 2405
text 3047 2305 3118 2378
text 3023 2281 3095 2354
text 2990 2256 3060 2332
text 2966 2229 3035 2304
text 2938 2211 3007 2282
text 2913 2180 2980 2255
text 2891 2156 2956 2222
text 2867 2135 2930 2203
text 2841 2105 2905 2175
text 2905 2495 2978 2569
text 2887 2468 2955 2541
text 2860 2439 2931 2511
text 2832 2413 2904 2492
text 2800 2387 2877 2465
text 2778 2361 2851 2437
text 2746 2339 2828 2410
text 2728 2314 2799 2378
text 2699 2285 2774 2358
text 2674 2277 2729 2334
text 2373 2469 2462 2503
text 2373 2431 2461 2463
text 2382 2396 2461 2428
text 2374 2359 2459 2390
text 2374 2322 2460 2355
text 1996 2527 2073 2604
text 2024 2504 2092 2571
text 2044 2468 2114 2540
text 2074 2442 2141 2515
text 2095 2415 2169 2487
text 2123 2384 2199 2462
text 2149 2361 2226 2439
text 2176 2335 2253 2409
text 2202 2307 2277 2383
text 2230 2291 2304 2356
text 2272 2270 2330 2331
text 1802 2387 1877 2463
text 1831 2359 1903 2435
text 1857 2333 1931 2414
text 1889 2309 1961 2386
text 1921 2286 1987 2356
text 1940 2259 2014 2331
text 1967 2230 2039 2306
text 1995 2204 2066 2278
text 2019 2184 2093 2252
text 2044 2150 2121 2226
text 2072 2123 2146 2200
text 2100 2097 2173 2173
text 1464 2276 1759 2314
text 1133 2369 1588 2442
text 1140 2319 1573 2356
text 4222 2086 4304 2124
text 4222 2021 4302 2060
text 4223 1953 4304 1991
text 4221 1882 4303 1924
text 4222 1820 4305 1861
text 4230 1747 4304 1786
text 4297 1696 4318 1732
text 4387 1694 4449 1725
text 4493 1620 4554 1654
text 4361 1559 4470 1591
text 3139 1982 3169 2064
text 3105 1980 3133 2067
text 3067 1981 3098 2059
text 3030 1978 3061 2061
text 2994 1978 3023 2061
text 2956 1975 2988 2062
text 2921 1976 2949 2061
text 2883 1978 2912 2064
text 2849 1981 2877 2063
text 3548 1413 3579 1496
text 3513 1413 3540 1499
text 3476 1413 3504 1500
text 3438 1410 3467 1499
text 3400 1411 3431 1502
text 3364 1412 3394 1499
text 3327 1412 3357 1500
text 3289 1410 3319 1499
text 3252 1411 3284 1501
text 3078 1461 3147 1535
text 3051 1486 3123 1562
text 3023 1512 3096 1589
text 2996 1540 3072 1617
text 2963 1569 3039 1641
text 2933 1591 3008 1664
text 2908 1617 2982 1688
text 2883 1644 2954 1714
text 2854 1669 2922 1742
text 2844 1713 2896 1774
text 2669 1540 2743 1616
text 2700 1513 2777 1589
text 2733 1492 2800 1564
text 2754 1459 2828 1537
text 2779 1433 2853 1510
text 2809 1410 2880 1484
text 2832 1382 2907 1458
text 2860 1356 2931 1432
text 2883 1333 2957 1404
text 2914 1303 2985 1376
text 2379 1600 2464 1636
text 2374 1564 2463 1595
text 2382 1526 2463 1560
text 2376 1491 2464 1521
text 2376 1453 2465 1487
text 2375 1418 2463 1449
text 2375 1380 2463 1411
text 2376 1341 2465 1374
text 2377 1305 2463 1338
text 2376 1269 2463 1299
text 2377 1231 2465 1263
text 2253 1545 2324 1617
text 2230 1517 2301 1590
text 2205 1493 2277 1566
text 2174 1460 2250 1543
text 2150 1437 2226 1515
text 2125 1413 2197 1488
text 2096 1387 2170 1465
text 2070 1359 2143 1439
text 2048 1334 2117 1409
text 2023 1298 2096 1373
text 1995 1273 2069 1351
text 1967 1246 2044 1325
text 2098 1694 2170 1777
text 2079 1675 2144 1750
text 2046 1648 2118 1720
text 2019 1619 2093 1693
text 1992 1596 2063 1669
text 1970 1566 2040 1638
text 1936 1540 2014 1615
text 1911 1513 1983 1588
text 1885 1487 1958 1563
text 1854 1469 1927 1542
text 1826 1441 1901 1520
text 1804 1411 1873 1490
text 2166 1974 2195 2059
text 2129 1975 2159 2060
text 2089 1974 2120 2048
text 2052 1973 2086 2058
text 2018 1974 2047 2058
text 1981 1974 2010 2055
text 1943 1973 1975 2058
text 1905 1973 1936 2053
text 1867 1978 1899 2065
text 1832 1978 1863 2066
text 1794 1978 1824 2066
text 1497 1831 1747 1872
text 1269 1910 1499 1963
text 1074 1829 1215 1872
text 995 1887 1033 2087
text 4224 1480 4308 1517
text 4225 1417 4309 1455
text 4178 1347 4311 1387
text 4180 1277 4312 1317
text 4176 1208 4306 1248
text 4179 1143 4308 1183
text 4303 1096 4321 1129
text 4386 1080 4447 1116
text 4439 1013 4485 1044
text 4346 950 4428 987
text 3135 1193 3705 1307
text 3033 1050 3706 1123
text 4030 941 4123 972
text 3761 941 3852 975
text 2847 1004 2948 1037
text 1293 1533 1474 1682
text 1096 1369 1496 1479
text 754 1188 781 1225
text 635 1131 676 1163
text 4229 874 4312 914
text 4228 812 4313 850
text 4172 741 4314 783
text 4179 668 4313 716
text 4180 603 4312 650
text 4184 536 4314 579
text 4396 480 4456 511
text 4349 473 4369 512
text 4269 456 4306 540
text 4200 460 4236 540
text 4130 460 4170 544
text 4065 459 4105 546
text 3996 460 4034 536
text 3977 641 4088 681
text 3679 641 3841 683
text 3951 399 3971 442
text 3911 329 3970 369
text 3733 463 3772 545
text 3663 460 3701 546
text 3595 460 3632 544
text 3523 462 3564 547
text 3461 461 3500 548
text 3390 461 3431 537
text 3393 783 3504 827
text 3489 716 3578 748
text 3347 402 3368 443
text 3305 332 3364 367
text 3244 595 3315 627
text 3229 556 3325 589
text 3228 509 3297 541
text 3110 508 3208 544
text 3032 594 3101 627
text 3023 554 3118 591
text 3025 508 3096 542
text 2914 510 3011 541
text 2835 594 2905 628
text 2822 556 2921 591
text 2825 507 2894 544
text 2713 509 2810 543
text 2633 590 2704 626
text 2620 554 2721 589
text 2624 509 2693 542
text 2510 506 2608 541
text 2433 591 2502 628
text 2417 555 2511 589
text 2422 509 2491 543
text 2310 508 2405 541
text 2227 589 2301 626
text 2214 550 2318 588
text 2296 783 2405 825
text 2244 717 2317 753
text 2220 508 2290 543
text 2106 505 2210 539
text 2018 939 2112 971
text 2082 644 2158 684
text 1953 639 2061 678
text 2021 591 2091 624
text 2011 551 2110 587
text 2032 505 2093 541
text 1905 504 2008 540
text 1751 937 1845 972
text 1806 643 1890 680
text 1687 641 1789 675
text 1825 590 1898 623
text 1812 551 1913 586
text 1813 505 1887 538
text 1703 502 1804 539
text 1480 900 1597 941
text 1454 855 1623 899
text 1389 740 1434 820
text 1322 732 1366 818
text 1258 732 1297 819
text 1165 877 1232 915
text 1280 623 1376 658
text 1116 618 1217 653
text 1367 314 1560 379
text 1374 241 1551 305
text 1200 243 1352 304
text 972 855 1074 896
text 816 855 923 894
text 974 616 1067 650
text 809 617 912 646
text 970 376 1066 412
text 811 376 915 413
text 662 618 761 654
text 505 615 610 654
text 415 629 502 672
text 452 759 498 796
text 672 805 723 975
text 605 966 676 1005
text 505 801 546 970
text 432 965 503 1002
component 3963 2757 4033 2860
component 3500 2830 3555 2879
component 3356 2827 3389 2853
component 3211 2742 3263 2787
component 1681 2996 1854 3229
connector 1480 2789 1560 2848
connector 1394 2634 1469 2716
connector 1310 2632 1389 2710
connector 1223 2793 1307 2845
connector 1139 2797 1221 2849
component 3388 2671 3479 2740
component 3212 2634 3265 2675
connector 1377 820 1450 966
connector 1238 822 1302 964
