connector 1340 462 1524 920
connector 1594 206 1846 638
connector 1960 244 2199 424
connector 2346 194 2544 590
connector 2594 194 2796 590
connector 2844 194 3052 592
connector 3098 192 3296 594
connector 3346 212 3802 946
connector 3972 208 4400 506
connector 4507 37 5353 645
connector 5394 474 5544 550
connector 4652 746 5558 1010
connector 5196 1247 5586 2790
connector 5446 3010 5532 3157
connector 5272 3005 5352 3153
connector 5447 3211 5532 3296
button 4882 3117 5134 3312
button 4881 3353 5136 3548
button 4881 3593 5141 3795
button 4576 3348 4831 3547
button 5191 3358 5449 3555
switch 4071 3470 4242 3808
switch 3871 3467 4039 3805
switch 3669 3463 3836 3807
switch 3466 3468 3631 3803
switch 3264 3465 3429 3805
switch 3059 3460 3229 3803
switch 2859 3460 3027 3803
switch 2659 3463 2822 3802
connector 2161 3508 2579 3885
connector 1549 3505 1977 3886
connector 1242 3028 1627 3458
connector 1520 2895 1597 2977
connector 1247 2428 1632 2845
jumper 1446 2293 1607 2370
connector 1247 1820 1637 2237
connector 1372 1713 1514 1787
connector 1321 1445 1491 1673
jumper 1356 1332 1512 1420
connector 1317 1005 1500 1244
switch 1556 735 1917 927
capacitor 1947 448 2012 482
capacitor 2017 450 2069 480
capacitor 2126 445 2192 483
resistor 1894 488 1959 523
capacitor 2196 503 2229 563
capacitor 2231 503 2264 565
capacitor 2196 579 2231 646
capacitor 1920 620 1956 683
capacitor 2211 646 2271 678
capacitor 2211 678 2271 712
capacitor 1974 706 1990 742
connector 1980 792 2121 865
connector 2804 605 2879 742
resistor 3827 626 3863 689
capacitor 3863 628 3897 690
capacitor 3897 626 3931 692
resistor 3929 628 3963 692
ic 3962 636 4403 1077
resistor 4324 538 4360 605
pads 4361 532 4394 603
capacitor 4419 615 4484 652
capacitor 4420 656 4486 690
capacitor 4420 690 4486 728
capacitor 4423 738 4484 770
capacitor 4489 738 4554 772
capacitor 4421 779 4484 808
capacitor 4423 810 4487 848
capacitor 4424 959 4484 995
capacitor 4421 998 4486 1033
jumper 4731 1167 4812 1326
jumper 4634 1170 4724 1326
jumper 4559 1113 4633 1256
jumper 4480 1106 4558 1251
jumper 4386 1170 4474 1326
capacitor 4014 1088 4049 1150
capacitor 3976 1088 4013 1150
capacitor 3940 1090 3971 1148
capacitor 3694 1066 3754 1100
resistor 3694 1102 3754 1133
capacitor 3694 1135 3754 1168
capacitor 3693 1182 3753 1209
capacitor 3609 1215 3646 1280
capacitor 3559 1215 3594 1278
capacitor 3413 1182 3474 1218
capacitor 3380 1110 3443 1142
capacitor 3381 1079 3444 1113
resistor 3399 1002 3460 1033
connector 3740 1273 3810 1409
connector 2997 1106 3136 1180
resistor 2837 929 2874 993
electrolytic 2660 1269 2753 1349
electrolytic 2660 1162 2759 1239
electrolytic 2374 1073 2477 1158
inductor 2384 1162 2643 1365
capacitor 2616 1092 2651 1153
resistor 2540 1103 2607 1148
capacitor 2647 1026 2677 1091
resistor 2614 1030 2643 1090
pads 2583 1030 2613 1093
resistor 2597 968 2629 1028
resistor 2535 966 2562 1025
resistor 2432 966 2465 1028
capacitor 2564 964 2598 1029
capacitor 2502 964 2537 1028
capacitor 2465 966 2499 1028
diode 2389 958 2427 1038
capacitor 2398 1045 2460 1074
ic 2497 1035 2543 1085
capacitor 2117 1024 2155 1088
pads 2145 1133 2208 1166
capacitor 2148 1168 2208 1199
resistor 2065 1183 2090 1241
resistor 2034 1128 2068 1186
capacitor 2033 1185 2067 1244
inductor 1858 1075 2024 1245
capacitor 1659 1169 1718 1204
capacitor 1657 1051 1719 1089
resistor 1563 1018 1624 1051
resistor 1562 1185 1622 1220
led 1564 1059 1629 1085
led 1568 1151 1635 1181
ic 1670 1101 1704 1156
led 2002 1745 2030 1808
connector 2244 1230 2322 1372
capacitor 2216 1687 2274 1723
capacitor 2214 1730 2274 1757
capacitor 2216 1947 2272 1980
capacitor 2217 1908 2274 1943
capacitor 2214 1872 2274 1907
capacitor 2212 1837 2274 1870
capacitor 2212 1800 2274 1835
capacitor 2214 1760 2274 1797
capacitor 2212 1983 2276 2020
capacitor 2211 2027 2272 2065
capacitor 2212 2067 2272 2102
capacitor 2212 2102 2274 2137
capacitor 2214 2138 2272 2173
capacitor 2211 2178 2272 2208
capacitor 2212 2212 2274 2248
capacitor 2212 2252 2274 2287
capacitor 2214 2288 2272 2322
capacitor 2211 2323 2272 2358
capacitor 2371 1592 2404 1658
capacitor 2407 1593 2440 1656
capacitor 2447 1596 2476 1655
capacitor 2481 1598 2513 1659
capacitor 2514 1593 2551 1659
capacitor 2554 1595 2589 1659
capacitor 2591 1595 2624 1655
capacitor 2627 1593 2663 1656
capacitor 2664 1595 2697 1658
capacitor 2367 2399 2401 2462
capacitor 2404 2398 2439 2463
capacitor 2441 2396 2474 2460
capacitor 2477 2396 2513 2463
capacitor 2517 2398 2550 2459
capacitor 2551 2396 2584 2462
capacitor 2586 2396 2623 2460
capacitor 2624 2395 2660 2460
capacitor 2661 2396 2696 2460
jumper 4564 2998 4643 3146
led 4137 3342 4169 3402
led 3934 3340 3969 3405
led 3734 3340 3764 3399
led 3531 3340 3560 3402
led 3330 3339 3359 3400
led 3127 3339 3159 3399
led 2924 3336 2956 3398
led 2726 3339 2754 3398
led 2406 3126 2439 3192
button 2097 3030 2284 3276
button 1826 3032 2016 3278
led 3657 3126 3690 3186
button 3793 3036 3979 3279
button 4060 3038 4246 3284
capacitor 3413 1463 3471 1496
capacitor 3414 1499 3474 1532
capacitor 3414 1535 3474 1570
capacitor 3416 1573 3473 1606
capacitor 3414 1613 3474 1643
capacitor 3414 2328 3474 2360
capacitor 3413 2363 3476 2400
capacitor 3413 2403 3476 2438
capacitor 3413 2439 3474 2476
capacitor 3414 2475 3474 2513
capacitor 3413 2513 3474 2549
capacitor 3414 2548 3474 2583
capacitor 3416 2582 3476 2624
capacitor 3416 2620 3478 2662
capacitor 3410 2660 3476 2700
capacitor 3414 2696 3476 2736
capacitor 2772 1992 2807 2057
capacitor 2807 1988 2842 2058
capacitor 2844 1987 2882 2062
capacitor 2887 1990 2921 2052
capacitor 2922 1990 2957 2055
capacitor 2959 1990 2994 2058
capacitor 2997 1990 3032 2057
capacitor 3034 1992 3064 2058
capacitor 3074 1998 3099 2053
capacitor 3751 1992 3783 2055
capacitor 3784 1992 3821 2056
capacitor 3823 1992 3859 2056
capacitor 3860 1992 3896 2056
capacitor 3897 1990 3933 2056
capacitor 3933 1995 3970 2055
capacitor 3969 1995 4006 2056
capacitor 4046 1992 4076 2055
capacitor 4083 1995 4117 2055
capacitor 4121 1993 4151 2055
display 2571 2972 3487 3312
ic 2354 1730 2726 1986
ic 2352 2056 2724 2320
capacitor 2867 1513 2920 1566
capacitor 2894 1542 2946 1592
capacitor 2920 1570 2969 1619
capacitor 2953 1588 3000 1640
capacitor 2976 1613 3029 1666
capacitor 3007 1640 3054 1690
capacitor 3030 1668 3080 1720
capacitor 3059 1695 3107 1742
capacitor 3083 1726 3133 1771
capacitor 2920 1462 2973 1516
capacitor 2946 1492 2996 1539
capacitor 2971 1519 3023 1568
capacitor 3000 1543 3051 1593
capacitor 3020 1570 3076 1620
capacitor 3049 1593 3100 1646
capacitor 3077 1620 3129 1672
capacitor 3104 1650 3150 1693
capacitor 3133 1674 3177 1719
capacitor 3679 2300 3737 2360
capacitor 3711 2332 3761 2382
capacitor 3734 2357 3789 2412
capacitor 3762 2387 3812 2435
capacitor 3791 2412 3839 2463
capacitor 3816 2435 3871 2490
capacitor 3844 2460 3897 2517
capacitor 3871 2488 3924 2542
capacitor 3892 2517 3954 2573
capacitor 3919 2550 3971 2598
capacitor 3944 2578 3994 2628
capacitor 3971 2603 4019 2652
capacitor 3727 2255 3782 2308
capacitor 3756 2287 3811 2337
capacitor 3782 2310 3836 2363
capacitor 3807 2335 3864 2392
capacitor 3837 2360 3892 2413
capacitor 3859 2390 3914 2442
capacitor 3889 2415 3942 2468
capacitor 3914 2442 3969 2498
capacitor 3936 2470 3996 2523
capacitor 3974 2500 4022 2547
capacitor 4001 2518 4051 2573
capacitor 4026 2540 4081 2602
capacitor 3082 2282 3139 2338
capacitor 3054 2307 3107 2365
capacitor 3029 2337 3082 2390
capacitor 2999 2360 3056 2413
capacitor 2979 2388 3031 2447
capacitor 2942 2415 2994 2472
capacitor 2917 2445 2974 2497
capacitor 2891 2472 2942 2523
capacitor 2862 2493 2917 2553
capacitor 2914 2543 2962 2597
capacitor 2942 2517 2994 2573
capacitor 2969 2490 3024 2543
capacitor 3001 2460 3052 2517
capacitor 3016 2433 3074 2488
capacitor 3047 2410 3102 2463
capacitor 3072 2382 3129 2438
capacitor 3106 2360 3154 2413
capacitor 3127 2332 3184 2388
capacitor 3152 2305 3216 2357
capacitor 4026 1455 4076 1510
capacitor 4001 1482 4047 1533
capacitor 3977 1507 4024 1560
capacitor 3949 1535 3997 1592
capacitor 3921 1563 3967 1618
capacitor 3889 1590 3939 1642
capacitor 3859 1612 3916 1668
capacitor 3834 1640 3887 1693
capacitor 3811 1667 3859 1723
capacitor 3784 1693 3836 1748
capacitor 3756 1718 3806 1775
capacitor 3727 1743 3786 1802
capacitor 3964 1397 4021 1455
capacitor 3944 1425 3989 1480
capacitor 3921 1458 3966 1508
capacitor 3892 1482 3947 1542
capacitor 3867 1513 3917 1567
capacitor 3841 1537 3887 1593
capacitor 3819 1573 3869 1622
capacitor 3792 1598 3841 1643
capacitor 3764 1622 3817 1673
capacitor 3739 1650 3787 1698
capacitor 3709 1670 3761 1732
capacitor 3679 1698 3737 1760
ic 3478 1002 3666 1188
heatsink 3088 1677 3705 2302
connector 5384 588 5544 732
text 1548 275 1597 497
text 1526 519 1594 553
text 1528 559 1591 597
text 1528 604 1590 637
text 1528 648 1591 678
text 1528 690 1586 721
text 1602 647 1639 684
text 1526 851 1557 915
text 1356 925 1468 963
text 1573 929 1626 968
text 1700 936 1763 968
text 1832 931 1912 967
text 1809 657 1849 677
text 1858 279 1926 314
text 1878 418 1967 447
text 1857 449 1946 480
text 1874 522 1956 553
text 1877 600 1911 689
text 1992 711 2058 743
text 1925 761 1963 901
text 1999 759 2103 794
text 2211 285 2319 324
text 2197 364 2256 397
text 2195 447 2283 480
text 2270 479 2297 565
text 2298 476 2329 564
text 2235 564 2268 641
text 2284 647 2370 678
text 2283 679 2372 711
text 2352 606 2542 643
text 2550 288 2584 330
text 2657 601 2735 636
text 2803 286 2833 334
text 2803 750 2875 784
text 2393 885 2422 950
text 2436 872 2464 960
text 2467 871 2495 961
text 2499 873 2526 960
text 2530 873 2559 961
text 2563 873 2592 959
text 2595 873 2622 959
text 2299 1014 2383 1045
text 2299 1045 2385 1075
text 2277 1098 2363 1128
text 2686 985 2717 1065
text 2719 984 2748 1066
text 2657 1109 2742 1139
text 2749 978 2781 1065
text 2750 1072 2780 1158
text 2782 1179 2869 1214
text 2781 1286 2867 1317
text 2839 995 2868 1059
text 2881 605 3093 641
text 3050 284 3082 332
text 3123 604 3310 641
text 3306 286 3338 329
text 3380 970 3467 1003
text 3381 1044 3448 1075
text 3381 1150 3445 1180
text 3741 959 3795 991
text 3760 1063 3827 1094
text 3760 1095 3845 1127
text 3759 1126 3828 1158
text 3759 1178 3827 1212
text 3823 535 3854 622
text 3866 554 3895 621
text 3899 555 3928 621
text 3928 537 3962 623
text 3993 517 4039 550
text 4128 526 4232 606
text 4286 524 4321 614
text 4395 527 4428 602
text 4351 619 4412 652
text 4351 653 4418 684
text 4491 672 4559 703
text 4491 703 4550 733
text 4556 736 4621 766
text 4491 777 4559 808
text 4490 811 4558 840
text 4491 955 4557 989
text 4490 997 4549 1029
text 4588 641 4650 669
text 4904 624 4993 660
text 4947 1023 5252 1059
text 5475 1023 5525 1059
text 5419 441 5511 474
text 5351 485 5387 553
text 5398 550 5448 578
text 5457 548 5550 578
text 5350 603 5381 652
text 5350 661 5384 734
text 5535 589 5568 658
text 5535 661 5565 730
text 1437 1244 1496 1277
text 1523 1066 1559 1180
text 1549 986 1638 1016
text 1655 1014 1725 1046
text 1561 1087 1637 1119
text 1560 1118 1644 1148
text 1561 1219 1639 1250
text 1655 1213 1722 1245
text 1723 1082 1762 1181
text 1869 1027 1918 1062
text 2035 1039 2067 1127
text 2035 1247 2065 1332
text 2094 1153 2124 1247
text 2089 999 2117 1087
text 2140 1098 2218 1127
text 2139 1209 2227 1238
text 2250 1190 2308 1223
text 2175 1374 2360 1449
text 2486 1368 2532 1404
text 2954 1111 2986 1175
text 2954 1185 3060 1223
text 3075 1184 3157 1223
text 3413 1221 3477 1254
text 3481 1201 3543 1231
text 3560 1281 3589 1347
text 3613 1282 3643 1348
text 3693 1281 3734 1392
text 3817 1280 3836 1323
text 3741 1420 3824 1453
text 3865 1088 3895 1159
text 3898 1087 3927 1159
text 3895 1334 3970 1403
text 4046 1086 4077 1159
text 4220 1079 4284 1110
text 4414 1035 4449 1113
text 4500 1030 4532 1114
text 4579 1045 4614 1117
text 4665 1044 4696 1115
text 4749 1046 4782 1114
text 4814 1137 4899 1178
text 4814 1204 4896 1246
text 4815 1275 4901 1314
text 4410 1336 4449 1443
text 4494 1335 4536 1442
text 4573 1336 4611 1443
text 4658 1336 4700 1443
text 4746 1335 4783 1441
text 1519 1356 1599 1396
text 1523 1477 1561 1671
text 1427 1670 1491 1704
text 1516 1723 1596 1765
text 1951 1825 2090 1864
text 1968 1729 2002 1819
text 2123 1686 2210 1723
text 2122 1726 2211 1758
text 2123 1764 2209 1794
text 2123 1801 2209 1832
text 2121 1836 2203 1868
text 2122 1871 2211 1905
text 2122 1911 2209 1941
text 2121 1946 2210 1979
text 2122 1984 2206 2015
text 2122 2032 2199 2063
text 2122 2066 2209 2099
text 2121 2105 2210 2135
text 2123 2141 2209 2175
text 2123 2177 2208 2210
text 2122 2214 2207 2246
text 2121 2250 2208 2283
text 2119 2289 2207 2319
text 2121 2326 2200 2357
text 2348 2002 2433 2036
text 2346 2334 2433 2368
text 2368 1507 2400 1589
text 2408 1505 2440 1592
text 2444 1507 2474 1592
text 2481 1512 2511 1590
text 2519 1505 2548 1594
text 2554 1505 2585 1589
text 2592 1505 2623 1591
text 2628 1505 2659 1591
text 2666 1506 2695 1590
text 2802 1559 2877 1634
text 2828 1586 2899 1659
text 2851 1610 2923 1683
text 2886 1632 2956 1708
text 2911 1660 2980 1735
text 2939 1682 3008 1753
text 2966 1709 3033 1784
text 2990 1742 3055 1808
text 3016 1761 3079 1829
text 3041 1789 3105 1859
text 2968 1395 3041 1469
text 2991 1423 3059 1496
text 3015 1453 3086 1525
text 3042 1472 3114 1551
text 3069 1499 3146 1577
text 3095 1527 3168 1603
text 3118 1554 3200 1625
text 3147 1586 3218 1650
text 3172 1606 3247 1679
text 3217 1630 3272 1687
text 3484 1461 3573 1495
text 3485 1501 3573 1533
text 3485 1536 3564 1568
text 3487 1574 3572 1605
text 3486 1609 3572 1642
text 3873 1360 3950 1437
text 3854 1393 3922 1460
text 3832 1424 3902 1496
text 3805 1449 3872 1522
text 3777 1477 3851 1549
text 3747 1502 3823 1580
text 3720 1525 3797 1603
text 3693 1555 3770 1629
text 3669 1581 3744 1657
text 3642 1608 3716 1673
text 3616 1633 3674 1694
text 4069 1501 4144 1577
text 4043 1529 4115 1605
text 4015 1550 4089 1631
text 3985 1578 4057 1655
text 3959 1608 4025 1678
text 3932 1633 4006 1705
text 3907 1658 3979 1734
text 3880 1686 3951 1760
text 3853 1712 3927 1780
text 3825 1738 3902 1814
text 3800 1764 3874 1841
text 3773 1791 3846 1867
text 4187 1650 4482 1688
text 4358 1522 4813 1595
text 4373 1608 4806 1645
text 1642 1840 1724 1878
text 1644 1904 1724 1943
text 1642 1973 1723 2011
text 1643 2040 1725 2082
text 1641 2103 1724 2144
text 1642 2178 1716 2217
text 1628 2232 1649 2268
text 1497 2239 1559 2270
text 1392 2310 1453 2344
text 1476 2373 1585 2405
text 2777 1900 2807 1982
text 2813 1897 2841 1984
text 2848 1905 2879 1983
text 2885 1903 2916 1986
text 2923 1903 2952 1986
text 2958 1902 2990 1989
text 2997 1903 3025 1988
text 3034 1900 3063 1986
text 3069 1901 3097 1983
text 2367 2468 2398 2551
text 2406 2465 2433 2551
text 2442 2464 2470 2551
text 2479 2465 2508 2554
text 2515 2462 2546 2553
text 2552 2465 2582 2552
text 2589 2464 2619 2552
text 2627 2465 2657 2554
text 2662 2463 2694 2553
text 2799 2429 2868 2503
text 2823 2402 2895 2478
text 2850 2375 2923 2452
text 2874 2347 2950 2424
text 2907 2323 2983 2395
text 2938 2300 3013 2373
text 2964 2276 3038 2347
text 2992 2250 3063 2320
text 3024 2222 3092 2295
text 3050 2190 3102 2251
text 3203 2348 3277 2424
text 3169 2375 3246 2451
text 3146 2400 3213 2472
text 3118 2427 3192 2505
text 3093 2454 3167 2531
text 3066 2480 3137 2554
text 3039 2506 3114 2582
text 3015 2532 3086 2608
text 2989 2560 3063 2631
text 2961 2588 3032 2661
text 3482 2328 3567 2364
text 3483 2369 3572 2400
text 3483 2404 3564 2438
text 3482 2443 3570 2473
text 3481 2477 3570 2511
text 3483 2515 3571 2546
text 3483 2553 3571 2584
text 3481 2590 3570 2623
text 3483 2626 3569 2659
text 3483 2665 3570 2695
text 3481 2701 3569 2733
text 3622 2347 3693 2419
text 3645 2374 3716 2447
text 3669 2398 3741 2471
text 3696 2421 3772 2504
text 3720 2449 3796 2527
text 3749 2476 3821 2551
text 3776 2499 3850 2577
text 3803 2525 3876 2605
text 3829 2555 3898 2630
text 3850 2591 3923 2666
text 3877 2613 3951 2691
text 3902 2639 3979 2718
text 3776 2187 3848 2270
text 3802 2214 3867 2289
text 3828 2244 3900 2316
text 3853 2271 3927 2345
text 3883 2295 3954 2368
text 3906 2326 3976 2398
text 3932 2349 4010 2424
text 3963 2376 4035 2451
text 3988 2401 4061 2477
text 4019 2422 4092 2495
text 4045 2444 4120 2523
text 4073 2474 4142 2553
text 3751 1905 3780 1990
text 3787 1904 3817 1989
text 3826 1916 3857 1990
text 3860 1906 3894 1991
text 3899 1906 3928 1990
text 3936 1909 3965 1990
text 3971 1906 4003 1991
text 4010 1911 4041 1991
text 4047 1899 4079 1986
text 4083 1898 4114 1986
text 4122 1898 4152 1986
text 4199 2092 4449 2133
text 4447 2001 4677 2054
text 4731 2092 4872 2135
text 4913 1877 4951 2077
text 1638 2447 1722 2484
text 1637 2509 1721 2547
text 1635 2577 1768 2617
text 1634 2647 1766 2687
text 1640 2716 1770 2756
text 1638 2781 1767 2821
text 1625 2835 1643 2868
text 1499 2848 1560 2884
text 1461 2920 1507 2951
text 1518 2977 1600 3014
text 2241 2657 2811 2771
text 2240 2841 2913 2914
text 1823 2992 1916 3023
text 2094 2989 2185 3023
text 2998 2927 3099 2960
text 4472 2282 4653 2431
text 4450 2485 4850 2595
text 5165 2739 5192 2776
text 5270 2801 5311 2833
text 1634 3050 1717 3090
text 1633 3114 1718 3152
text 1632 3181 1774 3223
text 1633 3248 1767 3296
text 1634 3314 1766 3361
text 1632 3385 1762 3428
text 1490 3453 1550 3484
text 1577 3452 1597 3491
text 1640 3424 1677 3508
text 1710 3424 1746 3504
text 1776 3420 1816 3504
text 1841 3418 1881 3505
text 1912 3428 1950 3504
text 1858 3283 1969 3323
text 2105 3281 2267 3323
text 1975 3522 1995 3565
text 1976 3595 2035 3635
text 2174 3419 2213 3501
text 2245 3418 2283 3504
text 2314 3420 2351 3504
text 2382 3417 2423 3502
text 2446 3416 2485 3503
text 2515 3427 2556 3503
text 2442 3137 2553 3181
text 2368 3216 2457 3248
text 2578 3521 2599 3562
text 2582 3597 2641 3632
text 2631 3337 2702 3369
text 2621 3375 2717 3408
text 2649 3423 2718 3455
text 2738 3420 2836 3456
text 2845 3337 2914 3370
text 2828 3373 2923 3410
text 2850 3422 2921 3456
text 2935 3423 3032 3454
text 3041 3336 3111 3370
text 3025 3373 3124 3408
text 3052 3420 3121 3457
text 3136 3421 3233 3455
text 3242 3338 3313 3374
text 3225 3375 3326 3410
text 3253 3422 3322 3455
text 3338 3423 3436 3458
text 3444 3336 3513 3373
text 3435 3375 3529 3409
text 3455 3421 3524 3455
text 3541 3423 3636 3456
text 3645 3338 3719 3375
text 3628 3376 3732 3414
text 3541 3139 3650 3181
text 3629 3211 3702 3247
text 3656 3421 3726 3456
text 3736 3425 3840 3459
text 3834 2993 3928 3025
text 3788 3280 3864 3320
text 3885 3286 3993 3325
text 3855 3340 3925 3373
text 3836 3377 3935 3413
text 3853 3423 3914 3459
text 3938 3424 4041 3460
text 4101 2992 4195 3027
text 4056 3284 4140 3321
text 4157 3289 4259 3323
text 4048 3341 4121 3374
text 4033 3378 4134 3413
text 4059 3426 4133 3459
text 4142 3425 4243 3462
text 4349 3023 4466 3064
text 4323 3065 4492 3109
text 4512 3144 4557 3224
text 4580 3146 4624 3232
text 4649 3145 4688 3232
text 4714 3049 4781 3087
text 4570 3306 4666 3341
text 4729 3311 4830 3346
text 4386 3585 4579 3650
text 4395 3659 4572 3723
text 4594 3660 4746 3721
text 4872 3068 4974 3109
text 5023 3070 5130 3109
text 4879 3314 4972 3348
text 5034 3318 5137 3347
text 4880 3552 4976 3588
text 5031 3551 5135 3588
text 5185 3310 5284 3346
text 5336 3310 5441 3349
text 5444 3292 5531 3335
text 5448 3168 5494 3205
text 5223 2989 5274 3159
text 5270 2959 5341 2998
text 5400 2994 5441 3163
text 5443 2962 5514 2999
component 1913 1104 1983 1207
component 2391 1085 2446 1134
component 2557 1111 2590 1137
component 2683 1177 2735 1222
component 4092 735 4265 968
connector 4386 1116 4466 1175
connector 4477 1248 4552 1330
connector 4557 1254 4636 1332
connector 4639 1119 4723 1171
connector 4725 1115 4807 1167
component 2467 1224 2558 1293
component 2681 1289 2734 1330
connector 4496 2998 4569 3144
connector 4644 3000 4708 3142
