clock 55 92 216 161
capacitor 145 169 213 195
capacitor 33 170 101 196
capacitor 364 89 398 121
capacitor 173 418 208 445
capacitor 453 531 490 568
resistor 205 494 233 556
resistor 252 538 315 564
resistor 70 549 136 576
ic 70 458 178 526
connector 2 283 139 390
ic 226 174 470 498
ic 255 88 297 142
ic 628 132 1037 537
capacitor 644 182 679 216
capacitor 598 376 631 411
capacitor 632 427 664 459
capacitor 690 482 720 515
capacitor 987 461 1020 494
capacitor 928 111 960 143
capacitor 984 173 1016 204
resistor 524 96 554 162
resistor 603 512 669 539
resistor 1052 92 1113 122
resistor 1120 92 1186 122
resistor 952 504 981 569
resistor 1101 456 1130 520
capacitor 1109 536 1173 577
led 1146 450 1173 525
capacitor 1108 383 1175 424
capacitor 1107 306 1173 345
capacitor 1108 234 1175 279
capacitor 1108 157 1176 200
capacitor 1026 214 1061 244
connector 142 296 224 408
connector 26 453 66 523
connector 19 4 1197 81
connector 25 584 1200 670
text 20 16 38 38
text 21 54 38 70
text 60 30 81 54
text 38 90 59 102
text 46 196 95 216
text 44 216 94 236
text 58 235 125 258
text 105 165 127 231
text 128 167 147 233
text 159 195 211 220
text 160 217 210 239
text 153 270 221 292
text 207 299 224 314
text 206 335 224 350
text 208 371 223 386
text 252 142 328 162
text 304 96 327 143
text 348 117 448 142
text 398 92 449 114
text 444 166 488 190
text 68 413 149 435
text 111 434 147 456
text 152 411 171 451
text 477 267 503 385
text 504 110 526 145
text 559 109 581 144
text 580 85 599 112
text 606 152 705 178
text 622 179 644 216
text 739 128 786 171
text 574 458 673 484
text 963 123 1046 146
text 990 146 1073 168
text 1003 244 1084 264
text 395 505 494 531
text 680 513 779 539
text 1024 453 1043 534
text 567 333 589 432
text 588 339 612 374
text 631 399 667 423
text 870 84 889 112
text 963 102 993 123
text 1031 91 1049 120
text 1065 121 1105 138
text 1120 119 1161 138
text 1160 118 1178 147
text 1181 117 1198 251
text 1021 167 1048 185
text 1040 191 1070 211
text 1086 154 1107 199
text 1116 199 1156 221
text 1121 275 1162 298
text 1089 236 1107 267
text 1088 304 1107 347
text 1117 346 1157 366
text 1086 375 1105 417
text 1076 423 1116 445
text 1125 427 1177 447
text 19 524 42 571
text 41 567 63 579
text 19 601 39 619
text 19 637 39 653
text 138 546 181 565
text 138 564 179 582
text 198 555 241 575
text 233 495 253 525
text 76 525 174 542
text 274 497 302 518
text 263 515 307 535
text 293 564 312 579
text 399 535 450 561
text 682 454 715 479
text 575 507 601 542
text 579 561 600 588
text 619 540 653 567
text 865 552 889 578
text 935 517 953 549
text 984 515 1000 544
text 895 392 1025 519
text 995 435 1024 458
text 1065 471 1094 489
text 1055 488 1096 508
text 1172 614 1196 640
text 1064 530 1106 552
text 1064 551 1106 576
text 1178 271 1198 583
component 92 108 181 132
component 531 113 546 137
component 290 242 359 432
component 729 201 910 453
component 628 517 648 533
component 959 522 974 546
component 1070 96 1089 111
component 1141 99 1161 114
component 1107 475 1123 496
component 272 541 293 560
component 212 513 227 537
component 90 555 110 570
component 108 467 146 524
component 262 107 277 119
