clock 55 511 216 580
capacitor 145 477 213 503
capacitor 33 476 101 502
capacitor 364 551 398 583
capacitor 173 227 208 254
capacitor 453 104 490 141
resistor 205 116 233 178
resistor 252 108 315 134
resistor 70 96 136 123
ic 70 146 178 214
connector 2 282 139 389
ic 226 174 470 498
ic 255 530 297 584
ic 628 135 1037 540
capacitor 644 456 679 490
capacitor 598 261 631 296
capacitor 632 213 664 245
capacitor 690 157 720 190
capacitor 987 178 1020 211
capacitor 928 529 960 561
capacitor 984 468 1016 499
resistor 524 510 554 576
resistor 603 133 669 160
resistor 1052 550 1113 580
resistor 1120 550 1186 580
resistor 952 103 981 168
resistor 1101 152 1130 216
capacitor 1109 95 1173 136
led 1146 147 1173 222
capacitor 1108 248 1175 289
capacitor 1107 327 1173 366
capacitor 1108 393 1175 438
capacitor 1108 472 1176 515
capacitor 1026 428 1061 458
connector 142 264 224 376
connector 26 149 66 219
connector 19 591 1197 668
connector 25 2 1200 88
text 20 634 38 656
text 21 602 38 618
text 60 618 81 642
text 38 570 59 582
text 46 456 95 476
text 44 436 94 456
text 58 414 125 437
text 105 441 127 507
text 128 439 147 505
text 159 452 211 477
text 160 433 210 455
text 153 380 221 402
text 207 358 224 373
text 206 322 224 337
text 208 286 223 301
text 252 510 328 530
text 304 529 327 576
text 348 530 448 555
text 398 558 449 580
text 444 482 488 506
text 68 237 149 259
text 111 216 147 238
text 152 221 171 261
text 477 287 503 405
text 504 527 526 562
text 559 528 581 563
text 580 560 599 587
text 606 494 705 520
text 622 456 644 493
text 739 501 786 544
text 574 188 673 214
text 963 526 1046 549
text 990 504 1073 526
text 1003 408 1084 428
text 395 141 494 167
text 680 133 779 159
text 1024 138 1043 219
text 567 240 589 339
text 588 298 612 333
text 631 249 667 273
text 870 560 889 588
text 963 549 993 570
text 1031 552 1049 581
text 1065 534 1105 551
text 1120 534 1161 553
text 1160 525 1178 554
text 1181 421 1198 555
text 1021 487 1048 505
text 1040 461 1070 481
text 1086 473 1107 518
text 1116 451 1156 473
text 1121 374 1162 397
text 1089 405 1107 436
text 1088 325 1107 368
text 1117 306 1157 326
text 1086 255 1105 297
text 1076 227 1116 249
text 1125 225 1177 245
text 19 101 42 148
text 41 93 63 105
text 19 53 39 71
text 19 19 39 35
text 138 107 181 126
text 138 90 179 108
text 198 97 241 117
text 233 147 253 177
text 76 130 174 147
text 274 154 302 175
text 263 137 307 157
text 293 93 312 108
text 399 111 450 137
text 682 193 715 218
text 575 130 601 165
text 579 84 600 111
text 619 105 653 132
text 865 94 889 120
text 935 123 953 155
text 984 128 1000 157
text 895 153 1025 280
text 995 214 1024 237
text 1065 183 1094 201
text 1055 164 1096 184
text 1172 32 1196 58
text 1064 120 1106 142
text 1064 96 1106 121
text 1178 89 1198 401
component 92 540 181 564
component 531 535 546 559
component 290 240 359 430
component 729 219 910 471
component 628 139 648 155
component 959 126 974 150
component 1070 561 1089 576
component 1141 558 1161 573
component 1107 176 1123 197
component 272 112 293 131
component 212 135 227 159
component 90 102 110 117
component 108 148 146 205
component 262 553 277 565
