connector 776 854 1181 1292
resistor 1218 1136 1291 1175
diode 1218 1175 1297 1215
diode 1218 1055 1259 1136
diode 1220 977 1261 1057
connector 1159 545 1478 836
resistor 1267 1056 1397 1128
resistor 1265 982 1395 1051
capacitor 1289 923 1362 956
resistor 1230 843 1408 920
ic 1443 998 1635 1285
resistor 1390 1140 1438 1221
led 1224 1234 1357 1304
diode 1241 1358 1359 1556
diode 889 1335 1157 1445
connector 767 1500 1180 1940
capacitor 1508 2466 1608 2672
inductor 1659 2464 1890 2674
pads 1850 2842 1937 2887
resistor 1959 2889 2042 2928
pads 1963 2847 2041 2887
diode 1896 2646 2044 2786
ic 1969 2477 2110 2621
capacitor 2148 2508 2222 2645
ic 2070 2682 2355 2887
capacitor 2367 2677 2450 2723
resistor 2367 2730 2450 2768
pads 2367 2769 2454 2811
resistor 2482 2609 2563 2653
resistor 2565 2583 2608 2668
resistor 2608 2583 2648 2668
resistor 2631 2357 2710 2400
resistor 2633 2406 2710 2449
resistor 2627 2457 2710 2502
resistor 2627 2502 2710 2551
resistor 2718 2355 2786 2400
resistor 2708 2406 2786 2451
resistor 2708 2457 2790 2500
resistor 2712 2500 2790 2555
led 2473 2674 2686 2926
electrolytic 2857 2317 2973 2551
electrolytic 2997 2317 3224 2434
capacitor 3029 2491 3233 2591
capacitor 3259 2219 3331 2357
ferrite 3273 2357 3382 2413
pads 3269 2421 3384 2468
resistor 3356 2842 3405 2928
inductor 3276 2468 3555 2675
led 3410 2777 3482 2915
resistor 3491 2785 3539 2870
led 3544 2781 3618 2913
resistor 3633 2783 3684 2868
led 3688 2783 3761 2911
resistor 3841 2785 3882 2866
led 3880 2781 3956 2913
ic 3980 2806 4195 2943
capacitor 4197 2866 4244 2943
capacitor 4199 2783 4244 2864
resistor 4152 2743 4237 2787
resistor 4156 2698 4237 2747
capacitor 4246 2806 4322 2945
ferrite 4325 2815 4380 2936
connector 4258 2306 4886 2748
ic 3988 2592 4126 2727
inductor 3921 2348 4149 2550
capacitor 3886 2700 3963 2745
resistor 3812 2696 3886 2747
resistor 3733 2700 3812 2743
resistor 3878 2647 3965 2689
resistor 3882 2608 3961 2651
capacitor 3767 2428 3848 2564
capacitor 3769 2274 3842 2411
ic 3591 2481 3731 2615
resistor 3550 2628 3599 2713
ic 3586 2243 3722 2381
inductor 3360 2101 3566 2378
capacitor 3916 2238 4120 2342
diode 4027 2100 4282 2225
resistor 3656 2164 3741 2211
capacitor 3656 2123 3737 2162
resistor 3654 2074 3739 2117
resistor 3578 2045 3656 2087
resistor 3574 1949 3616 2032
resistor 3620 1949 3654 2028
pads 3650 2030 3741 2079
resistor 3656 1953 3737 1994
clock 3757 2015 3871 2158
electrolytic 3888 1994 4005 2226
ic 4004 1655 4301 1962
pads 3927 1643 3969 1713
resistor 3925 1598 4010 1640
resistor 3927 1545 4012 1581
resistor 3927 1506 4012 1549
resistor 3927 1460 4008 1509
resistor 4018 1506 4095 1545
resistor 4016 1464 4095 1502
resistor 4099 1508 4178 1543
resistor 4097 1462 4178 1506
diode 4025 1574 4169 1653
resistor 4190 1587 4274 1638
ferrite 4193 1521 4325 1587
jumper 4307 563 4535 713
jumper 3935 581 4161 715
diode 4141 725 4222 755
resistor 4054 728 4122 757
resistor 3971 725 4041 766
diode 3890 725 3967 772
resistor 3878 800 3927 885
ic 3773 800 3869 885
resistor 3710 772 3759 851
ferrite 3414 762 3544 836
capacitor 3418 849 3544 919
capacitor 3367 785 3407 860
resistor 3354 604 3433 642
capacitor 3350 643 3435 685
diode 3352 685 3435 730
button 2929 587 3339 828
button 2352 594 2765 825
resistor 3101 904 3180 945
resistor 2967 1015 3041 1051
capacitor 3001 975 3080 1013
capacitor 2924 974 3005 1015
resistor 2967 1072 3048 1111
pads 2963 1111 3048 1153
capacitor 2965 1147 3052 1183
capacitor 2963 1183 3048 1221
ic 3130 969 3361 1201
resistor 3507 975 3586 1015
resistor 3505 1019 3588 1053
resistor 3503 1057 3588 1094
resistor 3505 1094 3590 1134
resistor 3507 1136 3590 1177
resistor 3503 1175 3590 1223
ic 3607 921 3939 1253
capacitor 3778 1275 3820 1355
capacitor 3746 1274 3778 1357
resistor 3714 1275 3748 1358
resistor 3682 1272 3714 1362
resistor 3646 1274 3680 1360
resistor 3616 1274 3648 1360
resistor 3571 1274 3618 1360
capacitor 3837 1277 3878 1357
resistor 3886 1274 3927 1357
ferrite 3510 1362 3565 1481
clock 3729 1370 3878 1485
capacitor 3895 1374 3980 1419
connector 3999 749 4878 1438
connector 4401 1526 4924 2185
clock 2929 857 3065 964
capacitor 2812 847 2890 989
capacitor 2857 1126 2910 1206
capacitor 2859 1049 2908 1126
ferrite 2788 1091 2835 1213
capacitor 2699 1081 2778 1211
ferrite 2695 1272 2752 1394
ferrite 2757 1270 2807 1387
capacitor 2822 1266 2891 1404
ferrite 2899 1272 2956 1396
ferrite 3050 1272 3110 1402
capacitor 2965 1266 3041 1404
resistor 2701 932 2776 968
resistor 2695 970 2784 1000
resistor 2695 998 2782 1036
resistor 2693 1038 2784 1075
ic 3476 1523 3890 1938
electrolytic 3297 1702 3420 1943
electrolytic 3297 1466 3429 1700
electrolytic 3302 1229 3427 1465
ic 2305 1013 2637 1257
resistor 2252 681 2297 766
capacitor 2250 604 2295 689
diode 2293 604 2333 689
resistor 2218 1132 2256 1215
capacitor 2169 1130 2214 1217
resistor 2056 1211 2144 1258
pads 2056 1172 2142 1211
capacitor 2057 1128 2141 1175
resistor 2057 1083 2142 1130
pads 2056 1043 2142 1087
capacitor 1948 1215 2033 1258
ic 1863 1072 2024 1204
buzzer 1522 560 2005 1049
capacitor 1680 1060 1820 1132
capacitor 1682 1130 1818 1211
capacitor 1705 1217 1790 1258
resistor 1391 1292 1478 1336
diode 1233 1606 1314 1645
diode 1231 1651 1316 1691
diode 1229 1694 1312 1749
capacitor 1357 1804 1495 1881
capacitor 1663 1804 1807 1885
capacitor 1890 1804 2033 1887
capacitor 2278 1719 2359 1858
capacitor 2278 2021 2361 2168
connector 799 2040 1408 2709
connector 1073 2749 1793 2966
switch 2261 2311 2602 2591
ic 2454 1466 3203 2213
capacitor 3357 1981 3561 2087
ic 1583 1348 2183 1722
ic 1583 1974 2187 2357
text 828 812 1031 858
text 1089 589 1138 683
text 1123 710 1159 753
text 1493 591 1530 712
component 1743 896 1823 981
text 1172 927 1278 964
text 1180 968 1220 1054
text 1180 1053 1217 1141
text 1175 1222 1216 1306
text 947 1277 999 1315
text 1416 835 1484 878
text 1423 877 1531 915
text 1411 919 1498 960
text 1409 960 1494 1001
text 1398 1028 1435 1135
text 1300 1135 1377 1177
text 1300 1184 1381 1221
text 1358 1243 1398 1289
text 1346 1326 1389 1369
text 1393 1340 1505 1377
text 1521 1289 1607 1327
text 1372 1409 1412 1501
text 1133 1416 1180 1456
text 1817 1027 1931 1068
text 1712 1259 1821 1296
text 1712 1300 1798 1343
text 1846 1212 1935 1253
text 1933 1260 2046 1301
text 1951 974 2060 1017
text 1952 1019 2060 1052
text 1995 625 2053 669
text 2202 581 2242 702
text 2300 691 2338 772
text 2285 557 2368 600
text 2170 1017 2211 1128
text 2211 1044 2253 1125
text 2143 1217 2249 1257
text 2136 1260 2247 1301
text 2135 1299 2247 1340
text 2428 552 2490 589
text 2544 554 2684 590
text 2431 953 2488 993
text 2658 919 2691 952
text 2675 843 2779 884
text 2783 801 2893 840
text 2791 999 2838 1083
text 2848 990 2921 1031
text 2690 1226 2779 1263
text 2909 1044 2947 1156
text 2909 1174 2947 1233
text 3002 553 3057 591
text 3160 552 3248 594
text 3079 848 3128 891
text 3072 947 3151 983
text 3183 902 3263 943
text 3043 1016 3121 1054
text 3049 1073 3128 1110
text 3050 1113 3124 1149
text 3051 1151 3129 1187
text 3048 1188 3128 1229
text 2605 1358 2642 1441
text 2650 1357 2689 1436
text 3152 1200 3196 1225
text 3115 1300 3157 1388
text 3160 1299 3202 1386
text 3206 1301 3247 1387
text 3252 1389 3294 1474
text 3252 1302 3292 1385
text 3211 1215 3270 1257
text 3439 605 3521 644
text 3435 647 3540 686
text 3437 688 3496 724
text 3364 866 3402 950
text 3549 772 3654 817
text 3551 857 3633 899
text 3505 929 3591 966
text 3386 976 3493 1017
text 3389 1018 3498 1056
text 3387 1057 3497 1094
text 3387 1095 3497 1136
text 3387 1136 3496 1174
text 3387 1176 3495 1214
text 3511 556 3593 595
text 3605 559 3717 594
text 3733 558 3837 591
text 3850 558 3905 596
text 3662 753 3703 872
text 3763 664 3849 704
text 3929 785 3968 895
text 3947 908 3984 968
text 3994 546 4077 586
component 4108 792 4371 1320
component 4410 790 4722 1343
text 4305 549 4390 585
text 967 1463 1049 1504
text 1320 1607 1401 1649
text 1319 1650 1405 1692
text 1318 1701 1406 1744
text 1194 1822 1236 1879
text 1380 1758 1467 1797
text 1688 1752 1773 1790
text 1907 1756 2018 1795
text 2197 1511 2237 1574
text 2280 1389 2304 1427
text 2316 1389 2397 1431
text 2318 1435 2400 1475
text 2318 1480 2400 1519
text 2318 1523 2399 1558
text 2349 1595 2401 1639
text 2369 1754 2412 1840
text 3240 1534 3279 1622
text 3240 1787 3279 1869
text 3414 1661 3464 1715
text 3380 1908 3426 1961
text 3428 1898 3473 1937
text 3433 1243 3472 1349
text 3474 1243 3512 1349
text 3519 1245 3557 1349
text 3413 1424 3459 1476
text 3459 1364 3496 1470
text 3474 1479 3523 1520
text 3553 1483 3638 1518
text 3572 1366 3608 1474
text 3610 1370 3646 1475
text 3646 1369 3681 1474
text 3678 1369 3713 1477
text 3677 1473 3732 1512
text 3922 1261 3957 1367
text 3955 1260 3994 1367
text 3884 1421 3990 1454
text 3894 1717 4000 1752
text 3894 1753 3999 1792
text 3894 1791 3998 1830
text 3892 1829 3997 1866
text 3892 1862 3929 1913
text 3933 1877 3979 1983
text 4210 1456 4320 1498
text 4364 1447 4788 1518
text 4281 1594 4391 1637
text 4303 1757 4341 1853
text 840 1949 1228 2021
text 1350 1973 1410 2022
text 1450 2045 1529 2447
text 2194 2168 2237 2230
text 2370 2052 2409 2146
text 2290 2259 2324 2302
text 2382 2250 2469 2291
text 2530 2258 2564 2300
text 2593 2232 2707 2270
text 2593 2272 2704 2311
text 2594 2314 2707 2350
text 2714 2232 2824 2274
text 2713 2273 2823 2313
text 2713 2314 2825 2352
text 2840 2295 2892 2346
text 2899 2260 2985 2300
text 3012 2269 3101 2310
text 3224 2053 3338 2097
text 3289 2145 3350 2186
text 3217 2189 3256 2278
text 3200 2304 3250 2356
text 3400 2383 3510 2423
text 3398 2427 3508 2467
text 3578 2092 3613 2188
text 3615 2092 3651 2188
text 3578 2192 3658 2234
text 3551 2426 3634 2468
text 3655 2390 3745 2431
text 3738 1952 3825 1988
text 3826 1963 3881 2007
text 4020 1994 4059 2104
text 3741 2161 3844 2198
text 3737 2199 3847 2232
text 3742 2230 3849 2268
text 3853 2290 3894 2402
text 3848 2443 3887 2553
text 4069 1998 4180 2039
text 4067 2040 4181 2081
text 4190 1999 4302 2039
text 4190 2043 4302 2083
text 4279 2134 4319 2183
text 4280 2184 4357 2224
text 4332 2053 4392 2093
text 4137 2263 4247 2307
text 4503 2195 4688 2253
text 4641 2286 4698 2332
text 4164 2343 4222 2385
text 1100 2965 1149 2995
text 1251 2704 1287 2740
text 1455 2507 1496 2619
text 1738 2420 1798 2461
text 1524 2687 1717 2745
text 1805 2711 1895 2754
text 1833 2887 1944 2926
text 1987 2412 2076 2456
text 2044 2887 2148 2925
text 2042 2925 2127 2964
text 2232 2539 2271 2655
text 2192 2899 2277 2942
text 2369 2611 2478 2651
text 2353 2853 2465 2894
text 2354 2894 2465 2933
text 2354 2935 2458 2974
text 2560 2935 2648 2979
text 2647 2560 2683 2664
text 2685 2555 2724 2667
text 2741 2579 2849 2621
text 2871 2581 2982 2618
text 3075 2598 3189 2643
text 2736 2787 3311 2955
text 2732 2668 3300 2729
text 3138 2736 3286 2777
text 3344 2682 3403 2724
text 3357 2753 3399 2838
text 3424 2916 3467 2960
text 3556 2918 3599 2962
text 3699 2917 3742 2961
text 3899 2913 3942 2957
text 3413 2735 3471 2774
text 3492 2674 3531 2778
text 3536 2737 3620 2775
text 3600 2622 3641 2732
text 3641 2669 3684 2779
text 3691 2689 3730 2776
text 3780 2868 3821 2978
text 3826 2879 3866 2966
text 3750 2593 3787 2699
text 3786 2594 3821 2697
text 3823 2595 3857 2697
text 3876 2549 3973 2579
text 3874 2578 3973 2606
text 4066 2558 4101 2581
text 4115 2552 4201 2592
text 4142 2592 4250 2634
text 4141 2635 4250 2668
text 4140 2669 4251 2701
text 3990 2736 4037 2772
text 4027 2768 4078 2806
text 4095 2726 4151 2767
text 4286 2749 4420 2805
text 3992 2945 4018 2984
text 4043 2950 4132 2986
text 4144 2946 4256 2990
text 4259 2949 4370 2989
text 4387 2946 4498 2991
component 1280 861 1352 906
component 1317 994 1342 1033
component 1312 1076 1339 1111
connector 4188 587 4312 716
component 4252 1535 4275 1569
component 3766 1385 3853 1454
component 3334 1301 3401 1377
component 3333 1538 3394 1618
component 3329 1776 3392 1853
component 2609 1541 3025 2141
component 1707 2525 1839 2617
component 2321 2351 2367 2550
component 2497 2351 2542 2546
component 2882 2391 2943 2473
component 3069 2341 3148 2401
component 3407 2165 3510 2291
component 3343 2530 3473 2625
component 3796 2039 3845 2124
component 3917 2063 3977 2146
