connector 4754 2665 5159 3103
resistor 4644 2782 4717 2821
diode 4638 2742 4717 2782
diode 4676 2821 4717 2902
diode 4674 2900 4715 2980
connector 4457 3121 4776 3412
resistor 4538 2829 4668 2901
resistor 4540 2906 4670 2975
capacitor 4573 3001 4646 3034
resistor 4527 3037 4705 3114
ic 4300 2672 4492 2959
resistor 4497 2736 4545 2817
led 4578 2653 4711 2723
diode 4576 2401 4694 2599
diode 4778 2512 5046 2622
connector 4755 2017 5168 2457
capacitor 4327 1285 4427 1491
inductor 4045 1283 4276 1493
pads 3998 1070 4085 1115
resistor 3893 1029 3976 1068
pads 3894 1070 3972 1110
diode 3891 1171 4039 1311
ic 3825 1336 3966 1480
capacitor 3713 1312 3787 1449
ic 3580 1070 3865 1275
capacitor 3485 1234 3568 1280
resistor 3485 1189 3568 1227
pads 3481 1146 3568 1188
resistor 3372 1304 3453 1348
resistor 3327 1289 3370 1374
resistor 3287 1289 3327 1374
resistor 3225 1557 3304 1600
resistor 3225 1508 3302 1551
resistor 3225 1455 3308 1500
resistor 3225 1406 3308 1455
resistor 3149 1557 3217 1602
resistor 3149 1506 3227 1551
resistor 3145 1457 3227 1500
resistor 3145 1402 3223 1457
led 3249 1031 3462 1283
electrolytic 2962 1406 3078 1640
electrolytic 2711 1523 2938 1640
capacitor 2702 1366 2906 1466
capacitor 2604 1600 2676 1738
ferrite 2553 1544 2662 1600
pads 2551 1489 2666 1536
resistor 2530 1029 2579 1115
inductor 2380 1282 2659 1489
led 2453 1042 2525 1180
resistor 2396 1087 2444 1172
led 2317 1044 2391 1176
resistor 2251 1089 2302 1174
led 2174 1046 2247 1174
resistor 2053 1091 2094 1172
led 1979 1044 2055 1176
ic 1740 1014 1955 1151
capacitor 1691 1014 1738 1091
capacitor 1691 1093 1736 1174
resistor 1698 1170 1783 1214
resistor 1698 1210 1779 1259
capacitor 1613 1012 1689 1151
ferrite 1555 1021 1610 1142
connector 1049 1209 1677 1651
ic 1809 1230 1947 1365
inductor 1786 1407 2014 1609
capacitor 1972 1212 2049 1257
resistor 2049 1210 2123 1261
resistor 2123 1214 2202 1257
resistor 1970 1268 2057 1310
resistor 1974 1306 2053 1349
capacitor 2087 1393 2168 1529
capacitor 2093 1546 2166 1683
ic 2204 1342 2344 1476
resistor 2336 1244 2385 1329
ic 2213 1576 2349 1714
inductor 2369 1579 2575 1856
capacitor 1815 1615 2019 1719
diode 1653 1732 1908 1857
resistor 2194 1746 2279 1793
capacitor 2198 1795 2279 1834
resistor 2196 1840 2281 1883
resistor 2279 1870 2357 1912
resistor 2319 1925 2361 2008
resistor 2281 1929 2315 2008
pads 2194 1878 2285 1927
resistor 2198 1963 2279 2004
clock 2064 1799 2178 1942
electrolytic 1930 1731 2047 1963
ic 1634 1995 1931 2302
pads 1966 2244 2008 2314
resistor 1925 2317 2010 2359
resistor 1923 2376 2008 2412
resistor 1923 2408 2008 2451
resistor 1927 2448 2008 2497
resistor 1840 2412 1917 2451
resistor 1840 2455 1919 2493
resistor 1757 2414 1836 2449
resistor 1757 2451 1838 2495
diode 1766 2304 1910 2383
resistor 1661 2319 1745 2370
ferrite 1610 2370 1742 2436
jumper 1400 3244 1628 3394
jumper 1774 3242 2000 3376
diode 1713 3202 1794 3232
resistor 1813 3200 1881 3229
resistor 1894 3191 1964 3232
diode 1968 3185 2045 3232
resistor 2008 3072 2057 3157
ic 2066 3072 2162 3157
resistor 2176 3106 2225 3185
ferrite 2391 3121 2521 3195
capacitor 2391 3038 2517 3108
capacitor 2528 3097 2568 3172
resistor 2502 3315 2581 3353
capacitor 2500 3272 2585 3314
diode 2500 3227 2583 3272
button 2596 3129 3006 3370
button 3170 3132 3583 3363
resistor 2755 3012 2834 3053
resistor 2894 2906 2968 2942
capacitor 2855 2944 2934 2982
capacitor 2930 2942 3011 2983
resistor 2887 2846 2968 2885
pads 2887 2804 2972 2846
capacitor 2883 2774 2970 2810
capacitor 2887 2736 2972 2774
ic 2574 2756 2805 2988
resistor 2349 2942 2428 2982
resistor 2347 2904 2430 2938
resistor 2347 2863 2432 2900
resistor 2345 2823 2430 2863
resistor 2345 2780 2428 2821
resistor 2345 2734 2432 2782
ic 1996 2704 2328 3036
capacitor 2115 2602 2157 2682
capacitor 2157 2600 2189 2683
resistor 2187 2599 2221 2682
resistor 2221 2595 2253 2685
resistor 2255 2597 2289 2683
resistor 2287 2597 2319 2683
resistor 2317 2597 2364 2683
capacitor 2057 2600 2098 2680
resistor 2008 2600 2049 2683
ferrite 2370 2476 2425 2595
clock 2057 2472 2206 2587
capacitor 1955 2538 2040 2583
connector 1057 2519 1936 3208
connector 1011 1772 1534 2431
clock 2870 2993 3006 3100
capacitor 3045 2968 3123 3110
capacitor 3025 2751 3078 2831
capacitor 3027 2831 3076 2908
ferrite 3100 2744 3147 2866
capacitor 3157 2746 3236 2876
ferrite 3183 2563 3240 2685
ferrite 3128 2570 3178 2687
capacitor 3044 2553 3113 2691
ferrite 2979 2561 3036 2685
ferrite 2825 2555 2885 2685
capacitor 2894 2553 2970 2691
resistor 3159 2989 3234 3025
resistor 3151 2957 3240 2987
resistor 3153 2921 3240 2959
resistor 3151 2882 3242 2919
ic 2045 2019 2459 2434
electrolytic 2515 2014 2638 2255
electrolytic 2506 2257 2638 2491
electrolytic 2508 2492 2633 2728
ic 3298 2700 3630 2944
resistor 3638 3191 3683 3276
capacitor 3640 3268 3685 3353
diode 3602 3268 3642 3353
resistor 3679 2742 3717 2825
capacitor 3721 2740 3766 2827
resistor 3791 2699 3879 2746
pads 3793 2746 3879 2785
capacitor 3794 2782 3878 2829
resistor 3793 2827 3878 2874
pads 3793 2870 3879 2914
capacitor 3902 2699 3987 2742
ic 3911 2753 4072 2885
buzzer 3930 2908 4413 3397
capacitor 4115 2825 4255 2897
capacitor 4117 2746 4253 2827
capacitor 4145 2699 4230 2740
resistor 4457 2621 4544 2665
diode 4621 2312 4702 2351
diode 4619 2266 4704 2306
diode 4623 2208 4706 2263
capacitor 4440 2076 4578 2153
capacitor 4128 2072 4272 2153
capacitor 3902 2070 4045 2153
capacitor 3576 2099 3657 2238
capacitor 3574 1789 3657 1936
connector 4527 1248 5136 1917
connector 4142 991 4862 1208
switch 3333 1366 3674 1646
ic 2732 1744 3481 2491
capacitor 2374 1870 2578 1976
ic 3752 2235 4352 2609
ic 3748 1600 4352 1983
text 4904 3099 5107 3145
text 4797 3274 4846 3368
text 4776 3204 4812 3247
text 4405 3245 4442 3366
component 4112 2976 4192 3061
text 4657 2993 4763 3030
text 4715 2903 4755 2989
text 4718 2816 4755 2904
text 4719 2651 4760 2735
text 4936 2642 4988 2680
text 4451 3079 4519 3122
text 4404 3042 4512 3080
text 4437 2997 4524 3038
text 4441 2956 4526 2997
text 4500 2822 4537 2929
text 4558 2780 4635 2822
text 4554 2736 4635 2773
text 4537 2668 4577 2714
text 4546 2588 4589 2631
text 4430 2580 4542 2617
text 4328 2630 4414 2668
text 4523 2456 4563 2548
text 4755 2501 4802 2541
text 4004 2889 4118 2930
text 4114 2661 4223 2698
text 4137 2614 4223 2657
text 4000 2704 4089 2745
text 3889 2656 4002 2697
text 3875 2940 3984 2983
text 3875 2905 3983 2938
text 3882 3288 3940 3332
text 3693 3255 3733 3376
text 3597 3185 3635 3266
text 3567 3357 3650 3400
text 3724 2829 3765 2940
text 3682 2832 3724 2913
text 3686 2700 3792 2740
text 3688 2656 3799 2697
text 3688 2617 3800 2658
text 3445 3368 3507 3405
text 3251 3367 3391 3403
text 3447 2964 3504 3004
text 3244 3005 3277 3038
text 3156 3073 3260 3114
text 3042 3117 3152 3156
text 3097 2874 3144 2958
text 3014 2926 3087 2967
text 3156 2694 3245 2731
text 2988 2801 3026 2913
text 2988 2724 3026 2783
text 2878 3366 2933 3404
text 2687 3363 2775 3405
text 2807 3066 2856 3109
text 2784 2974 2863 3010
text 2672 3014 2752 3055
text 2814 2903 2892 2941
text 2807 2847 2886 2884
text 2811 2808 2885 2844
text 2806 2770 2884 2806
text 2807 2728 2887 2769
text 3293 2516 3330 2599
text 3246 2521 3285 2600
text 2739 2732 2783 2757
text 2778 2569 2820 2657
text 2733 2571 2775 2658
text 2688 2570 2729 2656
text 2641 2483 2683 2568
text 2643 2572 2683 2655
text 2665 2700 2724 2742
text 2414 3313 2496 3352
text 2395 3271 2500 3310
text 2439 3233 2498 3269
text 2533 3007 2571 3091
text 2281 3140 2386 3185
text 2302 3058 2384 3100
text 2344 2991 2430 3028
text 2442 2940 2549 2981
text 2437 2901 2546 2939
text 2438 2863 2548 2900
text 2438 2821 2548 2862
text 2439 2783 2548 2821
text 2440 2743 2548 2781
text 2342 3362 2424 3401
text 2218 3363 2330 3398
text 2098 3366 2202 3399
text 2030 3361 2085 3399
text 2232 3085 2273 3204
text 2086 3253 2172 3293
text 1967 3062 2006 3172
text 1951 2989 1988 3049
text 1858 3371 1941 3411
component 1564 2637 1827 3165
component 1213 2614 1525 3167
text 1545 3372 1630 3408
text 4886 2453 4968 2494
text 4534 2308 4615 2350
text 4530 2265 4616 2307
text 4529 2213 4617 2256
text 4699 2078 4741 2135
text 4468 2160 4555 2199
text 4162 2167 4247 2205
text 3917 2162 4028 2201
text 3698 2383 3738 2446
text 3631 2530 3655 2568
text 3538 2526 3619 2568
text 3535 2482 3617 2522
text 3535 2438 3617 2477
text 3536 2399 3617 2434
text 3534 2318 3586 2362
text 3523 2117 3566 2203
text 2656 2335 2695 2423
text 2656 2088 2695 2170
text 2471 2242 2521 2296
text 2509 1996 2555 2049
text 2462 2020 2507 2059
text 2463 2608 2502 2714
text 2423 2608 2461 2714
text 2378 2608 2416 2712
text 2476 2481 2522 2533
text 2439 2487 2476 2593
text 2412 2437 2461 2478
text 2297 2439 2382 2474
text 2327 2483 2363 2591
text 2289 2482 2325 2587
text 2254 2483 2289 2588
text 2222 2480 2257 2588
text 2203 2445 2258 2484
text 1978 2590 2013 2696
text 1941 2590 1980 2697
text 1945 2503 2051 2536
text 1935 2205 2041 2240
text 1936 2165 2041 2204
text 1937 2127 2041 2166
text 1938 2091 2043 2128
text 2006 2044 2043 2095
text 1956 1974 2002 2080
text 1615 2459 1725 2501
text 1147 2439 1571 2510
text 1544 2320 1654 2363
text 1594 2104 1632 2200
text 4707 1936 5095 2008
text 4525 1935 4585 1984
text 4406 1510 4485 1912
text 3698 1727 3741 1789
text 3526 1811 3565 1905
text 3611 1655 3645 1698
text 3466 1666 3553 1707
text 3371 1657 3405 1699
text 3228 1687 3342 1725
text 3231 1646 3342 1685
text 3228 1607 3341 1643
text 3111 1683 3221 1725
text 3112 1644 3222 1684
text 3110 1605 3222 1643
text 3043 1611 3095 1662
text 2950 1657 3036 1697
text 2834 1647 2923 1688
text 2597 1860 2711 1904
text 2585 1771 2646 1812
text 2679 1679 2718 1768
text 2685 1601 2735 1653
text 2425 1534 2535 1574
text 2427 1490 2537 1530
text 2322 1769 2357 1865
text 2284 1769 2320 1865
text 2277 1723 2357 1765
text 2301 1489 2384 1531
text 2190 1526 2280 1567
text 2110 1969 2197 2005
text 2054 1950 2109 1994
text 1876 1853 1915 1963
text 2091 1759 2194 1796
text 2088 1725 2198 1758
text 2086 1689 2193 1727
text 2041 1555 2082 1667
text 2048 1404 2087 1514
text 1755 1918 1866 1959
text 1754 1876 1868 1917
text 1633 1918 1745 1958
text 1633 1874 1745 1914
text 1616 1774 1656 1823
text 1578 1733 1655 1773
text 1543 1864 1603 1904
text 1688 1650 1798 1694
text 1247 1704 1432 1762
text 1237 1625 1294 1671
text 1713 1572 1771 1614
text 4786 962 4835 992
text 4648 1217 4684 1253
text 4439 1338 4480 1450
text 4137 1496 4197 1537
text 4218 1212 4411 1270
text 4040 1203 4130 1246
text 3991 1031 4102 1070
text 3859 1501 3948 1545
text 3787 1032 3891 1070
text 3808 993 3893 1032
text 3664 1302 3703 1418
text 3658 1015 3743 1058
text 3457 1306 3566 1346
text 3470 1063 3582 1104
text 3470 1024 3581 1063
text 3477 983 3581 1022
text 3287 978 3375 1022
text 3252 1293 3288 1397
text 3211 1290 3250 1402
text 3086 1336 3194 1378
text 2953 1339 3064 1376
text 2746 1314 2860 1359
text 2624 1002 3199 1170
text 2635 1228 3203 1289
text 2649 1180 2797 1221
text 2532 1233 2591 1275
text 2536 1119 2578 1204
text 2468 997 2511 1041
text 2336 995 2379 1039
text 2193 996 2236 1040
text 1993 1000 2036 1044
text 2464 1183 2522 1222
text 2404 1179 2443 1283
text 2315 1182 2399 1220
text 2294 1225 2335 1335
text 2251 1178 2294 1288
text 2205 1181 2244 1268
text 2114 979 2155 1089
text 2069 991 2109 1078
text 2148 1258 2185 1364
text 2114 1260 2149 1363
text 2078 1260 2112 1362
text 1962 1378 2059 1408
text 1962 1351 2061 1379
text 1834 1376 1869 1399
text 1734 1365 1820 1405
text 1685 1323 1793 1365
text 1685 1289 1794 1322
text 1684 1256 1795 1288
text 1898 1185 1945 1221
text 1857 1151 1908 1189
text 1784 1190 1840 1231
text 1515 1152 1649 1208
text 1917 973 1943 1012
text 1803 971 1892 1007
text 1679 967 1791 1011
text 1565 968 1676 1008
text 1437 966 1548 1011
component 4583 3051 4655 3096
component 4593 2924 4618 2963
component 4596 2846 4623 2881
connector 1623 3241 1747 3370
component 1660 2388 1683 2422
component 2082 2503 2169 2572
component 2534 2580 2601 2656
component 2541 2339 2602 2419
component 2543 2104 2606 2181
component 2910 1816 3326 2416
component 4096 1340 4228 1432
component 3568 1407 3614 1606
component 3393 1411 3438 1606
component 2992 1484 3053 1566
component 2787 1556 2866 1616
component 2425 1666 2528 1792
component 2462 1332 2592 1427
component 2090 1833 2139 1918
component 1958 1811 2018 1894
