connector 4754 854 5159 1292
resistor 4644 1136 4717 1175
diode 4638 1175 4717 1215
diode 4676 1055 4717 1136
diode 4674 977 4715 1057
connector 4457 545 4776 836
resistor 4538 1056 4668 1128
resistor 4540 982 4670 1051
capacitor 4573 923 4646 956
resistor 4527 843 4705 920
ic 4300 998 4492 1285
resistor 4497 1140 4545 1221
led 4578 1234 4711 1304
diode 4576 1358 4694 1556
diode 4778 1335 5046 1445
connector 4755 1500 5168 1940
capacitor 4327 2466 4427 2672
inductor 4045 2464 4276 2674
pads 3998 2842 4085 2887
resistor 3893 2889 3976 2928
pads 3894 2847 3972 2887
diode 3891 2646 4039 2786
ic 3825 2477 3966 2621
capacitor 3713 2508 3787 2645
ic 3580 2682 3865 2887
capacitor 3485 2677 3568 2723
resistor 3485 2730 3568 2768
pads 3481 2769 3568 2811
resistor 3372 2609 3453 2653
resistor 3327 2583 3370 2668
resistor 3287 2583 3327 2668
resistor 3225 2357 3304 2400
resistor 3225 2406 3302 2449
resistor 3225 2457 3308 2502
resistor 3225 2502 3308 2551
resistor 3149 2355 3217 2400
resistor 3149 2406 3227 2451
resistor 3145 2457 3227 2500
resistor 3145 2500 3223 2555
led 3249 2674 3462 2926
electrolytic 2962 2317 3078 2551
electrolytic 2711 2317 2938 2434
capacitor 2702 2491 2906 2591
capacitor 2604 2219 2676 2357
ferrite 2553 2357 2662 2413
pads 2551 2421 2666 2468
resistor 2530 2842 2579 2928
inductor 2380 2468 2659 2675
led 2453 2777 2525 2915
resistor 2396 2785 2444 2870
led 2317 2781 2391 2913
resistor 2251 2783 2302 2868
led 2174 2783 2247 2911
resistor 2053 2785 2094 2866
led 1979 2781 2055 2913
ic 1740 2806 1955 2943
capacitor 1691 2866 1738 2943
capacitor 1691 2783 1736 2864
resistor 1698 2743 1783 2787
resistor 1698 2698 1779 2747
capacitor 1613 2806 1689 2945
ferrite 1555 2815 1610 2936
connector 1049 2306 1677 2748
ic 1809 2592 1947 2727
inductor 1786 2348 2014 2550
capacitor 1972 2700 2049 2745
resistor 2049 2696 2123 2747
resistor 2123 2700 2202 2743
resistor 1970 2647 2057 2689
resistor 1974 2608 2053 2651
capacitor 2087 2428 2168 2564
capacitor 2093 2274 2166 2411
ic 2204 2481 2344 2615
resistor 2336 2628 2385 2713
ic 2213 2243 2349 2381
inductor 2369 2101 2575 2378
capacitor 1815 2238 2019 2342
diode 1653 2100 1908 2225
resistor 2194 2164 2279 2211
capacitor 2198 2123 2279 2162
resistor 2196 2074 2281 2117
resistor 2279 2045 2357 2087
resistor 2319 1949 2361 2032
resistor 2281 1949 2315 2028
pads 2194 2030 2285 2079
resistor 2198 1953 2279 1994
clock 2064 2015 2178 2158
electrolytic 1930 1994 2047 2226
ic 1634 1655 1931 1962
pads 1966 1643 2008 1713
resistor 1925 1598 2010 1640
resistor 1923 1545 2008 1581
resistor 1923 1506 2008 1549
resistor 1927 1460 2008 1509
resistor 1840 1506 1917 1545
resistor 1840 1464 1919 1502
resistor 1757 1508 1836 1543
resistor 1757 1462 1838 1506
diode 1766 1574 1910 1653
resistor 1661 1587 1745 1638
ferrite 1610 1521 1742 1587
jumper 1400 563 1628 713
jumper 1774 581 2000 715
diode 1713 725 1794 755
resistor 1813 728 1881 757
resistor 1894 725 1964 766
diode 1968 725 2045 772
resistor 2008 800 2057 885
ic 2066 800 2162 885
resistor 2176 772 2225 851
ferrite 2391 762 2521 836
capacitor 2391 849 2517 919
capacitor 2528 785 2568 860
resistor 2502 604 2581 642
capacitor 2500 643 2585 685
diode 2500 685 2583 730
button 2596 587 3006 828
button 3170 594 3583 825
resistor 2755 904 2834 945
resistor 2894 1015 2968 1051
capacitor 2855 975 2934 1013
capacitor 2930 974 3011 1015
resistor 2887 1072 2968 1111
pads 2887 1111 2972 1153
capacitor 2883 1147 2970 1183
capacitor 2887 1183 2972 1221
ic 2574 969 2805 1201
resistor 2349 975 2428 1015
resistor 2347 1019 2430 1053
resistor 2347 1057 2432 1094
resistor 2345 1094 2430 1134
resistor 2345 1136 2428 1177
resistor 2345 1175 2432 1223
ic 1996 921 2328 1253
capacitor 2115 1275 2157 1355
capacitor 2157 1274 2189 1357
resistor 2187 1275 2221 1358
resistor 2221 1272 2253 1362
resistor 2255 1274 2289 1360
resistor 2287 1274 2319 1360
resistor 2317 1274 2364 1360
capacitor 2057 1277 2098 1357
resistor 2008 1274 2049 1357
ferrite 2370 1362 2425 1481
clock 2057 1370 2206 1485
capacitor 1955 1374 2040 1419
connector 1057 749 1936 1438
connector 1011 1526 1534 2185
clock 2870 857 3006 964
capacitor 3045 847 3123 989
capacitor 3025 1126 3078 1206
capacitor 3027 1049 3076 1126
ferrite 3100 1091 3147 1213
capacitor 3157 1081 3236 1211
ferrite 3183 1272 3240 1394
ferrite 3128 1270 3178 1387
capacitor 3044 1266 3113 1404
ferrite 2979 1272 3036 1396
ferrite 2825 1272 2885 1402
capacitor 2894 1266 2970 1404
resistor 3159 932 3234 968
resistor 3151 970 3240 1000
resistor 3153 998 3240 1036
resistor 3151 1038 3242 1075
ic 2045 1523 2459 1938
electrolytic 2515 1702 2638 1943
electrolytic 2506 1466 2638 1700
electrolytic 2508 1229 2633 1465
ic 3298 1013 3630 1257
resistor 3638 681 3683 766
capacitor 3640 604 3685 689
diode 3602 604 3642 689
resistor 3679 1132 3717 1215
capacitor 3721 1130 3766 1217
resistor 3791 1211 3879 1258
pads 3793 1172 3879 1211
capacitor 3794 1128 3878 1175
resistor 3793 1083 3878 1130
pads 3793 1043 3879 1087
capacitor 3902 1215 3987 1258
ic 3911 1072 4072 1204
buzzer 3930 560 4413 1049
capacitor 4115 1060 4255 1132
capacitor 4117 1130 4253 1211
capacitor 4145 1217 4230 1258
resistor 4457 1292 4544 1336
diode 4621 1606 4702 1645
diode 4619 1651 4704 1691
diode 4623 1694 4706 1749
capacitor 4440 1804 4578 1881
capacitor 4128 1804 4272 1885
capacitor 3902 1804 4045 1887
capacitor 3576 1719 3657 1858
capacitor 3574 2021 3657 2168
connector 4527 2040 5136 2709
connector 4142 2749 4862 2966
switch 3333 2311 3674 2591
ic 2732 1466 3481 2213
capacitor 2374 1981 2578 2087
ic 3752 1348 4352 1722
ic 3748 1974 4352 2357
text 4904 812 5107 858
text 4797 589 4846 683
text 4776 710 4812 753
text 4405 591 4442 712
component 4112 896 4192 981
text 4657 927 4763 964
text 4715 968 4755 1054
text 4718 1053 4755 1141
text 4719 1222 4760 1306
text 4936 1277 4988 1315
text 4451 835 4519 878
text 4404 877 4512 915
text 4437 919 4524 960
text 4441 960 4526 1001
text 4500 1028 4537 1135
text 4558 1135 4635 1177
text 4554 1184 4635 1221
text 4537 1243 4577 1289
text 4546 1326 4589 1369
text 4430 1340 4542 1377
text 4328 1289 4414 1327
text 4523 1409 4563 1501
text 4755 1416 4802 1456
text 4004 1027 4118 1068
text 4114 1259 4223 1296
text 4137 1300 4223 1343
text 4000 1212 4089 1253
text 3889 1260 4002 1301
text 3875 974 3984 1017
text 3875 1019 3983 1052
text 3882 625 3940 669
text 3693 581 3733 702
text 3597 691 3635 772
text 3567 557 3650 600
text 3724 1017 3765 1128
text 3682 1044 3724 1125
text 3686 1217 3792 1257
text 3688 1260 3799 1301
text 3688 1299 3800 1340
text 3445 552 3507 589
text 3251 554 3391 590
text 3447 953 3504 993
text 3244 919 3277 952
text 3156 843 3260 884
text 3042 801 3152 840
text 3097 999 3144 1083
text 3014 990 3087 1031
text 3156 1226 3245 1263
text 2988 1044 3026 1156
text 2988 1174 3026 1233
text 2878 553 2933 591
text 2687 552 2775 594
text 2807 848 2856 891
text 2784 947 2863 983
text 2672 902 2752 943
text 2814 1016 2892 1054
text 2807 1073 2886 1110
text 2811 1113 2885 1149
text 2806 1151 2884 1187
text 2807 1188 2887 1229
text 3293 1358 3330 1441
text 3246 1357 3285 1436
text 2739 1200 2783 1225
text 2778 1300 2820 1388
text 2733 1299 2775 1386
text 2688 1301 2729 1387
text 2641 1389 2683 1474
text 2643 1302 2683 1385
text 2665 1215 2724 1257
text 2414 605 2496 644
text 2395 647 2500 686
text 2439 688 2498 724
text 2533 866 2571 950
text 2281 772 2386 817
text 2302 857 2384 899
text 2344 929 2430 966
text 2442 976 2549 1017
text 2437 1018 2546 1056
text 2438 1057 2548 1094
text 2438 1095 2548 1136
text 2439 1136 2548 1174
text 2440 1176 2548 1214
text 2342 556 2424 595
text 2218 559 2330 594
text 2098 558 2202 591
text 2030 558 2085 596
text 2232 753 2273 872
text 2086 664 2172 704
text 1967 785 2006 895
text 1951 908 1988 968
text 1858 546 1941 586
component 1564 792 1827 1320
component 1213 790 1525 1343
text 1545 549 1630 585
text 4886 1463 4968 1504
text 4534 1607 4615 1649
text 4530 1650 4616 1692
text 4529 1701 4617 1744
text 4699 1822 4741 1879
text 4468 1758 4555 1797
text 4162 1752 4247 1790
text 3917 1756 4028 1795
text 3698 1511 3738 1574
text 3631 1389 3655 1427
text 3538 1389 3619 1431
text 3535 1435 3617 1475
text 3535 1480 3617 1519
text 3536 1523 3617 1558
text 3534 1595 3586 1639
text 3523 1754 3566 1840
text 2656 1534 2695 1622
text 2656 1787 2695 1869
text 2471 1661 2521 1715
text 2509 1908 2555 1961
text 2462 1898 2507 1937
text 2463 1243 2502 1349
text 2423 1243 2461 1349
text 2378 1245 2416 1349
text 2476 1424 2522 1476
text 2439 1364 2476 1470
text 2412 1479 2461 1520
text 2297 1483 2382 1518
text 2327 1366 2363 1474
text 2289 1370 2325 1475
text 2254 1369 2289 1474
text 2222 1369 2257 1477
text 2203 1473 2258 1512
text 1978 1261 2013 1367
text 1941 1260 1980 1367
text 1945 1421 2051 1454
text 1935 1717 2041 1752
text 1936 1753 2041 1792
text 1937 1791 2041 1830
text 1938 1829 2043 1866
text 2006 1862 2043 1913
text 1956 1877 2002 1983
text 1615 1456 1725 1498
text 1147 1447 1571 1518
text 1544 1594 1654 1637
text 1594 1757 1632 1853
text 4707 1949 5095 2021
text 4525 1973 4585 2022
text 4406 2045 4485 2447
text 3698 2168 3741 2230
text 3526 2052 3565 2146
text 3611 2259 3645 2302
text 3466 2250 3553 2291
text 3371 2258 3405 2300
text 3228 2232 3342 2270
text 3231 2272 3342 2311
text 3228 2314 3341 2350
text 3111 2232 3221 2274
text 3112 2273 3222 2313
text 3110 2314 3222 2352
text 3043 2295 3095 2346
text 2950 2260 3036 2300
text 2834 2269 2923 2310
text 2597 2053 2711 2097
text 2585 2145 2646 2186
text 2679 2189 2718 2278
text 2685 2304 2735 2356
text 2425 2383 2535 2423
text 2427 2427 2537 2467
text 2322 2092 2357 2188
text 2284 2092 2320 2188
text 2277 2192 2357 2234
text 2301 2426 2384 2468
text 2190 2390 2280 2431
text 2110 1952 2197 1988
text 2054 1963 2109 2007
text 1876 1994 1915 2104
text 2091 2161 2194 2198
text 2088 2199 2198 2232
text 2086 2230 2193 2268
text 2041 2290 2082 2402
text 2048 2443 2087 2553
text 1755 1998 1866 2039
text 1754 2040 1868 2081
text 1633 1999 1745 2039
text 1633 2043 1745 2083
text 1616 2134 1656 2183
text 1578 2184 1655 2224
text 1543 2053 1603 2093
text 1688 2263 1798 2307
text 1247 2195 1432 2253
text 1237 2286 1294 2332
text 1713 2343 1771 2385
text 4786 2965 4835 2995
text 4648 2704 4684 2740
text 4439 2507 4480 2619
text 4137 2420 4197 2461
text 4218 2687 4411 2745
text 4040 2711 4130 2754
text 3991 2887 4102 2926
text 3859 2412 3948 2456
text 3787 2887 3891 2925
text 3808 2925 3893 2964
text 3664 2539 3703 2655
text 3658 2899 3743 2942
text 3457 2611 3566 2651
text 3470 2853 3582 2894
text 3470 2894 3581 2933
text 3477 2935 3581 2974
text 3287 2935 3375 2979
text 3252 2560 3288 2664
text 3211 2555 3250 2667
text 3086 2579 3194 2621
text 2953 2581 3064 2618
text 2746 2598 2860 2643
text 2624 2787 3199 2955
text 2635 2668 3203 2729
text 2649 2736 2797 2777
text 2532 2682 2591 2724
text 2536 2753 2578 2838
text 2468 2916 2511 2960
text 2336 2918 2379 2962
text 2193 2917 2236 2961
text 1993 2913 2036 2957
text 2464 2735 2522 2774
text 2404 2674 2443 2778
text 2315 2737 2399 2775
text 2294 2622 2335 2732
text 2251 2669 2294 2779
text 2205 2689 2244 2776
text 2114 2868 2155 2978
text 2069 2879 2109 2966
text 2148 2593 2185 2699
text 2114 2594 2149 2697
text 2078 2595 2112 2697
text 1962 2549 2059 2579
text 1962 2578 2061 2606
text 1834 2558 1869 2581
text 1734 2552 1820 2592
text 1685 2592 1793 2634
text 1685 2635 1794 2668
text 1684 2669 1795 2701
text 1898 2736 1945 2772
text 1857 2768 1908 2806
text 1784 2726 1840 2767
text 1515 2749 1649 2805
text 1917 2945 1943 2984
text 1803 2950 1892 2986
text 1679 2946 1791 2990
text 1565 2949 1676 2989
text 1437 2946 1548 2991
component 4583 861 4655 906
component 4593 994 4618 1033
component 4596 1076 4623 1111
connector 1623 587 1747 716
component 1660 1535 1683 1569
component 2082 1385 2169 1454
component 2534 1301 2601 1377
component 2541 1538 2602 1618
component 2543 1776 2606 1853
component 2910 1541 3326 2141
component 4096 2525 4228 2617
component 3568 2351 3614 2550
component 3393 2351 3438 2546
component 2992 2391 3053 2473
component 2787 2341 2866 2401
component 2425 2165 2528 2291
component 2462 2530 2592 2625
component 2090 2039 2139 2124
component 1958 2063 2018 2146
