switch 5097 746 5354 1237
connector 5149 1388 5405 1700
connector 4912 1912 5471 2534
connector 4778 2688 5410 3280
jumper 4844 3368 5078 3476
connector 4849 3483 5056 3590
connector 4029 3180 4639 3734
connector 3129 3173 3744 3732
connector 2232 3168 2854 3727
connector 1334 3161 1968 3717
connector 524 2666 1088 3283
test 961 3317 1080 3429
connector 554 2222 1124 2520
connector 558 1832 1127 2132
connector 566 1446 1127 1746
connector 846 788 949 1380
connector 1132 76 2344 946
connector 3107 290 3697 839
connector 3829 334 4480 1220
connector 4495 327 4868 946
connector 4644 1044 4741 1166
jumper 4741 1034 4880 1261
led 4810 1698 4912 1741
led 4680 1700 4778 1739
led 4558 1956 4605 2051
switch 4363 2598 4614 3100
switch 4095 2602 4336 3093
switch 3827 2607 4068 3090
switch 3551 2598 3795 3088
button 2402 2659 2593 3022
button 2010 2654 2212 3020
button 1624 2661 1822 3015
button 1232 2661 1436 3015
button 1629 1812 1824 2173
button 2017 1812 2212 2166
button 3788 1815 3978 2178
button 4175 1817 4371 2180
jumper 1515 1083 1741 1199
connector 1868 1002 1973 1207
connector 1985 1002 2093 1210
led 1675 1583 1778 1627
led 2058 1585 2161 1627
led 3727 1132 3766 1227
led 3724 1010 3768 1122
connector 3556 1512 3666 1722
led 4434 2432 4536 2476
led 4161 2429 4258 2473
led 3890 2427 3990 2476
led 3614 2427 3722 2471
resistor 5048 1726 5092 1808
resistor 5044 1808 5095 1897
resistor 4667 2356 4715 2444
resistor 4574 2354 4618 2443
capacitor 4618 2354 4666 2446
capacitor 4167 1264 4213 1346
capacitor 4115 1261 4161 1348
capacitor 4066 1256 4112 1339
pads 4284 1462 4364 1505
capacitor 4285 1507 4367 1548
capacitor 4285 1392 4366 1436
resistor 4376 1385 4454 1428
resistor 4374 1430 4454 1469
resistor 4374 1470 4454 1513
resistor 4372 1513 4453 1554
resistor 4372 1552 4458 1598
resistor 4459 1657 4502 1736
capacitor 4163 1615 4210 1697
capacitor 4038 1615 4087 1700
capacitor 3972 1564 4015 1646
ic 4020 1356 4272 1602
resistor 3915 1520 4005 1566
capacitor 3949 1439 3997 1520
resistor 4195 1698 4279 1739
resistor 4117 1895 4163 1975
resistor 4115 1974 4161 2061
resistor 4002 1895 4044 1972
resistor 3999 1972 4048 2057
capacitor 3881 1564 3938 1670
ferrite 3807 1566 3867 1672
capacitor 3753 1579 3802 1664
capacitor 3682 1557 3741 1661
capacitor 2907 607 2954 690
resistor 2907 730 2958 823
resistor 2905 862 2958 951
resistor 3500 1366 3590 1416
resistor 3497 1420 3587 1464
capacitor 3435 1561 3540 1708
capacitor 3335 1554 3428 1597
capacitor 3335 1616 3426 1654
capacitor 3336 1677 3428 1716
capacitor 3484 1859 3577 1903
capacitor 3484 1916 3571 1961
capacitor 3482 1975 3571 2018
capacitor 3481 2036 3572 2077
capacitor 3481 2090 3574 2134
capacitor 3435 1839 3476 1918
capacitor 3438 1921 3472 1995
capacitor 3435 1993 3472 2074
capacitor 3436 2072 3477 2154
capacitor 3379 2074 3422 2152
capacitor 3376 1997 3420 2074
capacitor 3379 1918 3418 1998
capacitor 3377 1838 3422 1918
resistor 3377 2172 3463 2223
resistor 3336 2228 3377 2311
resistor 3482 2248 3566 2293
resistor 3389 2239 3479 2285
resistor 3389 2289 3476 2334
capacitor 3251 2333 3330 2375
capacitor 3246 2379 3328 2425
capacitor 3246 2423 3331 2475
capacitor 3187 2734 3230 2816
capacitor 3233 2734 3279 2811
capacitor 3340 2775 3425 2820
capacitor 3338 2720 3422 2772
capacitor 3187 2490 3236 2570
capacitor 3187 2570 3235 2654
capacitor 3187 2654 3233 2736
capacitor 3185 2818 3228 2897
capacitor 3231 2895 3281 2979
capacitor 3184 2898 3228 2979
capacitor 3185 2980 3230 3066
capacitor 3000 3062 3089 3110
capacitor 2908 3062 2995 3107
ic 2812 2495 3184 3057
capacitor 2763 2979 2812 3062
capacitor 2764 2895 2810 2982
capacitor 2718 2893 2763 2979
capacitor 2764 2816 2810 2895
capacitor 2766 2736 2808 2816
capacitor 2715 2730 2761 2818
capacitor 2766 2652 2812 2733
capacitor 2766 2574 2808 2651
capacitor 2764 2489 2812 2570
resistor 3108 2374 3136 2428
resistor 3067 2370 3103 2430
resistor 3015 2377 3046 2433
resistor 2910 2374 2997 2421
resistor 2864 2369 2895 2423
resistor 2818 2369 2853 2425
capacitor 2672 2425 2759 2470
capacitor 2672 2377 2756 2425
capacitor 2672 2336 2759 2375
capacitor 2579 1552 2664 1592
capacitor 2579 1613 2666 1652
capacitor 2579 1675 2666 1718
capacitor 2466 1556 2571 1713
capacitor 2584 1834 2630 1915
capacitor 2584 1915 2626 1990
capacitor 2581 1992 2626 2072
capacitor 2585 2074 2626 2152
capacitor 2528 1838 2571 1915
capacitor 2528 1913 2569 1993
capacitor 2526 1995 2571 2069
capacitor 2525 2070 2566 2149
capacitor 2428 1857 2517 1897
capacitor 2426 1916 2520 1954
capacitor 2430 1975 2517 2010
capacitor 2428 2031 2517 2067
capacitor 2428 2085 2517 2130
resistor 1895 2236 1944 2321
resistor 2259 2743 2348 2785
resistor 2263 2787 2346 2836
resistor 2263 2838 2346 2880
resistor 2262 2881 2347 2925
ic 2479 508 2905 911
resistor 1489 2743 1572 2789
resistor 1485 2790 1574 2834
resistor 1487 2836 1574 2880
resistor 1485 2882 1571 2928
ic 2668 1664 3339 2331
text 5212 663 5336 737
text 5181 1247 5336 1308
text 5003 433 5085 790
text 5046 822 5093 927
text 4889 976 5089 1053
text 4895 404 4946 467
text 4910 749 4942 825
text 4871 833 4922 935
text 4693 957 4740 1051
text 4640 957 4693 1047
text 4505 1078 4630 1149
text 4891 1082 5093 1151
text 4891 1169 5036 1243
text 4858 1310 5050 1384
text 4695 1312 4848 1375
text 5248 1329 5340 1386
text 4514 1308 4665 1378
text 4585 1465 4642 1514
text 4518 1475 4559 1500
text 4391 1238 4456 1284
text 4312 1236 4359 1327
text 4280 1335 4367 1380
text 4267 1235 4311 1326
text 4217 1246 4265 1328
text 3835 1238 3998 1304
text 3674 949 3772 1002
text 3585 1027 3712 1094
text 3553 1143 3713 1210
text 3670 1235 3771 1281
text 3904 1423 3951 1511
text 3601 1369 3722 1420
text 3603 1419 3722 1464
text 3240 858 3569 921
text 3017 409 3087 467
text 2508 414 2877 477
text 2566 1052 3232 1158
text 2583 1172 3206 1230
text 2635 917 2744 959
text 2961 589 3009 696
text 2960 699 3007 814
text 2960 820 3007 956
text 2361 410 2432 470
text 2165 963 2335 1032
text 2561 1320 3412 1480
text 2471 1463 2545 1516
text 1593 612 1846 833
text 1991 954 2091 999
text 1876 956 1975 994
text 1994 1221 2064 1340
text 1893 1215 1960 1374
text 1492 1042 1585 1089
text 1606 1243 1671 1327
text 1506 1244 1569 1394
text 1409 1243 1471 1401
text 850 724 950 777
text 960 809 1085 868
text 957 906 1087 965
text 960 1004 1083 1065
text 961 1100 1082 1164
text 960 1199 1071 1264
text 960 1298 1085 1358
text 697 1401 766 1457
text 5112 1737 5340 1799
text 5118 1823 5340 1884
text 4993 1680 5045 1807
text 4994 1807 5043 1928
text 4813 1647 4920 1700
text 4824 1747 4923 1815
text 4683 1651 4783 1696
text 4667 1746 4776 1817
text 4792 1953 4914 2012
text 4792 2056 4912 2114
text 4530 1905 4643 1952
text 4503 2059 4664 2117
text 4354 1626 4456 1672
text 4350 1672 4454 1712
text 4350 1717 4451 1758
text 4343 1752 4459 1800
text 4362 1799 4461 1844
text 4460 1741 4506 1870
text 4282 1556 4372 1599
text 4259 1602 4354 1649
text 4253 1647 4333 1689
text 4203 1763 4335 1810
text 4112 1637 4156 1704
text 4071 1710 4192 1760
text 4178 2184 4366 2246
text 4119 2063 4165 2165
text 4117 1794 4165 1890
text 4020 1704 4065 1773
text 3971 1647 4017 1712
text 4002 1796 4046 1890
text 4001 2064 4050 2163
text 3787 2180 3975 2243
text 3666 1509 3750 1557
text 3825 1760 3956 1814
text 3890 1674 3939 1767
text 3811 1675 3860 1764
text 3753 1669 3803 1767
text 3693 1670 3739 1768
text 3667 1856 3787 1907
text 3665 1911 3785 1965
text 3670 1968 3787 2023
text 3665 2028 3786 2080
text 3665 2086 3786 2136
text 3624 1741 3667 1864
text 3577 1742 3623 1863
text 3622 1873 3671 1996
text 3622 2002 3666 2125
text 3638 2135 3685 2259
text 3576 1998 3620 2123
text 3592 2143 3635 2262
text 3493 1715 3548 1843
text 3335 1716 3464 1767
text 3337 1764 3462 1809
text 3469 2172 3594 2225
text 3335 2096 3380 2225
text 3478 2299 3607 2351
text 3355 2333 3485 2379
text 3218 1549 3329 1598
text 2943 1605 3069 1652
text 2677 1546 2796 1601
text 2553 1717 2671 1760
text 2550 1760 2669 1810
text 2420 1570 2466 1695
text 2385 1735 2434 1859
text 2338 1735 2387 1860
text 2387 1870 2430 1993
text 2341 1867 2385 1995
text 2388 2002 2428 2125
text 2382 2132 2432 2256
text 2340 1995 2387 2126
text 2335 2126 2388 2257
text 2215 1853 2338 1906
text 2227 1910 2338 1964
text 2218 1968 2338 2015
text 2218 2026 2338 2069
text 2227 2084 2336 2133
text 2049 1523 2172 1577
text 2009 1631 2213 1690
text 2045 1757 2178 1807
text 1965 2194 2245 2260
text 1891 2101 1950 2232
text 1660 1523 1794 1577
text 1641 1628 1808 1688
text 1653 1756 1792 1810
text 1623 2193 1832 2256
text 1140 1574 1498 1638
text 1139 1957 1393 2017
text 696 1793 770 1838
text 697 2178 766 2223
text 5239 2617 5343 2669
text 5039 2547 5114 2596
text 4812 2333 4867 2468
text 4766 2332 4812 2465
text 4717 2332 4766 2472
text 4361 2475 4602 2523
text 3811 2253 4181 2416
text 4088 2474 4332 2528
text 3813 2473 4051 2525
text 3540 2470 3791 2522
text 3355 2379 3485 2425
text 3344 2425 3440 2472
text 3329 2469 3441 2520
text 3319 2520 3444 2564
text 3404 2619 3534 2665
text 3404 2665 3533 2714
text 3430 2711 3481 2840
text 3245 2567 3371 2614
text 3240 2612 3367 2659
text 3244 2656 3366 2707
text 3285 2709 3334 2828
text 3199 2330 3241 2457
text 3149 2327 3197 2456
text 3007 2444 3138 2488
text 2886 2327 3013 2370
text 2812 2440 2938 2488
text 2762 2335 2808 2462
text 2540 2330 2667 2378
text 2541 2378 2665 2423
text 2539 2425 2665 2473
text 2632 2504 2760 2560
text 2638 2584 2759 2641
text 2644 2664 2762 2719
text 2667 2712 2711 2832
text 2620 2720 2667 2831
text 2256 2648 2357 2698
text 2259 2695 2356 2742
text 1135 2342 1428 2409
text 1570 2353 2118 2528
text 1483 2643 1587 2694
text 1485 2693 1586 2742
text 1087 2691 1235 2759
text 1085 2789 1206 2856
text 1085 2889 1236 2949
text 4992 3292 5350 3349
text 5058 3568 5164 3625
text 4843 3307 4930 3361
text 4685 3394 4839 3456
text 4648 3497 4844 3558
text 4702 3168 4761 3301
text 4646 3168 4702 3300
text 4625 3118 4689 3170
text 4371 3106 4612 3156
text 3806 3163 3865 3296
text 3748 3163 3804 3295
text 4098 3106 4339 3149
text 3833 3101 4060 3148
text 3556 3097 3795 3149
text 3363 3110 3429 3168
text 3243 2832 3363 2880
text 3334 2879 3378 3006
text 3284 2882 3329 3008
text 3237 3006 3363 3049
text 3092 3066 3215 3113
text 3006 3107 3127 3161
text 2861 3111 2991 3156
text 2916 3159 2975 3292
text 2857 3159 2913 3291
text 1970 3157 2026 3289
text 2024 3157 2083 3290
text 2761 3110 2837 3163
text 2633 2828 2758 2876
text 2665 2875 2710 3004
text 2620 2876 2668 3004
text 2630 3000 2757 3052
text 2357 3027 2632 3086
text 2253 2928 2356 2972
text 2257 2975 2356 3023
text 1970 3023 2248 3082
text 1592 3025 1861 3080
text 1479 2924 1582 2973
text 1481 2973 1584 3028
text 1199 3024 1468 3079
text 1085 2986 1202 3056
text 1082 3059 1203 3113
text 1082 3113 1202 3175
text 1071 3282 1122 3335
text 895 3285 967 3337
text 956 3431 1081 3489
text 870 2576 1092 2639
connector 4746 954 4856 1034
component 2640 542 2750 863
connector 1331 1088 1516 1209
component 2694 1795 3294 2196
component 2954 2565 3063 2686
component 3006 2988 3134 3036
component 2932 2719 3072 2925
