switch 5097 2652 5354 3143
connector 5149 2189 5405 2501
connector 4912 1355 5471 1977
connector 4778 609 5410 1201
jumper 4844 413 5078 521
connector 4849 299 5056 406
connector 4029 155 4639 709
connector 3129 157 3744 716
connector 2232 162 2854 721
connector 1334 172 1968 728
connector 524 606 1088 1223
test 961 460 1080 572
connector 554 1369 1124 1667
connector 558 1757 1127 2057
connector 566 2143 1127 2443
connector 846 2509 949 3101
connector 1132 2943 2344 3813
connector 3107 3050 3697 3599
connector 3829 2669 4480 3555
connector 4495 2943 4868 3562
connector 4644 2723 4741 2845
jumper 4741 2628 4880 2855
led 4810 2148 4912 2191
led 4680 2150 4778 2189
led 4558 1838 4605 1933
switch 4363 789 4614 1291
switch 4095 796 4336 1287
switch 3827 799 4068 1282
switch 3551 801 3795 1291
button 2402 867 2593 1230
button 2010 869 2212 1235
button 1624 874 1822 1228
button 1232 874 1436 1228
button 1629 1716 1824 2077
button 2017 1723 2212 2077
button 3788 1711 3978 2074
button 4175 1709 4371 2072
jumper 1515 2690 1741 2806
connector 1868 2682 1973 2887
connector 1985 2679 2093 2887
led 1675 2262 1778 2306
led 2058 2262 2161 2304
led 3727 2662 3766 2757
led 3724 2767 3768 2879
connector 3556 2167 3666 2377
led 4434 1413 4536 1457
led 4161 1416 4258 1460
led 3890 1413 3990 1462
led 3614 1418 3722 1462
resistor 5048 2081 5092 2163
resistor 5044 1992 5095 2081
resistor 4667 1445 4715 1533
resistor 4574 1446 4618 1535
capacitor 4618 1443 4666 1535
capacitor 4167 2543 4213 2625
capacitor 4115 2541 4161 2628
capacitor 4066 2550 4112 2633
pads 4284 2384 4364 2427
capacitor 4285 2341 4367 2382
capacitor 4285 2453 4366 2497
resistor 4376 2461 4454 2504
resistor 4374 2420 4454 2459
resistor 4374 2376 4454 2419
resistor 4372 2335 4453 2376
resistor 4372 2291 4458 2337
resistor 4459 2153 4502 2232
capacitor 4163 2192 4210 2274
capacitor 4038 2189 4087 2274
capacitor 3972 2243 4015 2325
ic 4020 2287 4272 2533
resistor 3915 2323 4005 2369
capacitor 3949 2369 3997 2450
resistor 4195 2150 4279 2191
resistor 4117 1914 4163 1994
resistor 4115 1828 4161 1915
resistor 4002 1917 4044 1994
resistor 3999 1832 4048 1917
capacitor 3881 2219 3938 2325
ferrite 3807 2217 3867 2323
capacitor 3753 2225 3802 2310
capacitor 3682 2228 3741 2332
capacitor 2907 3199 2954 3282
resistor 2907 3066 2958 3159
resistor 2905 2938 2958 3027
resistor 3500 2473 3590 2523
resistor 3497 2425 3587 2469
capacitor 3435 2181 3540 2328
capacitor 3335 2292 3428 2335
capacitor 3335 2235 3426 2273
capacitor 3336 2173 3428 2212
capacitor 3484 1986 3577 2030
capacitor 3484 1928 3571 1973
capacitor 3482 1871 3571 1914
capacitor 3481 1812 3572 1853
capacitor 3481 1755 3574 1799
capacitor 3435 1971 3476 2050
capacitor 3438 1894 3472 1968
capacitor 3435 1815 3472 1896
capacitor 3436 1735 3477 1817
capacitor 3379 1737 3422 1815
capacitor 3376 1815 3420 1892
capacitor 3379 1891 3418 1971
capacitor 3377 1971 3422 2051
resistor 3377 1666 3463 1717
resistor 3336 1578 3377 1661
resistor 3482 1596 3566 1641
resistor 3389 1604 3479 1650
resistor 3389 1555 3476 1600
capacitor 3251 1514 3330 1556
capacitor 3246 1464 3328 1510
capacitor 3246 1414 3331 1466
capacitor 3187 1073 3230 1155
capacitor 3233 1078 3279 1155
capacitor 3340 1069 3425 1114
capacitor 3338 1117 3422 1169
capacitor 3187 1319 3236 1399
capacitor 3187 1235 3235 1319
capacitor 3187 1153 3233 1235
capacitor 3185 992 3228 1071
capacitor 3231 910 3281 994
capacitor 3184 910 3228 991
capacitor 3185 823 3230 909
capacitor 3000 779 3089 827
capacitor 2908 782 2995 827
ic 2812 832 3184 1394
capacitor 2763 827 2812 910
capacitor 2764 907 2810 994
capacitor 2718 910 2763 996
capacitor 2764 994 2810 1073
capacitor 2766 1073 2808 1153
capacitor 2715 1071 2761 1159
capacitor 2766 1156 2812 1237
capacitor 2766 1238 2808 1315
capacitor 2764 1319 2812 1400
resistor 3108 1461 3136 1515
resistor 3067 1459 3103 1519
resistor 3015 1456 3046 1512
resistor 2910 1468 2997 1515
resistor 2864 1466 2895 1520
resistor 2818 1464 2853 1520
capacitor 2672 1419 2759 1464
capacitor 2672 1464 2756 1512
capacitor 2672 1514 2759 1553
capacitor 2579 2297 2664 2337
capacitor 2579 2237 2666 2276
capacitor 2579 2171 2666 2214
capacitor 2466 2176 2571 2333
capacitor 2584 1974 2630 2055
capacitor 2584 1899 2626 1974
capacitor 2581 1817 2626 1897
capacitor 2585 1737 2626 1815
capacitor 2528 1974 2571 2051
capacitor 2528 1896 2569 1976
capacitor 2526 1820 2571 1894
capacitor 2525 1740 2566 1819
capacitor 2428 1992 2517 2032
capacitor 2426 1935 2520 1973
capacitor 2430 1879 2517 1914
capacitor 2428 1822 2517 1858
capacitor 2428 1759 2517 1804
resistor 1895 1568 1944 1653
resistor 2259 1104 2348 1146
resistor 2263 1053 2346 1102
resistor 2263 1009 2346 1051
resistor 2262 964 2347 1008
ic 2479 2978 2905 3381
resistor 1489 1100 1572 1146
resistor 1485 1055 1574 1099
resistor 1487 1009 1574 1053
resistor 1485 961 1571 1007
ic 2668 1558 3339 2225
text 5212 3152 5336 3226
text 5181 2581 5336 2642
text 5003 3099 5085 3456
text 5046 2962 5093 3067
text 4889 2836 5089 2913
text 4895 3422 4946 3485
text 4910 3064 4942 3140
text 4871 2954 4922 3056
text 4693 2838 4740 2932
text 4640 2842 4693 2932
text 4505 2740 4630 2811
text 4891 2738 5093 2807
text 4891 2646 5036 2720
text 4858 2505 5050 2579
text 4695 2514 4848 2577
text 5248 2503 5340 2560
text 4514 2511 4665 2581
text 4585 2375 4642 2424
text 4518 2389 4559 2414
text 4391 2605 4456 2651
text 4312 2562 4359 2653
text 4280 2509 4367 2554
text 4267 2563 4311 2654
text 4217 2561 4265 2643
text 3835 2585 3998 2651
text 3674 2887 3772 2940
text 3585 2795 3712 2862
text 3553 2679 3713 2746
text 3670 2608 3771 2654
text 3904 2378 3951 2466
text 3601 2469 3722 2520
text 3603 2425 3722 2470
text 3240 2968 3569 3031
text 3017 3422 3087 3480
text 2508 3412 2877 3475
text 2566 2731 3232 2837
text 2583 2659 3206 2717
text 2635 2930 2744 2972
text 2961 3193 3009 3300
text 2960 3075 3007 3190
text 2960 2933 3007 3069
text 2361 3419 2432 3479
text 2165 2857 2335 2926
text 2561 2409 3412 2569
text 2471 2373 2545 2426
text 1593 3056 1846 3277
text 1991 2890 2091 2935
text 1876 2895 1975 2933
text 1994 2549 2064 2668
text 1893 2515 1960 2674
text 1492 2800 1585 2847
text 1606 2562 1671 2646
text 1506 2495 1569 2645
text 1409 2488 1471 2646
text 850 3112 950 3165
text 960 3021 1085 3080
text 957 2924 1087 2983
text 960 2824 1083 2885
text 961 2725 1082 2789
text 960 2625 1071 2690
text 960 2531 1085 2591
text 697 2432 766 2488
text 5112 2090 5340 2152
text 5118 2005 5340 2066
text 4993 2082 5045 2209
text 4994 1961 5043 2082
text 4813 2189 4920 2242
text 4824 2074 4923 2142
text 4683 2193 4783 2238
text 4667 2072 4776 2143
text 4792 1877 4914 1936
text 4792 1775 4912 1833
text 4530 1937 4643 1984
text 4503 1772 4664 1830
text 4354 2217 4456 2263
text 4350 2177 4454 2217
text 4350 2131 4451 2172
text 4343 2089 4459 2137
text 4362 2045 4461 2090
text 4460 2019 4506 2148
text 4282 2290 4372 2333
text 4259 2240 4354 2287
text 4253 2200 4333 2242
text 4203 2079 4335 2126
text 4112 2185 4156 2252
text 4071 2129 4192 2179
text 4178 1643 4366 1705
text 4119 1724 4165 1826
text 4117 1999 4165 2095
text 4020 2116 4065 2185
text 3971 2177 4017 2242
text 4002 1999 4046 2093
text 4001 1726 4050 1825
text 3787 1646 3975 1709
text 3666 2332 3750 2380
text 3825 2075 3956 2129
text 3890 2122 3939 2215
text 3811 2125 3860 2214
text 3753 2122 3803 2220
text 3693 2121 3739 2219
text 3667 1982 3787 2033
text 3665 1924 3785 1978
text 3670 1866 3787 1921
text 3665 1809 3786 1861
text 3665 1753 3786 1803
text 3624 2025 3667 2148
text 3577 2026 3623 2147
text 3622 1893 3671 2016
text 3622 1764 3666 1887
text 3638 1630 3685 1754
text 3576 1766 3620 1891
text 3592 1627 3635 1746
text 3493 2046 3548 2174
text 3335 2122 3464 2173
text 3337 2080 3462 2125
text 3469 1664 3594 1717
text 3335 1664 3380 1793
text 3478 1538 3607 1590
text 3355 1510 3485 1556
text 3218 2291 3329 2340
text 2943 2237 3069 2284
text 2677 2288 2796 2343
text 2553 2129 2671 2172
text 2550 2079 2669 2129
text 2420 2194 2466 2319
text 2385 2030 2434 2154
text 2338 2029 2387 2154
text 2387 1896 2430 2019
text 2341 1894 2385 2022
text 2388 1764 2428 1887
text 2382 1633 2432 1757
text 2340 1763 2387 1894
text 2335 1632 2388 1763
text 2215 1983 2338 2036
text 2227 1925 2338 1979
text 2218 1874 2338 1921
text 2218 1820 2338 1863
text 2227 1756 2336 1805
text 2049 2312 2172 2366
text 2009 2199 2213 2258
text 2045 2082 2178 2132
text 1965 1629 2245 1695
text 1891 1657 1950 1788
text 1660 2312 1794 2366
text 1641 2201 1808 2261
text 1653 2079 1792 2133
text 1623 1633 1832 1696
text 1140 2251 1498 2315
text 1139 1872 1393 1932
text 696 2051 770 2096
text 697 1666 766 1711
text 5239 1220 5343 1272
text 5039 1293 5114 1342
text 4812 1421 4867 1556
text 4766 1424 4812 1557
text 4717 1417 4766 1557
text 4361 1366 4602 1414
text 3811 1473 4181 1636
text 4088 1361 4332 1415
text 3813 1364 4051 1416
text 3540 1367 3791 1419
text 3355 1464 3485 1510
text 3344 1417 3440 1464
text 3329 1369 3441 1420
text 3319 1325 3444 1369
text 3404 1224 3534 1270
text 3404 1175 3533 1224
text 3430 1049 3481 1178
text 3245 1275 3371 1322
text 3240 1230 3367 1277
text 3244 1182 3366 1233
text 3285 1061 3334 1180
text 3199 1432 3241 1559
text 3149 1433 3197 1562
text 3007 1401 3138 1445
text 2886 1519 3013 1562
text 2812 1401 2938 1449
text 2762 1427 2808 1554
text 2540 1511 2667 1559
text 2541 1466 2665 1511
text 2539 1416 2665 1464
text 2632 1329 2760 1385
text 2638 1248 2759 1305
text 2644 1170 2762 1225
text 2667 1057 2711 1177
text 2620 1058 2667 1169
text 2256 1191 2357 1241
text 2259 1147 2356 1194
text 1135 1480 1428 1547
text 1570 1361 2118 1536
text 1483 1195 1587 1246
text 1485 1147 1586 1196
text 1087 1130 1235 1198
text 1085 1033 1206 1100
text 1085 940 1236 1000
text 4992 540 5350 597
text 5058 264 5164 321
text 4843 528 4930 582
text 4685 433 4839 495
text 4648 331 4844 392
text 4702 588 4761 721
text 4646 589 4702 721
text 4625 719 4689 771
text 4371 733 4612 783
text 3806 593 3865 726
text 3748 594 3804 726
text 4098 740 4339 783
text 3833 741 4060 788
text 3556 740 3795 792
text 3363 721 3429 779
text 3243 1009 3363 1057
text 3334 883 3378 1010
text 3284 881 3329 1007
text 3237 840 3363 883
text 3092 776 3215 823
text 3006 728 3127 782
text 2861 733 2991 778
text 2916 597 2975 730
text 2857 598 2913 730
text 1970 600 2026 732
text 2024 599 2083 732
text 2761 726 2837 779
text 2633 1013 2758 1061
text 2665 885 2710 1014
text 2620 885 2668 1013
text 2630 837 2757 889
text 2357 803 2632 862
text 2253 917 2356 961
text 2257 866 2356 914
text 1970 807 2248 866
text 1592 809 1861 864
text 1479 916 1582 965
text 1481 861 1584 916
text 1199 810 1468 865
text 1085 833 1202 903
text 1082 776 1203 830
text 1082 714 1202 776
text 1071 554 1122 607
text 895 552 967 604
text 956 400 1081 458
text 870 1250 1092 1313
connector 4746 2855 4856 2935
component 2640 3026 2750 3347
connector 1331 2680 1516 2801
component 2694 1693 3294 2094
component 2954 1203 3063 1324
component 3006 853 3134 901
component 2932 964 3072 1170
