switch 479 746 736 1237
connector 428 1388 684 1700
connector 362 1912 921 2534
connector 423 2688 1055 3280
jumper 755 3368 989 3476
connector 777 3483 984 3590
connector 1194 3180 1804 3734
connector 2089 3173 2704 3732
connector 2979 3168 3601 3727
connector 3865 3161 4499 3717
connector 4745 2666 5309 3283
test 4753 3317 4872 3429
connector 4709 2222 5279 2520
connector 4706 1832 5275 2132
connector 4706 1446 5267 1746
connector 4884 788 4987 1380
connector 3489 76 4701 946
connector 2136 290 2726 839
connector 1353 334 2004 1220
connector 965 327 1338 946
connector 1092 1044 1189 1166
jumper 953 1034 1092 1261
led 921 1698 1023 1741
led 1055 1700 1153 1739
led 1228 1956 1275 2051
switch 1219 2598 1470 3100
switch 1497 2602 1738 3093
switch 1765 2607 2006 3090
switch 2038 2598 2282 3088
button 3240 2659 3431 3022
button 3621 2654 3823 3020
button 4011 2661 4209 3015
button 4397 2661 4601 3015
button 4009 1812 4204 2173
button 3621 1812 3816 2166
button 1855 1815 2045 2178
button 1462 1817 1658 2180
jumper 4092 1083 4318 1199
connector 3860 1002 3965 1207
connector 3740 1002 3848 1210
led 4055 1583 4158 1627
led 3672 1585 3775 1627
led 2067 1132 2106 1227
led 2065 1010 2109 1122
connector 2167 1512 2277 1722
led 1297 2432 1399 2476
led 1575 2429 1672 2473
led 1843 2427 1943 2476
led 2111 2427 2219 2471
resistor 741 1726 785 1808
resistor 738 1808 789 1897
resistor 1118 2356 1166 2444
resistor 1215 2354 1259 2443
capacitor 1167 2354 1215 2446
capacitor 1620 1264 1666 1346
capacitor 1672 1261 1718 1348
capacitor 1721 1256 1767 1339
pads 1469 1462 1549 1505
capacitor 1466 1507 1548 1548
capacitor 1467 1392 1548 1436
resistor 1379 1385 1457 1428
resistor 1379 1430 1459 1469
resistor 1379 1470 1459 1513
resistor 1380 1513 1461 1554
resistor 1375 1552 1461 1598
resistor 1331 1657 1374 1736
capacitor 1623 1615 1670 1697
capacitor 1746 1615 1795 1700
capacitor 1818 1564 1861 1646
ic 1561 1356 1813 1602
resistor 1828 1520 1918 1566
capacitor 1836 1439 1884 1520
resistor 1554 1698 1638 1739
resistor 1670 1895 1716 1975
resistor 1672 1974 1718 2061
resistor 1789 1895 1831 1972
resistor 1785 1972 1834 2057
capacitor 1895 1564 1952 1670
ferrite 1966 1566 2026 1672
capacitor 2031 1579 2080 1664
capacitor 2092 1557 2151 1661
capacitor 2879 607 2926 690
resistor 2875 730 2926 823
resistor 2875 862 2928 951
resistor 2243 1366 2333 1416
resistor 2246 1420 2336 1464
capacitor 2293 1561 2398 1708
capacitor 2405 1554 2498 1597
capacitor 2407 1616 2498 1654
capacitor 2405 1677 2497 1716
capacitor 2256 1859 2349 1903
capacitor 2262 1916 2349 1961
capacitor 2262 1975 2351 2018
capacitor 2261 2036 2352 2077
capacitor 2259 2090 2352 2134
capacitor 2357 1839 2398 1918
capacitor 2361 1921 2395 1995
capacitor 2361 1993 2398 2074
capacitor 2356 2072 2397 2154
capacitor 2411 2074 2454 2152
capacitor 2413 1997 2457 2074
capacitor 2415 1918 2454 1998
capacitor 2411 1838 2456 1918
resistor 2370 2172 2456 2223
resistor 2456 2228 2497 2311
resistor 2267 2248 2351 2293
resistor 2354 2239 2444 2285
resistor 2357 2289 2444 2334
capacitor 2503 2333 2582 2375
capacitor 2505 2379 2587 2425
capacitor 2502 2423 2587 2475
capacitor 2603 2734 2646 2816
capacitor 2554 2734 2600 2811
capacitor 2408 2775 2493 2820
capacitor 2411 2720 2495 2772
capacitor 2597 2490 2646 2570
capacitor 2598 2570 2646 2654
capacitor 2600 2654 2646 2736
capacitor 2605 2818 2648 2897
capacitor 2552 2895 2602 2979
capacitor 2605 2898 2649 2979
capacitor 2603 2980 2648 3066
capacitor 2744 3062 2833 3110
capacitor 2838 3062 2925 3107
ic 2649 2495 3021 3057
capacitor 3021 2979 3070 3062
capacitor 3023 2895 3069 2982
capacitor 3070 2893 3115 2979
capacitor 3023 2816 3069 2895
capacitor 3025 2736 3067 2816
capacitor 3072 2730 3118 2818
capacitor 3021 2652 3067 2733
capacitor 3025 2574 3067 2651
capacitor 3021 2489 3069 2570
resistor 2697 2374 2725 2428
resistor 2730 2370 2766 2430
resistor 2787 2377 2818 2433
resistor 2836 2374 2923 2421
resistor 2938 2369 2969 2423
resistor 2980 2369 3015 2425
capacitor 3074 2425 3161 2470
capacitor 3077 2377 3161 2425
capacitor 3074 2336 3161 2375
capacitor 3169 1552 3254 1592
capacitor 3167 1613 3254 1652
capacitor 3167 1675 3254 1718
capacitor 3262 1556 3367 1713
capacitor 3203 1834 3249 1915
capacitor 3207 1915 3249 1990
capacitor 3207 1992 3252 2072
capacitor 3207 2074 3248 2152
capacitor 3262 1838 3305 1915
capacitor 3264 1913 3305 1993
capacitor 3262 1995 3307 2069
capacitor 3267 2070 3308 2149
capacitor 3316 1857 3405 1897
capacitor 3313 1916 3407 1954
capacitor 3316 1975 3403 2010
capacitor 3316 2031 3405 2067
capacitor 3316 2085 3405 2130
resistor 3889 2236 3938 2321
resistor 3485 2743 3574 2785
resistor 3487 2787 3570 2836
resistor 3487 2838 3570 2880
resistor 3486 2881 3571 2925
ic 2928 508 3354 911
resistor 4261 2743 4344 2789
resistor 4259 2790 4348 2834
resistor 4259 2836 4346 2880
resistor 4262 2882 4348 2928
ic 2494 1664 3165 2331
text 497 663 621 737
text 497 1247 652 1308
text 748 433 830 790
text 740 822 787 927
text 744 976 944 1053
text 887 404 938 467
text 891 749 923 825
text 911 833 962 935
text 1093 957 1140 1051
text 1140 957 1193 1047
text 1203 1078 1328 1149
text 740 1082 942 1151
text 797 1169 942 1243
text 783 1310 975 1384
text 985 1312 1138 1375
text 493 1329 585 1386
text 1168 1308 1319 1378
text 1191 1465 1248 1514
text 1274 1475 1315 1500
text 1377 1238 1442 1284
text 1474 1236 1521 1327
text 1466 1335 1553 1380
text 1522 1235 1566 1326
text 1568 1246 1616 1328
text 1835 1238 1998 1304
text 2061 949 2159 1002
text 2121 1027 2248 1094
text 2120 1143 2280 1210
text 2062 1235 2163 1281
text 1882 1423 1929 1511
text 2111 1369 2232 1420
text 2111 1419 2230 1464
text 2264 858 2593 921
text 2746 409 2816 467
text 2956 414 3325 477
text 2601 1052 3267 1158
text 2627 1172 3250 1230
text 3089 917 3198 959
text 2824 589 2872 696
text 2826 699 2873 814
text 2826 820 2873 956
text 3401 410 3472 470
text 3498 963 3668 1032
text 2421 1320 3272 1480
text 3288 1463 3362 1516
text 3987 612 4240 833
text 3742 954 3842 999
text 3858 956 3957 994
text 3769 1221 3839 1340
text 3873 1215 3940 1374
text 4248 1042 4341 1089
text 4162 1243 4227 1327
text 4264 1244 4327 1394
text 4362 1243 4424 1401
text 4883 724 4983 777
text 4748 809 4873 868
text 4746 906 4876 965
text 4750 1004 4873 1065
text 4751 1100 4872 1164
text 4762 1199 4873 1264
text 4748 1298 4873 1358
text 5067 1401 5136 1457
text 493 1737 721 1799
text 493 1823 715 1884
text 788 1680 840 1807
text 790 1807 839 1928
text 913 1647 1020 1700
text 910 1747 1009 1815
text 1050 1651 1150 1696
text 1057 1746 1166 1817
text 919 1953 1041 2012
text 921 2056 1041 2114
text 1190 1905 1303 1952
text 1169 2059 1330 2117
text 1377 1626 1479 1672
text 1379 1672 1483 1712
text 1382 1717 1483 1758
text 1374 1752 1490 1800
text 1372 1799 1471 1844
text 1327 1741 1373 1870
text 1461 1556 1551 1599
text 1479 1602 1574 1649
text 1500 1647 1580 1689
text 1498 1763 1630 1810
text 1677 1637 1721 1704
text 1641 1710 1762 1760
text 1467 2184 1655 2246
text 1668 2063 1714 2165
text 1668 1794 1716 1890
text 1768 1704 1813 1773
text 1816 1647 1862 1712
text 1787 1796 1831 1890
text 1783 2064 1832 2163
text 1858 2180 2046 2243
text 2083 1509 2167 1557
text 1877 1760 2008 1814
text 1894 1674 1943 1767
text 1973 1675 2022 1764
text 2030 1669 2080 1767
text 2094 1670 2140 1768
text 2046 1856 2166 1907
text 2048 1911 2168 1965
text 2046 1968 2163 2023
text 2047 2028 2168 2080
text 2047 2086 2168 2136
text 2166 1741 2209 1864
text 2210 1742 2256 1863
text 2162 1873 2211 1996
text 2167 2002 2211 2125
text 2148 2135 2195 2259
text 2213 1998 2257 2123
text 2198 2143 2241 2262
text 2285 1715 2340 1843
text 2369 1716 2498 1767
text 2371 1764 2496 1809
text 2239 2172 2364 2225
text 2453 2096 2498 2225
text 2226 2299 2355 2351
text 2348 2333 2478 2379
text 2504 1549 2615 1598
text 2764 1605 2890 1652
text 3037 1546 3156 1601
text 3162 1717 3280 1760
text 3164 1760 3283 1810
text 3367 1570 3413 1695
text 3399 1735 3448 1859
text 3446 1735 3495 1860
text 3403 1870 3446 1993
text 3448 1867 3492 1995
text 3405 2002 3445 2125
text 3401 2132 3451 2256
text 3446 1995 3493 2126
text 3445 2126 3498 2257
text 3495 1853 3618 1906
text 3495 1910 3606 1964
text 3495 1968 3615 2015
text 3495 2026 3615 2069
text 3497 2084 3606 2133
text 3661 1523 3784 1577
text 3620 1631 3824 1690
text 3655 1757 3788 1807
text 3588 2194 3868 2260
text 3883 2101 3942 2232
text 4039 1523 4173 1577
text 4025 1628 4192 1688
text 4041 1756 4180 1810
text 4001 2193 4210 2256
text 4335 1574 4693 1638
text 4440 1957 4694 2017
text 5063 1793 5137 1838
text 5067 2178 5136 2223
text 490 2617 594 2669
text 719 2547 794 2596
text 966 2333 1021 2468
text 1021 2332 1067 2465
text 1067 2332 1116 2472
text 1231 2475 1472 2523
text 1652 2253 2022 2416
text 1501 2474 1745 2528
text 1782 2473 2020 2525
text 2042 2470 2293 2522
text 2348 2379 2478 2425
text 2393 2425 2489 2472
text 2392 2469 2504 2520
text 2389 2520 2514 2564
text 2299 2619 2429 2665
text 2300 2665 2429 2714
text 2352 2711 2403 2840
text 2462 2567 2588 2614
text 2466 2612 2593 2659
text 2467 2656 2589 2707
text 2499 2709 2548 2828
text 2592 2330 2634 2457
text 2636 2327 2684 2456
text 2695 2444 2826 2488
text 2820 2327 2947 2370
text 2895 2440 3021 2488
text 3025 2335 3071 2462
text 3166 2330 3293 2378
text 3168 2378 3292 2423
text 3168 2425 3294 2473
text 3073 2504 3201 2560
text 3074 2584 3195 2641
text 3071 2664 3189 2719
text 3122 2712 3166 2832
text 3166 2720 3213 2831
text 3476 2648 3577 2698
text 3477 2695 3574 2742
text 4405 2342 4698 2409
text 3715 2353 4263 2528
text 4246 2643 4350 2694
text 4247 2693 4348 2742
text 4598 2691 4746 2759
text 4627 2789 4748 2856
text 4597 2889 4748 2949
text 483 3292 841 3349
text 669 3568 775 3625
text 903 3307 990 3361
text 994 3394 1148 3456
text 989 3497 1185 3558
text 1072 3168 1131 3301
text 1131 3168 1187 3300
text 1144 3118 1208 3170
text 1221 3106 1462 3156
text 1968 3163 2027 3296
text 2029 3163 2085 3295
text 1494 3106 1735 3149
text 1773 3101 2000 3148
text 2038 3097 2277 3149
text 2404 3110 2470 3168
text 2470 2832 2590 2880
text 2455 2879 2499 3006
text 2504 2882 2549 3008
text 2470 3006 2596 3049
text 2618 3066 2741 3113
text 2706 3107 2827 3161
text 2842 3111 2972 3156
text 2858 3159 2917 3292
text 2920 3159 2976 3291
text 3807 3157 3863 3289
text 3750 3157 3809 3290
text 2996 3110 3072 3163
text 3075 2828 3200 2876
text 3123 2875 3168 3004
text 3165 2876 3213 3004
text 3076 3000 3203 3052
text 3201 3027 3476 3086
text 3477 2928 3580 2972
text 3477 2975 3576 3023
text 3585 3023 3863 3082
text 3972 3025 4241 3080
text 4251 2924 4354 2973
text 4249 2973 4352 3028
text 4365 3024 4634 3079
text 4631 2986 4748 3056
text 4630 3059 4751 3113
text 4631 3113 4751 3175
text 4711 3282 4762 3335
text 4866 3285 4938 3337
text 4752 3431 4877 3489
text 4741 2576 4963 2639
connector 977 954 1087 1034
component 3083 542 3193 863
connector 4317 1088 4502 1209
component 2539 1795 3139 2196
component 2770 2565 2879 2686
component 2699 2988 2827 3036
component 2761 2719 2901 2925
