connector 0.9720 513 486 547 562
connector 0.9535 77 11 491 109
connector 0.9287 11 91 45 195
connector 0.9278 77 585 487 686
resistor 0.9844 40 247 53 273
resistor 0.9565 15 315 70 354
resistor 0.9321 456 185 482 200
resistor 0.9155 428 185 456 198
resistor 0.8678 59 247 70 272
resistor 0.8660 57 173 72 198
resistor 0.8368 456 168 482 183
resistor 0.8150 428 168 455 183
pads 0.9639 129 212 158 229
pads 0.9602 112 323 128 350
pads 0.9446 144 323 162 350
emi 0.9871 132 368 175 395
emi 0.9652 283 197 304 238
capacitor 0.9876 320 436 333 461
capacitor 0.9866 291 360 304 387
capacitor 0.9837 269 423 284 449
capacitor 0.9808 249 403 264 429
capacitor 0.9784 280 382 294 407
capacitor 0.9775 249 288 264 315
capacitor 0.9774 354 309 378 325
capacitor 0.9774 362 393 376 418
capacitor 0.9769 269 249 280 274
capacitor 0.9768 323 321 335 348
capacitor 0.9759 264 213 279 239
capacitor 0.9754 87 385 101 412
capacitor 0.9737 311 363 326 387
capacitor 0.9732 303 430 317 455
capacitor 0.9714 235 237 249 262
capacitor 0.9706 201 414 226 429
capacitor 0.9636 281 249 296 274
capacitor 0.9625 249 361 264 386
capacitor 0.9620 167 290 191 303
capacitor 0.9605 335 309 349 335
capacitor 0.9601 229 431 244 458
capacitor 0.9600 311 335 323 360
capacitor 0.9591 188 387 212 399
capacitor 0.9570 33 385 45 409
capacitor 0.9567 270 318 285 343
capacitor 0.9546 431 220 456 234
capacitor 0.9542 241 322 266 336
capacitor 0.9533 291 318 318 333
capacitor 0.9519 129 514 153 528
capacitor 0.9508 351 240 377 254
capacitor 0.9460 143 236 156 261
capacitor 0.9455 342 340 365 354
capacitor 0.9435 115 179 141 193
capacitor 0.9319 230 341 254 355
capacitor 0.9215 406 402 419 426
capacitor 0.9065 256 343 279 358
capacitor 0.8967 364 330 391 345
capacitor 0.8946 272 358 284 382
capacitor 0.8923 173 342 200 355
capacitor 0.8903 204 342 225 355
capacitor 0.8754 333 353 359 367
capacitor 0.8558 183 329 209 341
capacitor 0.8446 497 312 521 326
capacitor 0.8312 283 343 306 357
capacitor 0.8087 187 371 213 383
text 0.9886 113 287 129 323
text 0.9873 93 212 131 230
text 0.9871 308 204 329 241
text 0.9870 261 177 280 210
text 0.9849 238 118 361 144
text 0.9845 422 394 439 431
text 0.9842 164 399 200 417
text 0.9840 494 667 509 687
text 0.9835 457 219 483 236
text 0.9832 72 164 88 198
text 0.9826 495 14 511 33
text 0.9822 72 244 89 274
text 0.9820 109 362 130 397
text 0.9818 232 373 252 409
text 0.9800 146 287 162 323
text 0.9797 489 114 504 134
text 0.9795 290 298 316 315
text 0.9791 499 639 556 663
text 0.9782 23 239 39 274
text 0.9774 485 574 495 593
text 0.9768 399 183 426 200
text 0.9767 28 295 66 316
text 0.9767 213 308 239 323
text 0.9747 493 292 529 311
text 0.9711 49 96 75 114
text 0.9674 288 405 304 437
text 0.9630 309 391 326 415
text 0.9620 328 565 369 583
text 0.9619 221 356 245 372
text 0.9613 76 566 104 584
text 0.9503 52 4 77 22
text 0.9376 153 117 188 134
text 0.9359 484 183 504 200
text 0.9334 48 678 74 694
text 0.9182 483 168 509 185
text 0.9017 399 166 426 184
pins 0.9722 9 442 77 619
component 0.9007 32 328 55 341
