connector 0.9856 473 82 544 259
connector 0.9836 514 504 546 604
connector 0.9626 10 141 42 205
resistor 0.9844 445 342 478 369
resistor 0.9770 431 217 456 229
resistor 0.9672 297 485 320 498
resistor 0.9667 431 200 456 213
resistor 0.9591 330 203 344 229
resistor 0.9558 298 205 310 230
resistor 0.9547 478 576 504 589
resistor 0.9493 386 483 410 495
resistor 0.9425 478 557 503 569
resistor 0.9393 262 510 275 536
resistor 0.9150 431 185 457 196
resistor 0.9145 434 586 446 613
resistor 0.9114 431 249 456 262
resistor 0.9049 431 234 457 246
resistor 0.8745 65 166 91 180
resistor 0.8721 92 567 117 581
resistor 0.8639 296 519 320 532
resistor 0.8600 312 204 325 230
resistor 0.8401 362 215 377 239
pads 0.9913 386 82 474 170
pads 0.9876 456 46 473 75
pads 0.9873 382 379 469 466
pads 0.9337 65 183 90 198
pads 0.9309 65 151 93 166
pads 0.9269 402 50 419 80
pads 0.9112 402 170 429 183
emi 0.9757 87 328 131 359
emi 0.9649 91 397 116 441
emi 0.9281 226 187 251 230
capacitor 0.9925 13 323 83 365
capacitor 0.9873 65 76 137 119
capacitor 0.9842 65 640 131 680
capacitor 0.9835 384 288 432 362
capacitor 0.9791 8 480 52 551
capacitor 0.9733 336 131 364 150
capacitor 0.9718 185 520 200 544
capacitor 0.9715 132 197 200 240
capacitor 0.9675 130 364 173 432
capacitor 0.9628 256 217 268 243
capacitor 0.9626 59 549 83 562
capacitor 0.9542 205 463 275 503
capacitor 0.9536 131 448 170 517
capacitor 0.9484 8 392 23 416
capacitor 0.8840 150 310 163 337
capacitor 0.8314 227 236 252 249
capacitor 0.7881 166 297 178 323
text 0.9894 46 172 65 207
text 0.9880 133 308 150 343
text 0.9878 480 279 498 304
text 0.9871 203 217 225 253
text 0.9869 521 477 541 500
text 0.9867 93 149 129 168
text 0.9863 65 121 101 139
text 0.9858 94 183 129 200
text 0.9856 45 640 62 687
text 0.9852 478 334 495 375
text 0.9850 7 551 31 571
text 0.9847 291 532 325 554
text 0.9846 291 499 329 517
text 0.9843 510 606 549 623
text 0.9841 455 13 473 47
text 0.9840 465 490 483 513
text 0.9830 472 537 509 557
text 0.9828 84 308 120 326
text 0.9825 372 114 391 146
text 0.9824 401 12 419 52
text 0.9819 86 374 119 392
text 0.9818 58 207 81 224
text 0.9815 66 227 82 267
text 0.9808 182 545 200 584
text 0.9802 136 636 155 672
text 0.9796 372 190 389 215
text 0.9795 412 466 450 483
text 0.9794 222 166 262 185
text 0.9791 531 414 547 449
text 0.9788 254 663 314 690
text 0.9785 472 589 509 608
text 0.9783 7 421 25 455
text 0.9778 126 520 155 537
text 0.9774 394 232 430 247
text 0.9772 321 522 378 537
text 0.9771 295 178 312 204
text 0.9770 52 269 65 289
text 0.9763 86 548 118 564
text 0.9762 331 539 359 558
text 0.9761 413 483 446 500
text 0.9756 259 538 278 567
text 0.9740 13 301 46 323
text 0.9739 512 65 536 86
text 0.9738 125 254 150 274
text 0.9736 5 616 60 637
text 0.9733 52 581 84 600
text 0.9714 389 360 413 379
text 0.9683 91 168 129 183
text 0.9672 154 343 175 362
text 0.9645 345 202 360 227
text 0.9644 360 552 377 578
text 0.9641 458 193 473 225
text 0.9641 11 271 21 289
text 0.9639 489 67 503 84
text 0.9636 413 586 431 624
text 0.9607 43 148 62 168
text 0.9602 394 215 431 232
text 0.9589 23 429 52 447
text 0.9543 429 269 445 294
text 0.9539 497 330 515 388
text 0.9496 124 567 163 583
text 0.9485 307 141 334 158
text 0.9474 394 199 432 215
text 0.9468 203 557 230 575
text 0.9456 217 72 358 101
text 0.9453 252 21 312 42
text 0.9396 515 331 531 370
text 0.9350 139 173 175 195
text 0.9284 131 583 159 601
text 0.9266 349 450 375 466
text 0.9240 269 232 320 249
text 0.9154 3 209 18 225
text 0.9116 429 167 467 183
text 0.9067 458 226 473 243
text 0.9055 39 448 59 468
text 0.9033 311 178 327 205
text 0.9029 396 185 431 198
text 0.8634 475 262 545 274
text 0.8524 234 62 329 79
text 0.8502 395 247 430 262
text 0.8359 86 583 121 601
component 0.9944 214 283 334 441
component 0.9677 391 524 443 555
component 0.9590 486 404 518 416
component 0.9580 71 473 114 522
component 0.9516 480 458 506 466
component 0.9394 515 422 525 447
test 0.9780 55 566 82 578
test 0.9774 12 636 46 689
led 0.9826 487 494 500 531
led 0.9536 333 504 372 521
led 0.8820 125 549 164 567
clock 0.9634 205 513 254 552
ic 0.9901 384 503 453 586
ic 0.9885 178 249 374 446
ic 0.9858 58 451 126 546
ic 0.9832 27 372 65 426
ic 0.9774 446 276 479 329
ic 0.9759 121 276 150 306
ic 0.9757 327 466 377 500
ic 0.9701 501 276 532 331
ic 0.9624 328 154 368 197
ic 0.8939 13 215 61 272
switch 0.9899 473 389 530 489
