connector 0.9862 473 82 544 260
connector 0.9837 514 504 545 604
connector 0.9695 10 141 42 206
resistor 0.9875 445 341 478 369
resistor 0.9751 431 217 456 229
resistor 0.9709 297 205 310 230
resistor 0.9656 262 511 275 535
resistor 0.9607 296 485 321 498
resistor 0.9598 431 200 456 214
resistor 0.9546 386 483 409 495
resistor 0.9506 478 576 504 589
resistor 0.9442 330 204 344 228
resistor 0.9392 479 557 504 569
resistor 0.9229 431 234 457 245
resistor 0.9108 434 587 446 613
resistor 0.9008 431 185 457 197
resistor 0.8744 432 249 456 263
resistor 0.8738 65 168 90 181
resistor 0.8716 296 518 320 532
resistor 0.8710 360 217 378 241
resistor 0.8544 91 567 117 581
resistor 0.8260 314 205 328 229
pads 0.9914 381 379 468 466
pads 0.9880 386 82 473 170
pads 0.9842 457 47 473 76
pads 0.9361 403 170 429 185
pads 0.9346 402 51 419 80
pads 0.9222 65 151 92 166
pads 0.9213 65 183 91 199
emi 0.9801 88 329 131 358
emi 0.9526 226 186 251 230
emi 0.9423 90 396 116 441
capacitor 0.9902 13 323 83 365
capacitor 0.9867 65 75 137 119
capacitor 0.9854 65 640 131 680
capacitor 0.9827 384 288 432 362
capacitor 0.9760 336 131 364 150
capacitor 0.9732 185 519 200 543
capacitor 0.9719 7 479 51 550
capacitor 0.9682 129 364 173 432
capacitor 0.9672 256 216 268 243
capacitor 0.9669 131 197 199 241
capacitor 0.9653 58 549 82 562
capacitor 0.9624 131 447 171 518
capacitor 0.9611 205 463 275 504
capacitor 0.9533 8 392 24 416
capacitor 0.8589 150 311 163 336
capacitor 0.8399 228 235 251 249
capacitor 0.8113 166 297 178 323
text 0.9890 480 279 498 305
text 0.9887 133 308 149 344
text 0.9882 204 216 226 252
text 0.9877 46 172 65 207
text 0.9874 291 532 326 554
text 0.9873 465 490 483 513
text 0.9865 66 121 101 140
text 0.9864 478 335 495 375
text 0.9864 520 477 541 500
text 0.9860 92 149 129 168
text 0.9848 455 13 473 49
text 0.9845 94 183 129 200
text 0.9840 86 374 119 392
text 0.9838 7 550 31 571
text 0.9834 84 308 120 326
text 0.9830 182 545 201 584
text 0.9824 45 641 62 687
text 0.9823 291 498 328 516
text 0.9823 401 11 419 52
text 0.9823 472 537 509 557
text 0.9821 372 115 391 145
text 0.9816 413 466 449 484
text 0.9815 66 225 82 267
text 0.9806 472 589 509 608
text 0.9805 331 538 359 557
text 0.9802 510 606 549 623
text 0.9801 394 231 429 247
text 0.9798 58 207 81 223
text 0.9796 530 414 547 449
text 0.9794 372 190 389 215
text 0.9794 7 421 25 455
text 0.9790 126 520 155 537
text 0.9785 136 636 155 672
text 0.9779 222 166 262 185
text 0.9772 52 269 66 289
text 0.9765 51 581 84 600
text 0.9755 360 552 377 578
text 0.9755 512 65 535 86
text 0.9752 295 178 312 205
text 0.9739 124 254 150 274
text 0.9738 13 301 46 323
text 0.9718 259 538 278 566
text 0.9715 429 269 445 294
text 0.9706 254 663 313 690
text 0.9697 154 343 175 362
text 0.9678 86 547 118 564
text 0.9674 413 586 431 624
text 0.9674 389 360 413 379
text 0.9670 43 148 63 168
text 0.9663 11 270 22 289
text 0.9661 5 616 61 636
text 0.9656 321 522 377 537
text 0.9654 458 193 473 224
text 0.9613 345 201 360 226
text 0.9606 489 67 503 84
text 0.9606 497 331 515 388
text 0.9603 412 483 446 500
text 0.9597 91 168 129 183
text 0.9577 395 214 431 232
text 0.9552 269 231 320 249
text 0.9478 216 73 358 101
text 0.9462 203 558 230 575
text 0.9454 23 429 52 446
text 0.9438 428 167 467 184
text 0.9413 395 198 431 215
text 0.9399 140 173 175 194
text 0.9391 349 450 375 466
text 0.9368 252 22 313 41
text 0.9356 516 331 531 371
text 0.9345 124 567 163 583
text 0.9293 311 179 326 205
text 0.9151 307 141 334 158
text 0.9145 38 448 59 468
text 0.8995 132 583 159 601
text 0.8994 458 225 473 244
text 0.8974 87 585 123 601
text 0.8960 3 208 17 225
text 0.8770 396 185 431 198
text 0.8717 395 247 430 262
text 0.8089 478 262 542 277
text 0.7996 233 62 331 79
component 0.9925 213 284 335 441
component 0.9565 390 524 442 555
component 0.9549 480 458 505 466
component 0.9447 484 404 518 415
component 0.9281 72 474 112 524
component 0.8977 515 423 525 448
test 0.9796 11 637 46 689
test 0.9740 55 566 82 578
led 0.9880 486 494 500 531
led 0.9387 333 504 372 521
led 0.8547 124 549 164 568
clock 0.9741 205 512 254 552
ic 0.9891 383 503 453 586
ic 0.9833 58 452 125 545
ic 0.9768 178 249 375 447
ic 0.9759 447 275 479 330
ic 0.9748 327 467 376 499
ic 0.9722 27 371 65 426
ic 0.9705 501 276 532 331
ic 0.9659 121 276 150 306
ic 0.9568 328 153 370 197
ic 0.9209 14 214 61 272
ic 0.3220 386 515 441 560
switch 0.9922 473 390 530 490
