connector 0.9888 473 438 544 614
connector 0.9576 514 96 547 195
connector 0.9565 9 490 42 558
resistor 0.9905 478 109 503 123
resistor 0.9877 445 330 478 357
resistor 0.9699 431 469 457 481
resistor 0.9602 91 118 116 130
resistor 0.9592 297 201 320 214
resistor 0.9557 329 470 343 494
resistor 0.9527 385 203 410 216
resistor 0.9417 296 166 320 180
resistor 0.9413 360 458 377 481
resistor 0.9400 262 162 275 188
resistor 0.9332 297 468 310 493
resistor 0.9205 431 502 456 514
resistor 0.9169 64 517 92 531
resistor 0.9106 431 435 456 449
resistor 0.9021 431 453 457 465
resistor 0.8991 434 86 446 112
resistor 0.8826 431 485 456 498
resistor 0.8794 478 128 503 141
resistor 0.8181 313 470 327 493
pads 0.9923 456 623 474 653
pads 0.9816 384 528 473 617
pads 0.9796 383 232 469 320
pads 0.9613 402 617 419 645
pads 0.9458 403 515 430 529
pads 0.9255 66 532 93 547
pads 0.9159 65 500 90 515
emi 0.9746 225 467 251 511
emi 0.9739 87 339 131 370
emi 0.9691 91 257 115 302
capacitor 0.9909 64 579 137 623
capacitor 0.9902 256 457 268 481
capacitor 0.9851 383 335 433 410
capacitor 0.9849 12 333 83 375
capacitor 0.9797 8 146 51 218
capacitor 0.9786 65 18 132 59
capacitor 0.9744 131 457 199 502
capacitor 0.9699 336 548 364 567
capacitor 0.9636 8 282 24 307
capacitor 0.9574 59 135 82 150
capacitor 0.9431 129 265 173 334
capacitor 0.9353 185 154 200 178
capacitor 0.9198 131 181 171 251
capacitor 0.9193 149 361 163 387
capacitor 0.9187 205 195 275 236
capacitor 0.8050 165 376 176 399
capacitor 0.7872 226 449 250 462
text 0.9897 465 185 484 208
text 0.9890 204 446 225 482
text 0.9885 530 249 548 284
text 0.9883 46 492 65 527
text 0.9869 13 375 46 397
text 0.9866 480 394 498 420
text 0.9862 94 498 130 515
text 0.9856 7 242 25 277
text 0.9842 413 71 431 110
text 0.9840 85 306 120 325
text 0.9838 471 90 508 108
text 0.9829 413 214 450 232
text 0.9825 393 466 431 483
text 0.9822 134 354 150 390
text 0.9820 521 198 541 222
text 0.9819 52 409 66 429
text 0.9817 472 141 508 161
text 0.9808 478 324 495 363
text 0.9807 291 181 329 198
text 0.9806 45 11 62 57
text 0.9805 66 432 82 471
text 0.9803 455 651 473 686
text 0.9798 401 647 420 688
text 0.9797 65 559 101 577
text 0.9797 222 513 262 532
text 0.9797 259 131 278 160
text 0.9792 510 75 548 92
text 0.9787 515 329 531 368
text 0.9783 126 161 155 179
text 0.9782 372 552 390 584
text 0.9760 182 113 200 153
text 0.9754 4 61 62 82
text 0.9748 488 615 504 632
text 0.9738 139 503 174 526
text 0.9722 6 127 32 148
text 0.9719 497 311 515 366
text 0.9712 307 540 334 557
text 0.9694 254 8 313 35
text 0.9683 430 404 445 428
text 0.9674 512 613 536 633
text 0.9673 372 484 389 509
text 0.9672 84 135 118 152
text 0.9655 203 124 229 141
text 0.9648 136 26 155 62
text 0.9639 233 619 329 637
text 0.9634 320 161 377 176
text 0.9633 84 372 121 390
text 0.9631 38 230 59 251
text 0.9627 359 121 378 148
text 0.9621 11 409 22 428
text 0.9620 88 97 123 114
text 0.9615 52 99 84 118
text 0.9614 215 597 358 626
text 0.9605 331 140 358 160
text 0.9601 124 424 150 444
text 0.9600 345 471 360 496
text 0.9592 458 474 474 505
text 0.9589 91 515 128 530
text 0.9574 125 116 163 131
text 0.9536 43 530 63 550
text 0.9531 154 337 175 355
text 0.9518 58 474 81 492
text 0.9497 395 434 430 452
text 0.9496 388 319 411 337
text 0.9496 291 144 323 166
text 0.9494 295 495 311 520
text 0.9452 429 515 466 532
text 0.9440 394 483 432 501
text 0.9440 23 252 52 270
text 0.9439 394 499 431 514
text 0.9420 91 530 128 549
text 0.9388 253 657 310 677
text 0.9354 348 232 375 247
text 0.9237 459 454 474 475
text 0.8950 132 97 158 116
text 0.8943 394 451 432 466
text 0.8829 2 473 19 490
text 0.8816 411 198 447 216
text 0.8633 311 493 326 521
text 0.8450 268 449 321 467
text 0.8094 474 422 540 436
component 0.9975 213 257 333 416
component 0.9809 391 144 442 174
component 0.9692 70 176 113 224
component 0.9656 480 232 505 241
component 0.9493 484 283 520 294
component 0.9162 515 250 525 275
test 0.9748 11 10 45 62
test 0.9202 55 121 82 132
led 0.9777 487 167 500 203
led 0.9226 333 178 373 196
led 0.8524 125 131 163 150
clock 0.9580 205 146 254 185
ic 0.9897 58 153 126 248
ic 0.9886 446 368 478 423
ic 0.9847 383 112 453 195
ic 0.9817 121 392 150 423
ic 0.9799 182 256 366 444
ic 0.9745 501 366 533 423
ic 0.9695 27 272 65 326
ic 0.9647 328 500 369 546
ic 0.9392 11 425 60 483
ic 0.9042 327 199 378 232
switch 0.9820 473 208 531 310
