connector 0.9892 472 439 543 616
connector 0.9703 513 96 546 193
connector 0.9703 10 491 41 557
resistor 0.9890 445 330 478 357
resistor 0.9871 478 109 504 123
resistor 0.9822 431 469 456 482
resistor 0.9556 330 469 344 495
resistor 0.9497 431 436 457 449
resistor 0.9474 296 167 319 179
resistor 0.9451 385 203 410 215
resistor 0.9451 295 200 320 214
resistor 0.9425 431 485 456 499
resistor 0.9335 90 118 117 131
resistor 0.9309 431 501 457 513
resistor 0.9168 298 469 310 493
resistor 0.9083 431 453 456 465
resistor 0.9060 434 85 446 112
resistor 0.9060 360 458 377 481
resistor 0.8918 263 163 275 188
resistor 0.8888 64 518 91 531
resistor 0.8629 478 128 503 141
resistor 0.8266 314 470 327 494
resistor 0.4011 431 446 456 461
pads 0.9932 457 623 473 652
pads 0.9897 385 528 473 617
pads 0.9810 382 232 468 320
pads 0.9719 402 618 419 645
pads 0.9660 402 514 430 529
pads 0.9315 65 532 93 547
pads 0.9164 65 500 90 515
emi 0.9796 88 340 131 370
emi 0.9744 225 469 250 511
emi 0.9677 91 256 116 301
capacitor 0.9912 64 579 137 623
capacitor 0.9849 12 333 83 375
capacitor 0.9846 384 335 433 411
capacitor 0.9841 256 455 268 481
capacitor 0.9778 8 146 51 219
capacitor 0.9753 130 457 198 501
capacitor 0.9745 65 18 132 59
capacitor 0.9724 337 549 364 567
capacitor 0.9720 185 155 200 178
capacitor 0.9629 59 136 82 149
capacitor 0.9604 8 282 23 306
capacitor 0.9464 129 265 172 334
capacitor 0.9167 131 181 171 251
capacitor 0.9119 205 195 274 236
capacitor 0.9061 228 449 251 463
capacitor 0.8997 150 362 163 387
capacitor 0.8536 165 373 176 399
text 0.9903 465 185 483 208
text 0.9898 45 491 66 527
text 0.9888 455 650 473 685
text 0.9879 133 355 150 391
text 0.9875 94 498 129 515
text 0.9871 85 307 119 325
text 0.9870 204 446 226 481
text 0.9865 478 324 495 363
text 0.9863 531 249 547 284
text 0.9862 259 130 278 160
text 0.9861 470 90 509 109
text 0.9853 14 375 46 398
text 0.9852 7 243 25 277
text 0.9851 413 72 432 111
text 0.9849 401 647 419 687
text 0.9844 52 409 66 429
text 0.9833 520 199 541 222
text 0.9830 65 432 82 471
text 0.9830 45 12 62 57
text 0.9822 480 394 498 419
text 0.9815 291 182 327 199
text 0.9811 65 559 101 577
text 0.9802 292 145 326 166
text 0.9800 181 114 201 152
text 0.9799 254 8 313 35
text 0.9799 5 61 60 82
text 0.9792 223 513 263 532
text 0.9790 471 141 509 161
text 0.9783 372 552 391 584
text 0.9773 373 483 389 509
text 0.9770 394 467 431 483
text 0.9770 6 127 31 148
text 0.9768 127 161 155 178
text 0.9765 510 75 549 92
text 0.9762 515 328 530 368
text 0.9761 413 214 449 232
text 0.9744 216 597 357 626
text 0.9743 488 615 503 632
text 0.9729 125 116 163 131
text 0.9704 124 424 150 444
text 0.9696 11 409 21 427
text 0.9688 52 99 84 117
text 0.9680 429 404 445 429
text 0.9679 43 530 62 550
text 0.9679 360 121 377 146
text 0.9678 93 530 130 549
text 0.9670 84 134 118 151
text 0.9653 513 613 536 634
text 0.9651 458 473 474 504
text 0.9646 38 230 58 251
text 0.9646 136 26 155 62
text 0.9643 139 504 175 525
text 0.9637 306 540 332 558
text 0.9630 412 198 448 215
text 0.9627 295 494 311 520
text 0.9627 84 372 121 390
text 0.9609 204 124 230 141
text 0.9604 321 161 378 176
text 0.9592 395 435 430 451
text 0.9569 497 309 515 366
text 0.9556 153 337 175 355
text 0.9554 59 475 81 492
text 0.9552 459 454 473 474
text 0.9530 332 141 359 160
text 0.9525 348 232 375 248
text 0.9517 23 252 52 270
text 0.9509 91 515 129 531
text 0.9483 345 471 360 497
text 0.9392 87 97 123 114
text 0.9386 395 451 432 467
text 0.9361 131 97 159 115
text 0.9356 395 483 431 500
text 0.9353 388 319 411 337
text 0.9350 430 515 466 532
text 0.9348 252 657 311 677
text 0.9303 234 619 328 637
text 0.9094 269 448 321 466
text 0.9029 310 493 326 519
text 0.8575 2 473 18 491
text 0.8490 474 422 540 437
text 0.8281 396 499 431 514
text 0.4429 395 440 431 458
component 0.9978 213 258 334 415
component 0.9808 71 175 113 224
component 0.9786 390 144 442 174
component 0.9575 480 232 505 241
component 0.9449 485 283 520 294
component 0.8966 515 250 525 274
test 0.9732 12 10 45 62
test 0.9458 55 121 82 133
led 0.9817 486 168 500 203
led 0.9720 332 178 373 195
led 0.8455 125 132 163 150
clock 0.9460 206 146 255 185
ic 0.9874 59 154 126 247
ic 0.9864 447 369 479 423
ic 0.9860 383 112 453 195
ic 0.9810 328 502 368 545
ic 0.9806 27 271 65 327
ic 0.9782 501 367 532 422
ic 0.9778 122 392 150 423
ic 0.9721 179 248 377 446
ic 0.9402 326 199 377 232
ic 0.9211 13 425 59 483
ic 0.3897 386 138 441 180
switch 0.9887 473 208 530 309
