connector 0.9768 10 137 45 211
connector 0.9644 512 502 546 605
connector 0.9253 66 590 478 686
connector 0.8894 69 12 483 113
resistor 0.9782 505 425 517 451
resistor 0.9652 103 515 130 530
resistor 0.9587 488 344 543 384
resistor 0.9581 103 500 130 514
resistor 0.9562 75 515 102 530
resistor 0.9531 76 499 103 513
resistor 0.9177 485 500 500 525
resistor 0.8855 488 426 500 451
pads 0.9819 429 347 447 375
pads 0.9703 397 348 413 374
pads 0.8795 398 470 428 486
emi 0.9780 383 303 426 331
emi 0.9737 253 459 274 501
capacitor 0.9818 291 362 316 377
capacitor 0.9810 294 383 308 411
capacitor 0.9790 308 436 324 461
capacitor 0.9789 277 459 294 484
capacitor 0.9766 333 269 358 285
capacitor 0.9754 252 312 266 338
capacitor 0.9748 181 444 206 458
capacitor 0.9740 182 281 195 305
capacitor 0.9725 274 249 290 276
capacitor 0.9716 264 292 278 317
capacitor 0.9702 456 287 471 313
capacitor 0.9702 295 313 308 338
capacitor 0.9699 223 237 237 263
capacitor 0.9668 182 374 204 389
capacitor 0.9646 278 340 302 355
capacitor 0.9610 262 424 276 449
capacitor 0.9610 345 315 370 327
capacitor 0.9599 278 424 289 449
capacitor 0.9578 402 438 415 463
capacitor 0.9573 37 372 62 387
capacitor 0.9555 167 353 193 367
capacitor 0.9519 313 241 328 267
capacitor 0.9483 346 299 370 311
capacitor 0.9481 512 289 524 313
capacitor 0.9466 294 269 308 294
capacitor 0.9459 367 395 392 409
capacitor 0.9358 252 342 275 355
capacitor 0.9341 240 366 266 380
capacitor 0.9338 236 338 247 363
capacitor 0.9322 273 355 288 380
capacitor 0.9313 209 363 222 388
capacitor 0.9297 243 244 254 269
capacitor 0.9279 191 345 216 359
capacitor 0.9278 404 170 430 185
capacitor 0.9258 222 350 235 378
capacitor 0.9248 233 311 246 335
capacitor 0.9244 103 465 127 478
capacitor 0.9172 305 342 328 359
capacitor 0.8995 417 504 443 520
capacitor 0.8942 273 316 286 340
capacitor 0.8765 138 272 151 297
capacitor 0.8724 198 330 224 343
capacitor 0.7967 334 343 356 356
capacitor 0.7952 349 356 375 368
capacitor 0.7760 359 342 385 355
text 0.9886 279 488 297 522
text 0.9874 430 375 446 412
text 0.9872 430 302 448 337
text 0.9871 359 281 396 299
text 0.9868 253 261 270 293
text 0.9841 468 424 487 453
text 0.9839 318 375 343 390
text 0.9836 119 267 136 304
text 0.9824 49 12 63 32
text 0.9807 396 376 412 412
text 0.9796 28 387 65 406
text 0.9787 306 289 326 325
text 0.9784 2 35 59 60
text 0.9761 519 424 535 459
text 0.9755 131 498 159 515
text 0.9715 426 468 466 487
text 0.9711 48 513 75 530
text 0.9704 75 462 100 478
text 0.9694 493 382 528 402
text 0.9692 480 676 505 694
text 0.9680 198 554 318 579
text 0.9665 483 3 510 20
text 0.9664 242 384 268 400
text 0.9635 54 498 75 515
text 0.9630 54 564 69 584
text 0.9629 46 665 62 685
text 0.9622 482 584 509 603
text 0.9618 312 326 338 341
text 0.9592 229 458 250 495
text 0.9571 189 116 229 133
text 0.9556 471 500 487 534
text 0.9534 132 515 158 532
text 0.9484 63 106 72 123
text 0.9396 230 282 249 307
text 0.9270 454 115 482 131
text 0.9186 369 564 404 581
pins 0.9510 482 79 549 256
component 0.8323 505 357 526 370
