connector 0.9869 14 439 86 615
connector 0.9643 11 95 45 193
connector 0.9216 515 491 547 557
resistor 0.9896 102 470 126 481
resistor 0.9837 54 109 80 122
resistor 0.9756 148 203 173 215
resistor 0.9742 81 330 114 357
resistor 0.9733 103 485 126 498
resistor 0.9663 103 502 126 514
resistor 0.9597 468 517 493 530
resistor 0.9475 237 200 263 213
resistor 0.9427 181 457 197 481
resistor 0.9375 100 453 126 465
resistor 0.9374 214 470 227 495
resistor 0.9318 441 118 467 131
resistor 0.9225 237 166 262 180
resistor 0.9032 102 436 126 449
resistor 0.8983 283 162 296 188
resistor 0.8728 231 470 244 493
resistor 0.8662 55 128 79 141
resistor 0.8596 248 468 259 493
resistor 0.8080 112 85 125 112
pads 0.9908 89 232 175 319
pads 0.9907 84 624 101 652
pads 0.9874 85 527 173 617
pads 0.9639 139 617 155 645
pads 0.9238 469 500 492 515
pads 0.9111 464 533 493 547
pads 0.8821 129 515 155 528
emi 0.9796 427 340 471 370
emi 0.9772 442 257 468 301
emi 0.9437 306 466 333 514
capacitor 0.9918 422 579 493 622
capacitor 0.9862 426 17 494 58
capacitor 0.9840 475 333 545 375
capacitor 0.9834 359 154 372 178
capacitor 0.9811 359 458 426 502
capacitor 0.9787 126 336 174 410
capacitor 0.9754 194 549 221 567
capacitor 0.9721 506 146 549 217
capacitor 0.9699 290 456 301 482
capacitor 0.9668 476 136 500 150
capacitor 0.9609 385 264 428 333
capacitor 0.9477 283 195 354 235
capacitor 0.9413 535 282 549 306
capacitor 0.9166 387 182 427 247
capacitor 0.8693 380 375 391 400
capacitor 0.8643 396 361 408 388
capacitor 0.8638 307 449 330 463
text 0.9910 532 243 551 278
text 0.9910 85 650 103 685
text 0.9906 494 492 512 526
text 0.9889 138 646 156 688
text 0.9876 333 446 354 482
text 0.9874 280 131 300 160
text 0.9871 475 431 493 470
text 0.9861 294 514 336 532
text 0.9850 512 375 546 397
text 0.9843 409 355 424 391
text 0.9839 496 62 553 83
text 0.9839 429 498 463 515
text 0.9830 110 215 146 232
text 0.9826 402 161 431 178
text 0.9820 357 114 375 152
text 0.9815 18 198 37 222
text 0.9810 495 12 513 57
text 0.9808 59 394 77 419
text 0.9793 166 552 185 584
text 0.9791 383 337 404 355
text 0.9787 402 27 421 62
text 0.9786 74 185 92 208
text 0.9778 493 409 505 429
text 0.9776 50 91 87 108
text 0.9774 126 72 145 111
text 0.9771 50 141 87 161
text 0.9765 201 597 342 626
text 0.9765 11 249 27 284
text 0.9763 168 483 185 509
text 0.9758 456 559 493 577
text 0.9754 21 613 45 633
text 0.9750 8 74 49 92
text 0.9748 437 306 470 324
text 0.9745 246 496 263 521
text 0.9745 84 473 99 505
text 0.9745 408 424 432 444
text 0.9742 110 198 146 215
text 0.9741 435 97 470 114
text 0.9735 232 145 267 165
text 0.9726 526 127 551 148
text 0.9713 180 161 237 177
text 0.9708 537 409 547 428
text 0.9706 62 323 81 364
text 0.9700 429 515 466 531
text 0.9691 477 475 498 491
text 0.9687 429 530 465 549
text 0.9684 243 8 304 35
text 0.9683 180 121 198 146
text 0.9682 246 657 304 677
text 0.9681 229 182 267 200
text 0.9667 505 253 534 270
text 0.9660 225 541 250 558
text 0.9657 27 329 44 367
text 0.9652 328 124 353 141
text 0.9647 437 372 474 391
text 0.9634 126 467 164 483
text 0.9618 381 502 419 526
text 0.9614 126 484 164 500
text 0.9593 495 531 514 551
text 0.9579 439 134 473 151
text 0.9554 113 404 128 432
text 0.9533 395 115 431 130
text 0.9527 198 141 224 160
text 0.9504 500 230 520 251
text 0.9493 474 99 505 118
text 0.9488 128 435 162 451
text 0.9474 145 320 168 339
text 0.9466 541 473 554 490
text 0.9415 91 515 130 531
text 0.9384 199 471 212 496
text 0.9379 44 313 61 367
text 0.9374 127 500 163 514
text 0.9365 127 451 164 467
text 0.9212 84 454 99 473
text 0.9197 183 232 209 247
text 0.9180 230 494 245 521
text 0.9112 54 614 68 631
text 0.9059 235 450 286 467
text 0.8844 228 620 327 637
text 0.8787 399 97 426 115
text 0.8233 16 422 80 436
component 0.9941 223 257 343 417
component 0.9775 445 175 488 225
component 0.9770 114 145 168 175
component 0.9531 39 283 72 295
component 0.9168 33 251 44 275
component 0.9076 52 232 78 241
test 0.9875 512 10 546 61
test 0.9743 477 121 503 133
led 0.9764 57 167 72 203
led 0.9508 184 178 224 195
led 0.9399 394 131 432 149
clock 0.9438 303 146 353 186
ic 0.9881 431 153 500 248
ic 0.9868 79 368 112 423
ic 0.9825 105 113 174 195
ic 0.9732 25 366 57 423
ic 0.9724 492 272 530 326
ic 0.9633 408 393 436 423
ic 0.9573 188 499 231 547
ic 0.9468 182 250 376 445
ic 0.9160 181 198 231 233
ic 0.8960 496 427 546 483
switch 0.9874 28 208 85 310
