connector 0.9781 9 136 45 211
connector 0.9583 512 504 546 603
connector 0.9378 66 590 478 686
connector 0.8973 70 12 482 113
resistor 0.9801 505 425 517 451
resistor 0.9644 102 515 130 529
resistor 0.9566 488 344 542 383
resistor 0.9509 75 515 101 529
resistor 0.9487 103 500 130 514
resistor 0.9384 76 499 102 513
resistor 0.8967 485 500 501 525
resistor 0.8557 488 427 500 451
pads 0.9844 429 347 447 375
pads 0.9647 397 348 413 375
pads 0.9182 399 470 430 487
emi 0.9813 253 460 274 501
emi 0.9777 383 303 425 331
capacitor 0.9802 294 384 308 411
capacitor 0.9797 308 436 323 461
capacitor 0.9733 295 313 308 338
capacitor 0.9731 292 362 317 377
capacitor 0.9727 182 281 195 305
capacitor 0.9726 334 269 358 284
capacitor 0.9717 252 312 266 338
capacitor 0.9703 274 249 289 276
capacitor 0.9697 224 238 237 263
capacitor 0.9694 264 291 278 317
capacitor 0.9687 263 423 276 449
capacitor 0.9662 278 459 295 484
capacitor 0.9658 456 287 471 313
capacitor 0.9649 181 444 207 458
capacitor 0.9647 278 424 290 449
capacitor 0.9612 36 372 62 387
capacitor 0.9609 166 353 193 367
capacitor 0.9603 182 374 204 388
capacitor 0.9601 278 341 302 355
capacitor 0.9570 402 438 415 463
capacitor 0.9540 313 240 328 267
capacitor 0.9537 345 299 370 311
capacitor 0.9522 345 315 370 327
capacitor 0.9454 242 244 254 269
capacitor 0.9436 367 395 392 409
capacitor 0.9353 272 355 288 380
capacitor 0.9345 512 289 524 313
capacitor 0.9316 240 365 266 380
capacitor 0.9302 305 342 329 359
capacitor 0.9291 294 269 309 294
capacitor 0.9258 404 169 430 185
capacitor 0.9214 253 342 275 355
capacitor 0.9197 233 311 246 335
capacitor 0.9185 235 337 247 363
capacitor 0.9150 222 350 235 378
capacitor 0.9130 209 363 223 388
capacitor 0.9096 102 465 127 478
capacitor 0.9002 192 345 216 358
capacitor 0.8822 417 504 443 520
capacitor 0.8695 138 272 151 297
capacitor 0.8688 273 316 286 340
capacitor 0.8593 197 330 224 345
capacitor 0.8440 359 342 385 355
capacitor 0.8386 349 356 375 368
capacitor 0.7714 334 343 356 356
text 0.9888 279 488 296 522
text 0.9877 430 301 448 336
text 0.9869 430 376 446 412
text 0.9865 252 261 270 292
text 0.9862 359 281 395 299
text 0.9828 29 387 65 406
text 0.9826 319 375 343 390
text 0.9826 468 424 487 454
text 0.9826 49 11 64 31
text 0.9824 119 267 136 304
text 0.9812 396 376 412 412
text 0.9797 306 289 326 325
text 0.9777 519 424 535 460
text 0.9769 2 35 58 60
text 0.9765 131 498 159 515
text 0.9751 48 513 75 530
text 0.9723 480 676 506 694
text 0.9704 426 468 466 486
text 0.9697 54 564 69 584
text 0.9693 47 665 62 687
text 0.9692 54 498 75 515
text 0.9687 493 382 529 402
text 0.9670 75 461 99 478
text 0.9625 242 384 268 400
text 0.9619 482 585 509 603
text 0.9607 483 3 510 19
text 0.9599 312 326 338 341
text 0.9593 132 515 158 532
text 0.9590 453 114 481 131
text 0.9554 196 554 317 579
text 0.9513 189 116 229 132
text 0.9478 471 500 487 535
text 0.9468 229 457 250 495
text 0.9465 62 106 72 123
text 0.9390 230 283 249 307
text 0.9182 368 564 404 581
pins 0.9414 482 79 549 257
component 0.8288 505 358 525 370
