connector 0.9638 12 504 46 606
connector 0.9409 77 590 490 686
connector 0.9288 514 137 547 210
connector 0.9014 74 11 487 113
resistor 0.9724 40 425 53 452
resistor 0.9570 456 516 482 530
resistor 0.9531 428 500 456 514
resistor 0.9415 15 344 71 384
resistor 0.9324 428 515 456 530
resistor 0.9193 455 499 482 513
resistor 0.8900 57 501 71 525
resistor 0.7978 56 427 69 450
pads 0.9703 145 349 161 375
pads 0.9643 112 348 128 375
pads 0.9537 130 470 157 486
emi 0.9778 283 459 304 501
emi 0.9658 132 303 174 331
capacitor 0.9901 143 438 156 463
capacitor 0.9865 249 384 264 411
capacitor 0.9845 249 313 264 339
capacitor 0.9813 291 311 305 339
capacitor 0.9807 291 366 318 380
capacitor 0.9800 362 281 376 304
capacitor 0.9782 235 436 249 461
capacitor 0.9764 270 355 285 380
capacitor 0.9758 323 351 335 378
capacitor 0.9756 320 237 333 262
capacitor 0.9740 279 291 294 316
capacitor 0.9737 350 444 377 458
capacitor 0.9731 229 240 244 267
capacitor 0.9726 269 249 284 276
capacitor 0.9709 353 374 377 389
capacitor 0.9701 255 340 279 355
capacitor 0.9687 431 465 456 478
capacitor 0.9676 87 286 101 313
capacitor 0.9657 240 362 266 377
capacitor 0.9654 264 459 279 485
capacitor 0.9632 281 423 296 449
capacitor 0.9590 335 363 349 389
capacitor 0.9576 272 316 284 340
capacitor 0.9555 365 353 391 367
capacitor 0.9543 269 424 280 449
capacitor 0.9502 405 272 419 296
capacitor 0.9460 34 289 45 313
capacitor 0.9448 200 270 225 284
capacitor 0.9424 312 338 323 364
capacitor 0.9337 312 311 326 336
capacitor 0.9333 129 170 153 185
capacitor 0.9319 187 315 212 326
capacitor 0.9318 166 395 190 409
capacitor 0.9313 188 299 211 311
capacitor 0.9272 249 271 264 295
capacitor 0.9266 303 244 317 269
capacitor 0.9183 495 372 520 387
capacitor 0.9112 283 342 306 355
capacitor 0.9064 230 342 254 358
capacitor 0.8934 343 344 365 358
capacitor 0.8739 203 343 224 357
capacitor 0.8675 174 341 199 356
capacitor 0.8555 115 505 141 520
capacitor 0.8321 181 356 209 368
capacitor 0.8250 180 346 207 356
capacitor 0.7929 334 330 360 345
text 0.9897 113 375 129 412
text 0.9871 164 281 200 299
text 0.9863 109 301 129 336
text 0.9860 261 488 279 521
text 0.9859 146 376 161 412
text 0.9850 92 468 130 487
text 0.9841 494 11 509 31
text 0.9836 308 458 328 494
text 0.9834 23 424 39 459
text 0.9825 494 387 530 406
text 0.9809 423 267 440 304
text 0.9802 214 375 240 391
text 0.9799 72 424 89 455
text 0.9794 495 665 510 685
text 0.9792 71 500 87 533
text 0.9792 232 289 252 325
text 0.9786 287 261 305 292
text 0.9758 458 461 483 478
text 0.9726 289 384 316 400
text 0.9717 399 498 426 515
text 0.9705 499 35 557 60
text 0.9669 220 327 245 342
text 0.9666 329 115 369 132
text 0.9629 484 513 509 531
text 0.9593 238 554 360 579
text 0.9577 52 676 77 694
text 0.9555 28 382 65 402
text 0.9545 308 283 327 308
text 0.9525 488 564 503 584
text 0.9524 483 498 504 515
text 0.9513 485 106 495 124
text 0.9507 49 3 75 19
text 0.9503 399 515 426 532
text 0.9450 49 584 75 603
text 0.8911 152 564 189 581
text 0.8643 75 115 105 131
pins 0.9690 9 79 77 258
component 0.8092 31 357 55 370
