connector 0.9879 472 457 545 624
connector 0.9625 513 92 546 195
connector 0.9623 10 490 41 559
resistor 0.9873 478 109 504 123
resistor 0.9837 445 330 478 356
resistor 0.9828 431 469 457 482
resistor 0.9610 330 470 343 495
resistor 0.9590 296 201 320 214
resistor 0.9533 90 118 117 131
resistor 0.9467 431 501 457 513
resistor 0.9403 385 203 410 215
resistor 0.9362 262 163 274 188
resistor 0.9279 361 458 378 481
resistor 0.9274 431 435 456 449
resistor 0.9240 431 485 457 498
resistor 0.9238 64 517 92 531
resistor 0.9234 298 467 310 493
resistor 0.9201 297 167 319 179
resistor 0.9175 431 453 456 465
resistor 0.8912 434 86 446 112
resistor 0.8829 478 127 503 141
resistor 0.8671 313 470 327 494
resistor 0.3717 432 444 455 460
pads 0.9903 456 624 474 653
pads 0.9888 385 529 473 617
pads 0.9850 383 231 469 320
pads 0.9569 403 515 429 529
pads 0.9518 403 618 419 645
pads 0.9274 65 532 93 547
pads 0.9124 65 500 91 515
emi 0.9716 91 257 116 301
emi 0.9696 225 468 251 511
emi 0.9663 88 340 131 370
capacitor 0.9922 64 579 136 623
capacitor 0.9922 256 456 268 481
capacitor 0.9879 12 333 83 375
capacitor 0.9820 384 335 433 411
capacitor 0.9795 64 18 131 58
capacitor 0.9773 59 136 82 150
capacitor 0.9767 8 146 52 219
capacitor 0.9755 337 549 364 567
capacitor 0.9702 132 458 199 502
capacitor 0.9678 8 282 23 306
capacitor 0.9611 185 154 200 178
capacitor 0.9519 131 183 171 249
capacitor 0.9474 130 266 173 335
capacitor 0.9312 205 195 274 236
capacitor 0.9074 150 361 163 387
capacitor 0.8845 228 449 251 463
capacitor 0.7953 167 375 177 401
text 0.9893 531 249 548 284
text 0.9891 465 185 484 209
text 0.9880 94 498 130 515
text 0.9880 46 492 66 527
text 0.9879 203 446 225 481
text 0.9863 12 375 45 397
text 0.9860 86 306 119 325
text 0.9860 133 355 150 390
text 0.9859 7 242 25 277
text 0.9858 259 131 278 160
text 0.9856 480 394 498 420
text 0.9853 478 324 495 363
text 0.9849 471 90 509 109
text 0.9847 52 409 65 429
text 0.9846 413 71 431 111
text 0.9845 455 651 473 686
text 0.9827 45 11 62 57
text 0.9823 291 181 328 199
text 0.9818 401 647 420 687
text 0.9812 516 328 531 368
text 0.9812 413 215 450 232
text 0.9811 521 199 541 222
text 0.9807 510 75 549 92
text 0.9807 65 431 82 470
text 0.9804 372 552 390 584
text 0.9804 472 141 509 161
text 0.9799 255 8 314 35
text 0.9798 6 127 32 148
text 0.9795 360 121 377 146
text 0.9793 65 559 101 577
text 0.9788 126 161 155 178
text 0.9787 222 513 263 532
text 0.9783 5 62 61 82
text 0.9752 215 596 357 627
text 0.9745 182 114 200 153
text 0.9744 372 483 389 509
text 0.9742 394 466 432 483
text 0.9717 125 115 163 131
text 0.9715 307 540 334 557
text 0.9698 124 424 149 444
text 0.9697 136 27 155 63
text 0.9697 139 504 175 525
text 0.9690 488 614 504 632
text 0.9687 429 404 445 429
text 0.9684 291 145 325 166
text 0.9680 83 134 118 152
text 0.9671 93 530 130 549
text 0.9660 43 530 63 550
text 0.9659 320 161 378 176
text 0.9640 52 99 84 117
text 0.9630 294 495 311 521
text 0.9628 395 434 430 451
text 0.9611 348 232 375 248
text 0.9608 84 372 121 390
text 0.9601 459 474 474 505
text 0.9593 430 515 467 532
text 0.9581 412 198 447 215
text 0.9580 154 337 175 355
text 0.9580 497 310 515 366
text 0.9572 12 409 22 427
text 0.9570 389 320 413 338
text 0.9556 92 515 129 531
text 0.9548 332 141 359 160
text 0.9544 203 124 230 141
text 0.9538 253 656 310 677
text 0.9525 512 613 535 633
text 0.9525 39 230 59 251
text 0.9473 234 620 328 637
text 0.9459 58 475 81 492
text 0.9433 345 471 360 497
text 0.9379 87 97 119 115
text 0.9368 394 484 432 500
text 0.9293 395 500 432 514
text 0.9276 23 252 51 270
text 0.9260 459 454 474 474
text 0.9161 2 473 19 490
text 0.9159 132 97 159 115
text 0.9109 395 451 432 466
text 0.8921 312 493 326 520
text 0.8501 478 422 543 436
text 0.8429 268 449 322 467
component 0.9976 213 257 333 416
component 0.9803 390 144 443 175
component 0.9768 70 176 113 224
component 0.9634 480 232 505 241
component 0.9484 485 283 518 294
component 0.9024 515 250 525 276
test 0.9772 12 10 45 62
test 0.9534 55 121 82 132
led 0.9810 487 168 500 204
led 0.9674 333 178 372 195
led 0.8844 125 131 163 149
clock 0.9461 205 147 255 185
ic 0.9902 58 153 126 247
ic 0.9877 383 113 453 195
ic 0.9857 446 369 478 422
ic 0.9776 501 366 533 423
ic 0.9775 122 392 150 423
ic 0.9767 183 257 365 444
ic 0.9756 28 272 65 326
ic 0.9705 328 501 369 546
ic 0.9235 11 426 61 483
ic 0.9106 326 199 378 232
switch 0.9825 473 208 530 310
