connector 0.9824 10 486 45 562
connector 0.9728 513 93 546 195
connector 0.9333 69 586 480 686
connector 0.9312 65 11 480 108
resistor 0.9726 487 316 542 354
resistor 0.9716 505 247 517 274
resistor 0.9635 76 185 103 200
resistor 0.9634 488 247 500 272
resistor 0.9183 102 168 130 183
resistor 0.8866 485 174 500 198
resistor 0.8814 103 185 130 198
resistor 0.8706 77 168 100 182
pads 0.9596 430 323 446 350
pads 0.9535 398 212 427 229
pads 0.9517 397 324 412 350
emi 0.9834 253 196 275 238
emi 0.9668 383 368 426 395
capacitor 0.9898 252 360 265 386
capacitor 0.9875 294 287 308 314
capacitor 0.9819 278 213 294 239
capacitor 0.9815 333 414 358 429
capacitor 0.9797 264 381 278 407
capacitor 0.9793 222 320 236 347
capacitor 0.9782 182 394 196 417
capacitor 0.9772 242 430 254 455
capacitor 0.9747 181 310 204 325
capacitor 0.9720 294 359 308 386
capacitor 0.9717 292 321 317 336
capacitor 0.9700 274 422 289 449
capacitor 0.9695 278 342 301 358
capacitor 0.9678 295 404 308 429
capacitor 0.9669 192 340 215 353
capacitor 0.9640 456 386 471 412
capacitor 0.9616 308 236 323 262
capacitor 0.9615 181 240 206 254
capacitor 0.9612 263 249 276 275
capacitor 0.9604 404 514 429 529
capacitor 0.9604 233 362 246 388
capacitor 0.9593 101 220 127 233
capacitor 0.9570 402 236 414 261
capacitor 0.9541 278 249 289 274
capacitor 0.9516 345 386 370 400
capacitor 0.9515 198 354 224 367
capacitor 0.9459 224 436 237 461
capacitor 0.9439 272 319 288 342
capacitor 0.9434 417 178 443 193
capacitor 0.9397 209 309 222 335
capacitor 0.9391 303 340 329 356
capacitor 0.9383 236 335 247 360
capacitor 0.9378 512 385 524 409
capacitor 0.9335 251 343 274 357
capacitor 0.9230 240 318 266 333
capacitor 0.9166 313 431 329 458
capacitor 0.9102 167 331 193 345
capacitor 0.8865 37 311 64 326
capacitor 0.8759 332 342 355 356
capacitor 0.8743 138 401 152 427
capacitor 0.8736 349 329 374 341
capacitor 0.8709 368 290 393 303
capacitor 0.8572 273 358 286 383
capacitor 0.8414 358 342 385 355
capacitor 0.7634 345 371 371 384
capacitor 0.6492 359 338 383 350
text 0.9895 196 119 318 144
text 0.9887 429 362 448 398
text 0.9884 280 177 297 210
text 0.9875 396 286 412 323
text 0.9868 429 287 446 324
text 0.9842 359 399 395 418
text 0.9835 28 292 65 311
text 0.9819 119 394 136 431
text 0.9792 493 296 529 316
text 0.9791 49 667 64 687
text 0.9785 1 638 59 663
text 0.9783 243 298 267 315
text 0.9776 47 13 62 33
text 0.9775 253 406 269 437
text 0.9771 318 308 343 323
text 0.9762 468 244 487 274
text 0.9759 519 239 536 274
text 0.9750 229 204 249 240
text 0.9748 307 371 325 407
text 0.9747 189 566 229 582
text 0.9711 426 212 466 230
text 0.9685 54 183 76 200
text 0.9673 481 4 505 22
text 0.9663 62 574 72 592
text 0.9608 131 183 159 200
text 0.9583 54 114 69 134
text 0.9558 312 356 336 371
text 0.9512 369 117 404 134
text 0.9493 481 96 509 114
text 0.9484 75 219 99 237
text 0.9467 132 165 159 182
text 0.9431 453 567 482 584
text 0.9389 231 390 249 416
text 0.9364 48 168 76 185
text 0.9005 483 679 510 695
text 0.9003 471 165 487 199
pins 0.9737 481 441 549 621
component 0.9163 504 328 526 341
