connector 0.9857 3282 947 3439 1214
connector 0.8811 2746 1008 2884 1070
pads 0.8238 2984 1168 3077 1227
text 0.9505 1167 1741 1272 1821
text 0.9404 1342 1217 1634 1286
text 0.9265 1058 1206 1338 1296
text 0.9250 1049 1010 1275 1060
text 0.9215 1060 1829 1417 1869
text 0.9199 1330 910 1583 980
text 0.9172 843 1161 925 1348
text 0.9104 1074 1393 1484 1434
text 0.8965 1274 879 1295 903
text 0.8883 1185 1109 1326 1187
text 0.8810 1047 1099 1184 1197
text 0.8791 858 1451 920 1725
text 0.8790 1229 1662 1581 1711
text 0.8639 1483 1000 1582 1039
text 0.8612 1207 921 1246 969
text 0.8050 1059 1741 1158 1822
text 0.8032 3236 1736 3279 1965
text 0.8029 1627 1733 1661 1770
text 0.7917 1565 1760 1606 1800
text 0.7133 1296 1752 1359 1810
text 0.6287 1085 922 1141 972
pins 0.9936 1609 1908 2097 1979
pins 0.9879 2161 1898 2649 1978
pins 0.9831 3152 891 3245 1270
pins 0.9757 1661 1239 1786 1424
pins 0.9598 1050 1910 1543 1987
pins 0.9569 2946 1725 3228 1985
pins 0.9432 1164 743 1659 811
pins 0.9344 3049 1020 3178 1145
pins 0.9234 2255 735 2862 802
pins 0.9234 1728 738 2259 810
pins 0.9089 929 726 1051 1830
pins 0.9089 2744 1344 2937 1403
pins 0.8432 2751 940 2900 1000
pins 0.8236 2761 829 2938 941
