connector 0.9880 766 946 1174 1257
connector 0.9862 1290 851 1471 978
connector 0.9813 2663 1919 3214 1987
connector 0.9598 1355 988 1461 1099
connector 0.9489 2118 1929 2645 1989
connector 0.9433 876 1722 1283 2016
connector 0.9299 3157 769 3307 1856
connector 0.9101 2521 753 3074 838
connector 0.8942 2445 1250 2571 1445
connector 0.8061 2005 756 2493 830
connector 0.7394 1483 1928 2110 1986
connector 0.6945 1346 761 2002 837
resistor 0.9757 1928 1080 1958 1156
resistor 0.9696 1589 1037 1639 1126
resistor 0.8597 1193 1057 1265 1089
resistor 0.7435 1195 1188 1265 1225
pads 0.9406 1898 1634 1937 1711
pads 0.7644 1346 1306 1418 1337
capacitor 0.9729 1582 1572 1649 1605
capacitor 0.9373 1579 947 1640 978
capacitor 0.9371 1433 1592 1502 1631
capacitor 0.9364 1580 1493 1648 1523
capacitor 0.9280 1274 1307 1342 1349
capacitor 0.9225 1196 1000 1263 1031
capacitor 0.9216 1194 1306 1263 1346
capacitor 0.8985 1865 1276 1938 1306
capacitor 0.8961 2324 1058 2392 1098
capacitor 0.8891 1840 1838 1908 1868
capacitor 0.8815 1423 1307 1492 1346
capacitor 0.8714 1503 1307 1572 1346
capacitor 0.8629 1275 1561 1306 1641
capacitor 0.8604 1091 929 1184 960
capacitor 0.7989 1976 1098 2007 1168
capacitor 0.6364 1730 1642 1760 1716
text 0.9802 3302 1435 3360 1485
text 0.9791 3302 1197 3360 1241
text 0.9779 2391 1849 2435 1918
text 0.9767 2137 854 2185 900
text 0.9759 1679 862 1728 929
text 0.9708 2076 853 2115 904
text 0.9698 2618 850 2667 989
text 0.9692 2149 1781 2385 1819
text 0.9688 2935 1809 2986 1909
text 0.9658 3092 960 3153 1008
text 0.9645 2143 1847 2193 1918
text 0.9642 3306 1682 3369 1732
text 0.9635 1670 1030 1717 1069
text 0.9600 3102 1294 3155 1365
text 0.9589 2925 852 2974 992
text 0.9586 2697 1847 2738 1908
text 0.9550 2677 851 2727 991
text 0.9546 3302 1503 3361 1550
text 0.9546 3095 1197 3153 1247
text 0.9540 2560 853 2608 995
text 0.9538 3093 833 3155 889
text 0.9537 2402 1351 2442 1446
text 0.9522 2680 1591 2976 1671
text 0.9520 2017 859 2056 899
text 0.9515 2382 1602 2432 1644
text 0.9505 3101 1622 3163 1673
text 0.9493 2449 1849 2488 1918
text 0.9490 3301 1378 3360 1424
text 0.9461 2383 921 2420 1000
text 0.9459 1526 1674 1660 1712
text 0.9454 2327 1712 2622 1759
text 0.9451 2867 851 2910 998
text 0.9425 3302 1139 3358 1186
text 0.9293 1915 861 1965 901
text 0.9269 2800 850 2858 1000
text 0.9261 1532 998 1560 1038
text 0.9255 3093 1073 3152 1126
text 0.9249 3094 1385 3163 1434
text 0.9245 2850 1701 2965 1750
text 0.9210 1656 1089 1925 1131
text 0.9196 2877 1819 2926 1910
text 0.9185 3102 1683 3163 1742
text 0.9183 3004 1809 3044 1910
text 0.9173 1739 863 1792 931
text 0.9168 3094 1140 3152 1191
text 0.9130 3093 1445 3162 1493
text 0.9126 1511 1129 1562 1176
text 0.9119 1511 1188 1563 1228
text 0.9109 2815 1826 2865 1909
text 0.9104 3302 1740 3369 1789
text 0.9095 2983 855 3035 994
text 0.9085 3302 1621 3364 1668
text 0.9060 1659 1812 1699 1929
text 0.9055 3300 1259 3361 1308
text 0.9009 3094 1504 3162 1552
text 0.9000 3103 1750 3164 1791
text 0.8944 3133 745 3153 781
text 0.8916 3094 891 3155 942
text 0.8899 2452 931 2481 1003
text 0.8850 1497 864 1535 969
text 0.8796 2204 1850 2251 1920
text 0.8789 1837 1879 1877 1922
text 0.8767 2320 855 2365 891
text 0.8704 1920 1878 1989 1920
text 0.8696 3044 1573 3084 1764
text 0.8690 3058 1808 3112 1908
text 0.8580 3121 1802 3173 1907
text 0.8576 1777 1851 1829 1928
text 0.8505 2513 1601 2570 1665
text 0.8491 2608 1292 2639 1402
text 0.8372 1799 861 1848 919
text 0.8371 1916 1790 2055 1831
text 0.8285 2253 856 2311 891
text 0.8230 2370 860 2430 890
text 0.8058 2571 1848 2621 1908
text 0.8038 1860 861 1908 917
text 0.7973 3303 1066 3356 1123
text 0.7953 2391 1007 2761 1040
text 0.7915 3301 1563 3363 1606
text 0.7912 2026 1852 2066 1931
text 0.7892 1554 858 1594 938
text 0.7807 2284 939 2362 980
text 0.7771 1859 1028 1912 1057
text 0.7769 3310 1809 3368 1847
text 0.7676 2441 852 2482 891
text 0.7635 1610 861 1669 929
text 0.7593 2747 850 2788 998
text 0.7494 2261 1848 2313 1915
text 0.7201 3302 1315 3360 1365
text 0.7188 1719 1829 1761 1926
text 0.6900 2324 1850 2380 1920
text 0.6859 2511 1880 2563 1919
text 0.4517 1780 862 1833 932
text 0.4082 2216 859 2277 889
text 0.3878 2756 1830 2807 1916
text 0.3679 2548 1859 2609 1926
text 0.3549 3303 1543 3361 1589
component 0.9965 1374 1611 1393 1651
component 0.9883 2866 1110 2885 1148
component 0.9746 1338 1743 1431 1832
component 0.9739 1216 1119 1236 1165
component 0.9549 1601 1251 1622 1298
component 0.9526 1510 1750 1607 1858
component 0.8607 1415 1938 1489 1998
component 0.8340 1017 1374 1084 1407
component 0.6280 1116 1528 1179 1619
led 0.8984 2729 1119 2807 1158
led 0.8194 1571 1127 1649 1167
led 0.7974 1570 1186 1650 1225
clock 0.9604 1848 1634 1886 1718
clock 0.9318 1256 1345 1525 1463
ic 0.9799 1050 1511 1256 1688
ic 0.9572 1938 1139 2375 1556
ic 0.8925 1316 1475 1452 1563
ic 0.8523 1570 1365 1649 1474
ic 0.7956 1358 1119 1493 1266
ic 0.7853 1367 1922 1551 2016
ic 0.7429 1126 1368 1203 1446
electrolytic 0.8639 1469 1701 1643 1901
electrolytic 0.8069 1304 1693 1464 1895
button 0.8927 2648 1222 2805 1473
diode 0.9503 1225 863 1276 977
diode 0.8763 1778 1616 1818 1735
fuse 0.8227 993 1318 1104 1467
