connector 0.9800 3284 1775 3440 2055
connector 0.9666 2746 1925 2885 1987
pads 0.8735 2984 1771 3078 1829
text 0.9632 1183 1809 1322 1899
text 0.9607 1343 1710 1630 1789
text 0.9420 1162 1177 1272 1257
text 0.9238 1059 1564 1439 1612
text 0.9116 3240 1038 3280 1261
text 0.9066 1339 2017 1592 2102
text 0.9060 1047 1811 1188 1901
text 0.9043 1061 1129 1415 1168
text 0.8908 842 1634 929 1818
text 0.8662 1056 1711 1332 1790
text 0.8633 1479 1958 1583 1999
text 0.8595 1204 2032 1246 2085
text 0.8529 1272 2098 1293 2130
text 0.8486 1050 1939 1287 1989
text 0.8262 1561 1201 1612 1245
text 0.8254 856 1277 918 1555
text 0.8129 1629 1228 1661 1276
text 0.8020 1296 1190 1354 1246
text 0.7928 1054 1642 1332 1686
text 0.7772 1061 1179 1157 1256
text 0.6978 1236 1285 1587 1333
text 0.6939 1085 2038 1136 2077
pins 0.9851 3156 1725 3246 2125
pins 0.9838 2149 1019 2660 1099
pins 0.9798 1609 1019 2105 1087
pins 0.9619 1664 1572 1789 1761
pins 0.9582 1057 1010 1531 1090
pins 0.9580 2950 1008 3223 1268
pins 0.9564 3040 1848 3172 1978
pins 0.9380 2749 1997 2895 2056
pins 0.9197 2762 2060 2936 2175
pins 0.9084 1715 2187 2206 2256
pins 0.9046 2262 2193 2843 2262
pins 0.9031 1160 2188 1662 2257
pins 0.8975 929 1127 1049 2281
pins 0.8376 2748 1604 2935 1660
