connector 0.9735 3280 941 3444 1234
connector 0.8585 2744 1010 2888 1066
pads 0.8430 2980 1170 3075 1226
text 0.9382 1167 1741 1275 1820
text 0.9335 1342 1217 1634 1286
text 0.9306 1051 1828 1417 1868
text 0.9240 1063 1207 1340 1297
text 0.9118 1071 1393 1483 1435
text 0.9095 1208 921 1248 968
text 0.9088 1185 1108 1324 1187
text 0.9031 1049 1009 1269 1060
text 0.8942 1486 1001 1579 1040
text 0.8618 1047 1100 1184 1199
text 0.8373 858 1444 917 1733
text 0.8350 1345 908 1588 978
text 0.8340 1270 877 1292 902
text 0.8177 3243 1753 3287 1977
text 0.8121 1060 1739 1160 1821
text 0.8119 1241 1658 1574 1708
text 0.8066 843 1160 927 1350
text 0.7888 1630 1731 1663 1770
text 0.7371 1564 1760 1606 1801
text 0.6877 1291 1755 1364 1805
text 0.5860 1084 922 1141 972
text 0.3223 1082 1307 1327 1368
pins 0.9856 3157 896 3246 1272
pins 0.9844 2187 1900 2646 1979
pins 0.9747 1646 1911 2083 1978
pins 0.9737 3045 1022 3172 1149
pins 0.9724 1662 1239 1792 1424
pins 0.9650 2947 1721 3229 1979
pins 0.9399 1055 1906 1529 1992
pins 0.9105 1699 743 2225 807
pins 0.8868 1174 743 1655 811
pins 0.8856 928 668 1047 1832
pins 0.8788 2251 734 2862 802
pins 0.8632 2746 1345 2935 1404
pins 0.8277 2761 836 2939 937
pins 0.8079 2749 949 2904 999
