connector 0.9623 662 1789 820 2073
connector 0.9533 1215 1924 1362 1988
pads 0.7019 1024 1774 1122 1823
text 0.9650 2684 1565 3059 1611
text 0.9581 2915 1809 3054 1897
text 0.9571 2523 1958 2618 2003
text 0.9505 2766 1715 3047 1791
text 0.9433 2805 2101 2827 2130
text 0.9241 823 1020 865 1257
text 0.9172 2940 1180 3044 1259
text 0.9007 2816 1942 3057 1989
text 0.8988 2825 1177 2932 1256
text 0.8772 2775 1817 2907 1898
text 0.8718 2689 1128 3047 1168
text 0.8665 2854 2030 2897 2087
text 0.8633 2464 1712 2738 1788
text 0.8172 3178 1271 3242 1562
text 0.7663 3172 1628 3261 1831
text 0.7623 2438 1229 2469 1275
text 0.7361 2513 2026 2768 2095
text 0.7327 2526 1281 2866 1332
text 0.7236 2781 1642 3036 1689
text 0.7090 2967 2038 3016 2078
text 0.6381 2745 1196 2805 1247
pins 0.9851 881 1016 1153 1265
pins 0.9830 852 1739 947 2115
pins 0.9809 1985 1017 2500 1088
pins 0.9802 1430 1022 1938 1097
pins 0.9748 1166 2051 1349 2170
pins 0.9676 2312 1574 2440 1756
pins 0.9556 928 1848 1057 1979
pins 0.9531 2576 1010 3047 1085
pins 0.9479 3054 1154 3179 2225
pins 0.9418 1243 2196 1846 2264
pins 0.9212 1865 2189 2363 2256
pins 0.9032 2428 2184 2929 2254
pins 0.8842 1158 1599 1358 1658
pins 0.8294 1201 1998 1354 2059
pins 0.3505 957 1861 1059 1932
