connector 0.9823 661 939 818 1213
connector 0.8750 1216 1011 1352 1067
pads 0.8503 1027 1167 1118 1229
text 0.9419 2763 1207 3050 1297
text 0.9343 2813 1009 3059 1062
text 0.9343 2944 1741 3043 1817
text 0.9276 2523 908 2779 979
text 0.9257 2518 999 2621 1039
text 0.9153 2775 1108 2936 1189
text 0.9144 2530 1663 2869 1709
text 0.9121 820 1738 856 1965
text 0.9119 3173 1184 3260 1372
text 0.9103 2649 1396 3055 1433
text 0.9057 2903 1097 3055 1196
text 0.9025 2806 879 2829 903
text 0.8991 2679 1829 3041 1868
text 0.8931 2827 1742 2936 1818
text 0.8872 2854 923 2894 967
text 0.8520 2469 1216 2762 1287
text 0.8090 2439 1731 2468 1771
text 0.8045 3181 1452 3243 1721
text 0.7879 2963 922 3015 968
text 0.6716 2745 1752 2804 1811
pins 0.9876 862 872 952 1269
pins 0.9859 1462 1901 1937 1981
pins 0.9778 869 1730 1159 1989
pins 0.9754 2002 1911 2490 1981
pins 0.9703 2543 1908 3050 1987
pins 0.9698 3054 740 3175 1867
pins 0.9636 930 1019 1058 1148
pins 0.9497 2437 742 2926 813
pins 0.9474 1252 732 1840 806
pins 0.9402 2309 1241 2443 1423
pins 0.8941 1204 941 1353 1001
pins 0.8787 1161 1344 1354 1406
pins 0.8701 1865 742 2373 810
pins 0.8153 1165 826 1345 936
