connector 0.9793 3283 1775 3439 2055
connector 0.9671 2749 1926 2886 1989
pads 0.8783 2985 1772 3073 1828
text 0.9661 1344 1710 1629 1790
text 0.9654 1180 1809 1322 1900
text 0.9425 3243 1043 3282 1254
text 0.9402 1164 1177 1269 1257
text 0.9378 1053 1563 1444 1612
text 0.9303 1335 2018 1589 2102
text 0.9131 1053 1129 1415 1167
text 0.9111 1047 1810 1187 1899
text 0.8992 1482 1958 1583 1999
text 0.8948 1052 1713 1335 1791
text 0.8829 1047 1938 1290 1989
text 0.8826 858 1274 920 1554
text 0.8804 1274 2096 1294 2127
text 0.8774 842 1637 932 1816
text 0.8473 1204 2030 1244 2087
text 0.8270 1629 1227 1660 1277
text 0.8255 1561 1200 1610 1247
text 0.8149 1234 1286 1586 1334
text 0.8037 1294 1188 1353 1247
text 0.7887 1061 1178 1156 1255
text 0.7422 1086 2037 1136 2078
text 0.7286 1055 1642 1332 1686
pins 0.9888 3156 1730 3245 2121
pins 0.9834 2153 1020 2656 1099
pins 0.9830 1613 1019 2101 1088
pins 0.9676 1663 1574 1789 1759
pins 0.9619 2948 1010 3226 1269
pins 0.9597 1061 1011 1531 1089
pins 0.9540 3043 1846 3173 1978
pins 0.9333 2751 2056 2926 2151
pins 0.9186 2255 2193 2852 2263
pins 0.8969 1162 2188 1663 2256
pins 0.8954 929 1122 1049 2287
pins 0.8897 1726 2186 2198 2257
pins 0.8873 2748 1997 2898 2057
pins 0.8853 2745 1604 2937 1661
