connector 0.9887 767 948 1169 1255
connector 0.9879 1292 854 1472 978
connector 0.9838 2660 1918 3217 1987
connector 0.9606 1356 988 1461 1100
connector 0.9551 2117 1930 2643 1990
connector 0.9471 877 1721 1281 2014
connector 0.9333 3154 745 3307 1875
connector 0.9159 2524 752 3073 839
connector 0.8929 2444 1249 2571 1446
connector 0.8384 1981 754 2503 831
connector 0.8252 1555 1933 2127 1999
connector 0.7673 1343 764 1983 840
resistor 0.9737 1928 1080 1958 1159
resistor 0.9719 1589 1040 1639 1125
resistor 0.8761 1193 1058 1264 1088
resistor 0.7157 1195 1189 1264 1226
pads 0.9494 1898 1633 1936 1711
pads 0.7284 1343 1306 1418 1337
capacitor 0.9769 1582 1572 1648 1604
capacitor 0.9487 1580 949 1641 980
capacitor 0.9212 1432 1593 1502 1632
capacitor 0.9202 1195 1001 1263 1030
capacitor 0.9199 1274 1307 1342 1346
capacitor 0.9187 1581 1494 1649 1523
capacitor 0.9161 1194 1307 1264 1345
capacitor 0.9065 1503 1306 1572 1346
capacitor 0.9056 1422 1307 1493 1345
capacitor 0.9005 1866 1276 1937 1306
capacitor 0.8825 1276 1563 1307 1641
capacitor 0.8806 1096 930 1185 960
capacitor 0.8726 2323 1059 2392 1098
capacitor 0.8632 1838 1839 1908 1869
capacitor 0.8319 1976 1097 2007 1167
capacitor 0.6185 1730 1641 1759 1715
text 0.9827 3302 1433 3359 1484
text 0.9783 3300 1196 3360 1240
text 0.9778 2391 1849 2434 1919
text 0.9762 1680 862 1728 930
text 0.9739 2149 1780 2386 1820
text 0.9738 2136 853 2184 899
text 0.9705 2935 1810 2985 1907
text 0.9696 3094 960 3153 1008
text 0.9681 2618 851 2668 990
text 0.9671 3305 1682 3369 1733
text 0.9660 2143 1847 2193 1918
text 0.9640 2076 853 2116 902
text 0.9635 1670 1030 1719 1069
text 0.9607 2450 1848 2490 1919
text 0.9595 2924 853 2974 993
text 0.9594 2698 1847 2738 1907
text 0.9585 3301 1503 3360 1549
text 0.9579 3102 1299 3155 1367
text 0.9563 3301 1137 3358 1186
text 0.9562 2676 1593 2973 1671
text 0.9550 3094 1197 3153 1247
text 0.9549 3302 1377 3359 1424
text 0.9528 3094 830 3154 890
text 0.9508 2381 1612 2431 1652
text 0.9506 2677 852 2728 994
text 0.9506 2402 1356 2442 1447
text 0.9494 3103 1622 3163 1674
text 0.9489 2018 859 2056 899
text 0.9473 2560 850 2609 997
text 0.9468 2327 1712 2622 1760
text 0.9449 1526 1673 1661 1711
text 0.9448 1740 863 1789 932
text 0.9443 2866 853 2909 1000
text 0.9381 2383 922 2421 998
text 0.9342 3094 1384 3163 1434
text 0.9257 2876 1819 2925 1910
text 0.9238 2800 852 2858 1002
text 0.9238 3004 1808 3044 1910
text 0.9215 3303 1740 3368 1791
text 0.9205 1917 862 1967 901
text 0.9202 1533 997 1561 1039
text 0.9191 3094 1138 3153 1188
text 0.9188 2849 1701 2964 1750
text 0.9184 3093 1073 3153 1126
text 0.9163 3104 1682 3162 1742
text 0.9162 2321 855 2364 891
text 0.9150 2816 1827 2865 1910
text 0.9147 1656 1089 1923 1131
text 0.9132 3095 1503 3162 1552
text 0.9131 1660 1812 1699 1931
text 0.9085 3104 1750 3164 1791
text 0.9063 3300 1257 3359 1308
text 0.9048 1512 1130 1562 1177
text 0.9043 2451 926 2479 1000
text 0.9036 1838 1879 1879 1922
text 0.9031 1511 1187 1563 1226
text 0.9026 3302 1622 3364 1670
text 0.8998 2984 855 3035 992
text 0.8940 3094 893 3154 942
text 0.8934 3045 1575 3084 1764
text 0.8895 3093 1444 3162 1493
text 0.8878 1799 861 1847 922
text 0.8874 2608 1296 2639 1399
text 0.8820 2511 1603 2571 1663
text 0.8796 2373 860 2430 890
text 0.8783 3121 1802 3173 1906
text 0.8762 3133 744 3155 781
text 0.8667 2204 1850 2251 1920
text 0.8649 1918 1879 1990 1919
text 0.8636 1496 864 1534 971
text 0.8584 1780 1848 1829 1930
text 0.8578 3058 1807 3113 1908
text 0.8520 1916 1790 2056 1830
text 0.8506 3301 1563 3363 1605
text 0.8484 2253 856 2311 891
text 0.8353 1554 860 1594 940
text 0.8183 2571 1849 2620 1910
text 0.8134 2382 1010 2722 1049
text 0.8028 1608 863 1669 931
text 0.8007 3303 1069 3361 1128
text 0.7942 2027 1852 2065 1930
text 0.7848 1860 1028 1912 1057
text 0.7743 2747 852 2787 1000
text 0.7696 3308 1811 3367 1848
text 0.7692 2284 938 2362 979
text 0.7653 2441 852 2480 892
text 0.7542 2260 1848 2313 1915
text 0.7487 1860 861 1907 919
text 0.7389 3301 1314 3358 1365
text 0.7355 1720 1823 1759 1927
text 0.7097 2512 1880 2562 1919
text 0.6586 2324 1850 2381 1920
text 0.3723 2757 1829 2806 1916
text 0.3679 2215 858 2276 889
text 0.3597 2550 1859 2610 1926
component 0.9966 1374 1611 1393 1650
component 0.9889 2866 1108 2886 1148
component 0.9766 1215 1121 1235 1167
component 0.9743 1339 1742 1433 1831
component 0.9597 1511 1751 1606 1857
component 0.9443 1601 1248 1620 1297
component 0.8631 1416 1940 1488 1997
component 0.8455 1018 1376 1084 1407
component 0.6744 1115 1528 1178 1618
led 0.8981 2728 1116 2809 1155
led 0.8075 1570 1127 1649 1167
led 0.7801 1571 1186 1650 1225
clock 0.9659 1848 1633 1887 1718
clock 0.9164 1256 1345 1527 1463
ic 0.9810 1050 1510 1255 1687
ic 0.9551 1939 1139 2374 1556
ic 0.8955 1315 1475 1451 1564
ic 0.8325 1570 1365 1649 1475
ic 0.7742 1367 1924 1549 2013
ic 0.7724 1357 1118 1494 1267
ic 0.7649 1126 1368 1204 1445
electrolytic 0.8657 1470 1700 1642 1905
electrolytic 0.8015 1303 1692 1468 1897
button 0.8764 2647 1221 2806 1474
diode 0.9426 1225 862 1275 979
diode 0.8628 1780 1613 1819 1734
fuse 0.8377 994 1320 1103 1463
