connector 0.8830 2666 479 2753 689
connector 0.7185 1347 60 1400 425
resistor 0.9890 1306 1745 1326 1785
resistor 0.9878 338 191 352 229
resistor 0.9848 1234 1964 1254 2002
resistor 0.9823 814 1983 834 2023
resistor 0.9812 290 1826 320 1864
resistor 0.9802 1186 378 1206 417
resistor 0.9790 1938 1390 1958 1430
resistor 0.9789 1899 1944 1919 1984
resistor 0.9783 2327 1790 2345 1828
resistor 0.9779 1832 1469 1853 1511
resistor 0.9748 806 1591 824 1629
resistor 0.9733 1926 2014 1946 2056
resistor 0.9732 441 1824 467 1871
resistor 0.9701 1095 375 1115 416
resistor 0.9701 1186 209 1206 250
resistor 0.9700 460 204 473 242
resistor 0.9678 727 450 747 491
resistor 0.9672 1660 383 1680 423
resistor 0.9654 546 202 568 244
resistor 0.9619 2200 211 2220 251
resistor 0.9613 233 1183 253 1223
resistor 0.9610 287 1976 307 2017
resistor 0.9606 1300 143 1319 183
resistor 0.9601 600 450 619 491
resistor 0.9588 1926 1944 1946 1986
resistor 0.9588 2274 1949 2293 1991
resistor 0.9587 1660 217 1680 258
resistor 0.9562 1926 2090 1946 2137
resistor 0.9561 1093 207 1113 251
resistor 0.9554 347 1582 373 1624
resistor 0.9554 487 1824 512 1872
resistor 0.9540 231 1582 254 1624
resistor 0.9526 485 1585 500 1623
resistor 0.9521 1292 591 1312 630
resistor 0.9511 1327 1077 1368 1103
resistor 0.9508 1895 1390 1913 1430
resistor 0.9495 2446 817 2487 836
resistor 0.9491 2352 209 2372 250
resistor 0.9489 1834 1391 1854 1431
resistor 0.9484 2267 211 2286 251
resistor 0.9483 1780 218 1799 257
resistor 0.9465 485 1117 506 1157
resistor 0.9461 2299 770 2339 789
resistor 0.9453 2560 1804 2585 1845
resistor 0.9420 782 1591 801 1631
resistor 0.9410 2165 211 2186 251
resistor 0.9376 1632 218 1653 257
resistor 0.9359 2353 1786 2374 1830
resistor 0.9319 386 978 419 996
resistor 0.9303 978 451 995 491
resistor 0.9288 2099 2096 2120 2138
resistor 0.9273 1325 1231 1364 1264
resistor 0.9272 488 204 508 243
resistor 0.9262 2425 1949 2445 1990
resistor 0.9262 2327 211 2346 250
resistor 0.9259 1627 385 1648 424
resistor 0.9251 2459 1905 2507 1924
resistor 0.9240 1039 450 1058 492
resistor 0.9235 613 203 633 244
resistor 0.9223 1634 1964 1653 2004
resistor 0.9222 2299 817 2340 837
resistor 0.9203 2623 818 2660 842
resistor 0.9190 1294 291 1319 337
resistor 0.9189 2546 383 2593 407
resistor 0.9186 1295 217 1318 257
resistor 0.9181 2275 443 2320 464
resistor 0.9152 592 1976 612 2017
resistor 0.9146 229 1824 254 1866
resistor 0.9130 2278 395 2320 415
resistor 0.9125 1039 1958 1059 2001
resistor 0.9111 2099 1944 2122 1990
resistor 0.9109 2299 843 2341 863
resistor 0.9109 1297 804 1325 841
resistor 0.9108 346 1825 367 1864
resistor 0.9073 1313 1531 1333 1570
resistor 0.9069 2166 916 2217 938
resistor 0.9020 819 450 838 491
resistor 0.9018 1338 1530 1353 1570
resistor 0.9001 288 450 313 490
resistor 0.8993 1132 451 1153 496
resistor 0.8972 507 451 526 490
resistor 0.8965 2098 2017 2119 2064
resistor 0.8951 786 450 806 490
resistor 0.8936 946 450 966 490
resistor 0.8927 2412 2023 2437 2062
resistor 0.8920 1433 1964 1453 2003
resistor 0.8903 133 1825 153 1864
resistor 0.8871 2288 1903 2333 1923
resistor 0.8841 1323 1290 1366 1310
resistor 0.8838 1780 383 1800 422
resistor 0.8836 299 325 319 364
resistor 0.8819 2319 1343 2359 1365
resistor 0.8785 565 450 586 491
resistor 0.8780 2113 1904 2158 1923
resistor 0.8765 379 1977 403 2017
resistor 0.8761 2166 1377 2186 1418
resistor 0.8760 460 1585 479 1624
resistor 0.8753 1899 2091 1920 2135
resistor 0.8733 547 1090 587 1111
resistor 0.8704 447 450 467 490
resistor 0.8670 280 1771 319 1790
resistor 0.8658 1300 70 1320 110
resistor 0.8656 1966 1389 1987 1431
resistor 0.8638 886 450 906 491
resistor 0.8620 2599 1663 2639 1683
resistor 0.8581 2619 743 2666 770
resistor 0.8558 2272 2025 2292 2063
resistor 0.8511 2273 2096 2294 2137
resistor 0.8497 1706 1644 1727 1696
resistor 0.8478 674 204 693 243
resistor 0.8385 1900 2014 1919 2057
resistor 0.8350 488 1777 533 1798
resistor 0.8349 2446 770 2487 790
resistor 0.8301 198 451 213 490
resistor 0.8269 2625 1884 2666 1910
resistor 0.8269 520 203 540 245
resistor 0.8229 2439 276 2460 317
resistor 0.8216 852 1984 873 2023
resistor 0.8187 305 1138 326 1182
resistor 0.8136 1919 942 1954 963
resistor 0.8103 679 891 721 924
resistor 0.8086 2072 2017 2092 2064
resistor 0.8085 205 1825 226 1864
resistor 0.8078 160 1824 181 1864
resistor 0.8075 352 451 372 490
resistor 0.8036 207 1770 247 1790
resistor 0.8031 174 1204 211 1230
resistor 0.7989 313 1977 332 2017
resistor 0.7884 2446 844 2486 863
resistor 0.7879 2476 277 2518 309
resistor 0.7860 2207 1165 2248 1196
resistor 0.7850 140 1771 181 1789
resistor 0.7771 412 450 432 490
resistor 0.7769 2436 2097 2459 2143
resistor 0.7737 1219 209 1239 251
resistor 0.7724 372 1821 393 1862
resistor 0.7715 353 1770 394 1790
resistor 0.7659 254 324 273 364
resistor 0.7648 2439 2022 2459 2064
resistor 0.7618 307 190 326 229
resistor 0.7610 200 976 247 999
resistor 0.7603 427 1770 466 1789
resistor 0.7528 1753 383 1772 425
resistor 0.7459 664 904 700 942
resistor 0.7416 141 976 182 996
resistor 0.7347 1374 896 1413 931
resistor 0.7345 630 1977 652 2024
resistor 0.7290 407 1977 434 2018
resistor 0.7287 2446 1949 2466 1990
resistor 0.7278 1753 216 1772 257
resistor 0.7265 1806 1390 1826 1430
resistor 0.7227 225 445 246 490
resistor 0.7130 2437 656 2459 703
resistor 0.7044 360 1795 395 1830
resistor 0.7036 580 202 599 245
resistor 0.7032 633 450 652 490
resistor 0.7018 2226 210 2246 253
resistor 0.6981 138 1797 171 1835
resistor 0.6928 1325 1316 1367 1336
resistor 0.6911 2300 1731 2320 1772
resistor 0.6818 167 445 188 489
resistor 0.6753 206 1585 225 1624
resistor 0.6746 2421 1353 2454 1388
resistor 0.6726 1859 1389 1874 1431
resistor 0.6563 1942 1901 1986 1922
resistor 0.6276 1219 380 1241 418
resistor 0.6269 2389 1343 2413 1385
resistor 0.5898 1330 1062 1370 1088
resistor 0.5794 2174 1259 2213 1281
resistor 0.4170 234 451 255 490
resistor 0.4042 2070 2086 2094 2141
resistor 0.3805 246 324 266 368
resistor 0.3587 2071 1948 2093 1994
resistor 0.3426 351 1805 384 1838
pads 0.9697 1779 1390 1799 1430
pads 0.9046 1242 1473 1279 1516
pads 0.9019 2365 1342 2384 1383
pads 0.8763 1706 1595 1726 1637
pads 0.8759 1392 909 1426 944
pads 0.8233 1866 916 1908 937
pads 0.8067 2425 445 2464 465
pads 0.7867 1905 979 1920 1019
pads 0.7646 334 1557 374 1576
pads 0.7079 1255 1407 1318 1497
pads 0.7044 216 1556 253 1577
pads 0.6821 1918 916 1959 938
pads 0.6685 1810 762 2035 905
pads 0.6003 459 1557 500 1577
capacitor 0.9882 1306 1065 1320 1104
capacitor 0.9760 2199 1949 2219 1990
capacitor 0.9719 2458 484 2477 511
capacitor 0.9657 461 924 474 950
capacitor 0.9636 506 925 519 950
capacitor 0.9587 407 925 420 950
capacitor 0.9579 2273 677 2291 702
capacitor 0.9567 1351 1130 1367 1158
capacitor 0.9553 400 1370 414 1396
capacitor 0.9550 1041 1135 1063 1168
capacitor 0.9535 1460 1118 1512 1142
capacitor 0.9511 340 1362 359 1397
capacitor 0.9491 1299 1290 1320 1330
capacitor 0.9484 1455 1190 1513 1217
capacitor 0.9441 448 1369 466 1395
capacitor 0.9441 812 1324 826 1351
capacitor 0.9418 546 1369 565 1396
capacitor 0.9387 847 1783 888 1857
capacitor 0.9306 2585 1605 2660 1645
capacitor 0.9295 1039 1464 1067 1485
capacitor 0.9135 357 922 373 949
capacitor 0.9099 246 1390 260 1417
capacitor 0.9093 1093 718 1113 778
capacitor 0.9083 1274 900 1326 957
capacitor 0.9077 707 1316 728 1357
capacitor 0.9044 1233 1341 1267 1384
capacitor 0.9001 1347 1178 1367 1208
capacitor 0.8974 1298 1224 1319 1261
capacitor 0.8957 1333 1744 1353 1784
capacitor 0.8922 360 1143 373 1172
capacitor 0.8901 1033 1219 1059 1245
capacitor 0.8895 1064 1215 1095 1244
capacitor 0.8891 987 1559 1013 1614
capacitor 0.8884 1399 1123 1424 1163
capacitor 0.8882 785 1562 821 1583
capacitor 0.8834 1333 1797 1352 1838
capacitor 0.8792 687 803 814 916
capacitor 0.8787 991 715 1018 774
capacitor 0.8777 634 1585 707 1631
capacitor 0.8656 1312 839 1393 906
capacitor 0.8648 1086 1555 1112 1617
capacitor 0.8641 1866 1767 1906 1791
capacitor 0.8632 1034 1051 1060 1076
capacitor 0.8614 973 1796 992 1837
capacitor 0.8589 967 1117 992 1142
capacitor 0.8586 1526 1108 1620 1186
capacitor 0.8585 1849 1945 1873 1983
capacitor 0.8578 1032 1511 1067 1535
capacitor 0.8524 1401 1173 1420 1213
capacitor 0.8483 466 1077 502 1093
capacitor 0.8470 1314 1503 1354 1524
capacitor 0.8466 1241 943 1274 979
capacitor 0.8435 1032 757 1078 788
capacitor 0.8367 2219 1423 2240 1469
capacitor 0.8362 2220 1380 2240 1419
capacitor 0.8353 206 1869 246 1890
capacitor 0.8348 716 1829 735 1859
capacitor 0.8275 2213 1134 2248 1156
capacitor 0.8228 783 1323 800 1351
capacitor 0.8204 1263 1384 1324 1436
capacitor 0.8141 352 1871 397 1896
capacitor 0.8132 487 1878 527 1898
capacitor 0.8123 672 971 693 1037
capacitor 0.8092 2419 391 2471 415
capacitor 0.8088 1216 967 1251 1003
capacitor 0.8045 1072 1177 1101 1207
capacitor 0.7987 1041 848 1066 864
capacitor 0.7913 2272 630 2300 643
capacitor 0.7892 1039 795 1073 818
capacitor 0.7839 1035 725 1072 744
capacitor 0.7804 191 856 225 870
capacitor 0.7790 497 1368 517 1396
capacitor 0.7744 1035 1564 1068 1596
capacitor 0.7679 1032 1588 1066 1609
capacitor 0.7626 2216 1027 2248 1057
capacitor 0.7617 673 1305 693 1361
capacitor 0.7614 2366 510 2386 539
capacitor 0.7597 1377 1173 1397 1212
capacitor 0.7572 783 984 804 1017
capacitor 0.7564 532 924 545 949
capacitor 0.7537 426 1877 465 1897
capacitor 0.7514 820 931 859 970
capacitor 0.7407 1253 926 1291 965
capacitor 0.7405 1001 1796 1020 1836
capacitor 0.7380 1646 1384 1666 1424
capacitor 0.7227 280 1870 320 1895
capacitor 0.7220 2407 668 2428 701
capacitor 0.7131 1527 1184 1594 1224
capacitor 0.7089 1060 1170 1085 1198
capacitor 0.7077 1287 1402 1356 1475
capacitor 0.7009 2274 570 2298 584
capacitor 0.6950 140 1869 180 1890
capacitor 0.6934 521 1368 539 1396
capacitor 0.6916 1246 1365 1291 1403
capacitor 0.6906 2540 407 2599 429
capacitor 0.6877 1593 1379 1615 1424
capacitor 0.6796 783 905 832 947
capacitor 0.6773 311 1364 330 1400
capacitor 0.6690 760 869 817 929
capacitor 0.6687 1005 1078 1032 1106
capacitor 0.6670 1111 1184 1140 1211
capacitor 0.6635 2439 629 2467 700
capacitor 0.6509 709 984 731 1018
capacitor 0.6504 1100 1132 1132 1158
capacitor 0.6504 2213 1182 2239 1209
capacitor 0.6454 2219 991 2246 1010
capacitor 0.6420 1417 1123 1448 1163
capacitor 0.5852 733 1316 753 1355
capacitor 0.5744 1038 809 1071 839
capacitor 0.4227 1326 1128 1344 1157
capacitor 0.3690 1327 1173 1347 1206
capacitor 0.3225 722 982 749 1025
capacitor 0.3057 1036 728 1078 773
capacitor 0.3025 804 985 831 1029
capacitor 0.3025 1453 1159 1504 1190
text 0.9853 815 1776 839 1859
text 0.9811 1288 1105 1314 1164
text 0.9763 546 131 573 190
text 0.9763 220 377 245 437
text 0.9749 449 830 474 907
text 0.9745 1186 158 1213 198
text 0.9744 814 1917 840 1971
text 0.9727 2358 1251 2381 1329
text 0.9713 1773 1297 1800 1376
text 0.9702 767 1763 799 1824
text 0.9672 1195 442 1220 510
text 0.9658 1826 1298 1852 1376
text 0.9654 2194 147 2220 196
text 0.9653 1186 1202 1212 1283
text 0.9651 1401 1951 1427 2013
text 0.9651 1226 444 1253 509
text 0.9640 467 650 899 785
text 0.9633 299 236 326 314
text 0.9633 394 1408 421 1476
text 0.9620 1932 1299 1958 1380
text 0.9616 1559 371 1585 436
text 0.9615 227 1094 260 1176
text 0.9615 967 1855 1000 1931
text 0.9590 2353 158 2380 198
text 0.9583 440 1406 466 1478
text 0.9582 1400 1049 1426 1111
text 0.9581 2160 139 2186 199
text 0.9577 48 1757 126 1784
text 0.9570 1659 138 1686 203
text 0.9552 1407 1522 1433 1602
text 0.9548 454 1930 531 1959
text 0.9548 1146 370 1173 425
text 0.9529 2208 1217 2285 1244
text 0.9524 2158 1942 2180 2000
text 0.9522 2184 389 2265 416
text 0.9515 1452 1077 1516 1105
text 0.9508 2520 1778 2547 1857
text 0.9500 1210 55 1288 83
text 0.9500 2206 818 2277 843
text 0.9499 1399 629 1554 656
text 0.9498 1820 2077 1851 2143
text 0.9498 1210 1244 1293 1270
text 0.9494 594 367 619 438
text 0.9491 1886 1298 1912 1379
text 0.9481 400 831 426 908
text 0.9479 2189 2011 2218 2073
text 0.9471 565 367 593 439
text 0.9460 774 71 938 190
text 0.9456 440 365 466 439
text 0.9436 1846 1702 1926 1729
text 0.9432 500 365 526 436
text 0.9432 671 130 700 197
text 0.9430 633 1550 707 1578
text 0.9429 2366 629 2400 710
text 0.9420 494 1965 520 2044
text 0.9413 292 970 372 1003
text 0.9403 339 1408 365 1478
text 0.9403 1327 1022 1404 1051
text 0.9399 2206 843 2279 872
text 0.9395 2213 957 2287 983
text 0.9391 1532 1229 1587 1257
text 0.9381 1287 1164 1312 1223
text 0.9379 346 832 372 909
text 0.9374 286 2032 319 2090
text 0.9358 633 1876 704 1903
text 0.9334 499 833 525 912
text 0.9310 1300 982 1327 1061
text 0.9302 1245 1804 1326 1837
text 0.9298 2191 1896 2220 1930
text 0.9297 168 1963 207 2052
text 0.9289 539 1409 566 1477
text 0.9277 340 1930 413 1959
text 0.9273 880 379 906 439
text 0.9271 753 376 780 437
text 0.9254 59 1785 92 1864
text 0.9254 2400 318 2480 343
text 0.9250 1099 446 1126 503
text 0.9249 2205 1750 2233 1829
text 0.9244 2179 444 2265 477
text 0.9242 300 1183 326 1264
text 0.9236 2532 444 2607 469
text 0.9231 246 1924 324 1951
text 0.9225 2578 1695 2659 1723
text 0.9222 1393 1703 1467 1737
text 0.9216 395 2031 419 2096
text 0.9203 2401 223 2469 250
text 0.9201 1372 1282 1455 1311
text 0.9183 2527 2105 2566 2168
text 0.9181 1119 717 1146 770
text 0.9178 346 364 374 436
text 0.9176 772 2078 860 2111
text 0.9174 1620 1307 1646 1370
text 0.9171 2263 1064 2336 1092
text 0.9171 2267 1749 2292 1830
text 0.9158 819 379 845 438
text 0.9148 1200 1949 1227 2010
text 0.9148 2266 1138 2333 1165
text 0.9145 608 130 638 192
text 0.9145 671 2110 951 2143
text 0.9142 2208 2083 2233 2143
text 0.9124 2265 1166 2348 1195
text 0.9115 52 1550 126 1576
text 0.9113 1888 1868 1919 1933
text 0.9111 2607 709 2687 737
text 0.9111 1401 1223 1428 1285
text 0.9108 721 378 753 437
text 0.9104 2591 1917 2671 1950
text 0.9102 760 1029 786 1089
text 0.9090 485 131 515 191
text 0.9088 884 2077 960 2109
text 0.9081 1793 910 1854 945
text 0.9079 2318 473 2383 503
text 0.9066 739 1836 772 1908
text 0.9066 1930 1864 1987 1896
text 0.9064 1082 876 1139 902
text 0.9061 2263 1032 2329 1059
text 0.9051 1847 377 1873 438
text 0.9051 1366 1491 1438 1517
text 0.9049 2204 756 2279 783
text 0.9046 326 1184 358 1264
text 0.9044 286 371 312 436
text 0.9032 2286 1864 2347 1897
text 0.9018 2531 325 2607 357
text 0.9004 2259 150 2286 196
text 0.8971 1293 1659 1319 1737
text 0.8970 973 379 999 437
text 0.8970 173 1544 200 1624
text 0.8967 2299 1644 2326 1721
text 0.8967 238 1324 265 1379
text 0.8964 817 1032 842 1089
text 0.8956 2150 2083 2174 2143
text 0.8944 1906 731 1946 758
text 0.8941 1019 1250 1070 1304
text 0.8928 453 137 479 197
text 0.8923 760 1365 788 1430
text 0.8922 2458 1865 2518 1892
text 0.8921 1627 878 1694 940
text 0.8919 1085 137 1119 197
text 0.8907 1706 1510 1732 1583
text 0.8902 2620 1764 2660 1795
text 0.8894 540 1116 612 1143
text 0.8890 2646 316 2687 350
text 0.8886 2498 751 2567 777
text 0.8880 2248 1456 2327 1490
text 0.8880 2099 1863 2166 1892
text 0.8865 1626 138 1653 203
text 0.8849 2221 1290 2247 1368
text 0.8848 725 1030 752 1089
text 0.8843 404 365 433 437
text 0.8820 192 370 219 443
text 0.8819 941 1858 966 1935
text 0.8814 1965 910 2027 937
text 0.8799 962 1456 1021 1478
text 0.8798 2487 2103 2527 2170
text 0.8782 660 1971 685 2031
text 0.8765 1427 1223 1456 1278
text 0.8755 2474 628 2500 708
text 0.8747 2465 2011 2496 2084
text 0.8741 66 1864 104 1898
text 0.8735 2348 1903 2386 1936
text 0.8733 55 1724 126 1756
text 0.8715 2018 1902 2060 1930
text 0.8706 632 2071 759 2110
text 0.8692 333 105 359 176
text 0.8680 514 1408 539 1477
text 0.8675 1219 158 1246 197
text 0.8664 666 1362 693 1428
text 0.8655 1080 804 1140 830
text 0.8653 329 2026 361 2103
text 0.8625 1827 2007 1853 2064
text 0.8613 2160 1292 2186 1363
text 0.8603 893 1863 920 1923
text 0.8598 2212 1477 2246 1544
text 0.8580 1853 1803 1926 1830
text 0.8579 1539 1077 1599 1103
text 0.8552 1240 378 1267 421
text 0.8538 693 1364 724 1429
text 0.8537 2280 1990 2319 2018
text 0.8531 1244 823 1290 878
text 0.8529 2426 1329 2505 1356
text 0.8509 1033 379 1059 435
text 0.8497 959 1403 1025 1430
text 0.8485 615 823 687 890
text 0.8484 1779 143 1806 204
text 0.8463 558 1897 600 1925
text 0.8457 467 2045 513 2077
text 0.8454 2360 1497 2441 1524
text 0.8447 2499 803 2573 832
text 0.8441 1374 1218 1400 1278
text 0.8435 940 382 966 442
text 0.8434 246 237 273 311
text 0.8434 207 1517 260 1550
text 0.8424 1300 347 1327 420
text 0.8422 1253 1173 1279 1219
text 0.8416 626 371 654 443
text 0.8405 1628 1715 1666 1743
text 0.8401 2322 161 2353 198
text 0.8365 292 1558 320 1625
text 0.8352 1259 1102 1280 1162
text 0.8346 386 1548 413 1621
text 0.8342 1853 2001 1881 2071
text 0.8310 1207 90 1288 117
text 0.8291 1747 144 1773 206
text 0.8272 539 1771 617 1806
text 0.8271 1857 1517 1940 1549
text 0.8265 1700 1696 1726 1780
text 0.8261 1415 848 1492 911
text 0.8228 1635 570 1865 616
text 0.8215 1587 1301 1613 1372
text 0.8213 1003 1950 1026 2011
text 0.8199 1005 1856 1033 1937
text 0.8195 254 370 279 437
text 0.8183 300 100 326 176
text 0.8162 2227 1870 2253 1931
text 0.8157 459 1971 486 2042
text 0.8154 2356 719 2419 744
text 0.8148 2257 1873 2280 1931
text 0.8141 667 1030 699 1091
text 0.8132 581 1815 613 1887
text 0.8095 2154 2011 2179 2069
text 0.8083 1201 1487 1264 1557
text 0.8049 854 878 914 930
text 0.8046 1266 1276 1293 1335
text 0.8036 80 1203 160 1230
text 0.8031 1027 684 1086 710
text 0.8006 1173 1383 1233 1437
text 0.8005 194 937 265 964
text 0.8000 326 1510 382 1536
text 0.7990 333 2104 374 2130
text 0.7971 233 851 305 885
text 0.7957 786 1376 817 1431
text 0.7943 2217 1263 2303 1288
text 0.7938 1966 937 2033 964
text 0.7932 1184 894 1242 944
text 0.7922 1400 823 1465 888
text 0.7918 2500 837 2574 864
text 0.7916 1854 2075 1879 2144
text 0.7889 63 1683 112 1715
text 0.7882 846 1910 878 1971
text 0.7851 1168 916 1219 971
text 0.7847 687 790 741 850
text 0.7830 1126 1183 1171 1231
text 0.7820 1251 583 1278 662
text 0.7811 542 1808 571 1895
text 0.7805 2486 2007 2518 2084
text 0.7788 1979 637 2065 657
text 0.7787 526 829 549 909
text 0.7780 1059 991 1114 1044
text 0.7772 59 1610 86 1687
text 0.7756 787 378 813 438
text 0.7754 1852 177 1880 251
text 0.7736 106 1476 165 1509
text 0.7733 2414 603 2493 630
text 0.7721 1180 1502 1245 1577
text 0.7698 1021 1611 1079 1636
text 0.7671 1966 1304 1992 1377
text 0.7633 815 824 865 878
text 0.7632 2227 145 2253 197
text 0.7630 2405 255 2432 324
text 0.7606 726 1364 758 1426
text 0.7587 1268 203 1293 275
text 0.7586 1938 983 2032 1011
text 0.7545 2426 1876 2453 1935
text 0.7542 2274 2064 2314 2091
text 0.7509 961 1505 1020 1531
text 0.7501 452 1510 499 1543
text 0.7485 1053 1056 1105 1109
text 0.7444 1347 436 1392 463
text 0.7419 1119 1556 1147 1617
text 0.7418 249 1898 326 1923
text 0.7395 1913 237 1991 264
text 0.7365 2258 1302 2332 1329
text 0.7356 1233 1650 1260 1733
text 0.7340 1224 844 1283 898
text 0.7334 2604 783 2687 813
text 0.7324 2186 676 2259 703
text 0.7322 52 1577 123 1604
text 0.7242 2126 2013 2153 2069
text 0.7221 975 1037 1024 1089
text 0.7181 2386 486 2414 562
text 0.7144 467 1408 492 1478
text 0.7128 998 378 1030 438
text 0.7113 1268 366 1293 425
text 0.7072 200 1972 233 2049
text 0.7058 427 1044 503 1070
text 0.7053 1109 370 1135 428
text 0.6999 360 1184 386 1264
text 0.6988 180 2052 234 2089
text 0.6984 1209 1424 1273 1483
text 0.6982 686 1969 712 2028
text 0.6980 1646 1305 1672 1371
text 0.6959 1373 1310 1453 1338
text 0.6957 2156 884 2232 910
text 0.6939 840 1562 866 1638
text 0.6912 118 944 186 971
text 0.6906 2186 557 2259 590
text 0.6836 420 2031 447 2090
text 0.6823 2206 724 2284 750
text 0.6803 467 1164 499 1244
text 0.6795 139 1545 166 1623
text 0.6766 341 1897 413 1923
text 0.6745 1080 831 1138 857
text 0.6742 513 133 545 190
text 0.6739 920 1096 982 1152
text 0.6669 2532 297 2605 323
text 0.6667 1327 990 1398 1017
text 0.6651 982 1238 1027 1294
text 0.6616 923 1172 973 1228
text 0.6561 96 1608 120 1682
text 0.6459 2499 777 2573 804
text 0.6371 2400 194 2465 223
text 0.6367 1259 1657 1291 1739
text 0.6281 1079 777 1138 804
text 0.6280 964 1476 1018 1504
text 0.6208 2175 2083 2200 2146
text 0.6135 1056 138 1088 197
text 0.6094 2187 616 2259 650
text 0.6082 2590 1570 2665 1603
text 0.6036 1074 1224 1127 1276
text 0.5991 360 2026 386 2095
text 0.5976 819 1364 848 1428
text 0.5808 1100 1238 1153 1295
text 0.5788 1375 1052 1400 1114
text 0.5779 1192 1405 1245 1458
text 0.5714 1854 1299 1879 1377
text 0.5700 86 1785 119 1855
text 0.5687 1480 102 1507 129
text 0.5666 1374 1525 1399 1603
text 0.5625 1320 587 1346 661
text 0.5617 307 1406 332 1482
text 0.5512 598 845 667 911
text 0.5464 831 851 878 909
text 0.5219 1099 1084 1153 1138
text 0.5128 788 1032 812 1091
text 0.5057 2334 1249 2359 1328
text 0.5008 2179 2005 2207 2069
text 0.4555 2122 2084 2147 2144
text 0.4209 1590 375 1610 435
text 0.4021 1800 1298 1828 1377
text 0.4018 2308 162 2337 199
text 0.3745 468 366 495 436
text 0.3622 55 1593 129 1624
text 0.3539 1440 1223 1476 1282
text 0.3421 422 1407 456 1477
text 0.3395 2261 2080 2296 2129
text 0.3349 576 128 605 192
text 0.3326 1613 1958 1640 2012
text 0.3322 2387 1870 2416 1925
pins 0.9888 2037 272 2402 378
pins 0.9850 172 1645 540 1756
pins 0.9845 905 265 1269 375
pins 0.9785 1468 264 1834 375
pins 0.9745 1299 1867 1339 2111
pins 0.9690 1694 1861 1738 2110
pins 0.9660 2489 868 2561 1338
pins 0.9600 2519 1383 2631 1497
pins 0.9560 2086 1191 2127 1305
pins 0.9525 1100 1858 1140 2106
pins 0.9514 1493 1866 1539 2117
pins 0.9501 612 1648 1108 1761
pins 0.9500 341 265 709 370
pins 0.9456 2346 1604 2547 1789
pins 0.9424 119 324 225 370
pins 0.9237 120 793 225 838
pins 0.9235 714 519 1338 629
pins 0.8820 169 518 667 629
pins 0.8760 2145 950 2192 1251
pins 0.8533 120 1016 227 1188
pins 0.7569 2087 898 2132 1006
component 0.9319 2380 1445 2422 1477
component 0.8244 1582 1605 1638 1689
test 0.8156 2073 1383 2113 1431
ic 0.9600 119 1352 220 1462
ic 0.9452 628 1790 707 1871
ic 0.9335 1906 104 2000 208
ic 0.9186 2326 394 2418 472
ic 0.8658 2351 754 2439 855
ic 0.8281 1374 1744 1438 1802
ic 0.6799 2259 1397 2328 1451
diode 0.6911 1420 83 1477 148
transistor 0.9353 1980 1936 2047 1997
transistor 0.9142 2594 1795 2672 1875
transistor 0.9074 2325 2010 2392 2070
transistor 0.9030 1979 2084 2046 2144
transistor 0.8951 1979 2011 2046 2068
transistor 0.8658 2606 358 2686 436
transistor 0.8384 1529 1580 1691 1712
transistor 0.8328 2325 2085 2393 2144
transistor 0.7970 2326 1936 2392 1995
ferrite 0.8618 891 1790 932 1854
ferrite 0.8528 1619 1380 1639 1423
ferrite 0.7969 720 1784 762 1810
ferrite 0.3579 918 1788 962 1853
