connector 0.9906 4247 303 4930 870
connector 0.9872 3354 291 4022 871
connector 0.9855 4339 1650 5412 2341
connector 0.9811 4778 2696 5386 3074
connector 0.9802 2472 293 3106 865
connector 0.9751 1299 1079 2126 1276
connector 0.9741 1572 304 2220 870
connector 0.9737 1300 2861 1935 3085
connector 0.9699 2164 1084 3201 1277
connector 0.9599 2001 2875 2822 3072
connector 0.9549 3170 354 3272 939
connector 0.8970 1228 1849 1451 2195
connector 0.7753 5156 986 5428 1317
connector 0.7498 5155 2412 5251 2612
resistor 0.9891 3876 1083 3919 1165
resistor 0.9511 4106 2106 4141 2178
resistor 0.9341 4416 1359 4469 1450
resistor 0.9305 4104 3013 4149 3086
resistor 0.9245 4539 1168 4581 1256
resistor 0.9232 4425 961 4471 1037
resistor 0.9182 3494 1474 3537 1559
resistor 0.9009 3835 1364 3870 1441
resistor 0.8907 3977 3013 4019 3098
resistor 0.8905 4763 953 4831 981
resistor 0.8734 3772 2041 3863 2097
resistor 0.8518 4821 3534 4902 3576
resistor 0.8497 4428 1244 4466 1320
resistor 0.8214 4557 3564 4642 3604
resistor 0.7864 4809 3483 4900 3520
resistor 0.7833 4555 3471 4638 3520
resistor 0.7774 4191 3008 4230 3084
resistor 0.7708 4006 3565 4089 3609
resistor 0.7478 4134 2541 4197 2632
resistor 0.7441 4285 3520 4371 3561
resistor 0.7434 3932 3017 3973 3085
resistor 0.7155 2542 2818 2595 2902
resistor 0.6862 4280 3480 4366 3536
resistor 0.6536 4003 3516 4088 3563
resistor 0.6365 4554 3523 4641 3565
resistor 0.5679 4776 909 4838 955
resistor 0.5633 4144 3015 4187 3086
resistor 0.5179 4145 2101 4186 2179
resistor 0.4767 3249 2931 3353 2986
resistor 0.3339 4823 3515 4907 3560
pads 0.9397 3409 1479 3455 1557
pads 0.8988 3778 1886 3850 1929
pads 0.7924 3772 1971 3850 2014
pads 0.6183 3779 1911 3851 1969
pads 0.4155 3777 1937 3856 1995
capacitor 0.9900 3990 2562 4031 2643
capacitor 0.9611 3875 2550 3911 2625
capacitor 0.9456 4402 2787 4474 2871
capacitor 0.9440 3298 1277 3364 1395
capacitor 0.9290 4191 2643 4243 2733
capacitor 0.9219 4070 2562 4124 2638
capacitor 0.9180 3848 3015 3891 3084
capacitor 0.9174 3907 2098 3935 2154
capacitor 0.8944 3296 1515 3370 1561
capacitor 0.8942 4195 2898 4246 2994
capacitor 0.8863 3275 2703 3400 2854
capacitor 0.8373 4191 2034 4287 2083
capacitor 0.8360 3780 1745 3905 1802
capacitor 0.8151 4331 2749 4400 2869
capacitor 0.7985 3771 2111 3874 2170
capacitor 0.7912 3809 2732 3863 2821
capacitor 0.7892 3795 2590 3850 2697
capacitor 0.7842 3629 1310 3709 1366
capacitor 0.7775 3898 1761 3950 1802
capacitor 0.7705 3654 1088 3765 1248
capacitor 0.7688 4196 1906 4282 1963
capacitor 0.7520 4257 2966 4327 3082
capacitor 0.7500 3370 2903 3437 3013
capacitor 0.7495 4195 2108 4299 2174
capacitor 0.7386 1243 2223 1396 2333
capacitor 0.7255 3807 2845 3866 2929
capacitor 0.7134 4003 2183 4054 2231
capacitor 0.7121 3923 2193 3998 2236
capacitor 0.7080 5034 974 5119 1069
capacitor 0.6878 4788 1421 4871 1463
capacitor 0.6833 3796 2953 3850 3070
capacitor 0.6665 4261 2591 4314 2703
capacitor 0.6630 3650 1378 3757 1437
capacitor 0.6491 4259 2723 4316 2857
capacitor 0.6382 5054 1296 5130 1436
capacitor 0.6211 4258 2852 4315 2971
capacitor 0.6117 5041 1262 5126 1384
capacitor 0.5707 3300 1466 3366 1521
capacitor 0.3897 4248 2642 4305 2733
capacitor 0.3544 5075 1341 5150 1445
capacitor 0.3529 4188 2083 4293 2136
text 0.9847 1748 968 1788 1053
text 0.9819 2286 1292 2325 1403
text 0.9815 3048 2279 3569 2379
text 0.9777 2975 3493 3017 3619
text 0.9774 1155 1981 1197 2066
text 0.9762 2201 1294 2242 1404
text 0.9758 4189 2744 4234 2894
text 0.9746 1745 3096 1786 3154
text 0.9744 1747 2760 1788 2825
text 0.9742 1849 1304 1888 1405
text 0.9708 2496 1290 2537 1405
text 0.9691 1748 1299 1791 1402
text 0.9689 3965 3094 4014 3222
text 0.9648 4105 2179 4150 2313
text 0.9643 1268 2334 1389 2379
text 0.9639 1842 967 1877 1052
text 0.9637 2073 1834 2325 2051
text 0.9630 2651 3075 2681 3221
text 0.9613 2159 2692 2201 2831
text 0.9603 3289 3493 3339 3618
text 0.9595 2382 947 2425 1064
text 0.9563 2155 3069 2197 3178
text 0.9560 2990 955 3031 1051
text 0.9549 3996 2385 4030 2503
text 0.9542 4933 3225 5051 3281
text 0.9539 2549 3086 2582 3181
text 0.9529 2395 1292 2430 1404
text 0.9512 2058 3086 2098 3182
text 0.9496 4655 3230 4778 3283
text 0.9494 1651 969 1691 1058
text 0.9469 5012 1458 5061 1588
text 0.9460 1646 1292 1684 1402
text 0.9433 3201 2703 3260 2861
text 0.9419 1652 3088 1686 3155
text 0.9395 2254 2732 2298 2833
text 0.9379 4970 2619 5302 2674
text 0.9374 1256 870 1381 910
text 0.9373 5063 615 5197 657
text 0.9367 1843 3101 1889 3154
text 0.9355 3676 2860 3796 2911
text 0.9353 3425 1596 3471 1744
text 0.9342 3087 949 3129 1054
text 0.9327 1942 969 1975 1053
text 0.9319 1561 2459 2156 2591
text 0.9316 2891 1310 2931 1406
text 0.9306 1846 2762 1892 2816
text 0.9301 4384 3227 4506 3283
text 0.9295 4234 3421 4363 3471
text 0.9277 1945 1301 1981 1403
text 0.9262 3963 2122 4057 2167
text 0.9262 3848 2384 3903 2516
text 0.9248 3609 2002 3763 2059
text 0.9198 4130 2321 4253 2364
text 0.9197 3591 2112 3703 2169
text 0.9192 4060 3102 4114 3233
text 0.9177 3866 927 3921 1075
text 0.9175 1647 2763 1689 2827
text 0.9167 3185 1108 3269 1164
text 0.9160 4775 3365 4904 3420
text 0.9149 3776 1689 3911 1732
text 0.9145 4108 2378 4149 2492
text 0.9143 2042 970 2083 1055
text 0.9142 4412 3073 4465 3216
text 0.9113 1354 1288 1394 1400
text 0.9089 1231 1619 1400 1673
text 0.9086 4201 2526 4244 2636
text 0.9063 3608 1880 3763 1938
text 0.9039 4191 3103 4230 3218
text 0.9038 3811 2193 3924 2244
text 0.9026 2830 2971 2904 3028
text 0.9009 1354 964 1396 1054
text 0.8996 2038 1296 2086 1407
text 0.8982 2878 993 2923 1038
text 0.8949 4649 1406 4791 1470
text 0.8940 2596 2817 2640 2950
text 0.8931 3113 1430 3276 1493
text 0.8900 4386 3615 4514 3661
text 0.8849 3216 1224 3271 1374
text 0.8838 3765 1238 3822 1390
text 0.8837 3667 2806 3796 2867
text 0.8808 3977 3369 4106 3426
text 0.8805 3594 3482 3649 3617
text 0.8801 2297 969 2328 1052
text 0.8800 5160 1421 5281 1481
text 0.8798 5007 3062 5063 3133
text 0.8763 2482 954 2523 1057
text 0.8721 1481 333 1551 390
text 0.8720 4778 3421 4904 3478
text 0.8718 4781 3082 4839 3125
text 0.8708 4196 2383 4239 2502
text 0.8707 3469 899 3566 939
text 0.8695 2580 879 2699 912
text 0.8690 3727 2321 3849 2364
text 0.8686 3541 1589 3596 1741
text 0.8675 2778 998 2821 1041
text 0.8660 2204 967 2243 1054
text 0.8648 2664 3492 2707 3617
text 0.8630 1270 1432 1379 1488
text 0.8616 3696 1450 3845 1504
text 0.8594 1563 1517 2357 1640
text 0.8590 3128 1545 3273 1602
text 0.8579 5137 1552 5277 1603
text 0.8558 2061 2667 2102 2835
text 0.8552 5148 3054 5193 3205
text 0.8540 3975 3425 4098 3480
text 0.8530 2756 1632 2868 1687
text 0.8529 4350 900 4460 942
text 0.8527 1226 1192 1296 1252
text 0.8520 4191 1786 4312 1844
text 0.8517 4529 1247 4591 1402
text 0.8469 3792 3100 3920 3140
text 0.8425 4198 1409 4311 1479
text 0.8423 3565 3067 3661 3125
text 0.8408 3442 2449 3522 2504
text 0.8407 3797 2413 3844 2560
text 0.8384 2594 1296 2622 1400
text 0.8373 5135 3225 5316 3266
text 0.8363 1451 968 1492 1053
text 0.8360 3780 1079 3820 1232
text 0.8352 1452 1291 1492 1400
text 0.8347 4204 898 4313 938
text 0.8331 4005 1740 4122 1797
text 0.8314 1240 2987 1307 3044
text 0.8284 4344 1562 4428 1629
text 0.8269 3674 3073 3781 3129
text 0.8265 4568 883 4723 943
text 0.8265 4567 939 4725 992
text 0.8249 4189 1845 4310 1901
text 0.8237 4968 2449 5010 2561
text 0.8224 3989 2322 4103 2365
text 0.8223 2356 3087 2383 3180
text 0.8219 3721 2131 3765 2244
text 0.8203 4123 3617 4227 3663
text 0.8194 4282 3099 4326 3226
text 0.8163 3473 1602 3522 1748
text 0.8157 2259 3073 2293 3173
text 0.8069 4869 1410 4978 1460
text 0.8066 1981 3617 2144 3662
text 0.8039 4774 2618 4901 2673
text 0.8033 2370 335 2450 400
text 0.8009 3230 2545 3272 2684
text 0.7948 2328 3618 2482 3662
text 0.7906 2990 1189 3072 1245
text 0.7889 3358 1590 3411 1744
text 0.7885 4938 3621 5061 3675
text 0.7870 4286 952 4412 996
text 0.7868 3854 2323 3976 2363
text 0.7837 5088 2337 5201 2403
text 0.7828 4154 2189 4201 2303
text 0.7795 1438 1886 1464 1937
text 0.7736 3202 2982 3349 3037
text 0.7710 1354 2731 1396 2829
text 0.7684 4384 2534 4469 2604
text 0.7662 1284 1801 1366 1854
text 0.7646 2354 2729 2384 2830
text 0.7641 3583 1530 3722 1587
text 0.7522 5064 336 5208 378
text 0.7510 1734 898 1829 937
text 0.7505 4552 2775 4701 2816
text 0.7504 4187 1657 4311 1713
text 0.7469 3331 901 3441 939
text 0.7463 4032 1402 4138 1468
text 0.7457 3597 1584 3650 1747
text 0.7454 4977 842 5118 897
text 0.7447 5139 827 5189 1012
text 0.7388 5018 1135 5136 1180
text 0.7292 1634 3617 1789 3661
text 0.7271 4125 3231 4238 3286
text 0.7255 1247 348 1379 390
text 0.7239 3260 323 3340 404
text 0.7164 5011 1186 5143 1236
text 0.7147 1352 3084 1392 3146
text 0.7144 1452 2731 1492 2828
text 0.7115 1593 900 1696 939
text 0.7079 1233 690 1388 780
text 0.7056 4273 2186 4315 2281
text 0.7048 4562 2845 4695 2889
text 0.7047 1320 3617 1489 3661
text 0.7047 5210 658 5335 716
text 0.7024 4473 1046 4524 1152
text 0.7018 1454 3088 1497 3148
text 0.6995 3219 982 3299 1037
text 0.6994 4227 3365 4349 3411
text 0.6933 2691 1299 2734 1405
text 0.6908 2579 939 2622 1054
text 0.6894 4718 2764 4773 2980
text 0.6844 4470 1365 4537 1484
text 0.6821 1756 1775 1857 1814
text 0.6713 4470 1182 4527 1335
text 0.6697 4522 954 4566 1100
text 0.6696 4146 334 4240 390
text 0.6678 3934 3085 3962 3222
text 0.6669 4432 2422 4525 2473
text 0.6580 5211 905 5314 979
text 0.6559 2441 2865 2526 2931
text 0.6491 3378 3005 3425 3141
text 0.6482 4988 783 5118 837
text 0.6471 4909 873 4960 988
text 0.6465 3822 1213 3876 1353
text 0.6418 4657 3622 4772 3663
text 0.6366 4040 2379 4086 2494
text 0.6313 3880 1202 3944 1341
text 0.6183 4524 3411 4626 3471
text 0.6074 3612 1817 3761 1870
text 0.6068 2450 883 2556 912
text 0.6066 4507 3361 4621 3418
text 0.5927 5063 1447 5114 1602
text 0.5924 4042 2185 4083 2307
text 0.5851 4154 2369 4198 2499
text 0.5434 4260 2415 4317 2575
text 0.5173 3615 1930 3751 1989
text 0.5115 4134 3094 4190 3223
text 0.5065 3129 1490 3271 1544
text 0.4957 3906 2384 3963 2513
text 0.4616 3594 2060 3707 2118
text 0.4279 4774 3290 4899 3345
text 0.3958 1466 2737 1508 2825
text 0.3813 5015 1164 5125 1208
text 0.3591 2741 1295 2789 1412
text 0.3406 2605 940 2655 1050
text 0.3368 4208 3287 4318 3331
text 0.3208 5035 813 5126 918
text 0.3174 4411 2406 4506 2459
text 0.3171 2316 3074 2352 3174
text 0.3030 2441 3087 2475 3176
component 0.9917 3507 2598 3619 2697
component 0.9908 2421 1814 2688 2122
component 0.9879 4404 2637 4468 2724
component 0.9858 2690 2097 2979 2424
component 0.9846 4558 2658 4585 2712
component 0.9787 4060 1098 4273 1328
component 0.9737 3378 1066 3555 1181
component 0.9665 4559 2953 4584 2994
component 0.9614 3567 2947 3664 3022
component 0.9054 4401 2928 4453 3015
component 0.8775 4720 1129 4863 1234
component 0.8389 3312 2605 3341 2662
component 0.4956 4590 2050 5062 2109
led 0.8774 5215 3100 5264 3197
led 0.8462 4948 3495 5049 3598
led 0.8352 5079 673 5175 716
led 0.8096 4402 3294 4483 3333
led 0.7615 5192 1378 5275 1426
led 0.7449 4951 3294 5037 3334
led 0.7169 5186 1488 5272 1532
led 0.5692 4112 3495 4222 3601
led 0.5404 4666 3289 4764 3335
led 0.4454 4087 3295 4208 3359
led 0.3135 4389 3450 4511 3595
ic 0.9871 2307 1699 3164 2526
ic 0.9597 3882 2669 4186 2973
ic 0.9493 3947 981 4399 1421
ic 0.9187 3428 1279 3589 1461
ic 0.9000 3920 1820 4189 2070
ic 0.8987 4609 1005 4991 1389
ic 0.8821 1591 1812 1989 2382
switch 0.9380 3651 3137 3890 3624
switch 0.9295 2721 3148 2962 3628
switch 0.9052 3340 3146 3583 3632
switch 0.7989 3024 3145 3273 3631
button 0.8971 1973 3247 2171 3605
button 0.8952 2321 3255 2526 3597
button 0.8639 1297 3255 1509 3600
button 0.8603 4942 385 5303 601
button 0.7770 1619 3242 1818 3608
button 0.7196 1134 396 1494 593
ferrite 0.8483 4977 910 5020 1010
ferrite 0.8115 5007 1355 5058 1448
ferrite 0.7406 4213 2193 4266 2293
jumper 0.9612 1216 1501 1421 1605
jumper 0.9013 1210 757 1421 870
jumper 0.6904 5025 2408 5148 2632
inductor 0.9570 3311 973 3622 1278
inductor 0.8912 3439 2530 3686 2761
inductor 0.8216 4345 2597 4517 2766
inductor 0.7248 3528 2900 3704 3073
