connector 0.9476 2669 1516 2751 1734
connector 0.7253 1346 1786 1400 2171
resistor 0.9921 1926 150 1945 191
resistor 0.9863 1233 204 1252 244
resistor 0.9840 337 1977 354 2017
resistor 0.9799 1833 778 1853 818
resistor 0.9799 1132 1716 1153 1757
resistor 0.9796 1188 1791 1208 1831
resistor 0.9786 807 583 826 625
resistor 0.9784 2426 216 2446 257
resistor 0.9781 1938 777 1959 816
resistor 0.9767 286 192 307 237
resistor 0.9722 2353 1957 2373 1997
resistor 0.9718 1926 223 1946 263
resistor 0.9718 487 1057 507 1096
resistor 0.9715 1329 1103 1364 1126
resistor 0.9697 593 190 612 230
resistor 0.9685 1660 1790 1680 1830
resistor 0.9669 1304 423 1327 464
resistor 0.9648 2352 383 2373 423
resistor 0.9640 1833 697 1852 739
resistor 0.9639 1892 777 1911 817
resistor 0.9627 1299 2024 1319 2064
resistor 0.9610 1634 205 1652 242
resistor 0.9602 485 584 500 622
resistor 0.9587 600 1717 620 1756
resistor 0.9579 2198 1955 2220 1996
resistor 0.9575 459 1964 473 2002
resistor 0.9538 1294 1877 1319 1917
resistor 0.9537 1660 1956 1679 1997
resistor 0.9526 487 1962 506 2002
resistor 0.9519 299 1844 320 1883
resistor 0.9519 341 584 371 623
resistor 0.9518 225 1722 247 1762
resistor 0.9501 2266 1956 2286 1997
resistor 0.9482 173 978 213 1004
resistor 0.9482 1627 1789 1648 1829
resistor 0.9480 233 583 254 623
resistor 0.9477 2096 145 2119 190
resistor 0.9469 977 1717 996 1757
resistor 0.9457 725 1717 746 1760
resistor 0.9457 1092 1790 1114 1834
resistor 0.9396 306 1032 325 1070
resistor 0.9376 198 1720 214 1761
resistor 0.9373 1092 1963 1113 2004
resistor 0.9372 461 581 480 623
resistor 0.9361 2428 1895 2459 1932
resistor 0.9359 1187 1958 1207 2002
resistor 0.9357 2326 377 2345 422
resistor 0.9356 1781 1950 1800 1988
resistor 0.9356 2298 1442 2341 1464
resistor 0.9351 2099 223 2119 265
resistor 0.9343 2211 1169 2250 1191
resistor 0.9321 407 189 431 229
resistor 0.9312 673 1963 693 2002
resistor 0.9308 1295 1577 1314 1618
resistor 0.9302 386 1216 419 1236
resistor 0.9290 298 342 321 387
resistor 0.9288 446 1716 467 1762
resistor 0.9283 489 344 532 386
resistor 0.9263 2325 1956 2345 1998
resistor 0.9242 1293 1362 1328 1401
resistor 0.9240 818 1717 839 1757
resistor 0.9237 1313 638 1332 677
resistor 0.9227 1039 1716 1060 1756
resistor 0.9224 1073 1716 1095 1756
resistor 0.9209 547 1963 568 2003
resistor 0.9207 2100 71 2123 116
resistor 0.9191 885 1716 906 1756
resistor 0.9169 566 1717 586 1756
resistor 0.9166 2210 1021 2251 1045
resistor 0.9158 2111 283 2160 303
resistor 0.9153 1294 1946 1318 1993
resistor 0.9143 1040 209 1059 249
resistor 0.9133 234 985 253 1023
resistor 0.9101 1433 204 1453 244
resistor 0.9068 2164 1957 2185 1997
resistor 0.9056 352 1716 374 1762
resistor 0.9053 1927 77 1948 119
resistor 0.9044 2413 145 2441 184
resistor 0.9042 2458 283 2504 304
resistor 0.9019 812 186 832 222
resistor 0.9011 1707 511 1726 561
resistor 0.9007 1901 224 1919 264
resistor 0.8991 614 1963 633 2004
resistor 0.8978 1339 635 1355 676
resistor 0.8976 1901 148 1920 190
resistor 0.8964 2172 1268 2212 1290
resistor 0.8963 1780 1785 1801 1824
resistor 0.8947 2166 791 2186 830
resistor 0.8932 912 1716 934 1756
resistor 0.8909 1632 1957 1652 1996
resistor 0.8861 2300 437 2319 479
resistor 0.8859 2618 1364 2660 1391
resistor 0.8845 2430 69 2459 112
resistor 0.8835 947 1716 966 1756
resistor 0.8822 286 1719 311 1762
resistor 0.8805 759 1717 780 1756
resistor 0.8770 2299 1344 2339 1363
resistor 0.8767 199 1210 233 1238
resistor 0.8758 1323 870 1367 895
resistor 0.8747 2298 1370 2340 1390
resistor 0.8719 2445 1344 2486 1363
resistor 0.8712 1938 284 1986 310
resistor 0.8682 2172 925 2214 944
resistor 0.8668 379 1718 401 1760
resistor 0.8655 2286 283 2332 304
resistor 0.8650 778 577 801 622
resistor 0.8599 852 185 872 223
resistor 0.8587 1300 2098 1320 2137
resistor 0.8585 348 344 367 384
resistor 0.8550 1900 78 1919 117
resistor 0.8544 506 1716 526 1757
resistor 0.8520 355 417 393 437
resistor 0.8519 203 392 246 412
resistor 0.8490 2480 1916 2518 1935
resistor 0.8471 2274 70 2294 111
resistor 0.8445 278 417 320 437
resistor 0.8440 2619 1443 2666 1464
resistor 0.8416 420 343 458 385
resistor 0.8403 1165 1714 1186 1756
resistor 0.8398 2271 144 2292 184
resistor 0.8307 2600 524 2640 543
resistor 0.8301 413 1717 433 1760
resistor 0.8297 2273 218 2292 257
resistor 0.8284 206 418 246 437
resistor 0.8274 1226 1576 1246 1616
resistor 0.8265 2560 363 2587 402
resistor 0.8234 225 345 252 383
resistor 0.8198 2446 216 2466 257
resistor 0.8153 2213 1070 2252 1094
resistor 0.8101 1967 776 1986 817
resistor 0.8083 579 1963 600 2003
resistor 0.8011 2318 844 2359 863
resistor 0.8001 1325 963 1367 984
resistor 0.7965 2418 822 2459 843
resistor 0.7941 633 1716 653 1757
resistor 0.7892 1920 1244 1958 1269
resistor 0.7817 426 417 465 437
resistor 0.7803 2446 1397 2486 1418
resistor 0.7793 2626 297 2665 324
resistor 0.7790 1878 696 1919 717
resistor 0.7777 2393 823 2413 865
resistor 0.7773 161 345 179 383
resistor 0.7689 252 1843 272 1883
resistor 0.7685 543 1097 587 1116
resistor 0.7671 1006 1716 1026 1757
resistor 0.7671 2073 220 2093 265
resistor 0.7658 2546 1805 2591 1825
resistor 0.7620 1220 1957 1239 1999
resistor 0.7533 1323 896 1367 916
resistor 0.7506 357 392 394 411
resistor 0.7504 668 1264 700 1305
resistor 0.7481 132 349 153 383
resistor 0.7480 520 1963 540 2004
resistor 0.7462 2274 1743 2319 1763
resistor 0.7411 2072 144 2092 190
resistor 0.7380 786 1716 806 1756
resistor 0.7353 1326 943 1366 963
resistor 0.7259 372 343 393 384
resistor 0.7247 2438 145 2459 183
resistor 0.7209 306 1976 326 2023
resistor 0.7203 2480 1889 2514 1908
resistor 0.7181 486 417 533 437
resistor 0.7106 846 1716 870 1757
resistor 0.7095 678 1282 717 1317
resistor 0.7070 472 1716 493 1757
resistor 0.6993 2225 1956 2246 1996
resistor 0.6906 1372 1276 1415 1314
resistor 0.6873 314 190 333 231
resistor 0.6823 206 582 225 624
resistor 0.6811 139 388 172 412
resistor 0.6781 1858 777 1875 817
resistor 0.6659 141 1210 179 1236
resistor 0.6646 2441 1502 2460 1544
resistor 0.6422 2446 1369 2487 1390
resistor 0.6037 139 416 182 436
resistor 0.4563 629 187 650 234
resistor 0.4539 259 1718 278 1763
resistor 0.3699 1805 777 1827 819
resistor 0.3286 652 1267 690 1302
resistor 0.3102 2445 1355 2488 1378
pads 0.9509 1778 777 1799 818
pads 0.9405 1706 569 1726 612
pads 0.9233 2366 826 2386 865
pads 0.8824 1389 1262 1426 1300
pads 0.8798 1904 1190 1919 1231
pads 0.8402 1919 1270 1958 1291
pads 0.8023 1239 691 1278 733
pads 0.7759 1868 1270 1907 1290
pads 0.7345 333 633 375 650
pads 0.7326 2427 1764 2465 1783
pads 0.7085 1261 711 1301 745
pads 0.6725 1808 1299 2042 1443
pads 0.6717 460 631 500 650
pads 0.6293 2426 1744 2464 1763
pads 0.4391 1260 694 1289 739
capacitor 0.9872 447 811 466 843
capacitor 0.9858 706 1190 726 1226
capacitor 0.9778 2198 216 2220 263
capacitor 0.9745 2365 1670 2384 1697
capacitor 0.9703 1305 1103 1319 1142
capacitor 0.9691 1345 1002 1367 1029
capacitor 0.9674 1347 1050 1365 1076
capacitor 0.9674 2221 789 2240 831
capacitor 0.9669 812 858 826 885
capacitor 0.9631 359 1036 373 1067
capacitor 0.9619 1300 941 1320 982
capacitor 0.9575 1461 1029 1512 1052
capacitor 0.9566 1035 963 1058 990
capacitor 0.9564 398 809 415 842
capacitor 0.9562 546 811 565 837
capacitor 0.9559 1093 1429 1114 1497
capacitor 0.9437 1112 990 1151 1025
capacitor 0.9422 1087 588 1114 652
capacitor 0.9341 847 349 887 425
capacitor 0.9302 1313 1304 1393 1377
capacitor 0.9302 1033 677 1066 697
capacitor 0.9247 2272 1508 2287 1537
capacitor 0.9246 2458 1697 2471 1725
capacitor 0.9153 631 583 707 623
capacitor 0.9138 1040 750 1064 765
capacitor 0.9120 246 789 258 818
capacitor 0.9073 1459 1064 1512 1089
capacitor 0.9008 1032 601 1067 624
capacitor 0.8987 1400 997 1423 1039
capacitor 0.8976 968 1066 992 1090
capacitor 0.8963 1333 422 1353 464
capacitor 0.8942 405 1258 419 1283
capacitor 0.8900 686 1288 815 1412
capacitor 0.8880 704 856 726 897
capacitor 0.8865 1272 1255 1324 1312
capacitor 0.8853 674 1178 693 1236
capacitor 0.8844 987 597 1013 650
capacitor 0.8838 1065 962 1088 992
capacitor 0.8797 2220 743 2239 783
capacitor 0.8792 361 1258 373 1284
capacitor 0.8787 508 1258 521 1283
capacitor 0.8767 458 1258 472 1283
capacitor 0.8748 784 857 800 889
capacitor 0.8699 2537 1776 2599 1799
capacitor 0.8661 1220 1203 1255 1242
capacitor 0.8618 1865 416 1906 449
capacitor 0.8604 973 369 993 410
capacitor 0.8572 341 811 359 845
capacitor 0.8569 192 1337 224 1350
capacitor 0.8565 1333 377 1353 418
capacitor 0.8558 2271 1563 2299 1578
capacitor 0.8542 487 309 526 335
capacitor 0.8510 1299 878 1319 918
capacitor 0.8507 1526 1030 1617 1097
capacitor 0.8427 2406 1503 2426 1544
capacitor 0.8369 533 1257 546 1284
capacitor 0.8348 1853 225 1874 263
capacitor 0.8339 792 1261 831 1301
capacitor 0.8337 995 1436 1020 1494
capacitor 0.8332 673 844 694 904
capacitor 0.8307 1286 729 1361 803
capacitor 0.8290 2274 1623 2300 1642
capacitor 0.8288 207 316 246 336
capacitor 0.8251 812 1190 826 1223
capacitor 0.8219 1041 1343 1066 1363
capacitor 0.8131 1043 1042 1061 1078
capacitor 0.8123 765 1190 784 1224
capacitor 0.8078 1000 368 1020 411
capacitor 0.8016 1032 622 1066 643
capacitor 0.8006 1314 683 1355 703
capacitor 0.7992 1254 1234 1292 1275
capacitor 0.7930 761 1278 819 1337
capacitor 0.7920 2585 564 2657 606
capacitor 0.7850 352 317 397 337
capacitor 0.7817 498 810 518 839
capacitor 0.7815 425 310 468 337
capacitor 0.7786 1031 1430 1076 1487
capacitor 0.7783 463 1115 502 1138
capacitor 0.7753 1646 783 1666 823
capacitor 0.7753 712 349 748 388
capacitor 0.7715 1072 996 1099 1024
capacitor 0.7701 520 811 540 838
capacitor 0.7683 788 1190 806 1222
capacitor 0.7661 280 315 319 338
capacitor 0.7545 1007 1103 1034 1131
capacitor 0.7541 1416 1045 1445 1085
capacitor 0.7533 2215 1143 2248 1165
capacitor 0.7504 313 809 327 843
capacitor 0.7381 1267 769 1325 830
capacitor 0.7372 1592 782 1612 825
capacitor 0.7315 1059 1011 1087 1038
capacitor 0.7295 2420 1797 2462 1811
capacitor 0.7280 1230 824 1266 863
capacitor 0.7240 1455 991 1512 1016
capacitor 0.7236 819 1235 858 1277
capacitor 0.7171 2218 1050 2244 1064
capacitor 0.7154 1037 1369 1068 1391
capacitor 0.7058 1299 1282 1352 1334
capacitor 0.6970 1377 997 1399 1039
capacitor 0.6959 1253 802 1294 843
capacitor 0.6883 139 317 181 337
capacitor 0.6793 733 852 753 895
capacitor 0.6649 1527 984 1595 1023
capacitor 0.6210 2439 1549 2467 1578
capacitor 0.6166 2213 1002 2242 1023
capacitor 0.5973 1038 1389 1072 1410
capacitor 0.5916 793 623 820 643
capacitor 0.5859 1100 1050 1132 1075
capacitor 0.5250 1378 1048 1397 1083
capacitor 0.4011 1326 998 1349 1027
capacitor 0.3822 764 854 784 890
capacitor 0.3052 784 1267 820 1316
text 0.9835 812 350 840 432
text 0.9822 546 2017 574 2075
text 0.9796 1399 196 1426 257
text 0.9793 327 943 358 1022
text 0.9780 467 1424 899 1555
text 0.9780 1147 1783 1173 1838
text 0.9764 2520 353 2546 430
text 0.9717 1847 477 1925 505
text 0.9698 2578 484 2660 517
text 0.9668 2187 136 2213 201
text 0.9659 59 341 89 425
text 0.9650 968 276 997 357
text 0.9636 387 582 414 658
text 0.9632 228 1032 261 1118
text 0.9611 2192 277 2220 312
text 0.9606 1408 605 1433 688
text 0.9605 453 1300 474 1375
text 0.9591 1286 985 1312 1041
text 0.9585 760 1116 785 1177
text 0.9569 698 1116 724 1177
text 0.9568 1401 1550 1552 1577
text 0.9533 2152 137 2178 198
text 0.9529 500 1301 525 1375
text 0.9529 1400 1096 1427 1158
text 0.9525 1119 589 1147 649
text 0.9522 1288 1044 1313 1104
text 0.9509 1830 831 1855 910
text 0.9506 392 728 419 802
text 0.9504 1906 1448 1946 1476
text 0.9500 1299 1148 1326 1229
text 0.9499 299 943 326 1021
text 0.9496 245 256 323 283
text 0.9488 2354 2010 2380 2056
text 0.9486 1660 2006 1686 2071
text 0.9483 1194 1702 1219 1764
text 0.9482 2619 416 2659 444
text 0.9480 2459 316 2520 350
text 0.9472 1772 832 1800 910
text 0.9457 1934 830 1960 912
text 0.9455 2213 1225 2285 1255
text 0.9454 1206 2124 1285 2157
text 0.9451 2187 1505 2259 1536
text 0.9449 346 1303 372 1376
text 0.9448 1301 1787 1326 1859
text 0.9434 2423 270 2452 328
text 0.9426 770 2015 940 2137
text 0.9421 2266 1015 2346 1042
text 0.9418 1400 923 1426 990
text 0.9414 1884 830 1908 909
text 0.9410 1858 658 1939 690
text 0.9409 1705 625 1732 699
text 0.9403 564 1767 592 1845
text 0.9403 485 2017 513 2077
text 0.9398 2265 1076 2337 1104
text 0.9398 401 1304 425 1376
text 0.9394 2194 2011 2220 2058
text 0.9385 812 237 839 291
text 0.9381 294 583 321 654
text 0.9379 1853 377 1925 405
text 0.9359 1329 1156 1407 1184
text 0.9354 546 312 573 397
text 0.9330 1120 1438 1146 1495
text 0.9321 1186 2009 1213 2057
text 0.9319 1245 376 1326 403
text 0.9313 659 178 685 238
text 0.9312 441 732 466 803
text 0.9288 241 828 267 885
text 0.9280 2426 850 2508 877
text 0.9276 2500 1344 2573 1371
text 0.9267 2260 1117 2339 1145
text 0.9267 78 977 159 1009
text 0.9239 539 733 566 803
text 0.9225 2360 885 2382 963
text 0.9209 1027 1497 1086 1523
text 0.9200 545 422 619 451
text 0.9195 2318 1710 2378 1735
text 0.9185 348 1768 373 1843
text 0.9177 1205 2090 1288 2122
text 0.9172 776 102 857 130
text 0.9161 582 317 614 396
text 0.9161 2597 1398 2690 1426
text 0.9155 607 2017 639 2076
text 0.9151 2269 384 2294 462
text 0.9139 2257 276 2281 336
text 0.9137 439 1769 466 1844
text 0.9135 2527 37 2563 104
text 0.9134 1620 836 1646 902
text 0.9124 1933 316 1985 344
text 0.9120 1363 688 1438 716
text 0.9118 2213 664 2245 734
text 0.9106 60 527 86 603
text 0.9101 818 1769 844 1827
text 0.9100 1240 1789 1266 1832
text 0.9092 2498 1376 2574 1404
text 0.9092 405 1769 433 1843
text 0.9074 2400 1860 2477 1884
text 0.9054 300 1892 326 1971
text 0.9051 2221 924 2301 950
text 0.9050 338 727 366 798
text 0.9044 2402 1810 2481 1837
text 0.9039 667 778 692 843
text 0.9031 173 584 200 664
text 0.9025 2345 277 2387 304
text 0.9025 2284 316 2346 344
text 0.9017 2204 963 2284 991
text 0.9006 2262 1178 2338 1206
text 0.9004 246 1893 273 1975
text 0.8999 338 256 411 284
text 0.8989 1373 869 1451 897
text 0.8981 453 2017 480 2072
text 0.8979 168 154 209 244
text 0.8978 107 696 168 729
text 0.8969 1532 950 1586 985
text 0.8954 759 783 787 844
text 0.8953 2185 1562 2257 1589
text 0.8948 1826 143 1853 203
text 0.8935 1374 896 1454 922
text 0.8933 2398 1955 2476 1984
text 0.8931 1200 197 1226 257
text 0.8918 50 603 125 630
text 0.8915 2160 2011 2187 2068
text 0.8912 2019 276 2060 304
text 0.8906 50 631 124 662
text 0.8903 1966 1271 2027 1297
text 0.8901 594 1766 620 1845
text 0.8896 885 97 959 131
text 0.8893 820 781 848 844
text 0.8892 879 1768 907 1829
text 0.8891 179 125 232 155
text 0.8888 753 1769 780 1829
text 0.8879 1560 1773 1586 1838
text 0.8876 818 1116 843 1177
text 0.8870 2219 842 2246 916
text 0.8868 1814 224 1839 264
text 0.8865 2532 1857 2605 1884
text 0.8858 220 1771 246 1837
text 0.8854 1963 1242 2039 1270
text 0.8850 2646 1858 2687 1889
text 0.8847 451 250 532 279
text 0.8830 1779 2002 1805 2063
text 0.8830 1632 1594 1865 1643
text 0.8823 2160 840 2187 921
text 0.8820 2591 262 2677 290
text 0.8805 973 1769 1000 1830
text 0.8801 1079 1328 1140 1356
text 0.8800 1182 637 1245 703
text 0.8795 1225 1702 1252 1763
text 0.8794 1233 478 1262 553
text 0.8785 2205 1423 2280 1457
text 0.8771 629 98 760 137
text 0.8758 193 1769 219 1842
text 0.8757 2366 1499 2397 1579
text 0.8757 542 1062 610 1090
text 0.8748 852 1279 911 1331
text 0.8743 632 631 706 657
text 0.8728 2204 1337 2279 1364
text 0.8700 1293 476 1320 550
text 0.8697 2157 207 2182 269
text 0.8692 48 424 126 450
text 0.8689 1893 275 1921 337
text 0.8677 332 80 370 134
text 0.8677 617 1316 686 1392
text 0.8668 578 2018 607 2076
text 0.8658 206 664 259 690
text 0.8642 938 1771 966 1830
text 0.8630 285 1770 313 1837
text 0.8623 725 785 756 840
text 0.8578 693 784 723 844
text 0.8578 99 1236 184 1268
text 0.8571 1626 2003 1654 2070
text 0.8553 2464 125 2501 204
text 0.8550 2299 486 2325 565
text 0.8535 2186 1622 2260 1650
text 0.8533 1004 196 1025 266
text 0.8526 1031 1769 1059 1829
text 0.8512 659 65 947 97
text 0.8511 1626 1265 1693 1330
text 0.8502 848 237 880 297
text 0.8498 1004 277 1032 349
text 0.8496 1079 1377 1139 1405
text 0.8493 959 757 1024 783
text 0.8473 2204 1366 2279 1398
text 0.8468 299 2031 327 2112
text 0.8458 1792 1263 1854 1297
text 0.8453 334 2031 359 2111
text 0.8446 740 300 772 380
text 0.8441 1820 66 1852 130
text 0.8432 721 1769 752 1828
text 0.8417 1456 1107 1520 1137
text 0.8415 962 682 1020 705
text 0.8404 941 277 966 350
text 0.8403 1089 2009 1120 2069
text 0.8394 787 1116 813 1176
text 0.8394 1215 963 1294 989
text 0.8391 1402 1317 1464 1384
text 0.8384 1853 137 1881 204
text 0.8382 2360 683 2440 711
text 0.8379 1055 1166 1114 1216
text 0.8367 1846 1769 1872 1830
text 0.8357 231 1330 305 1356
text 0.8356 639 2016 666 2077
text 0.8328 1260 1042 1280 1105
text 0.8315 686 179 713 237
text 0.8300 294 1210 373 1237
text 0.8292 2259 2011 2286 2059
text 0.8292 774 651 831 678
text 0.8280 2100 317 2166 344
text 0.8279 1978 1550 2064 1576
text 0.8259 2226 2010 2254 2062
text 0.8242 1395 470 1465 502
text 0.8215 1346 1744 1391 1777
text 0.8211 327 671 380 697
text 0.8151 1080 1302 1139 1330
text 0.8149 1428 1297 1492 1357
text 0.8145 2359 1464 2416 1497
text 0.8139 2150 64 2172 123
text 0.8126 2206 378 2232 457
text 0.8125 768 376 799 444
text 0.8104 1255 989 1280 1046
text 0.8094 2498 1431 2569 1457
text 0.8061 1587 836 1612 906
text 0.8058 1173 769 1231 823
text 0.8058 289 117 320 184
text 0.8039 2210 64 2234 124
text 0.8028 513 732 539 803
text 0.7995 787 778 819 838
text 0.7980 1219 2011 1245 2058
text 0.7970 499 1769 526 1842
text 0.7957 66 316 106 344
text 0.7946 52 457 125 484
text 0.7934 1238 1331 1296 1384
text 0.7893 2185 1790 2266 1816
text 0.7888 2274 117 2312 145
text 0.7876 1225 1308 1279 1361
text 0.7861 466 731 494 803
text 0.7860 1426 932 1456 984
text 0.7821 515 2017 541 2076
text 0.7819 494 168 519 244
text 0.7802 1252 1548 1280 1616
text 0.7799 393 116 419 176
text 0.7794 1055 2008 1085 2069
text 0.7789 2486 126 2520 204
text 0.7787 675 2018 700 2078
text 0.7770 1103 1706 1128 1758
text 0.7760 538 397 620 423
text 0.7742 52 490 118 522
text 0.7714 1097 1070 1154 1124
text 0.7708 1008 1018 1038 1076
text 0.7698 959 1438 985 1498
text 0.7694 1627 464 1667 498
text 0.7672 1480 2075 1508 2103
text 0.7650 634 303 710 329
text 0.7643 921 984 972 1037
text 0.7635 431 1137 511 1164
text 0.7626 1186 920 1214 1000
text 0.7622 2529 1737 2608 1763
text 0.7617 2386 1643 2414 1724
text 0.7579 975 1114 1025 1172
text 0.7579 307 727 333 801
text 0.7546 840 575 866 650
text 0.7517 1252 1383 1324 1449
text 0.7504 466 965 499 1044
text 0.7492 1160 1236 1219 1290
text 0.7442 1052 1107 1105 1158
text 0.7427 1799 685 1827 759
text 0.7426 1700 432 1726 509
text 0.7423 626 1765 657 1843
text 0.7410 420 115 445 175
text 0.7403 685 1361 738 1418
text 0.7396 1021 904 1073 960
text 0.7394 94 525 120 602
text 0.7393 1910 1943 1992 1977
text 0.7389 921 1057 977 1109
text 0.7384 1538 1103 1597 1135
text 0.7381 1748 2002 1772 2064
text 0.7373 893 286 919 349
text 0.7327 2326 2010 2353 2051
text 0.7323 1853 1958 1879 2039
text 0.7320 2126 2008 2157 2070
text 0.7313 2265 1043 2334 1070
text 0.7292 2489 39 2526 112
text 0.7281 2476 1496 2501 1580
text 0.7265 2605 1470 2687 1502
text 0.7218 1141 1023 1190 1065
text 0.7199 558 285 599 310
text 0.7128 1965 828 1991 911
text 0.7104 1373 602 1399 690
text 0.7102 1319 1544 1347 1618
text 0.7080 2279 191 2319 217
text 0.7065 1102 918 1156 970
text 0.7054 359 944 387 1023
text 0.6999 1267 1932 1293 2010
text 0.6924 814 1330 866 1383
text 0.6924 1854 829 1878 905
text 0.6888 2227 274 2252 337
text 0.6882 523 1303 545 1375
text 0.6871 1126 966 1174 1021
text 0.6867 1214 723 1273 784
text 0.6841 1374 929 1399 990
text 0.6841 469 136 515 165
text 0.6830 959 658 1023 683
text 0.6803 960 778 1026 804
text 0.6751 141 583 167 664
text 0.6749 2246 724 2325 749
text 0.6721 599 1295 664 1360
text 0.6705 2123 137 2152 196
text 0.6698 728 1117 754 1175
text 0.6691 787 1767 813 1828
text 0.6676 667 1116 699 1168
text 0.6613 1645 835 1673 904
text 0.6551 200 160 232 235
text 0.6470 1267 1786 1292 1853
text 0.6461 2180 1737 2265 1764
text 0.6307 959 728 1020 755
text 0.6258 460 163 488 235
text 0.6217 1179 1265 1240 1316
text 0.6205 1210 937 1292 963
text 0.6156 978 917 1030 971
text 0.6131 1195 749 1246 803
text 0.6123 2387 268 2416 325
text 0.6100 2264 1151 2338 1176
text 0.6065 454 664 501 693
text 0.6057 2334 882 2359 960
text 0.5896 361 110 385 176
text 0.5842 1199 1287 1258 1337
text 0.5609 1935 1197 2013 1228
text 0.5598 416 730 439 804
text 0.5464 1375 1095 1399 1156
text 0.5289 1260 477 1292 550
text 0.5199 86 353 119 425
text 0.5069 2417 1577 2493 1603
text 0.4944 831 1296 883 1354
text 0.4677 1798 831 1828 906
text 0.4547 2123 212 2147 265
text 0.4110 2198 68 2223 126
text 0.4026 1452 1096 1516 1126
text 0.3823 999 1766 1028 1831
text 0.3793 2176 65 2197 122
text 0.3672 2236 884 2309 915
text 0.3614 1906 832 1934 906
text 0.3568 2228 395 2255 463
text 0.3389 1075 1366 1141 1390
text 0.3348 1597 196 1621 252
text 0.3277 254 1771 279 1840
text 0.3263 942 996 984 1052
text 0.3245 1076 1313 1141 1338
text 0.3026 2495 1365 2573 1391
pins 0.9917 174 452 539 562
pins 0.9876 899 1837 1266 1942
pins 0.9841 2033 1829 2401 1935
pins 0.9745 1470 1836 1833 1940
pins 0.9737 605 444 1076 561
pins 0.9729 2484 864 2561 1342
pins 0.9697 1299 97 1339 343
pins 0.9695 2520 716 2632 823
pins 0.9659 1694 96 1740 351
pins 0.9633 2347 417 2544 608
pins 0.9633 354 1845 722 1949
pins 0.9582 715 1578 1336 1688
pins 0.9574 1493 93 1539 345
pins 0.9546 2086 903 2126 1018
pins 0.9341 118 1011 225 1189
pins 0.9239 121 1370 229 1416
pins 0.9099 2086 1202 2132 1311
pins 0.8985 170 1577 666 1695
pins 0.8932 1100 106 1140 355
pins 0.8605 2145 953 2191 1253
pins 0.8466 114 1843 225 1884
component 0.9455 1583 516 1640 604
component 0.9101 2380 736 2421 765
test 0.7625 2072 777 2113 824
ic 0.9554 1907 1996 1999 2110
ic 0.9427 628 344 706 424
ic 0.9384 119 751 220 864
ic 0.9317 2326 1736 2419 1817
ic 0.8883 1372 403 1436 465
ic 0.8720 2354 1355 2437 1459
ic 0.7116 2261 756 2325 818
diode 0.7280 1419 2064 1476 2124
transistor 0.9517 2325 137 2393 198
transistor 0.9355 1979 143 2047 197
transistor 0.9275 2326 210 2392 270
transistor 0.9103 1529 495 1693 630
transistor 0.9099 2323 61 2391 123
transistor 0.9000 2606 1770 2686 1851
transistor 0.8952 2593 332 2672 409
transistor 0.8731 1984 211 2045 272
transistor 0.8475 1980 65 2046 124
ferrite 0.9218 1620 783 1641 829
ferrite 0.7498 892 353 932 422
ferrite 0.5890 716 386 764 424
ferrite 0.3217 921 349 968 423
