connector 0.8026 1365 49 1420 421
connector 0.8009 15 476 97 687
resistor 0.9879 807 1389 828 1429
resistor 0.9879 2260 203 2280 243
resistor 0.9877 1513 1963 1533 2001
resistor 0.9875 547 211 567 250
resistor 0.9823 1453 589 1474 629
resistor 0.9823 1085 384 1106 424
resistor 0.9811 1940 1591 1959 1628
resistor 0.9777 1559 376 1580 416
resistor 0.9765 819 2017 839 2057
resistor 0.9742 2513 1821 2542 1861
resistor 0.9735 966 219 986 256
resistor 0.9735 2459 1976 2478 2016
resistor 0.9728 1932 1985 1952 2022
resistor 0.9677 820 1944 840 1984
resistor 0.9657 2513 1583 2533 1622
resistor 0.9647 1526 211 1545 250
resistor 0.9643 1653 378 1673 419
resistor 0.9636 1559 209 1579 251
resistor 0.9632 1707 451 1724 491
resistor 0.9628 2299 1824 2328 1869
resistor 0.9623 780 1390 800 1430
resistor 0.9620 479 210 499 250
resistor 0.9595 2153 1977 2174 2018
resistor 0.9585 1440 1742 1461 1786
resistor 0.9552 1040 1646 1060 1697
resistor 0.9550 2414 1583 2433 1623
resistor 0.9524 2372 1823 2392 1865
resistor 0.9520 394 1784 413 1829
resistor 0.9498 1613 451 1633 497
resistor 0.9488 646 1944 668 1988
resistor 0.9481 1448 142 1468 183
resistor 0.9464 911 1392 933 1429
resistor 0.9462 966 385 987 424
resistor 0.9462 1086 214 1106 257
resistor 0.9454 913 1470 933 1510
resistor 0.9432 2259 1118 2279 1155
resistor 0.9432 1892 1984 1912 2023
resistor 0.9424 806 944 843 966
resistor 0.9410 819 2091 840 2135
resistor 0.9401 1398 1240 1441 1265
resistor 0.9394 2372 1977 2392 2016
resistor 0.9359 332 2097 351 2141
resistor 0.9358 1832 451 1852 491
resistor 0.9344 431 1904 480 1924
resistor 0.9344 2265 1583 2282 1625
resistor 0.9342 298 1951 318 1990
resistor 0.9338 673 2016 693 2064
resistor 0.9309 2410 191 2427 231
resistor 0.9304 2613 1824 2632 1868
resistor 0.9303 1652 204 1673 247
resistor 0.9283 2586 1823 2605 1862
resistor 0.9276 2258 1822 2282 1868
resistor 0.9267 2146 450 2166 490
resistor 0.9266 846 1945 865 1982
resistor 0.9258 452 211 474 252
resistor 0.9255 2132 202 2152 243
resistor 0.9255 1770 451 1790 490
resistor 0.9255 319 1950 339 1990
resistor 0.9245 333 2021 354 2061
resistor 0.9233 280 817 320 835
resistor 0.9233 446 443 491 463
resistor 0.9214 2198 204 2219 243
resistor 0.9209 1411 1530 1428 1570
resistor 0.9206 2298 450 2320 491
resistor 0.9201 1672 451 1693 497
resistor 0.9184 308 2022 326 2065
resistor 0.9172 2470 323 2486 363
resistor 0.9147 1925 451 1945 491
resistor 0.9143 1119 382 1138 425
resistor 0.9128 1312 1962 1332 2003
resistor 0.9115 1400 1082 1435 1109
resistor 0.9114 2373 1770 2413 1790
resistor 0.9100 852 1391 872 1431
resistor 0.9084 2472 1823 2493 1863
resistor 0.9056 393 212 413 252
resistor 0.9032 846 2016 866 2058
resistor 0.9021 426 770 466 791
resistor 0.9000 182 1804 206 1844
resistor 0.8993 493 2023 517 2064
resistor 0.8983 1860 451 1879 490
resistor 0.8969 2300 1769 2338 1790
resistor 0.8932 2512 1184 2532 1225
resistor 0.8919 476 1949 501 1990
resistor 0.8916 1448 292 1473 335
resistor 0.8892 2099 204 2118 244
resistor 0.8832 2446 1770 2486 1791
resistor 0.8791 421 1789 449 1828
resistor 0.8777 279 844 321 863
resistor 0.8757 646 2096 667 2137
resistor 0.8756 407 1344 449 1364
resistor 0.8731 1446 68 1465 110
resistor 0.8724 1398 1316 1439 1337
resistor 0.8721 1113 216 1134 256
resistor 0.8717 580 210 599 250
resistor 0.8694 1986 450 2006 491
resistor 0.8654 2292 204 2305 242
resistor 0.8639 2433 1978 2453 2016
resistor 0.8632 479 2098 506 2142
resistor 0.8622 101 744 144 770
resistor 0.8622 2240 450 2260 490
resistor 0.8614 98 1886 141 1909
resistor 0.8560 2179 450 2202 490
resistor 0.8551 2520 976 2566 999
resistor 0.8527 611 211 633 250
resistor 0.8505 2020 450 2039 490
resistor 0.8495 1113 1964 1134 2004
resistor 0.8437 2552 1204 2591 1230
resistor 0.8411 2113 451 2132 490
resistor 0.8398 1399 1290 1439 1310
resistor 0.8374 552 918 598 939
resistor 0.8361 2519 1770 2561 1790
resistor 0.8337 1438 798 1473 844
resistor 0.8276 2581 444 2601 490
resistor 0.8257 2365 450 2386 491
resistor 0.8237 280 771 321 791
resistor 0.8225 607 1903 651 1923
resistor 0.8199 580 1376 600 1418
resistor 0.8198 2586 1770 2626 1790
resistor 0.8152 173 383 221 403
resistor 0.8132 426 813 467 836
resistor 0.8119 2444 1825 2464 1865
resistor 0.8102 426 843 467 863
resistor 0.8096 259 1903 304 1922
resistor 0.8092 420 211 438 251
resistor 0.8087 2453 451 2479 490
resistor 0.8083 845 2089 865 2136
resistor 0.8061 104 819 149 843
resistor 0.7939 845 1493 889 1516
resistor 0.7822 306 2098 326 2143
resistor 0.7778 2446 324 2465 364
resistor 0.7768 445 396 486 416
resistor 0.7750 2347 978 2378 999
resistor 0.7744 2465 1136 2486 1183
resistor 0.7696 2584 978 2627 997
resistor 0.7575 780 1903 826 1924
resistor 0.7572 1433 1529 1452 1570
resistor 0.7550 2284 1583 2303 1623
resistor 0.7508 310 1358 346 1386
resistor 0.7506 2226 203 2246 243
resistor 0.7492 2064 903 2099 943
resistor 0.7474 2399 1823 2418 1866
resistor 0.7375 302 274 326 315
resistor 0.7285 552 1376 574 1416
resistor 0.7201 2520 445 2540 490
resistor 0.7193 2233 1777 2274 1797
resistor 0.7022 2072 204 2092 244
resistor 0.6851 125 1663 165 1684
resistor 0.6829 2393 451 2413 490
resistor 0.6763 2336 1976 2360 2017
resistor 0.6748 554 1264 594 1283
resistor 0.6684 2392 1583 2408 1623
resistor 0.6684 443 1731 464 1770
resistor 0.6663 287 653 325 703
resistor 0.6590 1966 1589 1980 1629
resistor 0.6485 2232 1822 2251 1869
resistor 0.6337 2178 1092 2219 1110
resistor 0.6262 519 210 539 250
resistor 0.6147 2044 887 2087 922
resistor 0.6130 471 2023 493 2063
resistor 0.6119 2592 1797 2625 1837
resistor 0.6113 2374 1797 2412 1828
resistor 0.6035 2551 450 2578 490
resistor 0.4045 2055 900 2091 930
resistor 0.3206 261 1911 303 1931
pads 0.9557 1040 1596 1058 1637
pads 0.9506 379 1346 399 1385
pads 0.9432 966 1392 985 1429
pads 0.8871 2391 1556 2432 1576
pads 0.8833 1340 906 1371 940
pads 0.8773 805 917 846 936
pads 0.8615 859 917 899 937
pads 0.8283 1488 1471 1543 1531
pads 0.7845 2511 1556 2552 1577
pads 0.7579 2263 1558 2307 1579
pads 0.7459 300 447 340 468
pads 0.7151 846 976 860 1017
pads 0.6813 733 762 954 903
pads 0.6368 1438 1430 1499 1499
capacitor 0.9872 1346 1124 1366 1165
capacitor 0.9863 546 1948 565 1992
capacitor 0.9845 1398 1128 1434 1158
capacitor 0.9819 1880 1782 1919 1856
capacitor 0.9724 1773 1797 1793 1836
capacitor 0.9724 1937 1322 1949 1349
capacitor 0.9717 2245 925 2258 951
capacitor 0.9669 2252 1369 2266 1396
capacitor 0.9640 2346 924 2359 950
capacitor 0.9620 1513 964 1546 1004
capacitor 0.9604 1100 1383 1119 1424
capacitor 0.9601 290 482 310 512
capacitor 0.9570 1447 1065 1460 1100
capacitor 0.9547 1986 1318 2005 1349
capacitor 0.9530 2199 1369 2219 1396
capacitor 0.9526 860 1768 899 1790
capacitor 0.9517 2300 1369 2317 1395
capacitor 0.9502 2429 912 2447 956
capacitor 0.9477 1444 1289 1469 1332
capacitor 0.9469 1411 1795 1433 1838
capacitor 0.9442 1399 1175 1432 1212
capacitor 0.9441 340 673 358 701
capacitor 0.9434 1953 802 2077 921
capacitor 0.9410 105 1607 177 1644
capacitor 0.9398 2039 1316 2060 1356
capacitor 0.9389 1252 1189 1313 1217
capacitor 0.9377 1679 1216 1699 1243
capacitor 0.9349 2030 1829 2047 1865
capacitor 0.9322 2537 854 2571 872
capacitor 0.9316 2293 924 2306 950
capacitor 0.9244 1772 1117 1798 1142
capacitor 0.9240 1698 1563 1733 1585
capacitor 0.9235 1372 837 1448 908
capacitor 0.9218 1732 1073 1758 1102
capacitor 0.9167 2300 1877 2339 1897
capacitor 0.9099 1445 1226 1467 1265
capacitor 0.9092 1689 766 1732 790
capacitor 0.9007 1697 824 1726 837
capacitor 0.8989 2219 924 2232 950
capacitor 0.8956 1931 905 1972 945
capacitor 0.8948 1707 1118 1743 1164
capacitor 0.8933 2405 1363 2426 1395
capacitor 0.8920 1498 1343 1533 1383
capacitor 0.8919 522 1190 552 1210
capacitor 0.8895 2352 1370 2366 1396
capacitor 0.8882 1698 849 1725 863
capacitor 0.8873 1146 1110 1240 1182
capacitor 0.8865 1697 1513 1732 1535
capacitor 0.8831 2060 1584 2129 1628
capacitor 0.8820 1413 1744 1433 1783
capacitor 0.8808 478 676 504 702
capacitor 0.8788 1694 1590 1732 1610
capacitor 0.8785 1254 1118 1307 1143
capacitor 0.8748 1745 1798 1766 1837
capacitor 0.8715 1412 1503 1453 1523
capacitor 0.8712 1704 1218 1730 1243
capacitor 0.8676 1940 1569 1973 1589
capacitor 0.8634 521 1142 547 1156
capacitor 0.8549 298 397 345 417
capacitor 0.8526 2518 1871 2558 1890
capacitor 0.8521 2586 1869 2625 1889
capacitor 0.8475 1444 899 1505 964
capacitor 0.8404 2265 1075 2295 1092
capacitor 0.8388 1654 1554 1680 1617
capacitor 0.8379 520 1040 548 1057
capacitor 0.8330 1172 1185 1241 1224
capacitor 0.8222 2445 1869 2487 1896
capacitor 0.8210 1699 1463 1726 1484
capacitor 0.8187 1652 714 1672 775
capacitor 0.8175 1796 1783 1833 1854
capacitor 0.8140 1368 1167 1391 1212
capacitor 0.8076 1345 1171 1369 1211
capacitor 0.8055 469 630 491 643
capacitor 0.7889 1629 1135 1665 1162
capacitor 0.7872 1442 1383 1498 1436
capacitor 0.7843 2505 1391 2520 1416
capacitor 0.7663 2072 973 2092 1035
capacitor 0.7581 2372 1872 2413 1897
capacitor 0.7504 167 409 222 429
capacitor 0.7463 2417 1140 2437 1175
capacitor 0.7427 1752 1558 1779 1616
capacitor 0.7423 1626 1187 1654 1217
capacitor 0.7413 525 1376 546 1418
capacitor 0.7370 2004 985 2024 1022
capacitor 0.7275 1982 985 2000 1018
capacitor 0.7222 2073 1305 2092 1362
capacitor 0.7221 2393 920 2407 954
capacitor 0.7139 379 511 396 537
capacitor 0.6957 297 636 332 682
capacitor 0.6903 1667 1179 1691 1205
capacitor 0.6656 1747 718 1773 776
capacitor 0.6655 1407 1416 1477 1480
capacitor 0.6618 526 1422 546 1468
capacitor 0.6570 2392 1143 2407 1170
capacitor 0.6471 1693 724 1732 745
capacitor 0.6437 2041 985 2062 1017
capacitor 0.6354 518 983 550 1008
capacitor 0.6143 1966 1319 1981 1348
capacitor 0.6068 2239 1875 2278 1897
capacitor 0.6035 1907 931 1943 970
capacitor 0.5956 1643 1171 1664 1199
capacitor 0.5613 1474 1362 1514 1407
capacitor 0.5480 470 571 492 583
capacitor 0.5479 2225 1370 2245 1397
capacitor 0.4778 1946 868 2013 930
capacitor 0.4610 462 560 498 587
capacitor 0.4189 1940 978 1963 1030
capacitor 0.3345 1489 950 1530 1002
capacitor 0.3288 1714 1150 1755 1187
capacitor 0.3227 2341 924 2353 949
capacitor 0.3171 470 575 489 592
capacitor 0.3055 461 626 495 649
text 0.9803 1925 1917 1953 1971
text 0.9774 807 1298 831 1377
text 0.9767 2301 1404 2326 1478
text 0.9756 2519 375 2545 437
text 0.9740 1925 1773 1953 1855
text 0.9726 858 1298 881 1377
text 0.9707 1513 445 1540 510
text 0.9707 1339 1951 1365 2009
text 0.9703 1765 379 1791 436
text 0.9699 81 709 159 736
text 0.9695 2198 1411 2225 1476
text 0.9694 2452 371 2477 437
text 0.9680 487 817 559 843
text 0.9671 1767 1856 1797 1929
text 0.9669 2253 131 2280 192
text 0.9655 384 1254 405 1330
text 0.9649 502 389 584 417
text 0.9629 546 145 574 196
text 0.9626 1552 152 1579 199
text 0.9623 2145 365 2173 440
text 0.9621 590 2082 617 2143
text 0.9621 2080 1969 2105 2030
text 0.9619 1980 1031 2007 1091
text 0.9613 1872 650 2301 785
text 0.9611 1338 1224 1366 1283
text 0.9607 1359 1023 1437 1050
text 0.9607 1544 443 1571 510
text 0.9604 1732 1856 1759 1936
text 0.9601 1178 371 1205 437
text 0.9600 1080 140 1107 205
text 0.9593 2039 1363 2069 1427
text 0.9590 1120 1309 1144 1370
text 0.9581 500 446 590 476
text 0.9571 2559 1962 2599 2051
text 0.9569 2345 1408 2372 1477
text 0.9563 1339 1049 1365 1114
text 0.9559 2441 1924 2520 1951
text 0.9535 1498 376 1527 422
text 0.9518 2058 1877 2134 1903
text 0.9518 94 1917 178 1949
text 0.9514 486 844 560 870
text 0.9509 1994 1834 2023 1905
text 0.9498 1034 1512 1061 1584
text 0.9456 1987 378 2014 442
text 0.9454 2407 1185 2441 1264
text 0.9449 2394 971 2475 1002
text 0.9441 2506 1098 2539 1181
text 0.9441 1479 57 1557 85
text 0.9438 2399 1409 2424 1476
text 0.9437 1327 1491 1400 1517
text 0.9431 287 317 364 343
text 0.9428 2051 1970 2079 2030
text 0.9427 841 1704 919 1730
text 0.9416 910 1296 935 1376
text 0.9410 2246 1405 2271 1474
text 0.9400 2393 364 2419 439
text 0.9375 486 757 559 784
text 0.9373 775 1864 832 1895
text 0.9372 2680 1785 2707 1865
text 0.9360 479 1216 558 1243
text 0.9359 419 1166 500 1196
text 0.9347 1829 70 1992 191
text 0.9346 293 223 365 250
text 0.9345 1885 1910 1918 1970
text 0.9342 2038 1031 2065 1089
text 0.9341 1800 2076 1877 2109
text 0.9341 1439 1804 1518 1837
text 0.9333 2238 828 2264 911
text 0.9332 334 247 359 322
text 0.9326 1471 1241 1550 1270
text 0.9322 2639 1757 2720 1783
text 0.9322 2232 1932 2311 1958
text 0.9320 921 383 953 436
text 0.9309 1093 1305 1120 1371
text 0.9306 966 1298 992 1377
text 0.9306 1738 1950 1760 2009
text 0.9305 1439 976 1467 1053
text 0.9296 243 1865 306 1890
text 0.9294 1902 2078 1990 2110
text 0.9294 2394 829 2420 910
text 0.9293 774 1303 800 1374
text 0.9285 2059 1552 2133 1578
text 0.9284 221 1770 248 1855
text 0.9266 1330 1520 1358 1603
text 0.9265 419 1866 482 1896
text 0.9258 2300 365 2328 437
text 0.9250 2679 1605 2707 1687
text 0.9244 237 2100 277 2166
text 0.9237 532 2083 560 2143
text 0.9236 437 1136 500 1163
text 0.9231 256 1329 338 1357
text 0.9225 1741 1403 1807 1430
text 0.9216 2467 1182 2499 1262
text 0.9189 198 751 267 777
text 0.9187 915 912 973 941
text 0.9170 1452 1164 1479 1224
text 0.9168 427 1063 503 1090
text 0.9165 1744 1453 1807 1477
text 0.9160 2459 850 2534 881
text 0.9144 159 444 231 470
text 0.9133 1920 1364 1950 1426
text 0.9120 926 1942 953 1987
text 0.9120 1626 803 1686 829
text 0.9084 2339 827 2364 907
text 0.9083 106 1697 183 1723
text 0.9080 2152 1817 2185 1888
text 0.9079 2450 2029 2485 2092
text 0.9063 2266 1163 2293 1241
text 0.9046 2127 132 2158 192
text 0.9036 543 1899 573 1932
text 0.9034 1439 351 1465 422
text 0.9032 2152 1117 2227 1143
text 0.9029 2191 133 2221 190
text 0.9028 2289 827 2313 908
text 0.9025 1552 1205 1578 1283
text 0.9014 1452 1106 1479 1164
text 0.9013 598 1865 665 1891
text 0.8997 532 1752 559 1830
text 0.8992 1587 369 1617 425
text 0.8986 1780 712 1805 779
text 0.8980 1519 155 1545 197
text 0.8980 1619 716 1647 768
text 0.8951 1074 877 1139 944
text 0.8948 1923 1030 1947 1090
text 0.8947 2637 1549 2713 1578
text 0.8945 1652 993 1706 1045
text 0.8944 2218 833 2240 912
text 0.8942 1745 1503 1804 1532
text 0.8923 2200 370 2231 436
text 0.8912 1493 1422 1555 1483
text 0.8904 1623 876 1685 903
text 0.8890 414 157 441 197
text 0.8867 2383 1511 2438 1539
text 0.8862 913 2074 944 2144
text 0.8852 1705 380 1730 438
text 0.8848 1166 1078 1228 1103
text 0.8847 386 158 414 198
text 0.8801 1210 630 1364 656
text 0.8801 1921 380 1948 442
text 0.8800 1539 1949 1565 2009
text 0.8777 480 957 551 984
text 0.8769 2245 1965 2272 2046
text 0.8769 2360 367 2386 437
text 0.8760 2380 1184 2405 1264
text 0.8741 2311 1557 2340 1634
text 0.8734 2320 2031 2346 2090
text 0.8734 1647 134 1676 195
text 0.8721 157 325 235 357
text 0.8713 2100 132 2127 196
text 0.8712 2113 367 2139 441
text 0.8712 601 137 636 195
text 0.8710 1275 845 1342 907
text 0.8710 739 910 800 937
text 0.8709 381 1903 420 1937
text 0.8699 440 1038 501 1057
text 0.8697 2238 364 2266 440
text 0.8696 2408 2025 2438 2103
text 0.8685 612 2015 639 2068
text 0.8678 1534 1382 1598 1435
text 0.8673 513 144 540 198
text 0.8671 2492 238 2522 309
text 0.8650 1146 1956 1168 2018
text 0.8633 557 2011 584 2066
text 0.8624 2005 2070 2138 2111
text 0.8606 439 1644 467 1722
text 0.8566 1993 1558 2019 1638
text 0.8557 2351 1931 2427 1959
text 0.8557 840 1803 911 1829
text 0.8551 2465 235 2492 317
text 0.8544 1038 1698 1067 1784
text 0.8541 771 237 847 264
text 0.8511 2566 1544 2593 1626
text 0.8475 2378 2028 2405 2103
text 0.8461 2547 368 2573 439
text 0.8454 1900 1562 1926 1638
text 0.8452 84 783 158 814
text 0.8448 584 1942 606 1994
text 0.8444 322 1497 406 1525
text 0.8440 2025 790 2080 847
text 0.8438 2506 1517 2559 1548
text 0.8436 1852 877 1911 929
text 0.8416 705 1903 748 1930
text 0.8412 1859 381 1886 438
text 0.8408 1508 1649 1535 1735
text 0.8406 2638 1725 2713 1755
text 0.8406 1620 1553 1646 1614
text 0.8405 2581 364 2608 437
text 0.8361 2407 105 2432 177
text 0.8344 513 1871 539 1934
text 0.8342 442 1458 519 1488
text 0.8330 1803 2111 2100 2145
text 0.8326 886 175 912 249
text 0.8323 912 2009 937 2064
text 0.8318 1978 1362 2005 1425
text 0.8316 2066 132 2093 196
text 0.8315 2266 1511 2311 1543
text 0.8311 2507 936 2569 967
text 0.8288 1469 207 1500 275
text 0.8286 242 2006 275 2084
text 0.8272 1520 1503 1583 1574
text 0.8252 1312 1281 1390 1310
text 0.8251 2042 376 2072 440
text 0.8245 2658 1863 2703 1896
text 0.8244 447 1991 487 2017
text 0.8241 792 1990 833 2017
text 0.8240 1110 140 1139 204
text 0.8233 1375 436 1419 463
text 0.8227 1247 1074 1301 1102
text 0.8194 503 677 577 703
text 0.8182 1622 373 1652 429
text 0.8170 2533 1968 2566 2051
text 0.8155 847 1871 873 1936
text 0.8149 276 604 352 630
text 0.8146 1966 1763 1999 1824
text 0.8105 1299 1702 1374 1737
text 0.8102 1788 1098 1844 1151
text 0.8101 1843 1858 1871 1931
text 0.8069 474 1750 501 1831
text 0.8015 2646 1608 2672 1683
text 0.7995 194 838 266 863
text 0.7980 2080 824 2146 893
text 0.7966 1258 106 1287 134
text 0.7963 1179 1230 1234 1256
text 0.7907 2143 1759 2220 1793
text 0.7900 1640 451 1666 511
text 0.7897 959 145 988 204
text 0.7893 1659 1050 1711 1109
text 0.7878 576 137 606 196
text 0.7868 2498 1321 2525 1377
text 0.7852 887 2074 912 2145
text 0.7842 346 717 407 743
text 0.7832 700 634 783 656
text 0.7814 546 1289 572 1365
text 0.7806 820 727 858 757
text 0.7802 198 2102 235 2169
text 0.7802 1549 914 1606 970
text 0.7770 2353 1547 2378 1625
text 0.7742 2605 1204 2686 1229
text 0.7737 901 569 1132 619
text 0.7733 2439 236 2466 315
text 0.7728 733 936 805 964
text 0.7686 1498 1485 1567 1553
text 0.7653 1313 1055 1340 1110
text 0.7632 1800 1856 1826 1935
text 0.7623 2194 1820 2221 1904
text 0.7614 479 146 506 198
text 0.7599 1682 688 1737 717
text 0.7579 2445 1556 2473 1628
text 0.7576 521 1475 553 1543
text 0.7574 1311 1222 1340 1278
text 0.7567 1099 1718 1141 1742
text 0.7547 739 982 821 1009
text 0.7530 106 1763 145 1796
text 0.7525 2065 1037 2099 1092
text 0.7520 275 2014 303 2083
text 0.7510 193 778 265 803
text 0.7453 1952 1377 1981 1431
text 0.7407 76 316 119 349
text 0.7373 2173 369 2200 438
text 0.7363 2353 1897 2427 1923
text 0.7339 1832 383 1859 442
text 0.7327 1314 1311 1392 1339
text 0.7326 367 631 395 714
text 0.7313 1526 893 1584 946
text 0.7309 158 297 235 324
text 0.7280 462 1262 547 1288
text 0.7266 1419 589 1446 664
text 0.7257 1932 1531 1993 1557
text 0.7236 311 1874 346 1939
text 0.7231 1477 91 1560 117
text 0.7225 2584 943 2658 972
text 0.7210 1483 1171 1512 1217
text 0.7185 1445 1658 1472 1736
text 0.7134 1579 1155 1630 1206
text 0.7130 1482 1106 1510 1163
text 0.7128 521 1297 546 1369
text 0.7121 1734 1233 1789 1291
text 0.7114 430 1302 511 1331
text 0.7092 2013 376 2044 440
text 0.7065 2648 1788 2678 1851
text 0.7065 446 158 475 197
text 0.7051 1486 583 1518 653
text 0.7047 1469 823 1523 883
text 0.7023 192 803 267 829
text 0.7023 838 1519 903 1549
text 0.7010 2597 1477 2659 1510
text 0.6993 2280 1972 2306 2038
text 0.6938 992 147 1020 203
text 0.6929 2008 1365 2037 1423
text 0.6875 1743 1029 1793 1088
text 0.6825 2647 1577 2711 1604
text 0.6713 1615 1089 1663 1132
text 0.6705 450 2063 493 2090
text 0.6703 1613 1238 1664 1296
text 0.6698 486 724 559 750
text 0.6694 539 884 600 910
text 0.6687 1364 1218 1392 1277
text 0.6686 2333 364 2359 438
text 0.6683 1626 831 1685 856
text 0.6664 2069 1364 2099 1430
text 0.6635 1367 1051 1394 1111
text 0.6615 1695 1247 1747 1302
text 0.6587 1626 777 1686 803
text 0.6550 1791 1176 1850 1227
text 0.6550 894 378 920 437
text 0.6524 1507 872 1559 925
text 0.6522 2220 133 2252 189
text 0.6519 507 556 578 590
text 0.6450 354 484 381 564
text 0.6434 2227 1408 2253 1477
text 0.6383 2440 100 2466 177
text 0.6353 2252 2044 2296 2076
text 0.6350 526 2010 551 2067
text 0.6315 1363 990 1437 1017
text 0.6275 1800 383 1826 441
text 0.6245 386 471 441 507
text 0.6233 2439 1898 2518 1923
text 0.6183 2102 845 2165 908
text 0.6166 1899 821 1953 877
text 0.6158 2166 1897 2213 1924
text 0.6124 2393 2101 2433 2130
text 0.6117 1745 1474 1802 1503
text 0.6097 1886 852 1936 910
text 0.6038 507 616 579 649
text 0.6032 580 1288 606 1366
text 0.5981 2261 1043 2335 1070
text 0.5936 1633 1223 1679 1272
text 0.5924 2653 1683 2706 1716
text 0.5820 101 1570 171 1601
text 0.5701 2599 1544 2626 1622
text 0.5680 2439 1185 2466 1264
text 0.5621 2284 135 2312 195
text 0.5567 2535 2050 2589 2090
text 0.5541 1474 355 1501 422
text 0.5517 2013 1033 2039 1090
text 0.5036 1305 822 1366 883
text 0.4669 1519 1403 1579 1458
text 0.4120 2201 1561 2236 1650
text 0.4077 909 1441 939 1492
text 0.3674 2640 1585 2716 1614
text 0.3514 1738 1427 1805 1452
text 0.3325 1480 1668 1506 1738
text 0.3149 1244 1229 1304 1258
text 0.3018 2299 1969 2327 2043
pins 0.9881 2219 1645 2590 1757
pins 0.9850 1496 264 1860 376
pins 0.9785 1657 1651 2162 1762
pins 0.9760 1444 527 2043 633
pins 0.9755 366 270 728 376
pins 0.9733 212 864 280 1342
pins 0.9695 1025 1860 1073 2115
pins 0.9689 1226 1879 1271 2112
pins 0.9669 934 265 1294 376
pins 0.9663 1426 1865 1465 2114
pins 0.9604 2096 517 2585 630
pins 0.9599 639 1187 681 1306
pins 0.9560 2540 324 2649 369
pins 0.9445 1627 1855 1666 2103
pins 0.9437 2061 265 2423 370
pins 0.9381 131 1386 246 1495
pins 0.9303 572 953 619 1245
pins 0.9230 2540 1019 2647 1185
pins 0.8742 221 1604 425 1790
pins 0.8705 2543 793 2653 835
pins 0.7946 633 899 681 1006
component 0.9437 346 1445 386 1477
component 0.8738 1122 1598 1187 1695
test 0.9699 651 1382 694 1429
ic 0.9674 2545 1349 2646 1463
ic 0.9494 2059 1790 2138 1868
ic 0.9433 347 391 439 470
ic 0.9425 765 104 861 210
ic 0.8732 1326 1743 1392 1803
ic 0.7784 327 755 413 856
ic 0.6183 444 1394 509 1449
diode 0.8116 1286 82 1347 151
transistor 0.9803 718 2009 786 2068
transistor 0.9324 79 356 157 435
transistor 0.9251 373 2013 438 2070
transistor 0.9140 96 1796 172 1875
transistor 0.9106 373 2089 439 2145
transistor 0.9087 720 2083 786 2142
transistor 0.8948 374 1937 440 1995
transistor 0.8065 1073 1580 1234 1711
transistor 0.7366 717 1941 782 1999
ferrite 0.9431 1126 1378 1146 1422
ferrite 0.8579 1834 1782 1872 1857
ferrite 0.7255 1998 1770 2047 1810
