connector 0.8362 1366 1786 1420 2155
connector 0.8095 13 1513 100 1724
resistor 0.9856 332 144 352 183
resistor 0.9839 2459 191 2479 234
resistor 0.9827 1513 203 1533 245
resistor 0.9819 2511 582 2532 623
resistor 0.9819 2259 1963 2280 2004
resistor 0.9796 912 698 931 736
resistor 0.9796 1932 186 1952 225
resistor 0.9760 2146 1717 2166 1758
resistor 0.9731 819 224 840 262
resistor 0.9711 647 224 666 264
resistor 0.9700 819 149 839 190
resistor 0.9692 1940 582 1959 621
resistor 0.9683 1558 1959 1578 2002
resistor 0.9676 965 1951 984 1990
resistor 0.9669 1397 944 1439 974
resistor 0.9661 332 69 353 110
resistor 0.9660 1086 1956 1106 1997
resistor 0.9658 779 778 798 817
resistor 0.9655 910 776 930 817
resistor 0.9652 320 216 340 258
resistor 0.9642 1454 1580 1474 1619
resistor 0.9611 1673 1717 1693 1756
resistor 0.9607 1038 510 1060 565
resistor 0.9605 2466 1030 2485 1069
resistor 0.9603 1438 1366 1474 1403
resistor 0.9586 2266 584 2281 624
resistor 0.9562 392 382 413 424
resistor 0.9552 1446 2024 1465 2063
resistor 0.9538 2133 1964 2153 2003
resistor 0.9538 259 282 307 305
resistor 0.9536 2444 391 2483 410
resistor 0.9531 1559 1791 1579 1831
resistor 0.9530 1892 185 1912 224
resistor 0.9509 605 284 653 303
resistor 0.9475 1612 1716 1633 1755
resistor 0.9471 673 144 693 190
resistor 0.9468 2152 190 2172 231
resistor 0.9461 1706 1717 1725 1757
resistor 0.9451 1833 1716 1853 1757
resistor 0.9437 2413 583 2432 624
resistor 0.9394 479 1956 498 1995
resistor 0.9388 2586 346 2606 382
resistor 0.9385 1447 1876 1473 1919
resistor 0.9378 546 1956 566 1995
resistor 0.9372 845 147 866 193
resistor 0.9367 1085 1789 1107 1829
resistor 0.9346 1526 1957 1546 1997
resistor 0.9341 2260 1056 2280 1096
resistor 0.9330 493 144 519 186
resistor 0.9290 1653 1790 1673 1837
resistor 0.9290 495 217 516 263
resistor 0.9237 852 776 872 815
resistor 0.9236 279 1369 319 1390
resistor 0.9223 2409 1977 2426 2020
resistor 0.9184 2308 344 2346 385
resistor 0.9183 393 1957 413 1997
resistor 0.9171 2519 417 2558 437
resistor 0.9163 807 776 827 816
resistor 0.9161 2433 189 2452 230
resistor 0.9156 1400 1102 1437 1125
resistor 0.9151 2206 1718 2226 1757
resistor 0.9139 2579 1718 2599 1763
resistor 0.9134 846 223 867 263
resistor 0.9098 2518 1720 2540 1762
resistor 0.9078 452 1956 472 1997
resistor 0.9074 2510 345 2541 383
resistor 0.9048 1414 637 1428 673
resistor 0.8988 1439 423 1459 464
resistor 0.8985 1767 1716 1788 1757
resistor 0.8974 181 363 205 401
resistor 0.8929 1314 206 1332 243
resistor 0.8927 2365 1717 2385 1762
resistor 0.8922 425 1369 466 1391
resistor 0.8897 2300 417 2341 438
resistor 0.8873 407 844 446 862
resistor 0.8871 308 146 326 182
resistor 0.8835 817 76 838 119
resistor 0.8835 1985 1718 2006 1757
resistor 0.8826 1893 1717 1914 1756
resistor 0.8822 2298 1716 2317 1760
resistor 0.8798 2293 1963 2307 2005
resistor 0.8786 517 1170 552 1190
resistor 0.8753 446 436 466 478
resistor 0.8738 845 698 886 717
resistor 0.8707 2454 1722 2477 1762
resistor 0.8677 2239 1716 2258 1757
resistor 0.8670 2371 343 2394 384
resistor 0.8659 1925 1717 1947 1755
resistor 0.8639 779 284 827 309
resistor 0.8623 2098 1963 2118 2004
resistor 0.8622 2445 418 2486 438
resistor 0.8614 475 71 505 115
resistor 0.8614 1399 896 1438 915
resistor 0.8601 1120 1789 1139 1829
resistor 0.8595 300 216 320 256
resistor 0.8527 612 1956 633 1996
resistor 0.8510 2045 1716 2066 1757
resistor 0.8487 99 1443 144 1463
resistor 0.8483 2225 1964 2246 2003
resistor 0.8414 1652 1963 1675 2003
resistor 0.8405 2585 415 2625 436
resistor 0.8389 549 1269 603 1296
resistor 0.8361 426 1343 467 1362
resistor 0.8361 431 283 480 305
resistor 0.8328 2613 343 2634 390
resistor 0.8297 2198 1963 2218 2002
resistor 0.8292 279 1344 317 1362
resistor 0.8256 804 1244 846 1270
resistor 0.8244 171 1805 221 1833
resistor 0.8236 2445 1841 2477 1883
resistor 0.8227 579 1956 599 1996
resistor 0.8205 556 925 595 943
resistor 0.8142 354 824 372 866
resistor 0.8141 250 1915 289 1937
resistor 0.8133 98 298 142 323
resistor 0.8124 1446 2100 1465 2139
resistor 0.8096 2019 1717 2039 1759
resistor 0.8080 1433 637 1453 678
resistor 0.8038 846 77 865 117
resistor 0.8020 471 143 492 186
resistor 0.8014 2234 344 2277 385
resistor 0.8009 2425 1717 2447 1762
resistor 0.8006 2065 1263 2101 1303
resistor 0.8003 551 789 571 830
resistor 0.7999 426 1442 466 1462
resistor 0.7972 1111 203 1133 243
resistor 0.7947 580 787 600 829
resistor 0.7921 1397 869 1439 892
resistor 0.7908 1518 1573 1540 1618
resistor 0.7853 516 1075 553 1097
resistor 0.7844 966 1784 987 1824
resistor 0.7831 1113 1956 1135 1997
resistor 0.7828 251 1890 287 1910
resistor 0.7778 2449 346 2480 382
resistor 0.7728 2183 1097 2219 1117
resistor 0.7711 473 217 492 259
resistor 0.7705 2112 1717 2133 1756
resistor 0.7648 2347 1216 2378 1236
resistor 0.7646 2372 191 2394 230
resistor 0.7644 2372 417 2413 437
resistor 0.7604 2392 1718 2412 1760
resistor 0.7598 1860 1717 1880 1757
resistor 0.7536 2393 585 2409 623
resistor 0.7469 125 523 170 543
resistor 0.7463 2333 1717 2353 1756
resistor 0.7463 308 1504 326 1547
resistor 0.7435 2043 1283 2086 1317
resistor 0.7339 306 70 325 110
resistor 0.7323 446 1743 492 1763
resistor 0.7302 2534 1210 2565 1229
resistor 0.7254 306 823 345 844
resistor 0.7221 105 1364 146 1390
resistor 0.7217 2513 984 2534 1026
resistor 0.7188 419 379 439 425
resistor 0.7089 2285 585 2305 625
resistor 0.7033 2553 1717 2567 1763
resistor 0.7032 2072 1963 2093 2004
resistor 0.7012 520 1955 540 1996
resistor 0.6977 1799 1716 1819 1756
resistor 0.6940 2335 189 2359 230
resistor 0.6935 646 71 667 117
resistor 0.6925 2374 390 2414 411
resistor 0.6913 418 1957 437 1996
resistor 0.6912 2399 344 2418 384
resistor 0.6893 2232 417 2281 438
resistor 0.6883 2440 1977 2459 2021
resistor 0.6866 1966 580 1982 623
resistor 0.6848 1960 1716 1979 1755
resistor 0.6839 1354 1279 1392 1318
resistor 0.6823 2552 977 2594 1004
resistor 0.6202 2587 1210 2629 1235
resistor 0.6175 302 1896 325 1929
resistor 0.5886 2591 390 2625 412
resistor 0.4567 2179 1716 2199 1756
resistor 0.3384 281 1496 308 1561
resistor 0.3188 420 1389 466 1416
pads 0.9374 966 776 988 817
pads 0.9295 1341 1262 1373 1296
pads 0.8986 1038 572 1059 608
pads 0.8869 806 1270 847 1291
pads 0.8837 379 825 399 866
pads 0.8433 445 385 468 424
pads 0.8232 2392 635 2431 650
pads 0.7676 301 1742 339 1765
pads 0.6607 1468 710 1506 743
pads 0.6252 729 1300 955 1441
pads 0.6173 2265 628 2308 649
pads 0.6160 1484 685 1534 733
pads 0.6151 857 1267 897 1289
pads 0.5535 846 1192 860 1228
pads 0.3996 301 1749 332 1775
pads 0.3042 856 1241 881 1279
capacitor 0.9895 2039 855 2059 898
capacitor 0.9874 2352 810 2367 841
capacitor 0.9852 546 218 565 263
capacitor 0.9832 1345 1044 1370 1084
capacitor 0.9825 2251 811 2266 840
capacitor 0.9803 1773 370 1792 412
capacitor 0.9799 1939 857 1954 884
capacitor 0.9731 1987 1191 2002 1224
capacitor 0.9691 2039 1190 2059 1228
capacitor 0.9663 2301 811 2319 843
capacitor 0.9658 1986 856 2005 890
capacitor 0.9658 2405 812 2424 844
capacitor 0.9600 1398 1045 1429 1084
capacitor 0.9594 379 1669 398 1699
capacitor 0.9515 1399 1001 1434 1029
capacitor 0.9512 340 1504 359 1537
capacitor 0.9504 1880 351 1919 426
capacitor 0.9496 1707 966 1732 991
capacitor 0.9449 1445 942 1465 983
capacitor 0.9418 293 1697 311 1734
capacitor 0.9408 1508 1202 1545 1242
capacitor 0.9368 1412 377 1432 417
capacitor 0.9365 1442 1103 1460 1141
capacitor 0.9359 1689 1439 1731 1467
capacitor 0.9353 1952 1290 2079 1411
capacitor 0.9241 1412 422 1432 462
capacitor 0.9214 1654 593 1678 651
capacitor 0.9167 1678 963 1699 992
capacitor 0.9166 1730 1103 1760 1130
capacitor 0.9160 1251 1029 1311 1053
capacitor 0.9112 1773 1062 1800 1091
capacitor 0.9095 517 1012 554 1037
capacitor 0.9034 2518 318 2559 340
capacitor 0.9003 857 417 898 452
capacitor 0.8960 1668 996 1692 1022
capacitor 0.8934 1930 1264 1971 1307
capacitor 0.8931 1652 1431 1673 1497
capacitor 0.8927 2199 811 2218 838
capacitor 0.8889 2507 789 2521 815
capacitor 0.8821 2246 1257 2258 1284
capacitor 0.8812 1798 355 1833 424
capacitor 0.8791 2058 582 2132 623
capacitor 0.8769 2299 310 2339 338
capacitor 0.8765 1344 995 1368 1037
capacitor 0.8753 1100 784 1120 823
capacitor 0.8748 1698 1345 1726 1363
capacitor 0.8741 1374 1304 1451 1375
capacitor 0.8736 2218 1257 2231 1284
capacitor 0.8662 2445 318 2486 337
capacitor 0.8657 1440 1258 1493 1315
capacitor 0.8651 520 1149 548 1164
capacitor 0.8647 1700 748 1726 763
capacitor 0.8630 1934 1191 1956 1225
capacitor 0.8621 167 1775 224 1799
capacitor 0.8574 2586 317 2627 336
capacitor 0.8574 2419 1032 2438 1068
capacitor 0.8544 1622 992 1656 1027
capacitor 0.8516 2346 1257 2359 1283
capacitor 0.8507 1697 650 1733 668
capacitor 0.8411 1704 1043 1733 1079
capacitor 0.8360 2266 1116 2292 1136
capacitor 0.8357 1746 368 1766 410
capacitor 0.8301 1262 1059 1305 1087
capacitor 0.8299 1693 1386 1727 1406
capacitor 0.8270 1629 1050 1663 1094
capacitor 0.8232 111 560 174 598
capacitor 0.8217 2293 1257 2306 1283
capacitor 0.8185 2030 350 2045 381
capacitor 0.8160 526 744 548 784
capacitor 0.8091 2072 846 2093 905
capacitor 0.8065 2538 1337 2573 1351
capacitor 0.8033 1147 1032 1237 1097
capacitor 0.8020 1444 876 1466 919
capacitor 0.8013 1697 598 1732 625
capacitor 0.7819 1697 700 1730 717
capacitor 0.7813 1944 624 1972 641
capacitor 0.7809 2373 317 2413 336
capacitor 0.7792 1944 1277 2009 1334
capacitor 0.7778 467 1624 493 1643
capacitor 0.7657 478 1512 495 1537
capacitor 0.7473 1439 766 1501 829
capacitor 0.7470 1747 1437 1773 1496
capacitor 0.7415 1966 857 1981 889
capacitor 0.7368 1265 990 1309 1017
capacitor 0.7367 2393 1258 2411 1283
capacitor 0.7303 1752 598 1781 649
capacitor 0.7302 2393 1032 2406 1066
capacitor 0.7293 298 1528 331 1574
capacitor 0.7283 468 1562 492 1577
capacitor 0.7236 1498 826 1531 863
capacitor 0.7199 2073 1178 2092 1237
capacitor 0.7138 525 789 545 829
capacitor 0.7134 1411 683 1453 703
capacitor 0.7057 1173 984 1242 1023
capacitor 0.6927 2226 810 2245 837
capacitor 0.6853 1960 1193 1979 1222
capacitor 0.6814 1474 806 1513 846
capacitor 0.6753 1367 998 1393 1038
capacitor 0.6679 1473 1241 1505 1278
capacitor 0.6647 1906 1237 1946 1280
capacitor 0.6473 1311 1042 1338 1086
capacitor 0.6418 890 224 924 263
capacitor 0.6342 1700 676 1731 695
capacitor 0.6291 307 1795 353 1814
capacitor 0.6275 1415 1281 1470 1335
capacitor 0.6181 2237 309 2279 337
capacitor 0.6138 1403 733 1478 805
capacitor 0.5902 1643 1020 1666 1050
capacitor 0.5395 521 1049 550 1065
capacitor 0.5191 1699 625 1731 643
capacitor 0.5100 1697 1369 1727 1386
capacitor 0.4594 461 1567 489 1584
capacitor 0.4474 1459 777 1509 838
capacitor 0.4135 1483 1218 1537 1265
capacitor 0.3376 2017 1187 2041 1228
capacitor 0.3271 2382 1021 2399 1061
text 0.9876 1926 352 1957 430
text 0.9830 1863 1423 2301 1554
text 0.9823 2253 2017 2280 2077
text 0.9814 1981 1118 2006 1178
text 0.9785 1439 1779 1466 1861
text 0.9781 2199 730 2225 803
text 0.9769 546 276 574 311
text 0.9756 806 831 833 912
text 0.9747 1081 2007 1107 2070
text 0.9733 1993 299 2023 379
text 0.9727 1766 276 1797 356
text 0.9723 550 135 580 202
text 0.9702 1619 1438 1645 1498
text 0.9681 1500 1789 1526 1830
text 0.9671 546 2011 573 2061
text 0.9661 1452 1043 1477 1099
text 0.9657 2299 731 2328 804
text 0.9646 1032 625 1058 695
text 0.9646 2238 1301 2262 1377
text 0.9627 2639 423 2721 450
text 0.9619 2406 944 2439 1022
text 0.9610 379 277 419 305
text 0.9590 1824 2016 1992 2137
text 0.9586 1919 784 1947 843
text 0.9581 2217 1302 2240 1374
text 0.9578 194 1377 268 1404
text 0.9577 2193 313 2219 397
text 0.9569 857 831 883 912
text 0.9567 1925 237 1954 292
text 0.9542 1215 1551 1370 1578
text 0.9537 1339 1095 1367 1155
text 0.9537 1513 1696 1542 1762
text 0.9518 387 881 408 962
text 0.9501 2640 630 2711 663
text 0.9490 2192 2017 2219 2078
text 0.9479 842 475 920 503
text 0.9479 1618 590 1646 653
text 0.9478 2232 251 2315 281
text 0.9452 2079 179 2106 238
text 0.9452 600 317 663 343
text 0.9450 158 1855 234 1883
text 0.9442 2154 318 2186 396
text 0.9437 1439 377 1523 405
text 0.9417 840 378 912 403
text 0.9401 1733 277 1759 349
text 0.9393 2345 733 2373 802
text 0.9389 1329 690 1401 717
text 0.9387 1120 839 1145 904
text 0.9381 964 830 993 910
text 0.9370 2680 525 2706 606
text 0.9363 275 123 301 199
text 0.9363 926 224 954 263
text 0.9357 2040 778 2068 843
text 0.9346 1338 925 1366 990
text 0.9344 612 137 639 197
text 0.9339 2354 257 2427 283
text 0.9331 427 1118 505 1143
text 0.9324 1093 837 1120 907
text 0.9312 93 263 172 291
text 0.9307 2440 257 2521 283
text 0.9306 2353 583 2378 659
text 0.9293 1923 1117 1950 1176
text 0.9278 193 1343 266 1370
text 0.9266 773 832 800 910
text 0.9265 480 1225 553 1258
text 0.9262 1339 198 1365 255
text 0.9225 2466 944 2498 1023
text 0.9222 1908 103 1992 130
text 0.9218 2052 177 2079 237
text 0.9217 1504 473 1531 555
text 0.9207 2290 1301 2312 1374
text 0.9204 263 851 342 876
text 0.9195 2245 732 2271 806
text 0.9194 482 965 560 990
text 0.9193 779 317 830 346
text 0.9190 423 1018 500 1044
text 0.9190 1313 869 1391 896
text 0.9182 1553 2009 1580 2056
text 0.9160 1765 1769 1792 1830
text 0.9151 2039 1117 2066 1176
text 0.9147 1979 783 2003 844
text 0.9146 79 1397 165 1424
text 0.9140 484 1425 559 1455
text 0.9140 324 683 407 710
text 0.9134 909 830 934 912
text 0.9118 2057 629 2131 657
text 0.9115 1310 897 1389 922
text 0.9106 1334 605 1359 688
text 0.9102 1478 2090 1558 2122
text 0.9095 293 1956 366 1984
text 0.9083 1925 1771 1949 1825
text 0.9081 2598 699 2659 731
text 0.9078 484 1397 559 1423
text 0.9077 1362 1157 1441 1186
text 0.9075 1818 65 2083 96
text 0.9065 2360 1769 2387 1842
text 0.9062 913 142 940 205
text 0.9045 333 1882 358 1953
text 0.9038 544 844 572 920
text 0.9036 1806 98 1876 130
text 0.9022 2452 1771 2480 1838
text 0.9011 506 1506 576 1538
text 0.8995 1439 1154 1466 1232
text 0.8992 219 349 247 430
text 0.8992 2300 1770 2326 1842
text 0.8991 2563 584 2591 665
text 0.8977 911 67 944 128
text 0.8975 2680 344 2706 428
text 0.8957 2647 491 2708 523
text 0.8950 2236 1770 2265 1845
text 0.8948 726 1243 796 1270
text 0.8942 387 2010 413 2056
text 0.8926 487 1337 561 1364
text 0.8925 2066 2019 2093 2077
text 0.8923 2506 1031 2537 1115
text 0.8917 2608 978 2684 1009
text 0.8913 1785 1055 1852 1112
text 0.8900 1681 1498 1739 1523
text 0.8895 706 279 746 306
text 0.8890 2156 1062 2230 1089
text 0.8880 95 609 177 637
text 0.8876 1074 1263 1138 1329
text 0.8873 2636 602 2711 629
text 0.8862 1659 1100 1712 1152
text 0.8858 2146 1769 2172 1847
text 0.8857 428 1176 506 1204
text 0.8839 1886 236 1919 295
text 0.8839 2519 1770 2545 1838
text 0.8835 504 1622 577 1649
text 0.8830 1900 1329 1953 1384
text 0.8824 2504 663 2559 690
text 0.8823 242 317 305 352
text 0.8821 607 2009 639 2072
text 0.8820 2078 1316 2147 1393
text 0.8817 464 921 544 948
text 0.8786 161 1738 232 1763
text 0.8781 1299 471 1374 504
text 0.8780 1732 1019 1759 1076
text 0.8776 315 268 345 329
text 0.8751 1987 1769 2011 1829
text 0.8735 532 63 559 124
text 0.8735 1144 190 1165 256
text 0.8713 2399 729 2426 799
text 0.8712 504 1563 579 1589
text 0.8711 2533 124 2589 156
text 0.8709 885 1952 912 2036
text 0.8707 1705 1769 1731 1830
text 0.8703 286 1862 365 1884
text 0.8701 1480 2121 1558 2154
text 0.8699 199 1430 268 1459
text 0.8667 2561 1766 2598 1842
text 0.8665 105 484 188 516
text 0.8654 959 2001 989 2062
text 0.8647 1832 1767 1859 1827
text 0.8638 1470 1928 1500 2008
text 0.8619 1745 752 1804 783
text 0.8618 346 1463 405 1495
text 0.8613 2394 79 2431 124
text 0.8599 2311 579 2339 652
text 0.8584 1520 637 1588 703
text 0.8575 1994 570 2021 648
text 0.8564 2025 1363 2079 1417
text 0.8553 1552 923 1578 999
text 0.8548 1743 683 1805 712
text 0.8540 452 118 493 145
text 0.8535 2392 1302 2419 1376
text 0.8507 2465 1895 2492 1972
text 0.8496 827 659 906 691
text 0.8494 1519 2010 1546 2056
text 0.8490 446 2010 479 2055
text 0.8488 473 381 500 464
text 0.8480 427 1077 500 1105
text 0.8475 1746 657 1806 684
text 0.8473 1545 1703 1572 1763
text 0.8463 420 318 476 344
text 0.8462 701 1549 782 1575
text 0.8453 286 1816 363 1841
text 0.8426 1780 1438 1807 1502
text 0.8419 2159 2017 2187 2076
text 0.8416 2339 1304 2364 1375
text 0.8398 1593 1784 1620 1835
text 0.8396 2244 168 2275 246
text 0.8395 513 2010 539 2061
text 0.8394 106 414 147 442
text 0.8365 2446 584 2474 656
text 0.8362 510 277 538 336
text 0.8361 2007 785 2035 843
text 0.8347 816 1448 861 1476
text 0.8340 787 113 828 141
text 0.8315 2010 97 2139 137
text 0.8292 1800 274 1836 351
text 0.8288 1166 1105 1228 1137
text 0.8284 1301 1320 1372 1384
text 0.8276 1452 982 1480 1044
text 0.8272 1442 476 1472 550
text 0.8271 2406 2033 2435 2110
text 0.8270 354 1643 378 1726
text 0.8267 2227 576 2252 642
text 0.8266 1242 1104 1304 1139
text 0.8243 239 125 277 199
text 0.8227 2534 159 2566 236
text 0.8214 1852 1274 1910 1327
text 0.8188 2066 1117 2099 1170
text 0.8182 1647 1165 1706 1215
text 0.8166 2439 944 2467 1022
text 0.8144 1623 1375 1685 1402
text 0.8144 2560 157 2599 242
text 0.8106 2439 1897 2466 1971
text 0.8091 2179 1766 2211 1843
text 0.8076 1039 432 1066 511
text 0.8065 2149 418 2225 450
text 0.8050 415 2009 441 2056
text 0.8034 2645 372 2680 419
text 0.8034 1374 1745 1418 1777
text 0.8032 846 278 872 336
text 0.8024 1539 196 1565 258
text 0.8001 2459 1331 2533 1357
text 0.7983 388 1710 440 1738
text 0.7948 2099 2016 2126 2077
text 0.7942 1180 1771 1206 1838
text 0.7932 2657 317 2701 344
text 0.7925 2496 1243 2568 1269
text 0.7910 2112 1767 2138 1843
text 0.7892 1735 198 1761 263
text 0.7892 1859 1770 1886 1829
text 0.7888 534 380 560 456
text 0.7887 2166 284 2211 310
text 0.7882 1100 465 1141 497
text 0.7881 79 1858 120 1889
text 0.7838 445 191 485 217
text 0.7820 2385 670 2438 697
text 0.7811 2392 1768 2419 1842
text 0.7796 2380 943 2405 1023
text 0.7795 2394 1209 2475 1238
text 0.7772 588 65 614 124
text 0.7752 580 843 609 922
text 0.7747 1486 1308 1540 1364
text 0.7745 1611 1069 1656 1124
text 0.7736 2245 137 2299 164
text 0.7707 1740 777 1807 804
text 0.7698 1800 1764 1826 1829
text 0.7680 1640 1697 1666 1758
text 0.7660 1179 951 1235 982
text 0.7652 2493 1893 2521 1972
text 0.7647 916 1264 974 1300
text 0.7620 2380 110 2406 177
text 0.7618 1256 2076 1287 2104
text 0.7617 2266 966 2296 1047
text 0.7576 239 42 280 109
text 0.7562 1316 1097 1341 1157
text 0.7560 576 2010 605 2073
text 0.7483 1935 650 1991 677
text 0.7464 1111 2008 1139 2070
text 0.7455 893 1770 920 1826
text 0.7453 2320 118 2347 172
text 0.7451 499 1790 578 1816
text 0.7444 478 2009 504 2058
text 0.7429 2058 305 2131 330
text 0.7409 1735 910 1787 969
text 0.7407 2286 2016 2313 2071
text 0.7403 2220 2018 2248 2076
text 0.7379 1791 983 1847 1035
text 0.7372 2588 1234 2661 1269
text 0.7357 1969 380 2010 433
text 0.7351 920 1769 953 1827
text 0.7337 2646 522 2672 606
text 0.7321 580 205 603 266
text 0.7315 1272 1298 1345 1354
text 0.7315 1474 936 1552 964
text 0.7298 1738 1114 1792 1171
text 0.7298 1494 724 1550 784
text 0.7297 2254 1134 2334 1163
text 0.7267 520 663 552 737
text 0.7256 2013 1118 2040 1175
text 0.7251 1250 959 1319 984
text 0.7251 265 1503 301 1579
text 0.7246 1901 571 1926 651
text 0.7238 1474 964 1551 991
text 0.7224 496 1738 587 1762
text 0.7222 519 843 548 918
text 0.7179 434 1044 499 1070
text 0.7179 366 1499 397 1579
text 0.7160 1610 915 1664 971
text 0.7159 1531 766 1591 824
text 0.7143 1467 1328 1524 1384
text 0.7130 1648 2010 1681 2071
text 0.7109 1673 2012 1705 2070
text 0.7095 2227 732 2254 803
text 0.7030 1527 1266 1588 1317
text 0.6972 1624 1327 1683 1353
text 0.6956 1497 658 1568 729
text 0.6934 2101 1296 2166 1363
text 0.6933 738 1269 798 1297
text 0.6899 2069 777 2099 842
text 0.6878 1310 931 1340 980
text 0.6863 1548 1235 1604 1290
text 0.6841 2643 457 2712 484
text 0.6795 1473 475 1506 548
text 0.6779 1690 901 1743 957
text 0.6762 2145 396 2230 423
text 0.6738 2015 1770 2049 1831
text 0.6717 2127 2016 2158 2078
text 0.6696 2445 119 2478 183
text 0.6666 1487 990 1515 1046
text 0.6655 777 1943 851 1977
text 0.6602 1418 1544 1446 1621
text 0.6596 1484 1041 1505 1104
text 0.6588 488 1363 556 1391
text 0.6549 1880 1295 1931 1357
text 0.6456 1579 1017 1623 1066
text 0.6423 1624 1302 1683 1329
text 0.6342 446 724 517 750
text 0.6281 756 1197 832 1227
text 0.6127 1746 724 1804 753
text 0.6093 2500 828 2525 884
text 0.5993 2441 2030 2467 2112
text 0.5875 1451 1382 1512 1448
text 0.5857 897 1596 1132 1646
text 0.5842 1504 1284 1557 1341
text 0.5773 271 1577 353 1603
text 0.5742 1486 1549 1513 1618
text 0.5687 1952 1116 1978 1176
text 0.5524 993 2006 1019 2064
text 0.5492 2599 581 2626 661
text 0.5330 82 1470 162 1505
text 0.5226 1588 960 1639 1020
text 0.5163 2279 165 2306 222
text 0.5075 2333 1770 2359 1844
text 0.5059 1519 749 1575 807
text 0.4862 1366 1096 1394 1156
text 0.4694 441 483 467 568
text 0.4634 430 1151 503 1178
text 0.4584 522 134 549 200
text 0.3785 1742 671 1806 699
text 0.3694 2262 670 2312 697
text 0.3490 489 874 540 912
text 0.3470 2545 1767 2575 1847
text 0.3227 2311 144 2342 200
pins 0.9923 2226 451 2591 562
pins 0.9897 927 1835 1287 1942
pins 0.9866 2059 1837 2426 1941
pins 0.9850 1498 1837 1859 1943
pins 0.9812 1660 444 2157 558
pins 0.9744 1626 106 1667 352
pins 0.9679 366 1830 727 1936
pins 0.9674 211 859 283 1347
pins 0.9651 134 716 242 824
pins 0.9645 1427 94 1466 347
pins 0.9531 1439 1576 2060 1688
pins 0.9447 1225 98 1272 344
pins 0.9362 225 415 415 615
pins 0.9359 1027 97 1073 344
pins 0.9210 635 1202 679 1309
pins 0.9173 640 903 681 1019
pins 0.9044 2096 1575 2583 1693
pins 0.9027 2541 1017 2647 1191
pins 0.8737 2538 1371 2642 1415
pins 0.8685 574 957 619 1246
pins 0.8142 2540 1842 2648 1882
component 0.9436 344 737 386 764
component 0.9435 1125 514 1186 607
test 0.9646 652 777 694 828
ic 0.9605 763 1996 860 2111
ic 0.9595 348 1740 439 1820
ic 0.9513 2546 748 2645 864
ic 0.9251 1325 405 1392 466
ic 0.9052 2060 341 2137 421
ic 0.8289 325 1356 412 1456
ic 0.7459 439 756 509 817
diode 0.8134 1286 2066 1346 2124
transistor 0.9682 720 146 786 197
transistor 0.9566 1075 496 1232 629
transistor 0.9491 374 62 441 122
transistor 0.9210 718 214 787 270
transistor 0.9021 373 139 438 195
transistor 0.8797 94 332 176 410
transistor 0.8569 372 210 440 269
transistor 0.8155 81 1771 159 1851
transistor 0.7413 719 65 787 123
ferrite 0.9025 1124 782 1146 830
ferrite 0.7442 1834 351 1872 424
ferrite 0.6620 2002 394 2045 425
