connector 0.9911 430 1545 1517 2237
connector 0.9900 3717 2604 4557 2812
connector 0.9881 927 3030 1592 3595
connector 0.9847 2644 2603 3694 2798
connector 0.9845 3625 3010 4274 3593
connector 0.9827 3031 809 3841 1020
connector 0.9797 1834 3017 2494 3606
connector 0.9786 463 824 1072 1206
connector 0.9777 3925 798 4550 1036
connector 0.9735 2738 3025 3378 3595
connector 0.9468 606 1275 705 1479
connector 0.9299 2580 2956 2675 3540
connector 0.8884 4399 1702 4632 2033
connector 0.7849 417 2559 694 2897
resistor 0.9738 1703 805 1735 882
resistor 0.9619 2311 2328 2356 2408
resistor 0.9570 1832 797 1874 881
resistor 0.9383 1021 2899 1082 2938
resistor 0.9350 1984 2454 2016 2532
resistor 0.9333 1933 2717 1974 2801
resistor 0.9321 1268 2647 1310 2729
resistor 0.9294 1377 2564 1423 2651
resistor 0.9194 1211 319 1298 361
resistor 0.9050 1708 1702 1752 1783
resistor 0.8997 1479 361 1566 401
resistor 0.8984 1384 2445 1438 2534
resistor 0.8917 1381 2833 1430 2915
resistor 0.8898 1481 321 1561 362
resistor 0.7903 1220 359 1313 400
resistor 0.7803 1764 317 1847 362
resistor 0.7776 1614 1712 1705 1779
resistor 0.7766 951 359 1013 403
resistor 0.7748 1902 1315 1966 1376
resistor 0.7599 940 322 1014 362
resistor 0.7072 1337 1010 1401 1054
resistor 0.6763 2482 2394 2551 2448
resistor 0.6736 2497 894 2600 957
resistor 0.6676 1336 1053 1405 1097
resistor 0.6663 1650 1320 1718 1385
resistor 0.6135 1988 1800 2073 1843
resistor 0.5943 2461 2434 2545 2489
resistor 0.5709 1339 2843 1393 2913
resistor 0.5380 2355 2325 2398 2406
resistor 0.3689 1707 1268 1772 1344
resistor 0.3048 1840 1285 1926 1356
pads 0.8687 1995 1908 2073 1958
pads 0.8580 2396 2322 2439 2402
pads 0.8456 1998 1952 2072 1995
capacitor 0.9663 1610 882 1653 969
capacitor 0.9550 1609 1166 1660 1247
capacitor 0.9449 1749 1254 1785 1337
capacitor 0.9307 2486 2487 2553 2609
capacitor 0.9306 1826 1249 1868 1320
capacitor 0.9284 1967 794 2011 869
capacitor 0.9070 719 2461 789 2561
capacitor 0.9023 1954 2083 2068 2139
capacitor 0.8903 2480 2364 2553 2405
capacitor 0.8878 1933 1268 1972 1335
capacitor 0.8693 2098 2450 2200 2521
capacitor 0.8653 1399 1027 1453 1092
capacitor 0.8569 1524 797 1590 917
capacitor 0.8565 739 2778 813 2812
capacitor 0.8431 1537 1197 1594 1310
capacitor 0.8408 1549 1714 1643 1776
capacitor 0.8387 2145 2519 2225 2593
capacitor 0.7676 2003 1180 2057 1304
capacitor 0.7642 2410 868 2481 993
capacitor 0.7635 2003 815 2058 915
capacitor 0.7577 1988 1064 2045 1150
capacitor 0.7574 1988 972 2045 1042
capacitor 0.7461 1536 1083 1593 1196
capacitor 0.7415 2453 1020 2571 1178
capacitor 0.7363 730 2869 804 2965
capacitor 0.7242 731 2591 816 2630
capacitor 0.7229 2087 2640 2202 2801
capacitor 0.7194 1920 1734 1994 1800
capacitor 0.7084 1806 1648 1890 1705
capacitor 0.7064 1572 1827 1643 1903
capacitor 0.6679 1972 1730 2065 1787
capacitor 0.6566 1845 1647 1934 1702
capacitor 0.6388 1452 1009 1522 1068
capacitor 0.6064 2339 870 2410 980
capacitor 0.4315 4460 1550 4600 1653
capacitor 0.3492 1973 1188 2026 1286
capacitor 0.3120 705 2860 787 2996
text 0.9883 1386 690 1439 814
text 0.9872 3554 713 3595 807
text 0.9848 2512 264 2567 402
text 0.9833 3427 2832 3466 2944
text 0.9814 3753 712 3794 795
text 0.9803 3653 1056 3694 1195
text 0.9797 3654 714 3696 811
text 0.9794 3314 2476 3355 2590
text 0.9789 3168 677 3200 809
text 0.9777 4458 729 4500 801
text 0.9738 2833 263 2876 388
text 0.9720 3963 2475 4005 2589
text 0.9709 4456 1055 4497 1153
text 0.9666 2316 2143 2368 2295
text 0.9663 3764 2831 3805 2914
text 0.9646 3875 2476 3906 2588
text 0.9641 3554 1059 3596 1147
text 0.9637 3876 2831 3906 2913
text 0.9621 3519 1846 3781 2066
text 0.9620 2199 264 2255 404
text 0.9618 2270 1504 2801 1603
text 0.9611 4456 2844 4498 2912
text 0.9569 737 2284 790 2438
text 0.9568 4458 2479 4499 2590
text 0.9566 3526 2478 3565 2591
text 0.9552 3960 726 4003 798
text 0.9523 2031 2498 2086 2647
text 0.9521 3426 2478 3455 2583
text 0.9520 3764 2475 3815 2587
text 0.9502 1655 677 1702 801
text 0.9451 3327 2832 3369 2946
text 0.9447 1748 679 1790 787
text 0.9444 1213 416 1327 465
text 0.9428 3523 2831 3552 2916
text 0.9425 1745 418 1873 474
text 0.9404 3962 1068 4004 1122
text 0.9399 3227 2478 3259 2588
text 0.9377 1070 222 1191 262
text 0.9358 2722 2826 2763 2931
text 0.9348 2421 742 2464 868
text 0.9341 1748 474 1874 530
text 0.9339 1607 1248 1653 1372
text 0.9328 2090 1953 2237 2008
text 0.9316 4542 845 4612 898
text 0.9307 529 627 720 673
text 0.9307 4062 2478 4104 2591
text 0.9307 3705 1287 4280 1431
text 0.9300 1640 1582 1694 1709
text 0.9297 3610 2476 3651 2589
text 0.9291 1751 1577 1806 1704
text 0.9284 4438 2220 4613 2264
text 0.9281 2969 2198 3073 2266
text 0.9279 3215 941 3257 1080
text 0.9253 1884 675 1917 797
text 0.9247 1622 616 1736 665
text 0.9235 1064 603 1201 657
text 0.9230 1257 2479 1325 2635
text 0.9221 3751 1065 3793 1223
text 0.9219 3468 714 3497 797
text 0.9205 1520 651 1566 798
text 0.9204 2046 983 2169 1025
text 0.9195 550 1221 895 1262
text 0.9176 1817 1391 1860 1515
text 0.9167 1938 1631 2043 1700
text 0.9154 3504 2234 4281 2367
text 0.9125 2578 2334 2721 2391
text 0.9123 4360 2478 4401 2592
text 0.9113 3116 2478 3157 2589
text 0.9108 2085 1659 2126 1773
text 0.9107 2439 2140 2495 2306
text 0.9104 2931 2843 2975 2898
text 0.9090 3699 222 3875 277
text 0.9088 3355 220 3528 275
text 0.9070 4299 3493 4369 3547
text 0.9034 1650 1399 1694 1511
text 0.8976 1794 1715 1890 1770
text 0.8970 940 476 1069 531
text 0.8962 3019 2478 3056 2587
text 0.8952 2088 1826 2239 1884
text 0.8952 2043 1075 2162 1117
text 0.8948 3611 2829 3650 2914
text 0.8944 4356 2831 4397 2912
text 0.8935 3228 2832 3270 2943
text 0.8933 1931 742 2058 783
text 0.8914 1623 970 1664 1156
text 0.8903 1761 1388 1808 1515
text 0.8889 4454 1503 4581 1560
text 0.8883 1960 1390 2004 1519
text 0.8882 1161 1066 1298 1122
text 0.8862 578 2280 710 2351
text 0.8862 4653 1816 4694 1903
text 0.8856 4555 2630 4625 2701
text 0.8844 1340 220 1467 263
text 0.8842 1538 1984 1658 2058
text 0.8836 704 2659 831 2700
text 0.8816 1499 474 1624 527
text 0.8803 2493 839 2648 898
text 0.8801 2817 2829 2860 2930
text 0.8800 1616 219 1728 263
text 0.8796 3973 2829 4004 2913
text 0.8786 1498 418 1604 462
text 0.8783 4472 3141 4595 3196
text 0.8763 1972 2528 2029 2685
text 0.8763 2074 770 2180 813
text 0.8709 4467 2971 4596 3013
text 0.8704 2946 855 3015 926
text 0.8699 1124 2885 1276 2942
text 0.8617 2564 2523 2633 2658
text 0.8600 1997 1518 2131 1573
text 0.8558 4051 221 4212 274
text 0.8542 4364 220 4541 276
text 0.8536 3396 3493 3483 3551
text 0.8535 2029 2654 2073 2802
text 0.8525 3138 262 3186 401
text 0.8512 1232 469 1340 527
text 0.8501 1935 2803 1991 2965
text 0.8483 799 600 917 655
text 0.8471 1722 2425 1820 2480
text 0.8462 2094 1774 2246 1833
text 0.8460 2198 2141 2257 2312
text 0.8420 4359 728 4400 798
text 0.8403 4060 725 4101 799
text 0.8396 4258 722 4302 798
text 0.8371 1547 2420 1646 2478
text 0.8366 1341 601 1466 657
text 0.8366 1737 2085 1849 2140
text 0.8336 4060 2830 4099 2917
text 0.8333 3467 1062 3499 1144
text 0.8331 2018 2379 2157 2434
text 0.8330 644 3225 791 3282
text 0.8307 790 2293 844 2431
text 0.8303 876 2420 995 2474
text 0.8290 537 2917 642 2975
text 0.8286 567 2404 692 2454
text 0.8243 4255 2824 4301 2910
text 0.8199 1536 1599 1579 1710
text 0.8183 4257 2476 4298 2588
text 0.8175 846 1333 888 1427
text 0.8168 3129 2834 3175 2936
text 0.8166 3329 956 3413 1011
text 0.8149 4358 1067 4398 1148
text 0.8149 1168 995 1282 1054
text 0.8129 1540 2109 1673 2168
text 0.8123 647 3508 786 3549
text 0.8116 4454 3505 4606 3548
text 0.8060 1896 1391 1941 1519
text 0.8048 735 2999 882 3042
text 0.8045 2593 1042 2650 1193
text 0.8022 2568 2391 2734 2453
text 0.7979 1321 1403 1421 1457
text 0.7977 890 2894 944 3008
text 0.7944 1874 1518 1996 1575
text 0.7939 1230 529 1342 585
text 0.7925 4059 1067 4102 1121
text 0.7901 791 221 921 263
text 0.7878 712 3107 889 3165
text 0.7860 651 1476 761 1552
text 0.7859 2142 1712 2249 1772
text 0.7846 2327 1391 2414 1433
text 0.7822 945 410 1069 473
text 0.7803 1085 915 1140 1117
text 0.7802 3356 713 3398 799
text 0.7777 2552 2839 2640 2901
text 0.7775 1440 2889 1563 2941
text 0.7764 1398 2942 1503 3000
text 0.7760 1129 2945 1275 2996
text 0.7752 1889 2143 1949 2268
text 0.7664 1596 1523 1716 1578
text 0.7639 1028 2416 1196 2478
text 0.7634 1326 2732 1383 2831
text 0.7623 2124 2299 2269 2356
text 0.7593 4485 2028 4567 2078
text 0.7588 2779 2632 2862 2691
text 0.7539 2003 1335 2058 1493
text 0.7457 4259 1057 4301 1135
text 0.7453 3299 2970 3400 3011
text 0.7426 3993 2081 4103 2121
text 0.7419 1610 3492 1704 3563
text 0.7366 2199 771 2284 814
text 0.7321 2282 2942 2382 2985
text 0.7303 4471 2392 4578 2446
text 0.7189 658 697 706 824
text 0.7142 1735 1515 1853 1575
text 0.7124 1535 1292 1593 1464
text 0.7109 2509 3482 2594 3564
text 0.7109 1378 1289 1464 1352
text 0.7092 4385 1945 4414 2001
text 0.7087 527 3167 645 3225
text 0.7011 2044 1025 2164 1064
text 0.6939 1014 766 1070 799
text 0.6938 2582 2732 2665 2786
text 0.6896 2411 2942 2520 2984
text 0.6885 4019 2956 4120 2985
text 0.6871 4154 2956 4257 2985
text 0.6858 1313 2383 1378 2545
text 0.6795 3161 2970 3272 3012
text 0.6766 2579 1175 2624 1351
text 0.6741 1212 1142 1256 1293
text 0.6724 1535 2956 1646 2984
text 0.6719 1211 846 1254 999
text 0.6699 1548 2167 1666 2223
text 0.6657 1938 2127 2049 2193
text 0.6557 959 1204 1082 1260
text 0.6550 789 753 842 812
text 0.6339 3270 714 3310 813
text 0.6316 2584 2278 2721 2336
text 0.6172 1543 2042 1663 2104
text 0.6101 1242 785 1318 844
text 0.5845 1327 2611 1380 2716
text 0.5822 1286 2767 1334 2930
text 0.5807 1423 2253 1511 2320
text 0.5267 665 2910 731 3041
text 0.4424 4370 1939 4400 1987
text 0.4260 4166 2839 4218 2907
text 0.3635 540 712 610 783
text 0.3426 1811 699 1878 791
text 0.3386 1772 1517 1939 1571
text 0.3317 4189 2486 4227 2593
text 0.3156 685 2941 772 3047
text 0.3050 1601 687 1662 790
component 0.9956 1279 888 1299 932
component 0.9903 2860 1461 3154 1793
component 0.9899 3167 1757 3429 2065
component 0.9884 1565 2573 1793 2804
component 0.9811 1397 875 1451 948
component 0.9738 2510 1224 2536 1279
component 0.9681 1268 1178 1299 1223
component 0.9673 2207 1173 2361 1297
component 0.9608 1380 1149 1450 1248
component 0.9418 2189 865 2283 950
component 0.9250 2282 2700 2472 2830
component 0.8741 985 2633 1126 2755
component 0.7219 768 1765 1230 1825
test 0.5601 1437 1366 1532 1474
led 0.8932 801 278 900 402
led 0.8806 816 549 899 590
led 0.8648 574 2345 651 2397
led 0.8456 578 2471 656 2508
led 0.8107 670 3179 773 3223
led 0.7931 1083 561 1184 588
led 0.7877 1365 562 1455 592
led 0.7722 593 705 647 801
led 0.7633 1633 290 1733 403
led 0.7058 1352 285 1449 405
led 0.6400 1627 558 1734 605
led 0.5325 1085 282 1183 399
ic 0.9898 2725 1383 3606 2222
ic 0.9456 1663 923 1959 1217
ic 0.9365 1448 2475 1908 2915
ic 0.8946 854 2508 1243 2877
ic 0.8760 1661 1814 1929 2070
ic 0.8583 3863 1497 4267 2065
ic 0.8504 2252 2421 2427 2605
switch 0.9162 1961 253 2200 744
switch 0.8884 2270 261 2511 736
switch 0.8586 2893 254 3129 740
switch 0.8029 2578 265 2817 737
button 0.9392 3327 296 3529 643
button 0.9361 4353 3282 4715 3485
button 0.9357 3682 284 3878 645
button 0.9198 548 3293 912 3501
button 0.9085 4030 274 4232 655
button 0.8924 4345 275 4554 640
ferrite 0.9391 828 2883 874 2969
ferrite 0.7842 790 2434 849 2526
jumper 0.8779 699 1245 831 1487
jumper 0.8705 4427 2272 4635 2398
inductor 0.9044 2159 1105 2403 1358
inductor 0.8793 1340 837 1505 989
inductor 0.8521 2230 2622 2525 2905
inductor 0.8422 1336 1125 1504 1280
inductor 0.7835 2146 816 2317 989
