connector 0.9904 435 1652 1519 2329
connector 0.9888 926 303 1597 870
connector 0.9874 1829 290 2496 869
connector 0.9806 2746 291 3386 869
connector 0.9796 3723 1079 4550 1272
connector 0.9751 460 2687 1065 3067
connector 0.9749 3916 2861 4547 3078
connector 0.9640 2659 1083 3692 1278
connector 0.9611 3636 306 4273 869
connector 0.9611 3024 2874 3848 3065
connector 0.9504 2582 354 2678 932
connector 0.8716 605 2408 706 2615
connector 0.8129 4404 1854 4629 2185
connector 0.7825 423 985 687 1317
resistor 0.9649 2312 1476 2353 1563
resistor 0.9445 1705 2101 1745 2184
resistor 0.9383 1932 1079 1975 1164
resistor 0.9363 1268 1168 1307 1255
resistor 0.9086 1382 1246 1423 1320
resistor 0.9061 1211 3571 1299 3609
resistor 0.8857 1373 966 1426 1054
resistor 0.8835 2495 2928 2595 2986
resistor 0.8791 1381 1362 1438 1450
resistor 0.8448 944 3491 1017 3533
resistor 0.8446 1622 3014 1663 3085
resistor 0.8437 1338 2789 1409 2856
resistor 0.8418 1763 3519 1849 3571
resistor 0.8412 1016 951 1084 984
resistor 0.8298 1987 1363 2020 1447
resistor 0.8273 1832 3013 1877 3095
resistor 0.8224 1482 3520 1566 3562
resistor 0.8137 1704 3010 1746 3086
resistor 0.8101 1486 3478 1564 3533
resistor 0.8055 2462 1389 2549 1452
resistor 0.7990 1648 2501 1719 2583
resistor 0.7566 1902 2546 1944 2632
resistor 0.7430 945 3532 1017 3565
resistor 0.7247 3257 2841 3314 2895
resistor 0.6849 2014 2043 2076 2094
resistor 0.6618 1876 3013 1934 3085
resistor 0.6592 1215 3518 1295 3559
resistor 0.6133 1342 965 1397 1050
resistor 0.6055 1014 913 1084 953
resistor 0.5587 1664 3014 1706 3085
resistor 0.5557 2351 1487 2397 1562
pads 0.8586 2391 1476 2440 1559
pads 0.8546 1997 1885 2072 1929
pads 0.7331 1996 1966 2072 2010
pads 0.7252 1790 2562 1832 2645
pads 0.3066 1996 1933 2083 1988
pads 0.3054 2004 1824 2095 1875
capacitor 0.9752 1608 2644 1663 2727
capacitor 0.9726 1744 2560 1777 2643
capacitor 0.9453 1819 2563 1860 2647
capacitor 0.9298 1387 2786 1453 2868
capacitor 0.9183 1609 2924 1650 2993
capacitor 0.9000 1951 1744 2071 1801
capacitor 0.8950 1943 2551 1977 2633
capacitor 0.8671 1551 2113 1646 2175
capacitor 0.8511 719 1319 789 1432
capacitor 0.8395 2479 1514 2553 1559
capacitor 0.8382 2409 2899 2481 3013
capacitor 0.8306 1523 2970 1593 3086
capacitor 0.8306 1537 2584 1593 2702
capacitor 0.8246 727 902 808 1065
capacitor 0.8188 1851 2194 1935 2237
capacitor 0.8022 2482 1278 2550 1394
capacitor 0.8004 2144 1306 2229 1362
capacitor 0.7995 1958 3014 2002 3087
capacitor 0.7960 1968 2113 2073 2168
capacitor 0.7932 1451 2791 1537 2874
capacitor 0.7821 1564 1913 1640 1972
capacitor 0.7646 712 1059 816 1126
capacitor 0.7630 1569 2039 1647 2082
capacitor 0.7618 2097 1377 2200 1435
capacitor 0.7580 1919 2085 1997 2154
capacitor 0.7508 2004 2957 2059 3069
capacitor 0.7384 2449 2700 2582 2856
capacitor 0.7378 1537 2863 1595 2968
capacitor 0.7130 4457 2223 4618 2338
capacitor 0.6961 2090 1098 2200 1251
capacitor 0.6957 1986 2733 2043 2813
capacitor 0.6920 1987 2848 2045 2929
capacitor 0.6913 1811 2177 1888 2228
capacitor 0.6507 2338 2893 2408 3015
capacitor 0.6492 2480 1433 2550 1508
capacitor 0.6426 2002 2589 2060 2704
capacitor 0.3822 1591 2058 1691 2147
text 0.9800 3653 3069 3694 3180
text 0.9785 3425 940 3468 1055
text 0.9771 3554 3070 3594 3172
text 0.9754 3314 1294 3353 1404
text 0.9741 3768 1295 3818 1406
text 0.9735 1749 2183 1803 2320
text 0.9735 3524 1826 3778 2057
text 0.9721 2510 3491 2565 3625
text 0.9718 3962 1303 4004 1404
text 0.9717 3865 1295 3906 1402
text 0.9699 4455 967 4497 1052
text 0.9696 3554 2729 3595 2829
text 0.9692 4455 3086 4497 3155
text 0.9691 1522 3099 1566 3226
text 0.9684 2832 3494 2876 3619
text 0.9684 3328 951 3370 1053
text 0.9682 3167 3070 3201 3212
text 0.9672 3752 3083 3794 3180
text 0.9669 1623 2733 1664 2916
text 0.9648 2270 2280 2806 2377
text 0.9605 4654 1985 4696 2066
text 0.9589 4471 870 4595 914
text 0.9574 1253 1250 1320 1410
text 0.9555 2720 955 2765 1053
text 0.9549 4061 1297 4101 1403
text 0.9542 1395 3077 1439 3213
text 0.9530 3502 1517 4276 1645
text 0.9521 1820 2379 1860 2509
text 0.9506 2201 3481 2255 3618
text 0.9506 3682 2463 4285 2587
text 0.9505 1493 3366 1619 3410
text 0.9502 3523 967 3554 1052
text 0.9493 1749 3099 1790 3224
text 0.9486 2003 2323 2130 2366
text 0.9476 1152 2771 1294 2815
text 0.9475 3766 969 3806 1050
text 0.9473 3216 2820 3259 2948
text 0.9460 3229 1295 3260 1402
text 0.9432 3961 2757 4003 2815
text 0.9420 1638 2190 1693 2305
text 0.9409 3652 2686 3693 2827
text 0.9394 1745 3366 1874 3422
text 0.9389 1871 3087 1919 3228
text 0.9348 3973 967 4006 1054
text 0.9345 1224 3423 1329 3479
text 0.9329 3962 3097 4004 3152
text 0.9326 944 3368 1070 3422
text 0.9324 846 2450 885 2562
text 0.9323 2440 1588 2494 1747
text 0.9316 2031 1237 2084 1391
text 0.9313 2977 1630 3071 1687
text 0.9310 3228 940 3270 1053
text 0.9305 4456 2730 4497 2829
text 0.9265 2082 2000 2239 2052
text 0.9262 648 2336 759 2406
text 0.9245 3420 1295 3455 1405
text 0.9235 3874 969 3909 1052
text 0.9231 1068 3224 1195 3279
text 0.9229 1224 3365 1340 3420
text 0.9222 4458 1295 4499 1405
text 0.9220 2594 2706 2650 2856
text 0.9193 2582 1547 2718 1601
text 0.9186 1744 3422 1873 3478
text 0.9177 3527 1292 3568 1401
text 0.9150 1347 3224 1469 3281
text 0.9120 4442 1614 4622 1671
text 0.9118 4359 967 4399 1055
text 0.9092 943 3423 1067 3477
text 0.9074 535 3221 714 3267
text 0.9074 2569 1433 2730 1491
text 0.9064 1621 3101 1664 3227
text 0.9055 1608 2524 1649 2634
text 0.9025 4299 335 4373 389
text 0.9020 3302 884 3397 914
text 0.9018 790 1464 846 1588
text 0.9007 789 3224 918 3280
text 0.8998 1508 3419 1612 3477
text 0.8985 1535 1784 1654 1842
text 0.8975 3118 1292 3156 1405
text 0.8949 2423 3013 2467 3138
text 0.8939 4050 3619 4212 3661
text 0.8926 649 333 790 377
text 0.8917 1326 1045 1382 1153
text 0.8907 2083 1885 2238 1942
text 0.8887 1933 922 1987 1078
text 0.8870 2945 2971 3015 3024
text 0.8850 582 1545 719 1601
text 0.8831 4457 2338 4583 2379
text 0.8824 2005 1447 2156 1503
text 0.8818 2510 320 2595 403
text 0.8800 3469 3081 3496 3177
text 0.8797 1537 1841 1662 1901
text 0.8783 1539 1661 1663 1717
text 0.8753 4551 1194 4619 1254
text 0.8748 734 1446 788 1604
text 0.8739 1538 896 1647 939
text 0.8738 2135 1531 2275 1586
text 0.8713 2497 2986 2656 3038
text 0.8713 545 2620 878 2673
text 0.8710 652 616 791 658
text 0.8683 1604 333 1703 390
text 0.8670 1958 2377 2002 2502
text 0.8639 706 1190 830 1227
text 0.8616 1073 3598 1190 3661
text 0.8576 1733 1744 1843 1801
text 0.8567 1124 885 1285 940
text 0.8565 731 845 885 899
text 0.8549 1603 2323 1718 2365
text 0.8537 3356 3618 3526 3661
text 0.8526 1324 2422 1424 2479
text 0.8523 4541 2982 4611 3034
text 0.8521 2932 996 2975 1040
text 0.8515 2570 1110 2665 1165
text 0.8505 3709 3621 3876 3661
text 0.8492 3611 1292 3654 1406
text 0.8490 1035 1405 1186 1476
text 0.8479 2326 1606 2372 1741
text 0.8475 4357 1296 4398 1408
text 0.8444 1622 3228 1736 3282
text 0.8439 4474 1435 4584 1491
text 0.8426 522 660 648 716
text 0.8407 558 1428 693 1490
text 0.8404 1541 1405 1649 1476
text 0.8401 4357 2731 4397 2831
text 0.8388 1340 3619 1464 3661
text 0.8353 1619 3618 1734 3660
text 0.8351 2414 899 2523 940
text 0.8301 1761 2378 1803 2505
text 0.8295 2043 2810 2184 2869
text 0.8277 1872 2322 1997 2365
text 0.8264 1948 1686 2075 1729
text 0.8252 2327 2450 2414 2504
text 0.8237 2554 981 2638 1039
text 0.8234 1394 896 1507 939
text 0.8232 4061 972 4101 1053
text 0.8229 2049 2859 2175 2913
text 0.8202 1439 953 1570 997
text 0.8185 3334 2871 3412 2930
text 0.8184 873 1406 985 1462
text 0.8157 1124 942 1284 996
text 0.8151 2199 1588 2256 1750
text 0.8144 2144 2108 2254 2166
text 0.8124 3989 1771 4103 1814
text 0.8100 3751 2666 3793 2831
text 0.8089 2004 2403 2060 2564
text 0.8081 1788 2124 1891 2171
text 0.8057 4158 898 4258 940
text 0.8045 2100 2052 2251 2110
text 0.8034 728 784 866 842
text 0.8031 1540 2181 1578 2278
text 0.8017 4258 968 4301 1052
text 0.8015 2819 953 2859 1054
text 0.8012 791 3620 918 3676
text 0.7989 1929 2194 2043 2251
text 0.7978 1210 2895 1254 3061
text 0.7937 2281 899 2383 941
text 0.7913 4359 3083 4399 3153
text 0.7848 2029 1079 2073 1230
text 0.7839 4460 348 4608 388
text 0.7818 4464 703 4594 757
text 0.7778 3609 966 3649 1051
text 0.7765 1283 953 1329 1120
text 0.7761 4060 2758 4101 2830
text 0.7755 3468 2730 3498 2828
text 0.7753 3020 1293 3060 1403
text 0.7721 1738 2322 1845 2365
text 0.7701 4374 3620 4538 3661
text 0.7701 2204 3069 2285 3124
text 0.7686 2778 1192 2864 1249
text 0.7674 1014 3084 1072 3127
text 0.7670 4021 898 4118 939
text 0.7650 1723 1407 1818 1475
text 0.7611 2091 2127 2134 2239
text 0.7605 542 913 652 981
text 0.7576 2584 1217 2636 1378
text 0.7478 1425 1564 1511 1631
text 0.7423 4062 3097 4102 3151
text 0.7416 3129 941 3172 1051
text 0.7410 3167 885 3270 913
text 0.7381 4482 1799 4569 1855
text 0.7368 3396 332 3480 405
text 0.7344 790 3071 846 3125
text 0.7343 1895 2377 1942 2507
text 0.7298 4258 3097 4300 3153
text 0.7288 1379 2531 1463 2605
text 0.7252 1310 1334 1382 1486
text 0.7219 1535 2422 1593 2575
text 0.7185 962 2618 1080 2673
text 0.7184 4386 1881 4413 1944
text 0.7161 1942 3097 2064 3140
text 0.7144 1087 2758 1142 2958
text 0.7125 3272 3084 3305 3183
text 0.7105 4173 1293 4217 1408
text 0.7067 1326 1183 1381 1316
text 0.7058 1921 1193 2001 1347
text 0.7047 700 1102 815 1187
text 0.7008 4256 1295 4301 1407
text 0.6930 4258 2757 4300 2829
text 0.6915 2071 3069 2185 3126
text 0.6913 2581 2549 2623 2688
text 0.6795 3357 3083 3398 3183
text 0.6732 3143 3491 3186 3620
text 0.6608 1650 2376 1692 2506
text 0.6587 665 844 717 999
text 0.6580 1973 1209 2032 1351
text 0.6219 1210 2593 1253 2755
text 0.6158 657 3064 707 3212
text 0.6142 891 867 945 997
text 0.6129 1160 2830 1283 2887
text 0.6087 2581 1489 2722 1548
text 0.5731 1666 3098 1706 3225
text 0.5291 1780 3092 1843 3228
text 0.4319 2357 1590 2419 1745
text 0.4282 2089 1818 2233 1881
text 0.4190 2250 1595 2316 1747
text 0.3847 1224 3322 1342 3381
text 0.3289 1060 3624 1203 3675
text 0.3259 1296 3051 1348 3170
text 0.3222 1232 3456 1337 3512
text 0.3123 1743 3396 1878 3456
text 0.3117 2053 2833 2171 2887
text 0.3011 944 3313 1089 3370
component 0.9949 1563 1097 1791 1326
component 0.9933 1283 2957 1300 2999
component 0.9911 1271 2660 1297 2716
component 0.9847 2865 2097 3159 2427
component 0.9760 3162 1812 3423 2120
component 0.9680 2186 2940 2277 3021
component 0.9598 2213 2600 2354 2700
component 0.9523 2284 1066 2472 1183
component 0.9258 1382 2631 1455 2736
component 0.9221 1399 2928 1455 3016
component 0.8715 745 2053 1245 2109
component 0.8540 995 1133 1118 1220
component 0.8413 2508 2608 2537 2661
test 0.8794 1439 2415 1540 2521
led 0.9640 590 3093 647 3200
led 0.9408 1370 3293 1453 3336
led 0.9316 575 1374 663 1421
led 0.9076 682 672 778 713
led 0.9013 803 3497 904 3602
led 0.8781 818 3294 903 3337
led 0.8040 1632 3294 1731 3344
led 0.7826 1085 3295 1174 3337
led 0.7647 578 1493 661 1537
led 0.7063 1088 3479 1184 3592
ic 0.9813 2676 1687 3541 2516
ic 0.9694 1450 981 1905 1421
ic 0.9648 1660 2674 1960 2977
ic 0.9296 2256 1280 2425 1465
ic 0.9204 1661 1815 1927 2079
ic 0.9055 860 1011 1249 1374
ic 0.8874 3865 1815 4266 2375
switch 0.9120 1959 3141 2201 3635
switch 0.8827 2272 3142 2511 3631
switch 0.8683 2888 3146 3131 3633
switch 0.7829 2577 3149 2812 3633
button 0.8873 4344 3250 4554 3609
button 0.8582 3329 3237 3525 3612
button 0.8499 4352 404 4729 595
button 0.8275 3681 3242 3879 3611
button 0.8092 554 395 918 590
button 0.8012 4032 3241 4231 3610
ferrite 0.9310 833 923 878 1013
ferrite 0.7879 792 1350 845 1450
jumper 0.9245 4427 1505 4641 1606
jumper 0.8159 708 2408 829 2634
inductor 0.9225 2217 982 2540 1281
inductor 0.9118 1337 2600 1505 2777
inductor 0.8676 2153 2535 2411 2769
inductor 0.7928 2141 2898 2322 3069
