connector 0.9926 90 838 925 1581
connector 0.9891 3119 1425 3648 2136
connector 0.9876 1792 424 2352 665
connector 0.9840 3227 935 3713 1260
connector 0.9836 28 310 308 720
connector 0.9820 2023 24 3051 396
connector 0.9820 823 6 2034 361
connector 0.9801 3227 498 3713 863
connector 0.9785 2229 2085 3070 2408
connector 0.9727 0 1636 322 2085
connector 0.9707 1244 2077 2217 2413
connector 0.9689 1174 650 1291 885
connector 0.9632 2471 1809 2932 2063
connector 0.9488 1389 1137 1642 2057
connector 0.9452 3218 282 3570 517
connector 0.9088 1104 1340 1338 1456
connector 0.8988 1310 547 1561 1107
resistor 0.9638 1281 1797 1363 1834
resistor 0.9616 1721 433 1783 470
resistor 0.9615 1308 1903 1345 1984
resistor 0.9491 3326 1305 3362 1339
resistor 0.9308 2977 1687 3012 1760
resistor 0.9305 3165 692 3201 713
resistor 0.9187 3059 1688 3093 1762
resistor 0.9169 2267 1735 2349 1779
resistor 0.9128 1272 1861 1346 1896
resistor 0.8935 1219 379 1283 415
resistor 0.8774 2680 1750 2752 1795
resistor 0.8690 1722 791 1782 836
resistor 0.8573 1280 513 1363 550
resistor 0.8274 2358 1734 2430 1777
resistor 0.8209 2465 1742 2544 1771
resistor 0.8118 1285 1635 1362 1672
resistor 0.8076 1721 711 1750 766
resistor 0.7807 1640 390 1703 416
resistor 0.7448 2286 1869 2357 1905
resistor 0.7443 3066 1886 3103 1965
resistor 0.7422 3011 1886 3055 1957
resistor 0.7123 1291 1743 1371 1788
resistor 0.7028 1953 1852 2026 1889
resistor 0.6939 1003 2029 1076 2074
pads 0.9857 2375 1780 2420 1861
pads 0.9489 1955 1796 2035 1832
pads 0.9369 3389 1268 3424 1287
pads 0.9234 582 1607 902 1744
pads 0.9160 2987 1303 3011 1348
pads 0.8860 1291 1241 1371 1276
pads 0.8604 1092 1950 1244 2030
pads 0.8521 1810 667 1882 703
pads 0.8337 1298 1185 1372 1232
pads 0.7891 1272 1902 1300 1985
capacitor 0.9784 2816 657 2886 685
capacitor 0.9760 2556 658 2635 685
capacitor 0.9688 1522 406 1559 478
capacitor 0.9616 1095 1868 1247 1944
capacitor 0.9596 941 1062 969 1134
capacitor 0.9586 932 979 979 1062
capacitor 0.9508 2681 658 2751 685
capacitor 0.9495 932 1170 970 1242
capacitor 0.9367 941 1295 977 1376
capacitor 0.9298 2556 603 2627 639
capacitor 0.9296 2268 1932 2332 1967
capacitor 0.9277 1147 432 1219 572
capacitor 0.9188 1003 1089 1040 1159
capacitor 0.9067 2860 482 2941 603
capacitor 0.9065 2682 703 2751 738
capacitor 0.9030 2816 612 2887 639
capacitor 0.8805 2680 605 2751 640
capacitor 0.8700 2967 1886 3010 1960
capacitor 0.8425 2815 712 2879 747
capacitor 0.8258 1040 1295 1076 1366
capacitor 0.8234 932 1671 1066 1742
capacitor 0.8072 1560 676 1599 747
capacitor 0.7887 2546 478 2591 592
capacitor 0.7836 2555 703 2627 730
capacitor 0.7667 466 2173 539 2210
capacitor 0.7460 993 1293 1032 1375
capacitor 0.7076 466 1751 612 1814
capacitor 0.6874 2276 1778 2360 1823
text 0.9844 3029 1455 3093 1573
text 0.9817 932 1376 977 1455
text 0.9794 1882 2002 2053 2075
text 0.9792 3156 386 3210 496
text 0.9785 977 1482 1102 1591
text 0.9765 1918 1886 1997 1930
text 0.9765 2546 1733 2626 1778
text 0.9764 2760 1743 2851 1794
text 0.9738 1731 379 1784 416
text 0.9723 1882 667 1969 712
text 0.9710 2913 649 3001 694
text 0.9693 1820 380 1932 425
text 0.9692 3075 945 3147 1239
text 0.9688 2959 1589 3005 1678
text 0.9657 646 489 689 551
text 0.9647 1029 2139 1149 2191
text 0.9645 519 2101 637 2155
text 0.9629 3174 604 3218 657
text 0.9620 1289 454 1352 496
text 0.9616 504 81 620 387
text 0.9611 2914 612 2994 649
text 0.9606 1004 937 1093 981
text 0.9602 1111 443 1148 534
text 0.9595 1228 530 1282 648
text 0.9571 234 2046 288 2109
text 0.9570 475 2217 565 2261
text 0.9565 2357 594 2439 639
text 0.9548 1649 425 1704 470
text 0.9534 2366 1905 2421 1948
text 0.9491 1003 981 1086 1027
text 0.9459 3157 532 3209 575
text 0.9455 1559 372 1620 415
text 0.9438 1658 1075 1748 1505
text 0.9437 905 1734 1005 1780
text 0.9428 2815 437 2851 521
text 0.9421 2148 2003 2305 2075
text 0.9408 1739 1988 1784 2074
text 0.9403 708 640 1068 694
text 0.9374 906 2021 994 2067
text 0.9352 3084 515 3146 891
text 0.9340 3023 1304 3083 1348
text 0.9332 3390 1295 3442 1339
text 0.9327 2459 603 2538 640
text 0.9327 1291 371 1352 425
text 0.9318 1194 1627 1281 1670
text 0.9316 471 630 687 692
text 0.9294 2367 1993 2420 2047
text 0.9292 1182 1275 1264 1338
text 0.9285 2357 434 2439 495
text 0.9270 1704 1949 1784 1986
text 0.9266 2942 1240 3020 1284
text 0.9257 1129 1669 1193 1714
text 0.9234 2934 416 3094 489
text 0.9231 951 874 1005 934
text 0.9227 3165 1061 3219 1113
text 0.9212 2869 1725 2941 1778
text 0.9181 376 310 448 548
text 0.9177 341 1612 412 1825
text 0.9145 2358 641 2436 682
text 0.9139 1202 1225 1292 1275
text 0.9096 1149 2075 1243 2120
text 0.9089 2751 407 2805 451
text 0.9041 2977 1071 3038 1114
text 0.9029 1704 1814 1786 1858
text 0.9016 2421 1833 2464 1914
text 0.8989 1029 1374 1083 1429
text 0.8985 2367 1950 2420 1993
text 0.8960 287 722 332 793
text 0.8944 1191 1071 1254 1114
text 0.8912 3320 1342 3395 1396
text 0.8884 1704 1860 1784 1904
text 0.8866 1120 767 1164 901
text 0.8856 1272 1975 1335 2056
text 0.8837 2969 1958 3013 2048
text 0.8824 447 362 511 407
text 0.8769 780 2004 851 2064
text 0.8764 403 2209 458 2263
text 0.8761 1150 2122 1239 2172
text 0.8750 1100 983 1220 1033
text 0.8735 2421 1976 2474 2058
text 0.8716 3042 1958 3104 2055
text 0.8685 1956 1743 2017 1786
text 0.8675 1559 757 1612 812
text 0.8673 2673 425 2744 469
text 0.8670 1750 677 1793 737
text 0.8661 2987 524 3030 578
text 0.8638 1695 1985 1738 2075
text 0.8638 1013 1734 1076 1787
text 0.8622 2423 1769 2472 1814
text 0.8591 2492 498 2536 577
text 0.8583 663 2013 716 2066
text 0.8575 1104 937 1192 981
text 0.8552 520 1581 582 1627
text 0.8545 2159 1947 2239 2002
text 0.8507 1579 415 1649 480
text 0.8496 1705 1770 1792 1815
text 0.8454 2287 1975 2340 2012
text 0.8443 1705 1904 1783 1948
text 0.8434 1246 989 1300 1078
text 0.8377 2359 683 2439 723
text 0.8376 1202 1178 1291 1231
text 0.8332 2941 1187 3027 1230
text 0.8241 2454 675 2536 721
text 0.8239 467 1688 564 1734
text 0.8216 2931 1787 2976 1849
text 0.8093 3049 1589 3102 1680
text 0.8037 2913 693 2993 738
text 0.7951 1001 890 1092 936
text 0.7851 3146 739 3227 784
text 0.7831 1644 778 1705 835
text 0.7647 2609 407 2672 452
text 0.3374 2461 694 2541 729
component 0.9942 52 1817 167 1945
component 0.9618 2054 1145 2763 1542
component 0.9559 977 1609 1021 1636
component 0.9466 447 907 590 1400
component 0.9420 1405 398 1467 474
component 0.9338 2370 854 2763 982
component 0.8411 2096 1805 2223 1917
component 0.8321 91 451 218 577
led 0.9650 1041 2084 1145 2138
ic 0.9647 1808 711 2952 1729
ic 0.9295 1103 1706 1268 1852
ic 0.9182 1561 484 1784 667
ic 0.9053 2975 1770 3093 1869
ic 0.8801 2046 1762 2271 1943
button 0.9406 663 328 1155 622
diode 0.9181 579 1788 886 1994
diode 0.8154 447 417 529 566
diode 0.7878 1227 455 1271 543
diode 0.7869 333 1864 539 2116
diode 0.7298 995 1170 1057 1260
diode 0.6955 1103 1079 1176 1179
transistor 0.7717 1368 365 1508 508
jumper 0.9063 1049 1477 1327 1629
inductor 0.9863 896 1787 1077 2013
inductor 0.9620 546 461 647 613
unknown 0.9668 2745 469 2815 604
unknown 0.9014 2610 462 2678 602
unknown 0.8998 2940 490 2986 604
zener 0.9659 536 2020 654 2066
zener 0.9632 307 2156 421 2217
