connector 0.9903 668 2033 1672 2406
connector 0.9894 2796 849 3632 1587
connector 0.9890 63 270 598 998
connector 0.9889 1366 1757 1926 1995
connector 0.9881 5 1168 492 1489
connector 0.9878 4 1558 492 1918
connector 0.9874 1678 2065 2895 2417
connector 0.9791 657 14 1490 342
connector 0.9788 1503 15 2480 344
connector 0.9768 3397 343 3724 786
connector 0.9707 145 1905 504 2148
connector 0.9682 2431 1546 2546 1770
connector 0.9619 2076 370 2332 1294
connector 0.9497 3365 1665 3669 2101
connector 0.9193 790 360 1247 609
connector 0.9004 2383 972 2619 1085
connector 0.8926 2160 1311 2412 1891
resistor 0.9170 1373 646 1451 687
resistor 0.9067 672 661 708 738
resistor 0.9023 2019 2001 2078 2039
resistor 0.8989 734 1097 775 1123
resistor 0.8931 521 1709 557 1735
resistor 0.8929 709 668 745 738
resistor 0.8802 2349 637 2428 677
resistor 0.8748 1173 656 1248 685
resistor 0.8734 2356 1878 2437 1914
resistor 0.8662 2374 441 2411 518
resistor 0.8541 2359 584 2441 624
resistor 0.8527 2377 530 2449 559
resistor 0.8440 358 1088 394 1116
resistor 0.8404 662 462 704 540
resistor 0.8312 960 631 1034 675
resistor 0.8199 1936 1959 1999 1994
resistor 0.8155 1940 1591 2002 1631
resistor 0.7929 1944 1649 2004 1707
resistor 0.7553 1364 521 1436 558
resistor 0.7363 2359 734 2437 790
resistor 0.6970 1292 647 1364 685
resistor 0.6853 617 461 653 539
resistor 0.6612 628 659 665 736
resistor 0.5973 2645 354 2719 399
resistor 0.5904 2442 2010 2502 2045
pads 0.9692 1299 567 1345 640
pads 0.9316 2474 398 2622 469
pads 0.9276 2350 1152 2428 1188
pads 0.9209 292 1134 326 1160
pads 0.8941 2812 687 3138 823
pads 0.8803 1685 594 1764 630
pads 0.8761 1837 1723 1910 1753
pads 0.8207 2346 1191 2422 1239
pads 0.6901 702 1244 744 1296
pads 0.6586 493 1713 518 1753
pads 0.5890 707 1077 735 1124
pads 0.3004 2415 434 2448 516
capacitor 0.9937 2743 1050 2779 1134
capacitor 0.9902 836 1735 906 1768
capacitor 0.9852 2752 1298 2779 1357
capacitor 0.9662 2745 1367 2789 1440
capacitor 0.9526 2680 1264 2718 1336
capacitor 0.9454 2161 1941 2196 2010
capacitor 0.9391 834 1783 906 1815
capacitor 0.9384 839 1681 906 1716
capacitor 0.9299 2475 477 2621 558
capacitor 0.9251 970 1741 1039 1769
capacitor 0.9189 3182 218 3253 255
capacitor 0.9134 1088 1742 1163 1773
capacitor 0.9027 1093 1788 1166 1822
capacitor 0.8964 2689 1055 2725 1129
capacitor 0.8929 2749 1179 2786 1258
capacitor 0.8928 1388 459 1453 497
capacitor 0.8889 1365 602 1444 640
capacitor 0.8737 778 1823 859 1949
capacitor 0.8704 970 1788 1040 1816
capacitor 0.8595 2655 686 2784 756
capacitor 0.8486 969 1690 1042 1725
capacitor 0.8409 709 470 752 542
capacitor 0.8282 1128 1834 1173 1939
capacitor 0.8193 2500 1855 2574 1991
capacitor 0.8102 2529 757 2591 792
capacitor 0.6129 1096 1698 1166 1725
capacitor 0.5278 2642 1049 2681 1132
capacitor 0.5042 3113 605 3252 676
capacitor 0.4858 2116 1682 2163 1750
text 0.9870 3084 268 3199 324
text 0.9844 2439 1775 2492 1888
text 0.9824 1416 351 1570 421
text 0.9822 1667 353 1838 424
text 0.9779 509 1928 565 2038
text 0.9729 2742 970 2786 1052
text 0.9703 716 749 762 837
text 0.9699 672 745 717 835
text 0.9697 2455 1088 2537 1150
text 0.9686 1937 352 1979 436
text 0.9675 571 1192 644 1473
text 0.9660 2725 358 2816 405
text 0.9635 2629 1438 2716 1483
text 0.9629 717 1732 806 1772
text 0.9617 627 852 690 972
text 0.9614 1299 435 1355 479
text 0.9601 3103 2035 3218 2336
text 0.9557 1184 1841 1229 1931
text 0.9550 1936 440 2016 478
text 0.9546 2712 639 2817 689
text 0.9536 3389 1631 3433 1702
text 0.9535 1972 927 2062 1342
text 0.9521 870 1902 904 1981
text 0.9512 745 577 789 641
text 0.9509 2419 1350 2475 1433
text 0.9501 2502 1393 2617 1438
text 0.9458 2427 1151 2520 1197
text 0.9438 2467 1312 2529 1357
text 0.9425 3303 626 3376 808
text 0.9417 3434 317 3487 374
text 0.9415 323 1034 401 1081
text 0.9414 1298 380 1354 432
text 0.9411 3028 1876 3075 1936
text 0.9385 2870 360 2938 422
text 0.9384 2620 840 2742 946
text 0.9382 503 1761 548 1822
text 0.9380 501 1313 556 1365
text 0.9378 2999 361 3059 416
text 0.9375 2016 1591 2078 1644
text 0.9369 699 1142 778 1186
text 0.9361 2531 1438 2618 1487
text 0.9358 2575 238 2687 281
text 0.9355 2366 1929 2429 1969
text 0.9344 1478 424 1559 477
text 0.9271 573 1536 635 1907
text 0.9260 2097 2009 2161 2050
text 0.9252 2635 989 2689 1053
text 0.9199 276 1090 329 1130
text 0.9173 781 644 851 702
text 0.9153 3271 1873 3344 2121
text 0.9151 1788 1996 1901 2037
text 0.9089 3208 2016 3273 2058
text 0.9085 3265 163 3317 215
text 0.9057 1243 609 1297 655
text 0.9039 1245 372 1301 452
text 0.9016 2628 1391 2717 1437
text 0.9006 1281 1788 1362 1832
text 0.8991 3155 693 3251 740
text 0.8987 1095 649 1177 689
text 0.8972 918 1976 967 2021
text 0.8962 1703 643 1768 685
text 0.8945 3026 1732 3262 1796
text 0.8869 490 1642 575 1689
text 0.8787 2012 1957 2069 2004
text 0.8782 975 1956 1048 2002
text 0.8772 3139 792 3201 846
text 0.8756 1183 1733 1262 1772
text 0.8756 1282 1929 1362 1991
text 0.8718 1256 507 1299 592
text 0.8670 2654 1729 3008 1786
text 0.8668 1381 406 1434 449
text 0.8668 1281 1744 1363 1779
text 0.8648 1936 477 2016 523
text 0.8611 724 1688 808 1729
text 0.8602 2623 1483 2716 1530
text 0.8573 2072 1948 2144 2003
text 0.8549 681 1304 744 1355
text 0.8534 3155 163 3245 209
text 0.8505 695 1192 778 1241
text 0.8414 1935 525 2017 568
text 0.8359 2442 755 2525 801
text 0.8329 1048 1975 1107 2016
text 0.8298 627 1932 787 2012
text 0.8289 1177 1788 1263 1824
text 0.8262 511 1850 566 1895
text 0.8256 2555 1526 2601 1660
text 0.8229 2573 1886 2608 1978
text 0.8207 2716 1491 2768 1554
text 0.8162 1282 1699 1361 1735
text 0.8131 2526 716 2596 758
text 0.8106 690 1850 734 1902
text 0.8077 1719 499 1803 548
text 0.8044 2365 2003 2427 2049
text 0.8035 2386 370 2447 451
text 0.8029 1928 1691 1972 1750
text 0.8026 661 377 706 460
text 0.7989 725 1772 806 1816
text 0.7918 1751 1714 1839 1754
text 0.7908 618 372 661 460
text 0.7900 1936 2003 1994 2043
text 0.7811 2475 298 2574 344
text 0.7804 1928 610 2016 658
text 0.7786 868 625 948 680
text 0.7719 1300 479 1354 521
text 0.7712 708 381 752 470
text 0.7674 638 1079 701 1123
text 0.7586 2645 639 2705 684
text 0.7543 2428 1196 2517 1240
text 0.7507 2690 965 2734 1055
text 0.7204 2480 257 2571 306
text 0.7166 1982 351 2018 436
text 0.6998 2114 1618 2161 1715
text 0.6985 1185 1698 1265 1735
text 0.6911 622 749 671 839
text 0.6279 1931 569 2016 614
component 0.9955 3552 478 3670 604
component 0.9696 960 871 1674 1285
component 0.9476 2699 791 2743 818
component 0.9381 3131 1029 3275 1514
component 0.8907 2256 1942 2311 2037
component 0.8754 960 1441 1347 1572
component 0.8375 1495 502 1625 619
component 0.7804 3503 1844 3629 1971
led 0.9725 2573 290 2679 343
ic 0.9785 787 699 1905 1696
ic 0.9613 1941 1755 2162 1938
ic 0.9073 629 558 743 656
ic 0.9030 2458 568 2618 719
ic 0.8833 1451 479 1672 660
button 0.9057 2566 1798 3058 2098
diode 0.9114 2662 1165 2727 1251
diode 0.9061 3178 316 3388 559
diode 0.8818 2832 433 3146 643
diode 0.7494 2447 1886 2491 1966
diode 0.7303 3195 1859 3270 2007
diode 0.5534 2545 1238 2619 1344
transistor 0.8022 2208 1916 2355 2062
jumper 0.9477 2398 799 2676 951
inductor 0.9723 3075 1815 3176 1964
inductor 0.9577 2647 407 2824 638
unknown 0.9330 733 1824 780 1932
unknown 0.9137 901 1816 973 1950
unknown 0.8103 1040 1826 1111 1958
zener 0.9389 3304 210 3413 272
zener 0.9302 3066 354 3182 405
