connector 0.9931 81 834 926 1582
connector 0.9921 14 296 337 752
connector 0.9894 3118 1426 3649 2135
connector 0.9874 1794 424 2352 663
connector 0.9840 818 5 2037 360
connector 0.9809 2018 26 3064 395
connector 0.9785 3225 937 3711 1259
connector 0.9784 3225 500 3712 866
connector 0.9777 2229 2084 3069 2406
connector 0.9678 1244 2077 2217 2411
connector 0.9660 2471 1808 2933 2063
connector 0.9628 0 1631 323 2083
connector 0.9562 1172 647 1289 884
connector 0.9297 1388 1141 1643 2063
connector 0.9055 3214 281 3569 513
connector 0.8834 1101 1340 1341 1455
connector 0.8690 1310 547 1561 1085
resistor 0.9647 1281 1798 1361 1835
resistor 0.9565 1721 434 1784 472
resistor 0.9495 1308 1901 1346 1984
resistor 0.9483 3324 1305 3363 1339
resistor 0.9331 1271 1862 1345 1895
resistor 0.9325 2976 1689 3012 1762
resistor 0.9145 3166 687 3199 712
resistor 0.9134 3057 1689 3093 1764
resistor 0.9113 2268 1735 2348 1779
resistor 0.8751 1219 378 1283 416
resistor 0.8692 2681 1750 2752 1795
resistor 0.8543 2358 1736 2429 1777
resistor 0.8374 1639 390 1703 416
resistor 0.8184 1716 792 1782 837
resistor 0.8156 1284 1635 1363 1671
resistor 0.8088 1720 713 1748 767
resistor 0.7878 2464 1744 2545 1773
resistor 0.7684 1282 511 1360 547
resistor 0.7443 3065 1884 3104 1965
resistor 0.7272 2285 1869 2356 1907
resistor 0.7257 1954 1851 2025 1889
resistor 0.7086 1291 1743 1370 1788
resistor 0.6645 1003 2028 1078 2073
resistor 0.6471 3009 1885 3054 1957
pads 0.9866 2376 1782 2424 1862
pads 0.9556 1954 1794 2036 1830
pads 0.9075 3387 1266 3423 1286
pads 0.9048 582 1608 905 1748
pads 0.8966 2986 1303 3012 1350
pads 0.8814 1288 1240 1371 1277
pads 0.8707 1093 1950 1243 2030
pads 0.8365 1810 669 1881 704
pads 0.7817 1297 1186 1371 1231
pads 0.7588 1273 1905 1300 1985
capacitor 0.9773 2816 657 2888 686
capacitor 0.9685 1524 407 1560 479
capacitor 0.9680 2556 657 2635 685
capacitor 0.9616 1098 1869 1249 1944
capacitor 0.9525 931 1168 970 1242
capacitor 0.9518 2681 659 2751 686
capacitor 0.9507 939 1061 970 1132
capacitor 0.9398 933 981 980 1059
capacitor 0.9359 1004 1087 1038 1160
capacitor 0.9253 942 1298 977 1375
capacitor 0.9213 2269 1930 2333 1966
capacitor 0.9130 2683 704 2751 738
capacitor 0.9112 2556 604 2627 640
capacitor 0.9087 1147 433 1219 575
capacitor 0.8983 2859 482 2940 603
capacitor 0.8961 2816 612 2887 640
capacitor 0.8912 2680 605 2750 640
capacitor 0.8635 2967 1885 3010 1960
capacitor 0.8276 931 1672 1066 1743
capacitor 0.8050 2816 713 2879 747
capacitor 0.8048 1041 1295 1079 1369
capacitor 0.8047 2547 478 2591 591
capacitor 0.8031 1558 674 1600 750
capacitor 0.7627 2556 703 2626 730
capacitor 0.7491 466 2173 540 2211
capacitor 0.7410 993 1295 1031 1375
capacitor 0.6744 465 1751 609 1814
capacitor 0.6482 2279 1779 2359 1824
text 0.9855 3029 1453 3092 1573
text 0.9796 933 1376 976 1457
text 0.9791 3156 387 3208 496
text 0.9789 1882 2000 2052 2073
text 0.9786 2759 1743 2851 1794
text 0.9758 1731 378 1784 416
text 0.9744 1879 667 1968 711
text 0.9743 978 1482 1102 1592
text 0.9735 2914 648 3002 692
text 0.9713 1228 530 1278 651
text 0.9708 2545 1733 2627 1778
text 0.9691 3075 953 3146 1234
text 0.9684 1917 1886 1992 1931
text 0.9675 2914 611 2994 648
text 0.9673 2959 1590 3006 1679
text 0.9655 1111 441 1148 535
text 0.9654 1820 380 1929 425
text 0.9627 473 2217 565 2260
text 0.9618 645 487 687 553
text 0.9615 1028 2138 1146 2191
text 0.9610 518 2100 637 2155
text 0.9602 2358 595 2439 639
text 0.9590 1650 425 1702 470
text 0.9589 1289 455 1352 497
text 0.9576 504 77 620 389
text 0.9551 2816 436 2853 523
text 0.9540 1291 371 1352 425
text 0.9503 3157 532 3210 575
text 0.9492 2369 1904 2420 1948
text 0.9463 375 313 447 548
text 0.9455 1007 936 1094 981
text 0.9432 903 1735 1006 1782
text 0.9412 3164 1062 3218 1116
text 0.9400 3174 604 3216 656
text 0.9397 3084 518 3147 888
text 0.9385 906 2021 995 2067
text 0.9364 2869 1725 2941 1778
text 0.9351 3023 1304 3083 1348
text 0.9345 233 2045 287 2107
text 0.9333 2943 1241 3021 1285
text 0.9329 1559 371 1619 414
text 0.9329 2356 433 2438 495
text 0.9312 1185 1274 1262 1339
text 0.9311 1195 1627 1281 1671
text 0.9304 2459 604 2539 639
text 0.9288 703 640 1059 694
text 0.9264 1740 1989 1784 2073
text 0.9248 3389 1295 3442 1340
text 0.9248 1129 1670 1194 1715
text 0.9232 2976 1070 3038 1116
text 0.9227 2149 2003 2304 2074
text 0.9201 1192 1068 1253 1114
text 0.9198 2751 407 2804 451
text 0.9164 474 630 689 690
text 0.9138 1003 981 1088 1027
text 0.9134 2359 643 2436 683
text 0.9126 2367 1992 2420 2048
text 0.9116 340 1613 411 1824
text 0.9110 2290 1977 2341 2014
text 0.9106 950 873 1005 933
text 0.9093 1655 1070 1750 1510
text 0.9077 2422 1835 2463 1915
text 0.9046 1704 1949 1782 1987
text 0.9021 1121 768 1163 901
text 0.9003 1149 2075 1242 2120
text 0.8974 1695 1989 1738 2075
text 0.8913 2492 498 2536 577
text 0.8875 779 2004 850 2064
text 0.8874 1957 1743 2020 1786
text 0.8815 3319 1343 3396 1394
text 0.8814 1704 1814 1786 1859
text 0.8810 1099 982 1221 1033
text 0.8804 291 726 336 793
text 0.8801 2934 417 3093 491
text 0.8799 1150 2122 1239 2172
text 0.8797 1270 1976 1331 2054
text 0.8791 1030 1375 1082 1430
text 0.8771 2368 1949 2421 1992
text 0.8756 1578 414 1649 480
text 0.8736 2943 1184 3027 1230
text 0.8703 2422 1769 2474 1812
text 0.8652 2986 524 3031 578
text 0.8649 2674 425 2744 469
text 0.8634 1205 1224 1295 1273
text 0.8606 1704 1860 1782 1905
text 0.8605 663 2013 716 2065
text 0.8575 1637 784 1707 836
text 0.8552 2931 1787 2976 1848
text 0.8547 404 2210 456 2262
text 0.8546 448 363 511 408
text 0.8522 1708 1903 1783 1948
text 0.8466 1013 1734 1077 1786
text 0.8463 3042 1957 3103 2054
text 0.8446 519 1580 583 1627
text 0.8370 2421 1974 2474 2057
text 0.8330 467 1689 564 1734
text 0.8328 2160 1948 2239 2003
text 0.8295 2969 1958 3013 2048
text 0.8288 1707 1772 1793 1817
text 0.8208 1202 1178 1291 1231
text 0.8158 3050 1591 3101 1681
text 0.8113 3149 738 3230 784
text 0.8110 1749 675 1792 739
text 0.8102 2359 683 2437 723
text 0.7999 2913 692 2992 738
text 0.7981 1103 936 1192 981
text 0.7945 2454 686 2534 728
text 0.7887 1247 990 1301 1080
text 0.7843 999 887 1090 933
text 0.7658 2609 407 2671 452
text 0.7529 1556 757 1611 811
text 0.5110 1646 837 1706 902
text 0.3569 3023 1920 3073 2036
component 0.9902 49 1809 162 1941
component 0.9669 2054 1140 2759 1544
component 0.9662 976 1610 1021 1637
component 0.9648 465 929 594 1404
component 0.9369 1402 398 1470 476
component 0.9240 2371 854 2762 982
component 0.8470 2096 1804 2224 1918
component 0.4580 76 448 235 587
led 0.9532 1039 2083 1143 2135
ic 0.9683 1816 711 2943 1729
ic 0.9260 1103 1706 1268 1851
ic 0.9245 1560 484 1783 667
ic 0.8977 2976 1771 3092 1868
ic 0.8750 2047 1763 2270 1941
button 0.9386 662 329 1158 622
diode 0.9116 573 1787 885 1996
diode 0.7903 328 1863 540 2118
diode 0.7861 448 415 530 567
diode 0.7365 1102 1080 1175 1178
diode 0.7118 994 1170 1056 1260
diode 0.6863 1229 456 1269 543
transistor 0.7683 1367 365 1510 509
jumper 0.9080 1047 1476 1327 1628
inductor 0.9842 895 1786 1078 2014
inductor 0.9260 544 462 649 610
unknown 0.9657 2746 469 2814 603
unknown 0.9085 2941 491 2988 604
unknown 0.8962 2612 461 2678 602
zener 0.9631 308 2157 422 2216
zener 0.9609 536 2019 656 2066
