connector 0.9907 92 847 919 1589
connector 0.9896 3120 273 3649 995
connector 0.9888 2036 2033 3043 2405
connector 0.9849 54 1669 359 2098
connector 0.9839 3229 1554 3715 1920
connector 0.9830 3227 1165 3718 1491
connector 0.9824 2233 9 3067 343
connector 0.9799 855 2064 2053 2418
connector 0.9794 1180 15 2224 341
connector 0.9785 1793 1758 2353 1992
connector 0.9718 1174 1544 1288 1772
connector 0.9688 1 343 322 780
connector 0.9670 2472 360 2934 611
connector 0.9629 3214 1903 3574 2147
connector 0.9592 1389 370 1642 1293
connector 0.8929 1310 1313 1563 1875
connector 0.7691 1105 974 1336 1087
resistor 0.9649 3165 1709 3201 1735
resistor 0.9576 1273 528 1344 560
resistor 0.9433 3326 1089 3364 1115
resistor 0.9125 1279 587 1364 629
resistor 0.9084 2977 665 3012 739
resistor 0.9067 1216 2011 1281 2044
resistor 0.8920 2681 632 2752 675
resistor 0.8690 1722 1956 1786 1992
resistor 0.8589 1309 439 1347 523
resistor 0.8421 2268 648 2348 686
resistor 0.8340 1005 352 1076 397
resistor 0.8305 1719 1593 1783 1634
resistor 0.8265 2358 649 2429 685
resistor 0.7919 2286 522 2356 558
resistor 0.7857 3052 658 3092 738
resistor 0.7840 1284 756 1360 795
resistor 0.7792 2464 653 2546 685
resistor 0.7540 3013 458 3057 541
resistor 0.7534 1728 1656 1778 1727
resistor 0.7453 1282 1879 1360 1912
resistor 0.6909 1640 2002 1703 2039
resistor 0.6899 1952 542 2023 577
resistor 0.6635 3066 462 3102 542
resistor 0.6306 1286 639 1375 677
resistor 0.3207 958 775 1053 821
pads 0.9229 2376 566 2420 639
pads 0.9139 1292 1152 1369 1187
pads 0.8997 1955 595 2033 631
pads 0.8981 574 681 899 821
pads 0.8926 1093 398 1245 468
pads 0.8699 1812 1723 1882 1751
pads 0.8267 2985 1072 3013 1122
pads 0.8172 1298 1195 1372 1240
pads 0.8036 3391 1133 3425 1159
pads 0.5065 1273 443 1300 526
pads 0.3773 2954 1225 3026 1282
capacitor 0.9837 2558 1743 2636 1771
capacitor 0.9822 942 1052 978 1133
capacitor 0.9727 939 1294 969 1360
capacitor 0.9558 2814 1736 2886 1769
capacitor 0.9535 1003 1258 1040 1337
capacitor 0.9520 934 1365 978 1438
capacitor 0.9421 2279 601 2358 641
capacitor 0.9406 2969 467 3012 540
capacitor 0.9335 2680 1786 2752 1815
capacitor 0.9302 2559 1788 2630 1823
capacitor 0.9244 2681 1743 2750 1770
capacitor 0.9243 2860 1821 2940 1949
capacitor 0.9091 1037 1058 1077 1128
capacitor 0.8999 2547 1834 2591 1938
capacitor 0.8982 2680 1689 2752 1723
capacitor 0.8921 2268 461 2333 498
capacitor 0.8861 1093 476 1249 558
capacitor 0.8860 2556 1692 2627 1723
capacitor 0.8856 1523 1939 1560 2012
capacitor 0.8847 1146 1851 1219 1989
capacitor 0.8741 934 1178 970 1257
capacitor 0.8401 2816 1680 2878 1716
capacitor 0.8348 2813 1785 2885 1815
capacitor 0.7988 470 216 535 254
capacitor 0.7357 1561 1671 1596 1739
capacitor 0.7155 933 684 1064 756
capacitor 0.6232 993 1050 1031 1133
capacitor 0.5667 467 604 607 676
text 0.9872 1883 355 2050 422
text 0.9810 523 267 637 326
text 0.9772 3155 1923 3210 2038
text 0.9681 1229 1777 1284 1890
text 0.9677 1702 439 1783 479
text 0.9670 933 969 977 1050
text 0.9662 1740 354 1784 436
text 0.9606 3083 1532 3147 1912
text 0.9595 1103 1393 1219 1438
text 0.9590 476 164 567 207
text 0.9564 2959 745 3005 839
text 0.9564 339 600 410 812
text 0.9550 380 1865 448 2125
text 0.9548 2814 1903 2852 1985
text 0.9544 2762 631 2854 683
text 0.9543 906 358 996 406
text 0.9541 1291 1928 1354 1967
text 0.9524 1113 1886 1147 1979
text 0.9506 2543 645 2625 689
text 0.9504 1703 523 1786 568
text 0.9499 1184 1086 1262 1149
text 0.9493 2366 380 2420 436
text 0.9483 501 2040 617 2341
text 0.9473 974 837 1100 945
text 0.9472 1730 2003 1786 2044
text 0.9465 3032 849 3094 970
text 0.9436 1658 923 1749 1348
text 0.9431 2914 1734 2998 1770
text 0.9428 1029 236 1149 282
text 0.9405 1701 569 1787 612
text 0.9377 1006 1437 1091 1482
text 0.9343 2456 1787 2538 1824
text 0.9342 1120 1528 1164 1662
text 0.9333 3075 1188 3146 1474
text 0.9279 2749 1971 2805 2020
text 0.9275 3317 1033 3396 1080
text 0.9269 1650 1957 1705 2002
text 0.9261 2420 504 2465 587
text 0.9245 2358 1786 2438 1831
text 0.9231 1884 1714 1970 1757
text 0.9215 286 1632 334 1702
text 0.9207 468 1732 690 1793
text 0.9199 1200 1152 1291 1197
text 0.9183 3166 1314 3218 1364
text 0.9164 906 639 1002 691
text 0.9164 1290 2004 1356 2048
text 0.9161 3390 1087 3443 1131
text 0.9159 1272 367 1335 443
text 0.9127 233 317 287 376
text 0.9123 2456 1743 2538 1779
text 0.9094 2287 406 2342 443
text 0.9057 450 2016 512 2056
text 0.9046 715 1728 1063 1786
text 0.9041 3023 1077 3083 1124
text 0.9027 2367 434 2423 479
text 0.9018 2158 423 2239 476
text 0.9007 3156 1846 3209 1894
text 0.8973 2359 1697 2439 1736
text 0.8968 1822 1999 1928 2040
text 0.8939 779 361 848 423
text 0.8927 1748 1688 1794 1752
text 0.8918 644 1878 689 1940
text 0.8915 1560 2008 1622 2047
text 0.8910 1922 498 1996 542
text 0.8907 1147 299 1242 346
text 0.8881 950 1493 1005 1556
text 0.8864 2420 372 2475 449
text 0.8856 2358 1743 2439 1780
text 0.8854 1191 1312 1250 1357
text 0.8847 2668 1956 2740 2003
text 0.8814 3050 741 3102 839
text 0.8810 663 361 716 415
text 0.8796 1128 714 1193 760
text 0.8766 2359 1929 2438 1991
text 0.8759 1004 1397 1084 1443
text 0.8757 519 793 581 846
text 0.8750 2151 354 2301 421
text 0.8717 1195 756 1281 802
text 0.8690 3173 1761 3217 1820
text 0.8660 2970 374 3014 466
text 0.8603 2940 1191 3028 1240
text 0.8572 2975 1303 3040 1356
text 0.8544 2872 646 2940 702
text 0.8540 2942 1140 3021 1186
text 0.8501 1694 354 1740 441
text 0.8497 2984 1848 3031 1904
text 0.8485 994 977 1069 1056
text 0.8417 1701 611 1793 657
text 0.8365 2913 1779 2994 1815
text 0.8334 2934 1932 3093 2008
text 0.8296 3026 374 3092 464
text 0.8292 3144 1644 3227 1690
text 0.8240 2371 481 2421 528
text 0.8206 1104 1437 1192 1488
text 0.8181 1006 1484 1093 1528
text 0.8164 1245 1347 1303 1437
text 0.8031 403 164 458 213
text 0.8028 2456 1698 2536 1735
text 0.7879 1563 1615 1611 1677
text 0.7879 2492 1841 2536 1929
text 0.7768 2931 579 2978 642
text 0.7733 1012 639 1076 685
text 0.7709 1570 1943 1648 2004
text 0.7631 1953 641 2015 686
text 0.7606 468 689 563 741
text 0.7569 1151 253 1239 299
text 0.7535 1641 1590 1704 1644
text 0.7523 1201 1195 1288 1241
text 0.7451 2608 1977 2670 2019
text 0.7435 1022 989 1084 1056
text 0.7319 2912 1684 2994 1726
text 0.7265 1703 476 1784 522
text 0.6746 2422 612 2476 657
text 0.5751 3065 368 3103 459
component 0.9918 53 479 167 607
component 0.9590 456 1021 589 1517
component 0.9544 2054 881 2761 1283
component 0.9236 978 791 1021 819
component 0.9165 2368 1446 2755 1571
component 0.8520 2100 505 2222 614
component 0.8510 91 1846 217 1969
component 0.8140 1406 1944 1467 2039
led 0.9511 1040 290 1148 342
ic 0.9643 1815 694 2945 1704
ic 0.9277 1563 1751 1783 1937
ic 0.9131 2977 554 3093 658
ic 0.8895 1107 566 1266 721
ic 0.7744 2046 477 2270 664
button 0.9545 659 1802 1154 2101
diode 0.9377 333 312 541 557
diode 0.9159 582 432 887 641
diode 0.8923 1101 1241 1174 1347
diode 0.8830 995 1168 1056 1249
diode 0.8213 1229 1887 1273 1965
diode 0.7171 450 1859 528 2007
transistor 0.6897 1370 1915 1508 2063
jumper 0.9426 1047 797 1323 955
inductor 0.9753 892 406 1076 642
inductor 0.9615 547 1815 647 1968
unknown 0.8746 2742 1821 2819 1956
unknown 0.8713 2940 1823 2987 1932
unknown 0.8444 2609 1825 2680 1957
zener 0.9323 539 353 654 406
zener 0.9279 306 211 423 273
