connector 0.9895 3120 274 3649 994
connector 0.9880 81 850 922 1589
connector 0.9869 2025 2033 3053 2406
connector 0.9834 3227 1552 3715 1924
connector 0.9829 1795 1760 2346 1994
connector 0.9822 1245 14 2214 345
connector 0.9808 2236 18 3064 339
connector 0.9757 3224 1165 3714 1487
connector 0.9740 823 2065 2032 2424
connector 0.9716 1172 1545 1289 1773
connector 0.9713 2474 363 2933 614
connector 0.9708 1389 365 1642 1290
connector 0.9654 28 1710 303 2099
connector 0.9538 0 339 321 788
connector 0.9474 3214 1903 3569 2148
connector 0.8007 1102 973 1340 1089
connector 0.7940 1309 1329 1564 1881
resistor 0.9737 3164 1707 3201 1733
resistor 0.9652 1271 528 1344 561
resistor 0.9534 3326 1088 3361 1115
resistor 0.9218 2977 666 3012 737
resistor 0.9162 1217 2009 1283 2044
resistor 0.9063 2356 650 2428 686
resistor 0.8996 2679 631 2753 675
resistor 0.8912 1720 1959 1783 1996
resistor 0.8798 1308 438 1345 521
resistor 0.8655 1282 588 1363 631
resistor 0.8586 2269 649 2348 686
resistor 0.8179 1004 351 1078 396
resistor 0.8078 3013 460 3057 540
resistor 0.8039 3052 659 3093 737
resistor 0.7931 1640 2003 1699 2038
resistor 0.7796 1721 1590 1786 1633
resistor 0.7763 1281 1878 1363 1913
resistor 0.7730 1281 751 1359 793
resistor 0.7604 2463 655 2546 687
resistor 0.7345 1290 640 1372 677
resistor 0.7335 3066 463 3102 543
resistor 0.7280 2285 525 2354 562
resistor 0.6890 1955 541 2024 577
resistor 0.6660 1727 1656 1782 1726
resistor 0.3567 1709 1648 1753 1712
pads 0.9339 2375 567 2421 639
pads 0.9265 1955 594 2035 631
pads 0.9121 1095 398 1246 470
pads 0.8845 579 683 902 818
pads 0.8838 1294 1152 1372 1189
pads 0.8409 2983 1071 3012 1123
pads 0.8329 1814 1723 1881 1752
pads 0.8291 3389 1132 3425 1159
pads 0.7472 1299 1192 1374 1240
pads 0.5509 1273 441 1299 521
capacitor 0.9811 942 1051 978 1130
capacitor 0.9791 2558 1742 2636 1771
capacitor 0.9769 941 1294 972 1359
capacitor 0.9654 933 1363 979 1440
capacitor 0.9548 2815 1735 2888 1769
capacitor 0.9537 2679 1786 2752 1816
capacitor 0.9517 2968 470 3013 542
capacitor 0.9472 1003 1257 1039 1338
capacitor 0.9471 1523 1940 1559 2013
capacitor 0.9409 2678 1740 2751 1768
capacitor 0.9376 1034 1058 1074 1129
capacitor 0.9366 2557 1788 2629 1824
capacitor 0.9355 2282 603 2358 641
capacitor 0.9277 2861 1820 2940 1951
capacitor 0.9084 1148 1849 1220 1991
capacitor 0.9056 2682 1689 2752 1721
capacitor 0.9041 1094 479 1245 557
capacitor 0.8903 2267 461 2331 497
capacitor 0.8788 933 1181 969 1254
capacitor 0.8757 2546 1831 2590 1940
capacitor 0.8687 467 217 538 255
capacitor 0.8346 2556 1692 2627 1722
capacitor 0.8306 2816 1785 2887 1815
capacitor 0.8182 2815 1680 2878 1716
capacitor 0.7907 930 685 1065 756
capacitor 0.7444 1559 1671 1597 1743
capacitor 0.5779 469 605 617 669
capacitor 0.5212 993 1053 1031 1132
text 0.9870 1880 353 2051 424
text 0.9780 1228 1776 1285 1892
text 0.9774 378 1871 447 2117
text 0.9763 3156 1924 3210 2038
text 0.9755 475 166 564 210
text 0.9737 1740 353 1783 433
text 0.9734 340 602 412 808
text 0.9716 1103 1391 1217 1437
text 0.9711 2763 631 2852 684
text 0.9701 518 268 636 324
text 0.9691 2960 748 3003 837
text 0.9675 1701 438 1783 479
text 0.9671 1113 1884 1148 1981
text 0.9650 2544 646 2626 691
text 0.9650 501 2033 617 2335
text 0.9635 932 969 978 1050
text 0.9635 1882 1716 1970 1759
text 0.9610 2368 380 2419 436
text 0.9609 3030 847 3093 969
text 0.9588 1029 235 1147 281
text 0.9586 3084 1532 3147 1908
text 0.9547 905 358 994 405
text 0.9544 1290 1930 1353 1968
text 0.9536 2816 1900 2851 1986
text 0.9536 2914 1731 2999 1769
text 0.9534 1292 2004 1355 2048
text 0.9519 1729 2004 1784 2046
text 0.9488 1272 365 1333 443
text 0.9469 904 640 1003 690
text 0.9452 1184 1089 1259 1150
text 0.9427 978 836 1100 945
text 0.9425 2456 1787 2538 1824
text 0.9423 1192 1313 1252 1357
text 0.9406 2674 1954 2745 2003
text 0.9401 1121 1526 1164 1661
text 0.9394 2357 1786 2438 1832
text 0.9383 3390 1086 3442 1131
text 0.9380 1006 1437 1093 1481
text 0.9371 3075 1189 3147 1475
text 0.9328 3166 1312 3218 1363
text 0.9287 1703 524 1784 569
text 0.9281 3319 1035 3395 1080
text 0.9261 3022 1079 3083 1124
text 0.9261 2456 1744 2536 1780
text 0.9231 1556 2008 1622 2048
text 0.9223 3174 1763 3217 1823
text 0.9218 2287 406 2338 443
text 0.9209 1200 1151 1293 1196
text 0.9208 1649 1957 1702 2004
text 0.9197 2750 1971 2806 2020
text 0.9182 2421 507 2462 591
text 0.9176 1129 712 1192 756
text 0.9107 2420 370 2473 452
text 0.9099 1746 1690 1792 1754
text 0.9097 645 1875 691 1940
text 0.9095 2358 1929 2438 1993
text 0.9079 1147 299 1243 344
text 0.9072 662 361 716 414
text 0.9065 286 1632 331 1702
text 0.9041 2870 645 2939 700
text 0.9029 2358 1743 2441 1780
text 0.9007 1658 930 1748 1343
text 0.8999 1693 352 1739 439
text 0.8992 2358 1696 2438 1736
text 0.8990 1821 1998 1930 2040
text 0.8959 3157 1847 3209 1896
text 0.8943 1707 611 1792 658
text 0.8929 1921 496 1997 540
text 0.8914 2147 353 2305 424
text 0.8911 715 1724 1072 1787
text 0.8898 2367 434 2422 480
text 0.8886 2942 1192 3028 1239
text 0.8873 234 318 285 377
text 0.8857 2160 423 2239 479
text 0.8821 1705 567 1786 610
text 0.8819 3048 739 3101 835
text 0.8746 1192 757 1278 802
text 0.8737 519 792 582 846
text 0.8726 790 363 853 424
text 0.8725 449 2014 510 2054
text 0.8687 1014 639 1076 684
text 0.8664 2934 1934 3094 2012
text 0.8657 2968 382 3014 469
text 0.8597 1005 1483 1092 1528
text 0.8592 2984 1851 3030 1904
text 0.8592 2978 1305 3039 1355
text 0.8550 1953 640 2017 684
text 0.8490 1245 1349 1304 1436
text 0.8462 997 978 1065 1055
text 0.8447 1003 1397 1086 1444
text 0.8368 2940 1141 3020 1188
text 0.8356 1104 1437 1192 1488
text 0.8347 2915 1778 2996 1814
text 0.8330 3027 374 3092 464
text 0.8306 2492 1844 2536 1932
text 0.8246 948 1491 1006 1552
text 0.8244 403 165 458 216
text 0.8143 2456 1698 2535 1735
text 0.8137 1199 1194 1290 1241
text 0.8115 1641 1587 1703 1642
text 0.8091 467 1732 686 1795
text 0.8084 2932 579 2976 642
text 0.8005 2369 478 2420 522
text 0.7927 2609 1976 2670 2020
text 0.7911 2912 1684 2993 1726
text 0.7895 469 688 563 740
text 0.7770 3147 1643 3229 1689
text 0.7612 1571 1946 1643 2002
text 0.7594 1153 254 1237 299
text 0.7364 1557 1615 1611 1677
text 0.7327 1704 477 1784 523
text 0.7011 1028 989 1083 1055
text 0.6763 2422 612 2475 660
text 0.4876 3064 366 3104 460
component 0.9933 54 480 164 607
component 0.9571 2051 881 2763 1281
component 0.9428 455 1040 590 1502
component 0.9402 2367 1444 2757 1571
component 0.9330 977 792 1021 820
component 0.9031 92 1845 219 1970
component 0.8514 2093 503 2226 620
component 0.8490 1406 1946 1466 2036
led 0.9671 1040 291 1146 344
ic 0.9674 1810 693 2948 1708
ic 0.9451 1562 1754 1784 1940
ic 0.9377 1101 570 1265 717
ic 0.9303 2977 556 3093 659
ic 0.7849 2045 478 2270 662
button 0.9489 661 1803 1152 2097
diode 0.9216 580 431 889 639
diode 0.9126 1228 1885 1273 1965
diode 0.9057 330 312 538 555
diode 0.8686 995 1168 1058 1250
diode 0.8430 1103 1241 1175 1345
diode 0.7028 450 1856 528 2009
transistor 0.7327 1367 1914 1509 2062
jumper 0.9546 1044 801 1326 953
inductor 0.9708 894 405 1075 640
inductor 0.9440 548 1817 646 1965
unknown 0.8977 2743 1821 2816 1956
unknown 0.8720 2609 1824 2678 1958
unknown 0.8579 2941 1823 2987 1930
zener 0.9390 304 208 421 271
zener 0.9319 536 353 652 406
