connector 0.9843 0 368 206 681
connector 0.9842 301 0 823 179
connector 0.9840 831 0 1464 173
connector 0.9818 953 578 1100 665
connector 0.9809 323 1235 971 1437
connector 0.9797 1272 430 1352 579
connector 0.9762 2001 1007 2191 1235
connector 0.9733 1667 455 2369 966
connector 0.9718 170 836 233 1102
connector 0.9685 987 806 1090 990
connector 0.9676 1041 1247 1725 1430
connector 0.9660 1362 433 1436 574
connector 0.9590 862 681 1010 756
connector 0.9570 1071 328 1157 477
connector 0.9567 1461 3 1665 286
connector 0.9561 1207 1013 1357 1097
connector 0.9467 702 857 852 938
connector 0.9402 2008 144 2191 449
connector 0.9237 798 767 949 846
connector 0.9225 1398 801 1504 990
connector 0.9173 1777 990 1926 1069
connector 0.9164 953 486 1107 567
connector 0.9083 1835 30 2066 111
connector 0.9079 1281 1114 1358 1203
connector 0.8869 1162 330 1249 476
connector 0.8234 240 885 400 1177
connector 0.8070 745 210 901 370
resistor 0.9806 1106 865 1129 905
resistor 0.9776 1570 739 1636 773
resistor 0.9699 942 1099 987 1121
resistor 0.9689 855 910 906 927
resistor 0.9676 1472 1172 1494 1223
resistor 0.9643 1067 1007 1084 1052
resistor 0.9589 793 961 816 1001
resistor 0.9573 890 1006 907 1052
resistor 0.9549 718 831 758 848
resistor 0.9520 965 1007 987 1052
resistor 0.9493 1437 584 1501 613
resistor 0.9471 826 425 855 459
resistor 0.9454 975 1058 1021 1075
resistor 0.9438 1244 596 1284 618
resistor 0.9430 861 870 913 898
resistor 0.9396 461 213 495 247
resistor 0.9332 685 752 735 806
resistor 0.9301 1236 512 1260 551
resistor 0.9288 1015 778 1067 802
resistor 0.9280 820 608 844 654
resistor 0.9141 1677 1035 1712 1069
resistor 0.9128 706 722 763 779
resistor 0.9112 678 1144 742 1173
resistor 0.9067 205 305 251 328
resistor 0.9036 1123 676 1147 720
resistor 0.8996 160 157 205 180
resistor 0.8933 941 1127 980 1144
resistor 0.8896 1340 978 1391 995
resistor 0.8787 798 396 832 431
resistor 0.8774 998 1098 1037 1115
resistor 0.8734 562 848 612 864
resistor 0.8713 891 967 936 984
resistor 0.8688 1751 1212 1795 1235
resistor 0.8659 1346 928 1364 966
resistor 0.8613 1014 750 1061 774
resistor 0.8606 1767 1075 1842 1104
resistor 0.8586 1860 431 1911 453
resistor 0.8581 1454 496 1471 539
resistor 0.8501 200 220 257 249
resistor 0.8456 87 340 124 356
resistor 0.8384 199 259 250 283
resistor 0.8232 467 1158 484 1199
resistor 0.8045 1661 1018 1694 1052
resistor 0.7576 1528 927 1567 944
pads 0.9710 1874 117 1990 185
pads 0.9672 1311 807 1375 847
pads 0.9660 1790 186 1870 225
pads 0.9639 1569 580 1643 614
pads 0.9609 723 676 790 737
pads 0.9605 1998 135 2066 174
pads 0.9495 1157 773 1191 858
pads 0.9490 661 288 696 323
pads 0.9483 1574 785 1631 817
pads 0.9476 1574 705 1625 728
pads 0.9448 677 312 713 346
pads 0.9430 1449 1127 1471 1167
pads 0.9410 159 186 210 208
pads 0.9365 855 596 894 670
pads 0.9293 884 368 923 409
pads 0.9284 1665 1173 1693 1224
pads 0.9239 1568 619 1636 658
pads 0.9238 1397 591 1420 641
pads 0.9099 889 504 940 585
pads 0.9080 564 870 611 888
pads 0.9049 1032 1058 1076 1075
pads 0.8934 901 597 924 653
pads 0.8903 1541 847 1586 875
pads 0.8801 1797 231 1865 270
pads 0.8763 1358 590 1374 635
pads 0.8748 266 681 345 734
pads 0.8733 24 701 61 772
pads 0.8708 195 1241 243 1264
pads 0.8705 852 329 882 367
pads 0.8539 1535 877 1585 899
pads 0.8277 833 368 889 426
pads 0.8121 1199 841 1266 887
pads 0.7459 1301 1206 1351 1235
capacitor 0.9905 792 637 809 676
capacitor 0.9895 513 955 536 1008
capacitor 0.9762 233 806 250 847
capacitor 0.9731 1733 996 1767 1058
capacitor 0.9578 1140 869 1158 910
capacitor 0.9565 233 441 268 476
capacitor 0.9524 1123 733 1191 768
capacitor 0.9488 632 773 667 801
capacitor 0.9488 1420 723 1437 768
capacitor 0.9444 506 1139 575 1173
capacitor 0.9438 1414 664 1437 704
capacitor 0.9360 1374 841 1397 893
capacitor 0.9342 1604 958 1659 1013
capacitor 0.9338 1479 454 1511 511
capacitor 0.9259 1157 665 1192 727
capacitor 0.9218 336 739 370 773
capacitor 0.9113 68 699 96 750
capacitor 0.9077 810 699 826 745
capacitor 0.9068 884 1126 917 1144
capacitor 0.8982 1843 345 1882 368
capacitor 0.8946 1226 813 1266 836
capacitor 0.8945 707 340 736 373
capacitor 0.8940 1630 989 1671 1030
capacitor 0.8856 1088 203 1151 231
capacitor 0.8828 1226 791 1266 809
capacitor 0.8749 171 1207 216 1229
capacitor 0.8727 1049 1097 1095 1115
capacitor 0.8681 1176 202 1238 237
capacitor 0.8575 1820 1189 1847 1234
capacitor 0.8573 1175 898 1226 921
capacitor 0.8351 250 1185 301 1207
capacitor 0.8340 1198 745 1214 790
capacitor 0.8325 753 372 787 415
capacitor 0.8268 582 1139 599 1177
text 0.9892 1101 241 1129 271
text 0.9869 502 179 570 214
text 0.9867 1198 659 1226 721
text 0.9857 1648 123 1676 184
text 0.9850 1505 864 1534 921
text 0.9844 1169 967 1227 1001
text 0.9843 1437 1138 1449 1167
text 0.9842 1518 590 1573 624
text 0.9822 735 1069 770 1127
text 0.9793 1175 915 1226 950
text 0.9789 381 1180 399 1206
text 0.9785 119 1241 182 1269
text 0.9783 1106 1000 1136 1053
text 0.9782 96 682 125 738
text 0.9779 725 379 781 437
text 0.9768 187 1093 216 1121
text 0.9767 604 1138 637 1167
text 0.9763 1505 956 1540 984
text 0.9759 1094 801 1123 853
text 0.9757 1826 266 1887 295
text 0.9757 1511 300 1528 333
text 0.9751 1870 1292 1899 1354
text 0.9748 97 146 160 174
text 0.9744 1740 1087 1780 1127
text 0.9742 1831 318 1882 346
text 0.9742 1420 579 1432 619
text 0.9732 1123 1087 1180 1114
text 0.9729 833 705 861 761
text 0.9717 736 1013 765 1064
text 0.9713 2099 88 2127 145
text 0.9708 1897 186 1973 220
text 0.9699 1124 1052 1180 1081
text 0.9699 1283 579 1299 606
text 0.9695 368 721 502 865
text 0.9694 1385 643 1414 693
text 0.9677 1631 663 1665 735
text 0.9675 879 181 929 209
text 0.9674 833 1064 861 1120
text 0.9660 500 794 552 849
text 0.9659 1859 1235 1905 1264
text 0.9656 233 601 370 720
text 0.9643 1745 174 1796 202
text 0.9642 1580 938 1638 983
text 0.9636 1135 1007 1169 1052
text 0.9635 798 539 844 579
text 0.9632 1653 425 1676 454
text 0.9625 1369 751 1398 801
text 0.9624 695 1047 712 1079
text 0.9616 193 807 211 841
text 0.9610 1185 580 1237 608
text 0.9610 1648 8 1677 54
text 0.9609 1654 300 1676 328
text 0.9608 861 944 895 1001
text 0.9605 1648 57 1676 117
text 0.9596 929 1051 958 1096
text 0.9596 626 1075 668 1109
text 0.9594 221 123 290 157
text 0.9592 1466 779 1506 801
text 0.9590 936 573 952 601
text 0.9576 564 1030 593 1063
text 0.9574 1425 1052 1443 1081
text 0.9564 838 944 867 995
text 0.9563 821 1007 855 1064
text 0.9561 1335 870 1363 926
text 0.9557 1682 287 1720 322
text 0.9551 1517 620 1574 654
text 0.9544 1477 253 1494 287
text 0.9534 1921 962 1962 996
text 0.9531 1103 773 1155 802
text 0.9522 182 300 200 328
text 0.9521 1980 1064 2002 1104
text 0.9520 39 60 73 122
text 0.9516 667 220 717 272
text 0.9508 1516 733 1569 768
text 0.9508 957 453 1008 488
text 0.9506 1009 691 1038 739
text 0.9492 1968 379 2002 413
text 0.9487 1282 1195 1305 1235
text 0.9484 974 356 991 391
text 0.9483 108 14 178 42
text 0.9482 786 345 849 391
text 0.9479 770 795 798 847
text 0.9478 1979 1129 2002 1171
text 0.9475 279 740 307 790
text 0.9469 1757 264 1808 294
text 0.9467 662 950 684 985
text 0.9466 906 1013 935 1046
text 0.9465 1630 899 1665 950
text 0.9459 883 208 935 237
text 0.9458 1198 784 1227 842
text 0.9456 1916 1371 2014 1405
text 0.9451 222 186 290 214
text 0.9450 250 853 273 886
text 0.9449 1802 955 1842 985
text 0.9438 204 345 256 380
text 0.9432 604 949 638 985
text 0.9428 1072 774 1094 808
text 0.9427 1386 1041 1420 1070
text 0.9426 599 1080 621 1108
text 0.9425 1443 545 1494 579
text 0.9424 1744 140 1802 168
text 0.9420 1062 174 1117 203
text 0.9420 1882 242 1938 271
text 0.9417 549 234 581 276
text 0.9416 1670 214 1688 242
text 0.9416 1980 265 2001 332
text 0.9416 1408 179 1430 202
text 0.9412 1254 392 1266 422
text 0.9410 1533 898 1584 927
text 0.9409 724 767 792 830
text 0.9402 1123 624 1152 675
text 0.9400 239 540 285 580
text 0.9398 2069 90 2098 147
text 0.9390 1244 550 1272 602
text 0.9386 658 1201 696 1229
text 0.9379 2058 1263 2120 1303
text 0.9378 1009 221 1031 264
text 0.9371 2008 1229 2065 1258
text 0.9366 1881 3 1893 32
text 0.9364 941 483 952 505
text 0.9362 507 875 564 903
text 0.9354 1610 1172 1659 1227
text 0.9353 113 1366 182 1401
text 0.9342 1882 351 1916 379
text 0.9340 1699 1144 1728 1178
text 0.9330 912 243 946 288
text 0.9326 513 1008 542 1063
text 0.9309 1141 174 1197 202
text 0.9309 1974 172 2003 235
text 0.9301 1763 1235 1806 1263
text 0.9301 1956 1229 2012 1258
text 0.9292 313 310 359 361
text 0.9289 861 516 890 556
text 0.9283 547 797 575 829
text 0.9276 1848 1086 1876 1121
text 0.9275 1637 847 1666 900
text 0.9268 1214 515 1243 573
text 0.9266 257 254 301 288
text 0.9265 251 220 301 248
text 0.9242 1682 134 1716 208
text 0.9242 381 851 399 881
text 0.9241 587 214 637 259
text 0.9235 0 288 23 345
text 0.9232 518 1172 563 1207
text 0.9225 1733 954 1784 989
text 0.9217 952 817 981 895
text 0.9210 1048 424 1065 458
text 0.9209 644 796 703 850
text 0.9202 165 1179 223 1207
text 0.9199 1363 888 1398 944
text 0.9197 251 726 279 784
text 0.9196 695 977 712 1007
text 0.9196 0 649 22 677
text 0.9189 611 886 678 916
text 0.9187 1192 1063 1203 1098
text 0.9184 713 313 765 363
text 0.9184 1848 1126 1877 1167
text 0.9180 0 368 23 408
text 0.9173 587 789 642 840
text 0.9169 240 1234 274 1269
text 0.9151 1688 978 1739 1023
text 0.9146 1664 1138 1694 1173
text 0.9143 966 761 1015 790
text 0.9140 1184 482 1244 505
text 0.9137 0 232 22 282
text 0.9136 1677 1241 1717 1275
text 0.9135 410 174 445 202
text 0.9133 1802 50 1831 105
text 0.9133 718 938 752 973
text 0.9119 1471 1076 1505 1115
text 0.9104 1951 1195 1995 1229
text 0.9102 672 882 701 916
text 0.9101 0 686 22 738
text 0.9100 1899 956 1916 991
text 0.9099 798 748 828 769
text 0.9099 427 1138 462 1194
text 0.9091 1346 1098 1380 1132
text 0.9080 1374 944 1392 979
text 0.9080 442 1201 461 1234
text 0.9065 839 1120 883 1157
text 0.9064 1517 767 1574 796
text 0.9057 759 242 775 271
text 0.9055 1681 1047 1734 1097
text 0.9053 783 187 833 233
text 0.9029 513 214 563 242
text 0.9027 1637 795 1665 846
text 0.9025 1420 1001 1471 1029
text 0.9016 1523 665 1574 693
text 0.9016 1232 978 1287 1013
text 0.9001 1391 991 1419 1047
text 0.8998 929 1156 959 1200
text 0.8994 166 1121 241 1155
text 0.8991 1448 442 1476 487
text 0.8989 1385 704 1414 755
text 0.8975 764 1013 787 1063
text 0.8974 211 412 261 459
text 0.8964 598 922 689 956
text 0.8964 911 876 970 904
text 0.8954 1488 1161 1546 1196
text 0.8945 966 794 987 825
text 0.8941 1472 1125 1500 1166
text 0.8921 302 1178 341 1213
text 0.8921 798 494 844 534
text 0.8913 1226 236 1249 265
text 0.8908 2002 2 2019 31
text 0.8907 980 214 1009 270
text 0.8901 1797 1126 1847 1161
text 0.8893 1306 391 1328 420
text 0.8892 1820 425 1852 465
text 0.8891 1579 300 1602 328
text 0.8884 2047 1310 2064 1337
text 0.8880 990 1206 1009 1235
text 0.8876 34 340 86 362
text 0.8851 1802 117 1852 145
text 0.8840 1980 238 1996 271
text 0.8827 5 202 28 225
text 0.8815 1985 111 2001 139
text 0.8791 1688 1115 1728 1144
text 0.8782 941 420 998 443
text 0.8780 1630 557 1671 589
text 0.8772 1266 762 1317 790
text 0.8767 1318 773 1358 801
text 0.8759 1819 1229 1854 1270
text 0.8751 1104 1202 1141 1236
text 0.8751 182 259 198 288
text 0.8731 1564 921 1613 968
text 0.8710 764 180 781 213
text 0.8709 1830 294 1881 322
text 0.8685 222 1303 239 1332
text 0.8677 1578 424 1602 454
text 0.8675 233 493 279 533
text 0.8671 1065 288 1118 323
text 0.8664 1797 1104 1837 1132
text 0.8661 1665 961 1717 1007
text 0.8644 1033 221 1067 271
text 0.8641 1373 385 1391 420
text 0.8641 559 990 598 1024
text 0.8634 665 837 707 880
text 0.8633 1578 551 1603 579
text 0.8627 1927 1001 1986 1041
text 0.8619 850 1179 884 1219
text 0.8607 176 220 199 248
text 0.8599 496 237 535 276
text 0.8585 1106 978 1163 1006
text 0.8580 1516 819 1573 852
text 0.8577 816 447 866 498
text 0.8553 1290 984 1345 1018
text 0.8551 1037 322 1071 379
text 0.8531 1915 426 1973 454
text 0.8528 1711 1235 1761 1269
text 0.8524 256 790 291 852
text 0.8516 707 266 753 317
text 0.8503 679 1074 696 1109
text 0.8502 1443 294 1460 329
text 0.8494 181 1150 221 1179
text 0.8475 1158 607 1192 659
text 0.8475 850 841 900 877
text 0.8452 1250 436 1266 464
text 0.8448 952 944 981 978
text 0.8406 1506 417 1528 452
text 0.8388 1637 740 1665 796
text 0.8374 1745 111 1803 140
text 0.8372 33 781 136 1099
text 0.8360 254 301 311 331
text 0.8350 1517 791 1568 824
text 0.8319 120 310 137 344
text 0.8299 1358 694 1386 744
text 0.8293 752 652 809 704
text 0.8292 1494 517 1523 568
text 0.8262 97 174 160 202
text 0.8244 307 748 337 801
text 0.8239 786 414 838 466
text 0.8234 1494 1194 1523 1229
text 0.8231 900 847 952 875
text 0.8189 947 972 980 1006
text 0.8171 1534 289 1573 322
text 0.8142 691 243 737 288
text 0.8119 940 390 998 419
text 0.8112 1170 1013 1203 1047
text 0.8070 889 979 946 1007
text 0.8053 507 847 569 870
text 0.8047 439 189 489 237
text 0.8046 1391 1212 1443 1241
text 0.8025 1357 637 1386 693
text 0.8010 109 203 138 232
text 0.7964 397 1012 439 1052
text 0.7948 1608 293 1649 317
text 0.7940 216 1172 241 1207
text 0.7935 946 238 975 293
text 0.7883 1711 1207 1745 1235
text 0.7847 359 711 387 733
text 0.7839 1503 807 1532 838
text 0.7809 1476 1018 1528 1058
text 0.7744 662 768 717 825
text 0.7706 1260 191 1295 243
text 0.7671 239 1206 291 1236
text 0.7483 217 75 234 104
text 0.7296 1517 1000 1587 1059
text 0.7155 606 1198 656 1234
text 0.7128 849 147 885 174
component 0.9982 1158 282 1198 300
component 0.9910 2064 1086 2168 1160
component 0.9796 61 430 149 625
component 0.9758 389 402 672 665
component 0.9727 775 1087 792 1109
component 0.9692 1775 649 2265 778
component 0.9622 1140 533 1164 579
component 0.9157 694 1155 723 1172
component 0.8952 1460 591 1481 607
component 0.8418 621 1008 665 1064
component 0.8324 1066 699 1090 745
component 0.7988 2112 255 2179 321
test 0.9773 135 213 181 247
test 0.9686 142 294 177 334
test 0.9622 137 254 177 294
test 0.9392 1089 1058 1123 1098
test 0.9180 788 1006 821 1051
test 0.9146 1927 1035 1973 1075
test 0.9076 1546 956 1580 995
test 0.8981 1706 209 1762 265
test 0.8944 1511 984 1550 1018
test 0.8916 1361 1177 1397 1217
test 0.8699 1403 1173 1439 1212
test 0.8471 1072 1184 1106 1218
test 0.8427 1946 214 1979 260
led 0.9649 1728 1172 1796 1206
led 0.9425 18 219 101 322
led 0.8842 1728 1121 1796 1161
clock 0.9778 872 284 969 379
clock 0.9751 1443 665 1522 779
clock 0.9439 1387 1075 1425 1166
ic 0.9837 1231 636 1349 762
ic 0.9727 294 306 765 789
ic 0.9696 1233 887 1335 979
ic 0.9689 1004 1001 1054 1046
ic 0.9655 1248 185 1444 419
ic 0.9372 1500 1023 1682 1219
ic 0.9330 917 904 969 948
ic 0.8456 883 1063 935 1116
ic 0.8293 878 1155 930 1205
ic 0.8213 998 1131 1042 1189
ic 0.7089 597 988 684 1081
button 0.9823 79 1274 211 1365
button 0.9786 1911 1275 2047 1371
button 0.9682 85 42 205 140
diode 0.9884 1672 329 1739 425
diode 0.9758 1598 327 1661 426
diode 0.9701 1591 454 1660 553
diode 0.9575 1450 328 1506 425
diode 0.9144 1522 326 1585 424
diode 0.8906 1523 454 1584 551
diode 0.8605 1038 676 1113 750
diode 0.7968 1136 259 1225 322
jumper 0.9741 1738 293 1842 449
jumper 0.8544 1131 1124 1279 1234
inductor 0.8765 1973 415 2030 453
inductor 0.8706 1956 967 2018 1001
unknown 0.9844 1883 270 1968 306
unknown 0.9745 1889 311 1963 345
unknown 0.9739 1271 812 1312 875
unknown 0.9279 1878 1087 1956 1126
unknown 0.9160 1881 1126 1956 1161
unknown 0.9114 1916 1166 1957 1241
unknown 0.9071 1921 347 1968 421
unknown 0.8845 1859 1178 1905 1235
unknown 0.8834 1442 619 1500 653
