connector 0.9891 66 1419 597 2146
connector 0.9877 671 27 1704 394
connector 0.9868 3 940 498 1261
connector 0.9854 1371 423 1928 666
connector 0.9852 2800 846 3636 1573
connector 0.9847 5 492 496 861
connector 0.9828 653 2083 1491 2404
connector 0.9797 1497 2076 2478 2411
connector 0.9760 1679 2 2899 359
connector 0.9733 2076 1127 2334 2061
connector 0.9647 2384 1337 2620 1453
connector 0.9607 3361 325 3668 748
connector 0.9604 788 1807 1245 2065
connector 0.9496 3397 1631 3720 2087
connector 0.9428 2429 647 2545 883
connector 0.9088 2159 547 2413 1086
connector 0.9078 153 278 506 514
resistor 0.9627 2372 1904 2410 1984
resistor 0.9354 1173 1744 1247 1772
resistor 0.9352 2017 387 2081 416
resistor 0.9233 735 1303 779 1330
resistor 0.9213 1372 1734 1453 1778
resistor 0.9155 2355 1796 2437 1833
resistor 0.9149 516 687 553 711
resistor 0.9089 671 1686 706 1761
resistor 0.8925 708 1689 743 1762
resistor 0.8798 2349 1741 2427 1786
resistor 0.8680 1936 433 1999 471
resistor 0.8657 2357 515 2436 552
resistor 0.8272 2645 2029 2716 2074
resistor 0.8267 1963 707 2003 761
resistor 0.8054 961 1750 1033 1794
resistor 0.7967 356 1303 393 1340
resistor 0.7946 2358 1634 2438 1671
resistor 0.7586 2374 1860 2447 1895
resistor 0.7328 1932 788 1999 834
resistor 0.7282 663 1886 706 1960
resistor 0.7160 619 1884 654 1964
resistor 0.6802 1363 1869 1434 1905
resistor 0.6735 1292 1736 1363 1779
resistor 0.6222 2438 380 2502 416
resistor 0.5073 628 1689 665 1760
resistor 0.3358 1710 1845 1776 1884
resistor 0.3252 2354 1650 2437 1687
pads 0.9646 1300 1782 1346 1861
pads 0.9587 1836 670 1909 704
pads 0.9540 293 1265 331 1287
pads 0.9527 2472 1949 2624 2028
pads 0.9040 2352 1241 2434 1277
pads 0.8726 1686 1796 1767 1831
pads 0.8692 2814 1611 3134 1746
pads 0.6546 707 1303 736 1346
pads 0.5955 2347 1185 2418 1231
pads 0.5783 493 667 520 711
pads 0.5734 702 1130 740 1181
pads 0.3864 697 1124 726 1170
pads 0.3673 290 1282 326 1322
capacitor 0.9880 2475 1867 2624 1942
capacitor 0.9876 2750 1063 2779 1134
capacitor 0.9783 836 656 905 686
capacitor 0.9781 2161 405 2195 475
capacitor 0.9676 1083 657 1161 684
capacitor 0.9642 2677 1087 2717 1161
capacitor 0.9639 842 711 907 748
capacitor 0.9637 2743 980 2786 1061
capacitor 0.9565 2752 1170 2788 1240
capacitor 0.9488 781 479 861 604
capacitor 0.9475 3184 2170 3254 2209
capacitor 0.9436 1090 604 1164 638
capacitor 0.9144 834 613 905 640
capacitor 0.9103 2691 1294 2726 1376
capacitor 0.8943 2743 1296 2779 1377
capacitor 0.8812 969 659 1040 686
capacitor 0.8801 968 605 1041 640
capacitor 0.8304 2123 676 2161 750
capacitor 0.7986 2653 1672 2787 1741
capacitor 0.7915 1094 704 1163 731
capacitor 0.7702 706 1886 752 1959
capacitor 0.7683 968 702 1040 738
capacitor 0.7680 2500 436 2572 568
capacitor 0.7549 1360 1778 1441 1825
capacitor 0.7434 2526 1632 2597 1663
capacitor 0.7262 3112 1752 3255 1815
capacitor 0.7243 2644 1294 2679 1367
capacitor 0.7119 1388 1932 1452 1968
text 0.9846 2717 1735 2815 1782
text 0.9838 2573 2138 2690 2191
text 0.9771 1412 2005 1564 2076
text 0.9757 719 649 806 693
text 0.9737 2626 935 2717 980
text 0.9735 1300 1947 1353 1993
text 0.9722 2440 531 2492 645
text 0.9717 1667 2001 1838 2073
text 0.9693 1791 378 1900 425
text 0.9656 2457 1276 2538 1337
text 0.9656 2743 1377 2788 1458
text 0.9640 1093 1736 1174 1779
text 0.9616 2725 2021 2815 2064
text 0.9615 574 521 638 887
text 0.9598 3086 2101 3200 2154
text 0.9588 1302 1994 1352 2048
text 0.9571 870 1743 959 1790
text 0.9556 508 390 565 500
text 0.9549 2527 934 2618 980
text 0.9547 3101 91 3218 380
text 0.9540 1279 644 1362 680
text 0.9535 628 1454 690 1570
text 0.9531 636 1303 701 1347
text 0.9530 3030 484 3076 546
text 0.9507 699 1240 778 1284
text 0.9495 501 604 552 655
text 0.9494 1280 595 1363 639
text 0.9475 1723 1884 1800 1928
text 0.9439 1283 433 1362 497
text 0.9432 573 939 643 1244
text 0.9419 2640 635 3004 696
text 0.9404 2098 369 2163 415
text 0.9387 3263 2210 3316 2262
text 0.9386 2425 1225 2518 1276
text 0.9383 2365 451 2429 497
text 0.9347 2014 783 2077 837
text 0.9346 975 424 1047 470
text 0.9341 716 1590 762 1680
text 0.9334 867 434 906 522
text 0.9321 670 1593 717 1681
text 0.9319 323 1340 403 1392
text 0.9305 2018 423 2069 469
text 0.9297 1936 1948 2017 1985
text 0.9254 1935 1985 1981 2073
text 0.9246 3309 1611 3378 1827
text 0.9244 2440 1626 2518 1673
text 0.9240 1704 1742 1764 1784
text 0.9226 2476 2075 2575 2120
text 0.9225 746 1787 789 1848
text 0.9224 2465 1070 2530 1115
text 0.9220 2420 988 2476 1076
text 0.9194 778 1724 850 1778
text 0.9189 1378 1973 1432 2012
text 0.9153 2384 1977 2446 2055
text 0.9145 2633 980 2716 1025
text 0.9120 1248 1975 1300 2057
text 0.9111 679 1070 743 1116
text 0.9109 2619 1484 2742 1591
text 0.9100 1930 1814 2017 1856
text 0.9033 1256 1832 1299 1910
text 0.9013 3140 1581 3201 1625
text 0.8938 1246 1770 1299 1812
text 0.8918 3002 2010 3057 2063
text 0.8909 511 532 563 578
text 0.8881 2573 444 2609 532
text 0.8844 2627 890 2716 936
text 0.8821 727 694 804 739
text 0.8776 689 523 734 578
text 0.8754 2642 1734 2707 1787
text 0.8748 3270 303 3344 552
text 0.8741 2690 1369 2735 1457
text 0.8732 3433 2045 3486 2108
text 0.8697 1748 667 1840 713
text 0.8679 3162 2218 3244 2261
text 0.8670 3208 362 3272 408
text 0.8659 1479 1948 1557 2000
text 0.8643 1178 493 1227 583
text 0.8641 1047 408 1109 453
text 0.8628 492 736 575 784
text 0.8572 1929 675 1974 738
text 0.8555 2529 1671 2593 1716
text 0.8548 1936 378 1990 415
text 0.8533 1936 1904 2015 1949
text 0.8502 1176 605 1264 640
text 0.8476 278 1296 329 1340
text 0.8475 1184 685 1260 720
text 0.8474 1933 1860 2017 1903
text 0.8460 2486 2119 2567 2163
text 0.8457 663 1958 708 2050
text 0.8390 1928 1767 2014 1811
text 0.8365 2635 1375 2688 1432
text 0.8341 502 1063 558 1115
text 0.8338 2071 415 2139 478
text 0.8336 2717 873 2767 937
text 0.8316 2107 755 2162 813
text 0.8280 618 1958 662 2052
text 0.8266 630 417 786 488
text 0.8261 2426 1176 2517 1231
text 0.8189 915 407 967 452
text 0.8172 2870 2004 2941 2062
text 0.8156 3030 630 3257 691
text 0.8147 3389 719 3433 788
text 0.8140 2366 370 2429 423
text 0.8057 1283 687 1362 724
text 0.7998 2555 766 2600 901
text 0.7979 3158 1685 3253 1732
text 0.7939 698 1184 779 1232
text 0.7757 621 1588 673 1681
text 0.7662 2503 982 2622 1027
text 0.7616 1299 1904 1354 1947
text 0.7512 1969 1077 2068 1479
text 0.7440 723 613 806 648
text 0.6726 1981 1986 2024 2074
text 0.6205 704 1958 752 2048
text 0.3581 1230 1760 1302 1798
component 0.9936 3555 1812 3666 1948
component 0.9734 963 1141 1672 1547
component 0.9630 2699 1608 2743 1636
component 0.9432 956 855 1356 981
component 0.9226 3126 932 3274 1397
component 0.8936 2256 392 2312 485
component 0.8771 1497 1804 1618 1919
component 0.7173 3506 439 3622 578
led 0.9535 2574 2084 2681 2135
ic 0.9720 780 709 1917 1731
ic 0.9693 627 1769 745 1867
ic 0.9468 2449 1708 2617 1848
ic 0.8740 1940 484 2159 664
ic 0.8554 1449 1757 1677 1946
button 0.9155 2563 328 3060 619
diode 0.8093 2836 1785 3145 1993
diode 0.7913 3190 405 3274 573
diode 0.7435 2663 1169 2724 1261
diode 0.7015 3183 1866 3392 2109
diode 0.6728 2543 1079 2621 1175
diode 0.5761 2449 452 2488 544
transistor 0.8836 2209 371 2354 507
jumper 0.9460 2395 1472 2673 1628
inductor 0.9863 3072 463 3170 614
inductor 0.9546 2639 1784 2824 2011
unknown 0.9334 899 472 969 602
unknown 0.9232 734 494 780 603
unknown 0.7842 1038 466 1115 600
zener 0.9618 3300 2155 3416 2217
zener 0.9447 3066 2021 3184 2067
