connector 0.9844 899 1258 1535 1436
connector 0.9828 1 466 705 978
connector 0.9817 1117 956 1202 1103
connector 0.9763 1544 1255 2069 1434
connector 0.9743 178 198 364 426
connector 0.9714 1209 955 1294 1105
connector 0.9705 2161 750 2367 1063
connector 0.9693 172 984 361 1292
connector 0.9683 1275 441 1380 624
connector 0.9652 1413 0 2058 195
connector 0.9642 1517 492 1663 574
connector 0.9633 1010 334 1160 418
connector 0.9625 2133 337 2197 602
connector 0.9595 1264 767 1414 853
connector 0.9583 1013 852 1096 1007
connector 0.9563 703 1142 904 1429
connector 0.9515 616 0 1350 201
connector 0.9502 926 858 1004 1007
connector 0.9336 1356 675 1505 754
connector 0.9322 439 363 586 444
connector 0.9090 1010 232 1081 317
connector 0.9084 303 1322 530 1401
connector 0.9068 1418 586 1569 665
connector 0.8947 861 441 968 629
connector 0.8924 1259 864 1416 946
connector 0.8804 1466 1068 1627 1224
connector 0.8649 1968 251 2127 544
resistor 0.9837 1237 528 1260 569
resistor 0.9750 2115 1149 2164 1171
resistor 0.9724 972 390 997 430
resistor 0.9687 1279 380 1300 425
resistor 0.9631 1379 315 1425 335
resistor 0.9586 1522 780 1545 825
resistor 0.9581 2116 1104 2162 1127
resistor 0.9542 1882 232 1899 279
resistor 0.9542 867 818 926 849
resistor 0.9483 1551 430 1574 471
resistor 0.9382 1346 356 1392 374
resistor 0.9363 889 379 941 402
resistor 0.9335 1608 585 1648 602
resistor 0.9211 654 363 690 398
resistor 0.9178 2110 1184 2167 1212
resistor 0.9160 1459 379 1477 425
resistor 0.9094 1534 1001 1568 1036
resistor 0.8969 891 893 912 938
resistor 0.8957 1456 505 1511 528
resistor 0.8929 1003 556 1043 585
resistor 0.8927 1383 288 1425 305
resistor 0.8851 1483 317 1506 367
resistor 0.8804 1453 532 1506 561
resistor 0.8783 1603 654 1661 709
resistor 0.8734 1303 659 1352 681
resistor 0.8708 1631 625 1684 683
resistor 0.8638 866 204 893 259
resistor 0.8542 1220 709 1244 756
resistor 0.8503 1002 465 1021 507
resistor 0.8439 1082 816 1122 836
resistor 0.8285 1758 568 1802 587
resistor 0.8267 456 978 507 1001
resistor 0.8077 672 378 707 414
resistor 0.7980 1430 449 1475 472
resistor 0.7831 2239 1075 2281 1092
resistor 0.7743 731 664 795 692
resistor 0.7710 1488 375 1505 425
resistor 0.7409 1326 317 1369 334
resistor 0.7216 1626 261 1687 292
resistor 0.4229 1183 825 1242 934
resistor 0.3973 896 204 923 254
pads 0.9886 1688 1126 1724 1162
pads 0.9880 726 773 796 814
pads 0.9866 889 317 911 362
pads 0.9748 649 208 673 254
pads 0.9733 724 819 797 856
pads 0.9509 742 739 791 764
pads 0.9492 378 1245 489 1314
pads 0.9476 2053 688 2076 737
pads 0.9472 303 1258 370 1298
pads 0.9403 1655 1088 1688 1121
pads 0.9282 500 1161 570 1200
pads 0.9276 672 209 701 261
pads 0.9259 1468 763 1511 838
pads 0.9206 1287 357 1333 374
pads 0.9196 1174 576 1209 661
pads 0.9136 1574 692 1641 755
pads 0.9068 2157 1224 2208 1246
pads 0.8995 781 532 832 555
pads 0.8964 1016 201 1067 225
pads 0.8869 2076 699 2097 749
pads 0.8825 988 796 1009 841
pads 0.8803 947 796 970 842
pads 0.8773 2124 168 2173 191
pads 0.8733 893 266 918 305
pads 0.8696 495 1206 572 1246
pads 0.8672 1478 1007 1534 1064
pads 0.8622 993 585 1056 625
pads 0.8584 732 614 794 648
pads 0.8578 428 1189 479 1206
pads 0.8544 780 560 826 585
pads 0.8371 1443 1024 1483 1064
pads 0.8319 1100 548 1166 591
pads 0.8278 1427 853 1478 925
pads 0.8123 1672 1111 1705 1144
pads 0.6614 1141 465 1192 489
pads 0.5881 505 1251 568 1292
pads 0.5584 2305 658 2344 738
pads 0.5334 741 700 793 728
capacitor 0.9817 1554 756 1575 796
capacitor 0.9762 2115 585 2135 625
capacitor 0.9744 1208 526 1225 562
capacitor 0.9693 1591 428 1618 470
capacitor 0.9688 1272 317 1316 334
capacitor 0.9530 2098 955 2133 989
capacitor 0.9511 625 321 661 356
capacitor 0.9511 929 664 947 710
capacitor 0.9445 1671 231 1711 249
capacitor 0.9425 969 537 992 591
capacitor 0.9423 1831 425 1851 478
capacitor 0.9337 1148 644 1169 687
capacitor 0.9323 1449 288 1481 305
capacitor 0.9278 518 196 546 246
capacitor 0.9252 1698 631 1730 662
capacitor 0.9204 2150 202 2196 225
capacitor 0.9198 1631 1059 1658 1093
capacitor 0.9191 1175 665 1242 700
capacitor 0.9163 2270 682 2298 732
capacitor 0.9044 1101 598 1141 619
capacitor 0.9040 930 728 949 771
capacitor 0.8989 600 374 631 437
capacitor 0.8954 1996 1058 2035 1099
capacitor 0.8911 1141 510 1193 533
capacitor 0.8791 485 1064 524 1087
capacitor 0.8759 695 399 736 443
capacitor 0.8674 1790 260 1860 295
capacitor 0.8643 854 921 889 980
capacitor 0.8621 2064 226 2116 248
capacitor 0.8446 1020 819 1056 836
capacitor 0.8396 1215 1201 1278 1229
capacitor 0.8393 1540 687 1557 733
capacitor 0.8262 1097 625 1139 645
capacitor 0.8224 1996 658 2030 694
capacitor 0.6012 1723 1156 1750 1195
capacitor 0.5912 1128 1194 1192 1235
capacitor 0.5784 1221 591 1243 631
capacitor 0.5740 1579 1024 1619 1059
capacitor 0.5543 1174 702 1208 773
text 0.9928 1568 584 1597 636
text 0.9917 1654 424 1671 454
text 0.9862 2167 1105 2184 1133
text 0.9836 2167 1144 2184 1174
text 0.9829 843 865 872 916
text 0.9827 2110 1052 2161 1087
text 0.9813 1140 596 1169 647
text 0.9797 690 1106 712 1133
text 0.9796 1151 858 1180 911
text 0.9794 467 77 496 140
text 0.9776 838 1100 855 1133
text 0.9770 896 400 947 431
text 0.9757 1598 305 1632 363
text 0.9755 480 1138 541 1167
text 0.9748 2293 1309 2327 1372
text 0.9737 794 811 850 842
text 0.9733 1603 368 1632 419
text 0.9733 513 967 544 1007
text 0.9731 780 505 832 533
text 0.9728 1141 712 1169 773
text 0.9714 2156 592 2172 625
text 0.9707 638 289 678 317
text 0.9706 2150 311 2178 340
text 0.9696 1831 1155 1870 1195
text 0.9693 1352 641 1402 670
text 0.9691 2059 1103 2115 1137
text 0.9686 975 1013 992 1046
text 0.9674 1295 1052 1324 1109
text 0.9664 2063 1149 2110 1178
text 0.9660 1382 607 1397 637
text 0.9659 474 1400 485 1429
text 0.9655 2076 1252 2143 1274
text 0.9653 370 1163 386 1195
text 0.9648 1511 367 1545 425
text 0.9648 672 260 702 293
text 0.9643 1101 1012 1112 1041
text 0.9632 968 630 997 681
text 0.9629 702 483 736 533
text 0.9626 701 586 730 639
text 0.9621 2059 642 2087 696
text 0.9618 701 698 735 768
text 0.9601 1728 1171 1779 1218
text 0.9591 1798 562 1860 586
text 0.9589 1375 1044 1392 1076
text 0.9588 1864 568 1992 706
text 0.9585 1574 602 1640 665
text 0.9583 2077 1275 2145 1309
text 0.9579 690 1315 718 1372
text 0.9566 1498 932 1551 982
text 0.9562 393 1212 466 1247
text 0.9553 2185 36 2253 65
text 0.9551 1066 825 1083 854
text 0.9551 827 447 861 477
text 0.9550 1186 316 1243 345
text 0.9548 564 1293 623 1321
text 0.9543 1330 1167 1357 1215
text 0.9543 701 535 731 585
text 0.9541 581 443 633 477
text 0.9535 382 390 439 431
text 0.9533 2081 854 2127 893
text 0.9530 1382 454 1414 487
text 0.9527 1968 224 1985 253
text 0.9526 1006 630 1046 659
text 0.9523 1522 856 1569 894
text 0.9519 626 409 679 454
text 0.9516 1813 585 1865 636
text 0.9514 935 812 946 852
text 0.9514 1658 550 1705 596
text 0.9508 2063 1184 2116 1212
text 0.9505 1227 197 1261 231
text 0.9502 405 436 444 471
text 0.9501 918 266 929 293
text 0.9496 1169 1228 1221 1258
text 0.9492 369 203 416 237
text 0.9479 1470 433 1503 488
text 0.9473 1409 231 1437 278
text 0.9471 1654 351 1671 385
text 0.9464 794 637 849 665
text 0.9464 793 739 843 768
text 0.9458 832 511 862 569
text 0.9444 302 174 359 203
text 0.9441 1665 517 1694 550
text 0.9439 558 1138 610 1167
text 0.9434 365 260 388 300
text 0.9432 925 194 975 219
text 0.9428 1208 630 1262 663
text 0.9427 1420 1145 1454 1190
text 0.9425 1117 1167 1140 1201
text 0.9425 518 271 570 303
text 0.9424 945 362 981 390
text 0.9422 485 1110 531 1138
text 0.9417 1649 1160 1700 1208
text 0.9413 1793 1219 1865 1252
text 0.9387 2145 225 2201 254
text 0.9387 977 688 1010 739
text 0.9386 1435 1223 1489 1252
text 0.9384 1602 1069 1651 1121
text 0.9375 2125 101 2142 129
text 0.9372 1922 1229 1956 1258
text 0.9371 1522 898 1567 939
text 0.9370 1585 1001 1642 1053
text 0.9353 2185 163 2247 191
text 0.9352 245 128 307 165
text 0.9352 1477 877 1505 916
text 0.9346 972 456 992 490
text 0.9333 1483 213 1517 254
text 0.9331 1499 438 1527 488
text 0.9320 644 1110 684 1144
text 0.9317 838 980 861 1012
text 0.9316 702 637 729 693
text 0.9310 365 328 388 369
text 0.9304 364 1199 394 1258
text 0.9295 1071 1190 1106 1240
text 0.9284 1802 1191 1853 1218
text 0.9277 490 310 518 345
text 0.9256 365 1019 398 1053
text 0.9249 1128 824 1182 853
text 0.9239 1671 587 1721 636
text 0.9235 1517 1040 1577 1089
text 0.9235 519 448 559 476
text 0.9231 690 1376 718 1421
text 0.9231 2207 1229 2266 1257
text 0.9230 1368 1012 1426 1041
text 0.9225 969 489 1003 546
text 0.9225 2087 648 2117 706
text 0.9199 513 163 547 203
text 0.9196 354 25 447 60
text 0.9193 1214 757 1243 807
text 0.9187 1979 700 2008 722
text 0.9182 1745 322 1768 353
text 0.9172 1047 642 1099 671
text 0.9160 1099 966 1119 995
text 0.9153 1728 265 1762 294
text 0.9140 587 305 627 345
text 0.9138 798 665 848 698
text 0.9138 1232 375 1261 430
text 0.9129 1004 505 1032 563
text 0.9128 2007 1069 2054 1121
text 0.9128 823 214 873 260
text 0.9116 982 743 1010 795
text 0.9111 1631 1143 1677 1193
text 0.9099 513 1287 564 1315
text 0.9099 764 979 787 1007
text 0.9098 267 1287 297 1344
text 0.9093 1700 322 1740 357
text 0.9091 2238 693 2270 751
text 0.9072 1414 779 1443 836
text 0.9066 2125 225 2150 260
text 0.9066 729 449 786 494
text 0.9058 987 299 1021 334
text 0.9057 1124 927 1180 950
text 0.9049 690 1246 719 1310
text 0.9048 1791 604 1819 636
text 0.9048 1421 425 1478 454
text 0.9031 1996 710 2126 830
text 0.9002 1728 448 1762 482
text 0.8989 2083 898 2132 938
text 0.8985 651 1224 682 1298
text 0.8985 2344 755 2367 784
text 0.8970 2025 220 2065 254
text 0.8970 1825 371 1853 425
text 0.8967 1414 830 1431 858
text 0.8966 2030 632 2058 688
text 0.8963 348 1401 365 1429
text 0.8954 872 1144 889 1178
text 0.8952 394 978 450 1007
text 0.8945 1408 197 1442 230
text 0.8940 1555 729 1613 779
text 0.8934 1138 482 1192 515
text 0.8933 2076 581 2110 642
text 0.8925 1037 1013 1061 1045
text 0.8919 764 854 787 882
text 0.8912 1505 673 1534 727
text 0.8905 450 446 467 479
text 0.8901 1391 1143 1420 1195
text 0.8897 302 94 319 122
text 0.8896 2167 1188 2190 1217
text 0.8888 1357 1163 1388 1219
text 0.8876 365 1099 387 1167
text 0.8874 1329 696 1356 739
text 0.8867 1648 607 1705 665
text 0.8864 1244 580 1268 635
text 0.8862 1900 199 1922 231
text 0.8861 570 1230 620 1258
text 0.8851 1385 430 1422 459
text 0.8838 1505 312 1534 368
text 0.8823 1357 949 1409 980
text 0.8811 2127 282 2200 312
text 0.8807 935 1225 958 1252
text 0.8802 867 267 894 304
text 0.8802 2208 1258 2270 1286
text 0.8801 1614 460 1649 494
text 0.8792 1128 793 1181 824
text 0.8790 1928 379 1968 419
text 0.8783 1615 1117 1659 1168
text 0.8781 1077 418 1133 454
text 0.8780 1162 334 1176 367
text 0.8776 1432 385 1458 422
text 0.8776 633 336 684 383
text 0.8772 1968 551 1985 579
text 0.8768 649 426 703 471
text 0.8762 874 853 925 888
text 0.8759 718 1116 758 1138
text 0.8751 2108 1017 2160 1052
text 0.8747 461 164 504 197
text 0.8743 1465 556 1518 590
text 0.8742 791 1110 828 1144
text 0.8741 2344 1024 2368 1064
text 0.8729 1253 653 1304 682
text 0.8716 1248 1228 1307 1258
text 0.8715 696 842 735 876
text 0.8704 558 169 603 202
text 0.8697 1483 276 1529 311
text 0.8687 1768 408 1808 443
text 0.8677 1615 425 1647 459
text 0.8676 2344 1090 2368 1144
text 0.8661 1803 227 1848 260
text 0.8652 1298 974 1319 1008
text 0.8644 1682 448 1705 482
text 0.8625 1374 258 1413 289
text 0.8622 1668 326 1688 357
text 0.8618 1249 1109 1299 1144
text 0.8604 1580 368 1603 416
text 0.8599 1581 1219 1603 1254
text 0.8597 765 1106 787 1132
text 0.8595 651 157 690 192
text 0.8577 1784 1156 1819 1195
text 0.8543 450 1053 485 1081
text 0.8540 1186 347 1241 378
text 0.8536 530 300 570 327
text 0.8519 1688 511 1756 550
text 0.8484 241 1287 268 1344
text 0.8483 782 364 849 430
text 0.8481 1142 430 1195 465
text 0.8473 705 202 758 259
text 0.8465 1124 859 1152 913
text 0.8463 2338 1206 2361 1229
text 0.8445 906 1109 924 1138
text 0.8420 1724 592 1779 642
text 0.8418 1398 527 1454 555
text 0.8402 1711 197 1762 231
text 0.8401 1535 1201 1584 1247
text 0.8400 2344 1150 2368 1201
text 0.8398 1540 670 1568 681
text 0.8397 1300 1162 1334 1216
text 0.8391 1773 370 1801 403
text 0.8358 1528 967 1580 1019
text 0.8354 1905 238 1939 294
text 0.8352 2281 1070 2333 1093
text 0.8346 890 945 918 989
text 0.8342 2134 1326 2150 1354
text 0.8338 1239 1161 1265 1190
text 0.8334 1483 1257 1517 1288
text 0.8308 1877 1196 1928 1240
text 0.8294 798 608 847 641
text 0.8246 1384 545 1415 612
text 0.8215 752 465 804 510
text 0.8214 2230 1201 2247 1230
text 0.8196 839 373 889 414
text 0.8187 2191 1389 2259 1417
text 0.8184 2093 545 2115 579
text 0.8175 690 979 712 1007
text 0.8141 1414 560 1466 584
text 0.8140 2143 254 2183 281
text 0.8130 678 1195 695 1221
text 0.8123 2231 332 2334 646
text 0.8120 792 701 844 729
text 0.8107 1094 832 1127 896
text 0.8041 2093 163 2124 196
text 0.8036 2344 694 2367 744
text 0.8019 1196 379 1231 430
text 0.8019 365 1292 382 1321
text 0.8012 844 596 862 629
text 0.7989 1204 425 1261 453
text 0.7986 353 174 411 202
text 0.7953 1432 1195 1482 1224
text 0.7925 923 351 940 384
text 0.7900 622 198 656 226
text 0.7840 859 317 894 356
text 0.7829 536 1327 564 1383
text 0.7820 1591 1161 1608 1196
text 0.7783 946 391 975 442
text 0.7707 799 848 832 876
text 0.7441 953 675 979 727
text 0.7437 855 1110 906 1138
text 0.7427 1019 414 1080 448
text 0.7424 792 784 851 813
text 0.7328 1370 989 1426 1012
text 0.7263 2230 1093 2247 1121
text 0.7204 1164 385 1197 420
text 0.7203 1409 334 1437 380
text 0.7142 623 1231 656 1292
text 0.7113 428 1161 486 1195
text 0.6585 948 625 970 677
text 0.6428 604 162 656 202
text 0.6298 1062 203 1084 237
text 0.6216 2076 198 2128 225
text 0.6001 1357 197 1374 231
text 0.5971 1414 927 1426 949
text 0.5477 1672 204 1712 236
text 0.5457 861 631 902 659
text 0.5032 822 239 878 272
text 0.4514 1801 530 1859 558
text 0.3941 950 738 979 790
text 0.3807 1404 329 1465 377
text 0.3758 2224 1085 2241 1121
text 0.3534 792 578 841 608
component 0.9942 1169 1135 1207 1155
component 0.9903 1204 857 1224 897
component 0.9871 199 271 298 344
component 0.9852 2218 812 2304 1000
component 0.9778 1574 320 1591 348
component 0.9731 1694 768 1980 1031
component 0.9619 1700 373 1744 424
component 0.9532 103 653 598 783
component 0.9301 1641 260 1670 278
component 0.9207 188 1111 256 1178
component 0.9158 1277 693 1299 736
component 0.7607 883 824 906 845
test 0.9855 1375 217 1408 254
test 0.9851 2190 1138 2228 1177
test 0.9822 787 435 820 474
test 0.9610 815 414 856 448
test 0.9532 2183 1183 2228 1218
test 0.9496 394 357 435 396
test 0.9485 1717 225 1757 265
test 0.9452 1711 545 1745 585
test 0.9447 969 215 1004 255
test 0.9291 1243 333 1277 374
test 0.9274 2191 1098 2224 1137
test 0.9256 930 220 963 260
test 0.8912 605 1167 661 1223
test 0.8891 1261 217 1294 249
test 0.8782 388 1177 422 1219
test 0.8326 1543 380 1580 425
led 0.9811 567 225 638 260
led 0.9625 570 272 636 311
led 0.9363 2265 1110 2351 1212
clock 0.9771 844 655 923 768
clock 0.9547 1399 1053 1492 1154
clock 0.6143 940 266 981 356
ic 0.9856 1544 612 2088 1170
ic 0.9817 1016 669 1136 797
ic 0.9786 681 214 868 411
ic 0.9731 924 1014 1119 1247
ic 0.9711 1033 454 1134 545
ic 0.9471 1203 454 1265 512
ic 0.9384 1312 384 1363 431
ic 0.9155 1323 244 1367 300
ic 0.8830 1397 483 1449 528
ic 0.8792 1681 352 1772 446
ic 0.8647 1431 317 1483 373
button 0.9801 2161 1291 2280 1389
button 0.9722 319 60 456 156
button 0.9626 2157 65 2288 157
diode 0.9855 627 1006 695 1105
diode 0.9764 705 881 775 979
diode 0.9670 707 1007 770 1103
diode 0.9631 781 1007 844 1104
diode 0.9590 780 879 844 978
diode 0.9537 860 1007 917 1104
diode 0.6590 1254 687 1327 757
diode 0.5726 1141 1110 1237 1179
jumper 0.9715 524 985 623 1141
jumper 0.9618 1084 197 1237 313
inductor 0.9139 456 1014 507 1052
inductor 0.9001 345 431 408 468
inductor 0.8636 337 978 394 1019
unknown 0.9752 405 1087 478 1121
unknown 0.9654 1054 556 1090 618
unknown 0.9594 867 781 918 812
unknown 0.9467 410 193 450 265
unknown 0.9098 410 305 488 344
unknown 0.9072 412 272 483 304
unknown 0.8975 461 199 505 254
unknown 0.8787 399 1014 445 1087
unknown 0.8134 409 1126 484 1162
