connector 0.9841 311 0 953 195
connector 0.9805 2000 200 2191 426
connector 0.9793 296 1256 826 1434
connector 0.9781 1661 467 2371 978
connector 0.9779 827 1259 1462 1437
connector 0.9767 1460 1144 1665 1428
connector 0.9761 0 751 206 1064
connector 0.9758 1272 854 1350 1006
connector 0.9732 171 336 233 599
connector 0.9716 1038 0 1734 194
connector 0.9711 1363 858 1437 1004
connector 0.9696 1072 955 1157 1104
connector 0.9620 952 767 1100 853
connector 0.9611 1211 334 1357 417
connector 0.9596 1397 440 1506 630
connector 0.9592 2008 983 2191 1288
connector 0.9562 1163 956 1249 1104
connector 0.9532 986 443 1089 625
connector 0.9212 863 675 1010 755
connector 0.9185 1778 363 1928 444
connector 0.9170 798 589 946 665
connector 0.9143 743 1069 903 1223
connector 0.9086 1283 229 1357 316
connector 0.8710 954 865 1106 945
connector 0.8639 704 493 850 573
connector 0.8324 1838 1322 2066 1401
connector 0.8101 240 251 401 545
resistor 0.9827 821 783 844 825
resistor 0.9758 793 431 816 471
resistor 0.9599 975 357 1020 375
resistor 0.9575 942 316 986 335
resistor 0.9555 1066 380 1083 425
resistor 0.9503 467 233 484 280
resistor 0.9460 1106 527 1129 567
resistor 0.9459 718 585 757 602
resistor 0.9457 942 288 980 305
resistor 0.9389 1471 210 1493 261
resistor 0.9287 1439 819 1500 852
resistor 0.9182 861 532 910 560
resistor 0.9167 565 568 610 587
resistor 0.9125 1243 818 1283 836
resistor 0.9124 206 1104 250 1126
resistor 0.9101 1015 630 1066 652
resistor 0.9026 997 317 1038 334
resistor 0.9004 684 625 735 683
resistor 0.8921 798 1002 833 1037
resistor 0.8894 1123 708 1147 757
resistor 0.8878 199 1150 250 1172
resistor 0.8875 889 381 906 424
resistor 0.8813 707 652 764 706
resistor 0.8769 1347 466 1364 508
resistor 0.8634 1659 379 1696 414
resistor 0.8591 1767 329 1842 358
resistor 0.8565 84 1075 125 1092
resistor 0.8508 890 449 935 470
resistor 0.8352 200 1184 257 1212
resistor 0.8327 1424 380 1476 403
resistor 0.8316 1323 556 1363 586
resistor 0.8224 1677 363 1709 398
resistor 0.8183 679 260 741 287
resistor 0.8133 1340 436 1392 454
resistor 0.8034 1858 979 1912 1002
resistor 0.7933 1454 893 1471 938
resistor 0.7888 1528 488 1569 505
resistor 0.7852 1015 659 1061 682
resistor 0.7336 854 506 908 527
resistor 0.6895 861 374 878 425
resistor 0.5084 1566 660 1638 692
resistor 0.4733 1442 204 1466 254
pads 0.9860 1693 211 1717 255
pads 0.9659 1664 208 1694 259
pads 0.9657 1570 773 1636 814
pads 0.9586 1570 820 1642 857
pads 0.9574 1158 575 1192 659
pads 0.9522 1887 1190 1938 1207
pads 0.9511 1311 585 1373 625
pads 0.9473 159 1223 210 1246
pads 0.9464 1397 794 1420 842
pads 0.9415 833 1007 889 1065
pads 0.9394 1574 740 1620 767
pads 0.9380 1453 318 1477 364
pads 0.9372 1997 1258 2065 1297
pads 0.9356 855 760 896 836
pads 0.9352 643 1127 678 1161
pads 0.9141 290 685 313 735
pads 0.9096 1033 357 1078 374
pads 0.9078 1878 1245 1990 1316
pads 0.9073 1533 533 1584 556
pads 0.9052 678 1087 710 1122
pads 0.9014 888 850 942 927
pads 0.8991 1199 548 1267 591
pads 0.8903 883 1023 924 1063
pads 0.8901 1798 1161 1865 1201
pads 0.8895 1358 795 1375 841
pads 0.8808 267 700 291 748
pads 0.8749 1450 266 1472 305
pads 0.8744 1574 614 1633 647
pads 0.8663 192 170 245 191
pads 0.8633 724 693 790 755
pads 0.8596 661 1109 695 1144
pads 0.8467 1303 203 1350 225
pads 0.8432 1789 1207 1870 1245
pads 0.8350 1174 464 1226 489
pads 0.8064 901 779 924 835
pads 0.7577 850 1064 885 1103
pads 0.6212 13 661 61 740
pads 0.5302 1796 1251 1863 1290
capacitor 0.9763 1733 374 1767 439
capacitor 0.9723 793 757 810 796
capacitor 0.9717 1603 424 1660 476
capacitor 0.9697 233 585 250 626
capacitor 0.9662 1414 727 1438 774
capacitor 0.9614 1197 646 1214 687
capacitor 0.9584 1705 323 1741 356
capacitor 0.9537 1420 665 1437 709
capacitor 0.9489 1049 317 1095 333
capacitor 0.9405 506 259 577 299
capacitor 0.9339 1312 819 1346 836
capacitor 0.9332 1141 528 1158 562
capacitor 0.9326 1157 704 1192 771
capacitor 0.9310 1841 1064 1883 1086
capacitor 0.9308 171 202 217 226
capacitor 0.9250 233 955 267 990
capacitor 0.9155 512 425 536 476
capacitor 0.9079 1090 1201 1152 1229
capacitor 0.9065 1629 399 1670 442
capacitor 0.9043 1374 539 1397 592
capacitor 0.9036 1124 665 1191 699
capacitor 0.9004 633 630 668 664
capacitor 0.9002 752 427 769 470
capacitor 0.8982 810 688 827 733
capacitor 0.8963 68 683 97 734
capacitor 0.8935 331 1058 370 1098
capacitor 0.8880 1225 624 1267 646
capacitor 0.8750 884 288 918 305
capacitor 0.8733 614 1155 644 1196
capacitor 0.8684 250 224 300 248
capacitor 0.8659 658 229 696 248
capacitor 0.8651 1174 511 1224 535
capacitor 0.8566 1478 922 1511 980
capacitor 0.8500 335 659 369 694
capacitor 0.8427 1123 590 1146 631
capacitor 0.8321 706 1058 735 1092
capacitor 0.8150 1819 197 1848 246
capacitor 0.8118 582 254 599 293
capacitor 0.7975 1227 601 1266 620
capacitor 0.7232 1176 1195 1239 1235
capacitor 0.5777 754 1024 786 1058
text 0.9911 1437 266 1449 293
text 0.9821 188 312 215 340
text 0.9801 503 1222 569 1251
text 0.9793 838 436 867 489
text 0.9791 1883 1401 1893 1428
text 0.9782 912 1145 947 1188
text 0.9782 1883 1050 1915 1081
text 0.9771 861 875 890 915
text 0.9767 383 225 399 255
text 0.9767 975 1046 992 1076
text 0.9766 1123 317 1180 346
text 0.9758 1159 774 1192 824
text 0.9758 1141 1229 1198 1258
text 0.9756 1631 700 1665 772
text 0.9756 1511 1098 1528 1132
text 0.9755 1516 812 1574 843
text 0.9753 935 829 952 859
text 0.9740 251 1104 308 1136
text 0.9737 820 367 856 425
text 0.9727 735 368 764 419
text 0.9727 1254 1012 1265 1041
text 0.9726 1637 533 1666 583
text 0.9725 1197 711 1225 773
text 0.9722 512 1194 564 1219
text 0.9718 1515 785 1575 814
text 0.9707 1825 1138 1887 1168
text 0.9707 941 928 952 950
text 0.9705 206 1053 256 1087
text 0.9703 1517 641 1574 665
text 0.9694 967 600 983 640
text 0.9691 604 265 638 294
text 0.9690 1369 629 1398 681
text 0.9684 1522 739 1575 768
text 0.9675 1186 928 1243 950
text 0.9671 832 311 861 368
text 0.9663 1648 1315 1676 1371
text 0.9663 1505 510 1535 569
text 0.9661 1687 292 1728 317
text 0.9659 1928 391 1985 431
text 0.9656 833 675 860 727
text 0.9655 1197 595 1226 648
text 0.9653 878 1223 927 1252
text 0.9653 1505 448 1541 477
text 0.9651 963 642 1015 670
text 0.9643 97 1229 159 1258
text 0.9643 256 1149 302 1179
text 0.9638 1830 1110 1881 1139
text 0.9630 610 517 676 550
text 0.9626 1744 1229 1796 1259
text 0.9618 661 606 719 664
text 0.9605 1654 1109 1677 1133
text 0.9604 113 35 183 66
text 0.9602 369 568 503 707
text 0.9600 735 306 769 362
text 0.9598 1533 505 1586 535
text 0.9596 814 933 866 983
text 0.9575 1899 1212 1973 1247
text 0.9567 164 226 222 254
text 0.9560 599 323 621 357
text 0.9559 120 1201 137 1229
text 0.9557 696 425 713 454
text 0.9552 1283 825 1300 854
text 0.9546 1471 270 1499 305
text 0.9537 1631 483 1666 534
text 0.9532 1419 401 1470 431
text 0.9532 519 230 562 259
text 0.9521 1105 197 1140 232
text 0.9514 1193 332 1205 367
text 0.9512 0 1092 23 1143
text 0.9506 1059 1228 1119 1257
text 0.9504 193 595 210 625
text 0.9501 495 1156 535 1195
text 0.9500 1334 505 1363 562
text 0.9494 1124 352 1180 378
text 0.9493 667 1161 717 1211
text 0.9490 786 1042 849 1092
text 0.9483 981 1161 1010 1218
text 0.9480 862 431 896 488
text 0.9476 941 1013 998 1041
text 0.9462 1106 631 1158 663
text 0.9458 797 661 827 691
text 0.9457 1684 338 1733 385
text 0.9453 1249 968 1266 996
text 0.9449 564 374 593 402
text 0.9440 249 651 279 704
text 0.9439 233 712 370 828
text 0.9420 1803 447 1842 477
text 0.9412 39 1310 74 1372
text 0.9407 118 162 181 191
text 0.9406 1871 78 1899 140
text 0.9393 947 431 981 459
text 0.9386 279 643 308 696
text 0.9383 547 606 576 637
text 0.9378 883 1195 934 1225
text 0.9374 661 447 684 483
text 0.9372 381 550 399 579
text 0.9372 1979 1161 1995 1196
text 0.9371 1608 1115 1648 1139
text 0.9368 251 1184 301 1212
text 0.9360 181 1145 198 1178
text 0.9358 1648 1247 1677 1307
text 0.9356 2060 129 2119 168
text 0.9352 1095 580 1123 635
text 0.9344 752 728 809 779
text 0.9341 1420 813 1431 853
text 0.9317 1186 792 1237 824
text 0.9311 445 201 461 230
text 0.9291 586 1171 638 1217
text 0.9284 1916 978 1972 1007
text 0.9272 1847 268 1876 308
text 0.9259 1444 853 1495 887
text 0.9252 1980 1100 2001 1167
text 0.9246 724 1000 781 1053
text 0.9240 1687 408 1739 453
text 0.9238 1922 436 1961 470
text 0.9230 1979 261 2002 299
text 0.9224 507 562 570 585
text 0.9213 1966 1019 2000 1053
text 0.9208 930 230 958 283
text 0.9208 952 454 981 487
text 0.9207 1682 1225 1715 1297
text 0.9202 314 1071 359 1121
text 0.9189 1676 157 1716 195
text 0.9187 222 1275 291 1309
text 0.9182 1849 310 1878 346
text 0.9182 1472 317 1506 357
text 0.9173 889 427 945 453
text 0.9170 1184 823 1236 853
text 0.9169 1123 756 1152 807
text 0.9163 1476 1144 1494 1177
text 0.9160 712 1069 763 1121
text 0.9158 695 353 712 385
text 0.9151 0 1023 22 1064
text 0.9149 604 448 639 483
text 0.9148 627 323 668 359
text 0.9147 1671 1193 1688 1222
text 0.9147 1375 455 1391 490
text 0.9143 1107 425 1163 454
text 0.9131 250 545 273 578
text 0.9124 781 1201 831 1246
text 0.9123 770 585 797 636
text 0.9122 1477 373 1528 413
text 0.9122 2047 94 2064 123
text 0.9121 1979 331 2002 368
text 0.9120 409 1229 444 1258
text 0.9113 1009 1166 1033 1217
text 0.9104 0 755 22 785
text 0.9100 119 1092 136 1121
text 0.9097 1664 260 1694 294
text 0.9095 1386 676 1414 727
text 0.9095 302 219 340 254
text 0.9078 1009 696 1038 739
text 0.9073 852 214 883 255
text 0.9069 1100 1161 1130 1189
text 0.9047 1032 1162 1068 1214
text 0.9041 1374 1012 1391 1047
text 0.9039 798 857 845 894
text 0.9038 1637 584 1665 634
text 0.9037 1802 1286 1853 1315
text 0.9028 548 1156 582 1195
text 0.9026 1424 353 1442 385
text 0.9025 97 694 126 751
text 0.9012 1408 1228 1433 1252
text 0.9004 1973 1201 2001 1256
text 0.8996 1168 432 1225 464
text 0.8980 1803 1327 1831 1383
text 0.8979 1505 980 1530 1012
text 0.8971 1393 390 1420 444
text 0.8969 1956 174 2013 202
text 0.8969 1266 643 1319 671
text 0.8968 1763 169 1807 201
text 0.8956 427 237 461 295
text 0.8948 1654 979 1676 1007
text 0.8945 1820 162 1853 204
text 0.8942 922 197 956 228
text 0.8940 1391 194 1441 220
text 0.8940 182 254 220 282
text 0.8926 1521 701 1574 732
text 0.8911 438 1195 488 1242
text 0.8904 222 101 239 129
text 0.8903 1917 26 2013 60
text 0.8898 1648 1377 1677 1422
text 0.8896 587 590 644 642
text 0.8889 1756 1138 1807 1167
text 0.8888 678 327 696 356
text 0.8878 513 372 541 424
text 0.8877 956 259 992 289
text 0.8867 1578 978 1603 1007
text 0.8867 559 408 599 442
text 0.8862 974 1110 1010 1159
text 0.8858 1458 1109 1504 1138
text 0.8855 1494 864 1523 916
text 0.8849 1534 1109 1572 1144
text 0.8847 1363 488 1396 544
text 0.8832 1740 306 1780 346
text 0.8831 34 1070 84 1092
text 0.8830 1745 1291 1801 1320
text 0.8815 2008 174 2065 202
text 0.8810 1951 203 1997 236
text 0.8807 217 225 239 259
text 0.8804 1733 442 1785 477
text 0.8779 725 605 791 665
text 0.8778 1897 448 1916 482
text 0.8776 1186 859 1215 910
text 0.8768 1175 482 1225 515
text 0.8767 238 853 285 893
text 0.8765 1518 580 1572 613
text 0.8764 1610 203 1658 261
text 0.8762 1985 1291 2002 1321
text 0.8750 1442 1108 1460 1138
text 0.8746 182 1104 199 1133
text 0.8736 308 630 336 685
text 0.8703 1797 271 1847 303
text 0.8698 952 541 980 611
text 0.8698 662 551 707 596
text 0.8690 606 196 653 230
text 0.8689 1490 238 1546 271
text 0.8687 1067 1109 1118 1143
text 0.8653 1384 363 1421 392
text 0.8652 502 586 553 638
text 0.8645 1711 162 1761 202
text 0.8636 1050 973 1067 1007
text 0.8635 216 1327 233 1354
text 0.8629 0 1149 23 1200
text 0.8629 1448 945 1476 989
text 0.8627 707 1121 754 1169
text 0.8620 1289 414 1345 448
text 0.8616 717 459 752 493
text 0.8612 1465 630 1505 658
text 0.8605 212 973 261 1019
text 0.8594 788 968 840 1017
text 0.8577 1106 379 1135 430
text 0.8575 1037 1052 1071 1109
text 0.8570 1317 630 1358 660
text 0.8554 1357 742 1385 794
text 0.8552 1683 1109 1721 1144
text 0.8542 1519 368 1586 429
text 0.8541 1581 449 1637 493
text 0.8532 673 517 702 550
text 0.8531 1242 836 1271 913
text 0.8521 165 282 239 312
text 0.8509 850 556 900 591
text 0.8508 98 1258 159 1286
text 0.8503 798 897 845 938
text 0.8497 33 337 137 642
text 0.8485 399 380 440 419
text 0.8483 1637 637 1666 694
text 0.8473 644 589 696 636
text 0.8463 764 1218 781 1251
text 0.8462 1518 606 1568 642
text 0.8440 176 1189 199 1218
text 0.8431 902 559 953 585
text 0.8418 838 277 884 312
text 0.8413 913 528 969 555
text 0.8410 1562 469 1613 511
text 0.8406 238 163 272 196
text 0.8380 1306 1012 1328 1046
text 0.8376 1664 426 1717 470
text 0.8375 2001 1401 2019 1430
text 0.8360 1215 859 1243 916
text 0.8341 1261 1192 1294 1241
text 0.8318 689 1144 736 1194
text 0.8297 1347 300 1379 334
text 0.8295 359 699 387 721
text 0.8288 233 899 279 939
text 0.8264 907 385 935 420
text 0.8251 1819 968 1854 1008
text 0.8196 946 1143 974 1195
text 0.8196 1581 855 1603 882
text 0.8192 1225 1167 1248 1200
text 0.8192 5 1207 27 1230
text 0.8182 2070 1287 2099 1344
text 0.8181 1357 689 1385 738
text 0.8163 923 779 952 836
text 0.8153 599 476 687 511
text 0.8118 109 1390 177 1417
text 0.8080 0 700 23 746
text 0.8074 239 197 295 224
text 0.7993 1629 842 1672 875
text 0.7993 1494 203 1524 236
text 0.7988 718 425 751 459
text 0.7987 221 1252 289 1274
text 0.7983 1073 624 1095 657
text 0.7974 2098 1285 2127 1345
text 0.7958 1797 299 1835 326
text 0.7869 851 1258 885 1289
text 0.7843 1061 653 1112 682
text 0.7832 1517 665 1568 699
text 0.7678 758 1161 775 1196
text 0.7673 764 368 787 419
text 0.7633 1232 419 1288 454
text 0.7616 205 1019 256 1051
text 0.7603 257 579 291 643
text 0.7576 1882 1162 1940 1194
text 0.6540 1281 198 1302 236
text 0.6519 958 950 1010 978
text 0.6363 662 203 696 238
text 0.6318 1134 379 1167 427
text 0.6232 992 197 1009 230
text 0.6134 1858 168 1905 197
text 0.6029 1170 385 1206 419
text 0.5597 929 333 957 381
text 0.4524 508 529 564 557
text 0.4154 1386 740 1415 790
text 0.3805 740 1146 774 1194
component 0.9961 1159 1136 1196 1155
component 0.9955 1140 859 1163 899
component 0.9858 2063 272 2166 345
component 0.9854 388 769 673 1029
component 0.9814 1066 694 1088 733
component 0.9742 1773 653 2272 783
component 0.9647 61 810 148 1002
component 0.9622 775 322 792 350
component 0.9446 695 260 724 282
component 0.8719 2112 1111 2179 1179
component 0.8591 622 373 666 424
component 0.7739 1460 824 1483 846
test 0.9808 137 1139 176 1178
test 0.9736 787 380 821 425
test 0.9732 142 1098 177 1138
test 0.9679 604 226 649 265
test 0.9643 137 1184 182 1219
test 0.9625 1512 415 1551 449
test 0.9579 1403 221 1436 261
test 0.9363 1928 356 1974 397
test 0.9092 1089 334 1122 374
test 0.9026 958 219 992 253
test 0.8875 1071 217 1106 250
test 0.8856 1706 1167 1763 1225
test 0.8840 622 545 655 585
test 0.8744 1362 214 1396 254
test 0.8509 1946 1176 1978 1218
led 0.9628 1729 271 1796 312
led 0.9594 1727 224 1796 261
led 0.9583 16 1111 101 1212
clock 0.9762 1443 657 1523 768
clock 0.9624 875 1053 969 1151
clock 0.7173 1386 265 1426 357
ic 0.9816 280 618 820 1162
ic 0.9773 1232 671 1350 795
ic 0.9738 1248 1013 1443 1247
ic 0.9649 1232 453 1334 544
ic 0.9526 1500 217 1681 412
ic 0.9275 1003 384 1056 430
ic 0.9208 1100 455 1164 511
ic 0.9176 1000 245 1042 299
ic 0.9137 595 353 687 445
ic 0.8705 884 318 933 373
ic 0.8371 919 483 969 527
button 0.9692 79 65 212 157
button 0.9632 86 1292 205 1389
button 0.9630 1910 59 2049 157
diode 0.9869 1670 1006 1739 1104
diode 0.9848 1590 883 1660 977
diode 0.9685 1597 1007 1660 1103
diode 0.9382 1448 1008 1505 1104
diode 0.9180 1523 1007 1585 1102
diode 0.9167 1523 882 1585 979
diode 0.7405 1135 1109 1226 1177
diode 0.5851 1039 688 1112 756
jumper 0.9719 1740 988 1840 1142
jumper 0.9373 1126 197 1283 310
inductor 0.8986 1956 432 2019 468
inductor 0.8814 1859 1013 1911 1053
unknown 0.9752 1888 1087 1963 1121
unknown 0.9629 1881 272 1957 305
unknown 0.9442 1879 305 1956 344
unknown 0.9409 1916 192 1956 265
unknown 0.9290 1921 1014 1968 1088
unknown 0.9270 1883 1127 1967 1161
unknown 0.9181 1271 556 1313 619
unknown 0.9121 1443 783 1499 814
unknown 0.7822 1859 203 1904 254
