connector 0.9916 83 600 336 873
connector 0.9898 1164 604 1417 866
connector 0.9896 675 73 822 189
connector 0.9737 379 1161 1101 1406
resistor 0.9758 925 1132 960 1151
resistor 0.9745 647 1134 681 1151
resistor 0.9711 752 1133 785 1152
resistor 0.9706 819 1133 854 1152
resistor 0.9675 1100 1130 1133 1151
resistor 0.9671 543 1133 576 1152
resistor 0.9669 578 1133 612 1151
resistor 0.9639 891 1132 924 1151
resistor 0.9611 717 1133 751 1152
resistor 0.9602 338 727 379 743
resistor 0.9582 368 1133 402 1155
resistor 0.9582 473 1134 507 1152
resistor 0.9474 785 1133 821 1152
resistor 0.9386 1029 1129 1064 1151
resistor 0.9327 402 1133 438 1154
resistor 0.9199 339 665 379 680
resistor 0.9167 1231 1134 1249 1167
resistor 0.9153 1104 120 1140 199
resistor 0.9146 960 1131 993 1151
resistor 0.9143 338 751 379 764
resistor 0.9095 1110 952 1125 985
resistor 0.9054 994 1130 1029 1152
resistor 0.8963 1133 1130 1165 1151
resistor 0.8816 855 1131 891 1152
resistor 0.8754 338 647 379 659
resistor 0.8748 438 1133 473 1152
resistor 0.8675 611 1133 646 1152
resistor 0.8665 438 307 457 341
resistor 0.8536 636 281 669 300
resistor 0.8413 401 1092 438 1111
resistor 0.8413 756 416 774 450
resistor 0.8337 785 1090 821 1111
resistor 0.8236 1121 764 1161 776
resistor 0.8211 338 709 379 724
resistor 0.8196 1121 724 1160 735
resistor 0.8195 333 1133 368 1156
resistor 0.8144 888 176 910 212
resistor 0.8131 1121 681 1161 695
resistor 0.8079 820 1090 854 1111
resistor 0.8066 1121 702 1161 714
resistor 0.8007 682 1133 716 1152
resistor 0.7964 994 1090 1029 1112
resistor 0.7924 909 176 932 212
resistor 0.7893 1318 1115 1340 1148
resistor 0.7866 109 986 128 1027
resistor 0.7791 576 1091 612 1111
resistor 0.7763 1132 1090 1164 1108
resistor 0.7748 292 972 328 990
resistor 0.7730 751 1090 784 1111
resistor 0.7687 544 1091 576 1111
resistor 0.7681 846 175 869 208
resistor 0.7638 369 1092 402 1111
resistor 0.7616 1179 987 1212 1005
resistor 0.7524 1063 1129 1100 1151
resistor 0.7367 932 176 949 208
resistor 0.7356 508 1133 540 1152
resistor 0.7346 1122 804 1161 819
resistor 0.7310 1121 782 1161 797
resistor 0.7219 1187 457 1226 476
resistor 0.7214 475 95 511 118
resistor 0.7204 340 772 380 786
resistor 0.7179 1184 938 1206 973
resistor 0.7119 112 1037 128 1075
resistor 0.7054 959 1089 994 1112
resistor 0.7030 474 1093 506 1112
resistor 0.7007 1121 743 1163 756
resistor 0.6933 1058 180 1094 201
resistor 0.6930 925 1090 960 1111
resistor 0.6926 1110 390 1142 409
resistor 0.6921 1317 1089 1352 1112
resistor 0.6902 1187 388 1221 406
resistor 0.6900 716 1089 752 1112
resistor 0.6671 646 1092 679 1111
resistor 0.6563 1100 1091 1133 1107
resistor 0.6502 339 626 380 640
resistor 0.6475 855 1090 891 1111
resistor 0.6350 1008 135 1027 168
resistor 0.6031 1030 1090 1062 1108
resistor 0.6018 890 1090 925 1111
resistor 0.5894 681 1090 716 1112
resistor 0.3843 938 1090 974 1108
resistor 0.3786 337 685 380 699
resistor 0.3212 506 1089 543 1112
resistor 0.3137 1064 1089 1101 1113
pads 0.9436 149 972 171 1007
pads 0.9183 691 198 727 216
pads 0.7872 692 249 725 267
pads 0.7149 1113 271 1161 297
pads 0.6480 1172 268 1216 296
capacitor 0.9731 449 187 463 216
capacitor 0.9524 1143 988 1177 1008
capacitor 0.9370 1230 1093 1249 1124
capacitor 0.9353 1132 1112 1164 1130
capacitor 0.9344 1110 418 1125 461
capacitor 0.9338 542 1112 577 1133
capacitor 0.9273 486 179 518 195
capacitor 0.9224 884 615 898 652
capacitor 0.9213 1198 133 1216 164
capacitor 0.9100 925 1111 959 1130
capacitor 0.9096 890 1112 923 1130
capacitor 0.9037 971 845 1004 866
capacitor 0.8999 1099 1111 1132 1129
capacitor 0.8949 682 1112 715 1133
capacitor 0.8926 1029 1111 1064 1130
capacitor 0.8854 751 1112 785 1132
capacitor 0.8743 715 1111 751 1133
capacitor 0.8738 931 661 972 676
capacitor 0.8716 572 943 611 957
capacitor 0.8660 646 1111 681 1133
capacitor 0.8617 438 1100 471 1125
capacitor 0.8574 1114 304 1161 329
capacitor 0.8526 990 647 1030 662
capacitor 0.8524 368 1112 401 1133
capacitor 0.8511 533 585 548 624
capacitor 0.8461 333 1115 368 1133
capacitor 0.8440 886 941 927 958
capacitor 0.8434 1067 854 1106 867
capacitor 0.8425 1220 373 1238 406
capacitor 0.8404 854 1111 890 1131
capacitor 0.8378 1279 1156 1311 1173
capacitor 0.8371 1064 1112 1099 1130
capacitor 0.8362 474 1112 507 1133
capacitor 0.8361 537 998 578 1016
capacitor 0.8271 1173 340 1218 366
capacitor 0.8264 1078 390 1110 409
capacitor 0.8257 959 1112 993 1131
capacitor 0.8254 891 680 922 698
capacitor 0.8151 578 520 591 557
capacitor 0.8122 891 702 924 721
capacitor 0.8112 1172 303 1219 329
capacitor 0.8064 612 1093 646 1117
capacitor 0.7983 599 522 617 555
capacitor 0.7964 1115 340 1161 366
capacitor 0.7954 511 351 529 384
capacitor 0.7944 508 1112 540 1133
capacitor 0.7933 820 1111 854 1130
capacitor 0.7890 256 1045 281 1090
capacitor 0.7768 475 351 493 384
capacitor 0.7737 1190 475 1225 494
capacitor 0.7700 1267 1071 1306 1086
capacitor 0.7679 221 1045 247 1090
capacitor 0.7668 1187 501 1213 549
capacitor 0.7593 577 1112 612 1133
capacitor 0.7590 721 329 741 358
capacitor 0.7525 467 947 500 965
capacitor 0.7524 1125 505 1150 549
capacitor 0.7509 193 990 219 1036
capacitor 0.7487 785 1112 822 1132
capacitor 0.7485 1026 183 1059 201
capacitor 0.7402 1241 889 1286 903
capacitor 0.7401 500 878 518 914
capacitor 0.7266 576 680 609 702
capacitor 0.7156 461 307 475 341
capacitor 0.7075 189 1046 215 1089
capacitor 0.7072 402 1113 437 1133
capacitor 0.7000 994 1111 1029 1130
capacitor 0.6775 1092 504 1121 548
capacitor 0.6591 1154 501 1184 548
capacitor 0.6558 573 355 606 374
capacitor 0.6111 530 355 563 374
capacitor 0.5933 632 212 649 246
capacitor 0.3178 613 1110 647 1133
text 0.9851 1253 1151 1279 1206
text 0.9845 898 1049 938 1068
text 0.9835 118 270 407 353
text 0.9801 215 475 529 538
text 0.9797 987 1048 1026 1067
text 0.9779 1169 1094 1190 1151
text 0.9767 1264 1047 1321 1071
text 0.9761 244 1163 298 1189
text 0.9742 1085 940 1106 1000
text 0.9737 562 962 619 980
text 0.9728 1104 552 1158 574
text 0.9724 998 494 1023 553
text 0.9708 705 1049 748 1070
text 0.9693 660 1049 701 1068
text 0.9678 924 637 983 659
text 0.9651 233 915 251 961
text 0.9647 855 1049 888 1070
text 0.9640 1067 870 1111 888
text 0.9639 750 1049 781 1068
text 0.9637 1164 1027 1208 1046
text 0.9628 879 980 939 1002
text 0.9624 613 1049 657 1068
text 0.9618 392 1071 433 1089
text 0.9614 522 1049 566 1071
text 0.9600 570 1049 613 1070
text 0.9599 519 173 570 194
text 0.9596 1077 1047 1118 1068
text 0.9586 1162 1049 1208 1068
text 0.9548 1128 454 1182 475
text 0.9519 1040 201 1095 223
text 0.9519 1103 205 1162 227
text 0.9503 1103 574 1162 595
text 0.9500 891 216 909 270
text 0.9487 1112 845 1158 863
text 0.9486 1184 883 1205 935
text 0.9481 650 198 672 257
text 0.9468 1184 410 1237 431
text 0.9465 357 1053 387 1071
text 0.9459 630 260 687 278
text 0.9451 613 91 635 140
text 0.9449 616 1071 657 1089
text 0.9442 383 706 427 724
text 0.9426 571 1071 613 1089
text 0.9412 1205 1138 1230 1193
text 0.9409 1209 1046 1252 1067
text 0.9408 848 221 869 273
text 0.9403 357 1071 390 1090
text 0.9399 880 962 937 980
text 0.9394 1092 410 1110 465
text 0.9393 1062 495 1082 553
text 0.9384 325 586 339 607
text 0.9375 909 216 927 272
text 0.9374 1030 1048 1075 1067
text 0.9367 435 1027 474 1049
text 0.9366 434 1049 471 1070
text 0.9358 1210 1068 1246 1089
text 0.9356 477 1071 524 1089
text 0.9354 579 176 628 198
text 0.9339 1242 390 1260 436
text 0.9281 1106 637 1150 658
text 0.9275 394 1049 430 1071
text 0.9274 131 1217 165 1239
text 0.9250 1196 110 1246 132
text 0.9243 884 724 941 746
text 0.9242 1311 1166 1369 1189
text 0.9225 295 900 325 921
text 0.9196 1104 227 1162 246
text 0.9178 903 614 924 662
text 0.9176 317 1072 356 1090
text 0.9151 1008 848 1052 866
text 0.9136 383 746 427 768
text 0.9136 1019 493 1040 555
text 0.9120 295 1114 321 1136
text 0.9103 518 874 540 921
text 0.9101 661 1070 705 1089
text 0.9100 383 725 427 746
text 0.9093 1340 1112 1362 1169
text 0.9090 782 1050 811 1068
text 0.9087 478 1050 522 1070
text 0.9050 212 929 233 987
text 0.9032 833 428 876 450
text 0.9031 189 924 211 986
text 0.9010 659 1027 702 1047
text 0.8999 296 878 325 900
text 0.8976 727 253 780 275
text 0.8970 109 930 130 987
text 0.8965 579 999 617 1020
text 0.8965 1103 246 1162 267
text 0.8959 1209 1027 1252 1046
text 0.8955 705 1068 747 1089
text 0.8939 1103 618 1149 637
text 0.8930 811 1049 844 1070
text 0.8923 522 1071 567 1090
text 0.8912 1125 410 1179 432
text 0.8909 702 1027 749 1049
text 0.8890 781 395 807 454
text 0.8872 383 644 428 662
text 0.8872 730 198 781 217
text 0.8861 1075 1067 1119 1086
text 0.8853 384 665 427 684
text 0.8818 804 194 833 216
text 0.8794 897 1028 939 1046
text 0.8778 317 1028 354 1049
text 0.8767 270 984 295 1045
text 0.8766 522 147 548 166
text 0.8762 613 1027 659 1049
text 0.8755 1162 1068 1205 1086
text 0.8748 396 1028 436 1050
text 0.8747 943 1027 987 1048
text 0.8712 928 216 950 270
text 0.8705 478 1028 522 1049
text 0.8698 1074 1027 1114 1045
text 0.8696 885 746 935 764
text 0.8688 437 1071 477 1090
text 0.8679 1194 1092 1215 1152
text 0.8677 405 341 427 400
text 0.8657 556 900 614 922
text 0.8653 1319 1068 1373 1093
text 0.8602 1092 920 1122 942
text 0.8593 678 278 730 296
text 0.8584 599 461 620 519
text 0.8584 938 1068 984 1088
text 0.8565 1166 227 1220 245
text 0.8561 366 1165 395 1190
text 0.8554 314 1050 343 1071
text 0.8521 1289 885 1347 907
text 0.8519 259 1137 295 1159
text 0.8513 1124 1067 1166 1085
text 0.8505 1140 117 1191 139
text 0.8486 896 1067 936 1087
text 0.8485 1030 1027 1076 1046
text 0.8445 985 1027 1029 1046
text 0.8442 460 966 508 987
text 0.8439 571 1027 612 1048
text 0.8386 782 1028 814 1049
text 0.8377 986 1067 1026 1088
text 0.8371 1085 998 1139 1020
text 0.8337 249 985 270 1042
text 0.8334 854 1068 894 1089
text 0.8317 1319 1013 1348 1038
text 0.8280 1322 384 1355 410
text 0.8262 295 1137 321 1158
text 0.8222 525 1028 570 1049
text 0.8210 587 373 643 399
text 0.8176 358 1028 394 1049
text 0.8158 1169 249 1222 267
text 0.8153 1100 888 1147 910
text 0.8147 1117 1027 1163 1044
text 0.8132 986 118 1012 172
text 0.8132 881 154 910 172
text 0.8120 781 1068 813 1088
text 0.8110 1166 205 1223 226
text 0.8109 383 768 427 790
text 0.8100 330 969 382 993
text 0.8093 1110 863 1157 889
text 0.8091 258 1114 291 1137
text 0.8050 750 1068 781 1088
text 0.8022 741 313 763 370
text 0.8016 530 374 584 396
text 0.8002 991 624 1033 642
text 0.7984 734 224 764 245
text 0.7937 748 1028 779 1048
text 0.7925 360 947 401 969
text 0.7890 1093 96 1150 117
text 0.7882 1111 825 1154 844
text 0.7866 828 944 872 965
text 0.7864 945 1049 984 1068
text 0.7856 1224 578 1253 600
text 0.7844 416 165 441 225
text 0.7760 560 703 616 724
text 0.7759 1229 438 1257 457
text 0.7736 1118 1046 1162 1068
text 0.7639 1029 99 1085 117
text 0.7635 1149 864 1173 889
text 0.7601 1132 476 1191 497
text 0.7598 814 1027 854 1049
text 0.7598 1164 1009 1207 1032
text 0.7519 106 1078 128 1133
text 0.7518 1016 391 1069 413
text 0.7488 419 95 473 118
text 0.7486 968 180 1023 201
text 0.7455 1103 595 1150 614
text 0.7448 449 341 472 395
text 0.7312 851 1027 896 1049
text 0.7292 383 623 426 643
text 0.7260 223 982 245 1037
text 0.7204 1014 677 1059 699
text 0.7195 508 582 532 626
text 0.7097 956 388 990 410
text 0.7014 1031 1067 1076 1088
text 0.6635 866 99 888 139
text 0.6630 383 684 427 703
text 0.6471 447 253 475 304
text 0.5961 428 341 452 398
text 0.5658 1042 497 1063 553
text 0.3577 234 982 263 1039
text 0.3097 313 1038 343 1063
led 0.9093 891 97 938 140
led 0.7884 559 95 611 139
ic 0.9915 625 454 878 618
ic 0.9894 979 702 1100 845
ic 0.9887 474 198 627 351
ic 0.9875 615 674 884 934
ic 0.9823 354 824 497 944
ic 0.9391 658 311 719 362
ic 0.9318 1030 117 1093 172
ic 0.8584 132 1021 188 1078
ic 0.8414 1143 140 1190 176
ic 0.7846 1252 1097 1314 1151
diode 0.8779 255 911 285 966
diode 0.7934 1131 911 1183 932
transistor 0.9347 1215 907 1359 1028
transistor 0.9321 1132 939 1181 981
transistor 0.8836 913 144 935 176
transistor 0.8719 289 921 332 961
transistor 0.7958 518 114 555 142
inductor 0.9928 1233 246 1385 383
inductor 0.9884 955 249 1108 388
inductor 0.9077 690 220 729 246
inductor 0.8525 1226 465 1336 575
inductor 0.8381 128 1095 241 1214
