connector 0.9915 99 603 350 867
connector 0.9895 1178 599 1431 868
connector 0.9877 694 73 841 190
connector 0.9719 387 1160 1079 1407
resistor 0.9782 355 702 393 713
resistor 0.9760 661 1133 697 1151
resistor 0.9747 1136 666 1175 680
resistor 0.9732 1044 1133 1078 1153
resistor 0.9701 354 724 393 735
resistor 0.9665 833 1133 869 1151
resistor 0.9660 486 1130 522 1151
resistor 0.9623 938 1133 973 1152
resistor 0.9586 869 1133 902 1152
resistor 0.9573 694 1133 729 1152
resistor 0.9571 1147 1133 1183 1154
resistor 0.9555 353 782 394 797
resistor 0.9521 590 1131 624 1152
resistor 0.9507 764 1133 799 1152
resistor 0.9507 554 1131 591 1151
resistor 0.9490 390 952 405 985
resistor 0.9469 452 1130 487 1152
resistor 0.9456 729 1133 764 1152
resistor 0.9427 1078 1134 1113 1154
resistor 0.9404 902 1133 938 1152
resistor 0.9366 1008 1133 1044 1153
resistor 0.9322 355 764 394 777
resistor 0.9321 1137 728 1176 742
resistor 0.9297 741 417 760 449
resistor 0.9256 1114 1133 1147 1155
resistor 0.9215 1137 647 1178 658
resistor 0.9183 521 1131 555 1151
resistor 0.9097 1137 709 1176 724
resistor 0.9044 1137 752 1176 765
resistor 0.9043 1389 1039 1403 1075
resistor 0.8888 382 1130 416 1151
resistor 0.8846 564 176 585 209
resistor 0.8843 975 1133 1008 1152
resistor 0.8692 375 123 413 197
resistor 0.8628 625 1131 661 1152
resistor 0.8606 355 805 396 819
resistor 0.8581 416 1129 453 1151
resistor 0.8522 695 1090 730 1111
resistor 0.8517 799 1132 832 1151
resistor 0.8509 265 1133 285 1167
resistor 0.8496 303 987 335 1006
resistor 0.8435 903 1091 939 1111
resistor 0.8329 730 1090 764 1111
resistor 0.8283 353 680 393 694
resistor 0.8253 1077 1093 1114 1112
resistor 0.8249 1113 1092 1147 1111
resistor 0.8178 350 1130 382 1151
resistor 0.8109 606 175 627 213
resistor 0.8014 1059 308 1078 341
resistor 0.7968 350 1089 383 1108
resistor 0.7938 1044 1092 1077 1111
resistor 0.7920 660 1090 697 1111
resistor 0.7816 556 1090 591 1111
resistor 0.7762 1389 978 1407 1027
resistor 0.7743 1365 976 1385 1010
resistor 0.7733 165 1089 197 1113
resistor 0.7730 868 1090 902 1111
resistor 0.7708 488 136 508 169
resistor 0.7706 763 1090 799 1111
resistor 0.7632 1186 972 1223 990
resistor 0.7606 1008 1092 1044 1111
resistor 0.7581 384 1090 415 1108
resistor 0.7567 1007 95 1043 118
resistor 0.7475 486 1090 522 1111
resistor 0.7429 521 1090 556 1111
resistor 0.7421 938 1092 971 1111
resistor 0.7402 373 391 406 408
resistor 0.7312 1139 772 1177 786
resistor 0.7281 591 1090 625 1111
resistor 0.7182 415 1090 443 1108
resistor 0.7011 295 388 329 406
resistor 0.7009 420 180 458 202
resistor 0.6976 292 458 328 476
resistor 0.6917 646 176 668 209
resistor 0.6862 836 1090 869 1111
resistor 0.6786 846 282 879 300
resistor 0.6766 1136 626 1176 640
resistor 0.6698 584 176 606 212
resistor 0.6305 626 1089 662 1111
resistor 0.6265 353 743 394 757
resistor 0.6228 310 941 333 972
resistor 0.5689 1147 1092 1183 1110
resistor 0.5565 800 1109 836 1131
resistor 0.5297 173 1115 197 1147
resistor 0.5149 450 1086 485 1105
resistor 0.4601 973 1091 1009 1111
resistor 0.4200 1138 688 1176 702
resistor 0.3230 801 1089 838 1112
pads 0.9314 789 198 825 216
pads 0.8975 788 249 822 267
pads 0.8703 1344 972 1366 1006
pads 0.7132 354 271 401 296
pads 0.5874 300 267 346 297
capacitor 0.9558 390 416 405 460
capacitor 0.9292 452 1111 486 1130
capacitor 0.9275 209 1071 248 1086
capacitor 0.9264 544 661 584 677
capacitor 0.9250 1268 1044 1293 1089
capacitor 0.9209 353 340 400 365
capacitor 0.9175 591 702 625 720
capacitor 0.9124 1008 1113 1044 1133
capacitor 0.9123 354 303 400 330
capacitor 0.9072 339 987 372 1009
capacitor 0.9000 924 521 935 555
capacitor 0.8971 510 844 544 866
capacitor 0.8970 835 1112 868 1132
capacitor 0.8899 661 1112 696 1130
capacitor 0.8883 299 132 318 165
capacitor 0.8877 410 854 448 867
capacitor 0.8856 486 1111 521 1130
capacitor 0.8778 406 389 439 410
capacitor 0.8705 764 1112 800 1133
capacitor 0.8680 276 372 295 407
capacitor 0.8674 1148 1114 1184 1134
capacitor 0.8662 296 341 343 366
capacitor 0.8554 1044 1113 1077 1133
capacitor 0.8501 1235 1045 1259 1090
capacitor 0.8501 486 646 523 661
capacitor 0.8479 975 1112 1008 1133
capacitor 0.8467 204 1155 237 1173
capacitor 0.8459 998 179 1029 195
capacitor 0.8399 384 1110 416 1130
capacitor 0.8331 938 1112 973 1133
capacitor 0.8309 591 1112 625 1130
capacitor 0.8291 935 998 979 1017
capacitor 0.8236 296 304 342 330
capacitor 0.8173 266 1092 285 1127
capacitor 0.8164 349 1111 382 1129
capacitor 0.8150 1023 351 1040 384
capacitor 0.8138 303 501 328 551
capacitor 0.8126 869 1112 903 1133
capacitor 0.8110 588 942 632 958
capacitor 0.8103 1041 308 1055 340
capacitor 0.8013 625 1111 661 1130
capacitor 0.7895 1052 187 1067 216
capacitor 0.7875 1297 991 1323 1035
capacitor 0.7842 997 878 1015 914
capacitor 0.7822 230 889 273 903
capacitor 0.7652 455 183 490 202
capacitor 0.7641 555 1111 591 1131
capacitor 0.7603 968 584 983 625
capacitor 0.7555 1015 947 1048 965
capacitor 0.7525 904 922 939 938
capacitor 0.7519 617 616 632 652
capacitor 0.7502 953 356 986 374
capacitor 0.7348 594 679 624 699
capacitor 0.7343 520 1111 554 1131
capacitor 0.7311 290 475 325 493
capacitor 0.7303 418 1111 452 1130
capacitor 0.7247 906 681 939 702
capacitor 0.7246 395 505 424 549
capacitor 0.7235 1113 1113 1147 1133
capacitor 0.7054 694 1112 730 1132
capacitor 0.6866 1299 1046 1326 1088
capacitor 0.6859 901 941 942 957
capacitor 0.6854 866 213 884 245
capacitor 0.6669 987 352 1007 384
capacitor 0.6659 365 505 390 548
capacitor 0.6635 332 501 361 548
capacitor 0.6501 898 523 914 555
capacitor 0.6478 902 1111 938 1133
capacitor 0.6403 1077 1112 1114 1134
capacitor 0.6257 910 355 942 373
capacitor 0.6053 800 1111 833 1132
capacitor 0.4118 729 1111 765 1132
text 0.9877 194 1046 251 1071
text 0.9870 1109 270 1400 354
text 0.9830 983 475 1295 537
text 0.9813 406 870 449 888
text 0.9808 358 553 413 574
text 0.9808 1128 1053 1159 1071
text 0.9797 894 961 954 980
text 0.9788 578 1049 618 1068
text 0.9770 489 1048 529 1068
text 0.9737 903 1049 949 1071
text 0.9734 577 962 634 980
text 0.9726 575 724 631 746
text 0.9717 1216 1163 1270 1188
text 0.9702 592 615 614 662
text 0.9699 533 637 592 659
text 0.9699 1264 914 1282 962
text 0.9692 812 1048 855 1068
text 0.9645 408 940 430 996
text 0.9641 493 494 517 553
text 0.9628 142 1068 196 1093
text 0.9628 397 1046 438 1068
text 0.9627 1176 585 1191 607
text 0.9627 365 636 411 658
text 0.9602 1350 1217 1384 1240
text 0.9600 577 980 635 1001
text 0.9590 628 1048 661 1069
text 0.9561 307 1049 354 1068
text 0.9559 1046 1049 1082 1071
text 0.9541 828 260 883 278
text 0.9535 949 173 997 194
text 0.9526 1283 928 1304 987
text 0.9514 858 1049 901 1069
text 0.9513 464 848 508 867
text 0.9506 354 575 413 596
text 0.9502 1086 1049 1122 1071
text 0.9501 994 1050 1038 1071
text 0.9501 237 1151 263 1207
text 0.9486 1039 1071 1081 1089
text 0.9486 950 1049 993 1071
text 0.9480 308 1027 352 1046
text 0.9437 1389 1080 1409 1134
text 0.9424 153 1112 176 1169
text 0.9421 1083 1071 1124 1089
text 0.9412 1306 925 1332 988
text 0.9410 1220 984 1244 1046
text 0.9396 167 1012 195 1038
text 0.9392 880 93 902 140
text 0.9371 566 216 588 270
text 0.9365 1126 1071 1158 1089
text 0.9363 285 1138 310 1191
text 0.9361 269 110 323 132
text 0.9334 992 1072 1038 1089
text 0.9310 442 1049 485 1068
text 0.9305 1121 1166 1149 1192
text 0.9299 355 1046 398 1067
text 0.9296 328 1093 348 1152
text 0.9291 949 1072 993 1089
text 0.9271 646 220 669 271
text 0.9264 859 1071 899 1089
text 0.9260 968 146 994 165
text 0.9219 473 494 497 554
text 0.9214 588 216 607 270
text 0.9210 334 410 387 432
text 0.9200 365 618 413 637
text 0.9194 358 844 405 863
text 0.9168 1191 877 1220 898
text 0.9164 269 1068 307 1089
text 0.9155 422 201 474 224
text 0.9121 398 1027 442 1045
text 0.9108 1190 900 1220 922
text 0.9107 735 1049 766 1067
text 0.9106 1158 1071 1198 1090
text 0.9101 888 176 935 198
text 0.9075 440 1067 485 1088
text 0.9074 332 453 387 475
text 0.9068 811 1069 854 1090
text 0.9060 1162 1028 1199 1049
text 0.9055 843 197 866 258
text 0.9038 354 245 412 268
text 0.9030 265 1046 306 1067
text 0.9023 639 427 683 450
text 0.9008 872 374 928 399
text 0.9004 1089 341 1110 400
text 0.9001 902 1070 947 1089
text 0.8999 485 1027 529 1046
text 0.8989 784 278 836 297
text 0.8986 975 875 997 920
text 0.8971 768 1050 811 1069
text 0.8965 307 1094 328 1152
text 0.8932 355 227 412 246
text 0.8928 529 1027 574 1049
text 0.8879 1059 250 1081 304
text 0.8870 606 216 625 271
text 0.8854 669 1048 702 1068
text 0.8850 902 899 961 922
text 0.8833 262 577 292 600
text 0.8817 489 1068 529 1088
text 0.8816 356 205 413 226
text 0.8800 708 396 734 454
text 0.8790 1193 1110 1220 1136
text 0.8783 1222 1114 1256 1137
text 0.8780 1008 965 1055 987
text 0.8767 493 179 548 202
text 0.8731 1082 1027 1122 1049
text 0.8729 1386 929 1406 984
text 0.8725 310 1068 353 1085
text 0.8701 264 1026 306 1046
text 0.8701 277 410 331 431
text 0.8697 580 746 631 764
text 0.8685 509 116 530 174
text 0.8648 643 943 687 966
text 0.8639 682 194 712 216
text 0.8636 701 1027 734 1048
text 0.8633 433 494 453 553
text 0.8631 1271 983 1293 1037
text 0.8591 1089 725 1132 745
text 0.8582 258 438 288 457
text 0.8559 293 206 352 227
text 0.8544 1041 1028 1081 1049
text 0.8532 993 1028 1037 1050
text 0.8527 1074 165 1100 224
text 0.8518 1220 1136 1256 1158
text 0.8515 578 1068 618 1088
text 0.8514 902 702 957 724
text 0.8509 811 1027 855 1048
text 0.8492 753 224 783 245
text 0.8482 734 252 789 274
text 0.8481 529 1068 573 1088
text 0.8475 354 1027 400 1046
text 0.8459 902 1027 949 1049
text 0.8444 359 863 406 888
text 0.8441 375 998 434 1020
text 0.8432 949 1027 990 1049
text 0.8429 857 1028 902 1048
text 0.8402 1088 745 1133 767
text 0.8393 367 887 416 906
text 0.8374 895 458 927 520
text 0.8355 1194 1137 1221 1159
text 0.8338 736 1027 766 1049
text 0.8337 404 410 423 465
text 0.8327 292 249 346 267
text 0.8279 439 1027 488 1047
text 0.8266 456 677 502 699
text 0.8228 898 998 935 1019
text 0.8227 326 117 376 139
text 0.8204 160 383 193 410
text 0.8202 752 312 774 370
text 0.8196 351 1067 395 1085
text 0.8193 1062 341 1088 399
text 0.8179 1089 644 1133 661
text 0.8158 526 388 559 410
text 0.8097 361 823 405 843
text 0.8095 1130 968 1184 994
text 0.8085 767 1027 813 1049
text 0.8075 932 374 986 395
text 0.8072 729 197 785 216
text 0.8065 606 154 635 173
text 0.8057 1040 250 1058 304
text 0.8049 705 1049 734 1067
text 0.8041 1085 684 1132 707
text 0.8026 296 227 350 246
text 0.8014 533 1049 573 1068
text 0.7972 396 1067 439 1085
text 0.7954 576 1027 618 1047
text 0.7903 659 1026 699 1046
text 0.7864 1088 665 1133 685
text 0.7803 627 100 650 138
text 0.7785 444 391 499 414
text 0.7675 395 922 424 944
text 0.7592 769 1067 811 1089
text 0.7551 983 581 1008 626
text 0.7502 144 1166 202 1190
text 0.7489 168 885 227 906
text 0.7451 365 596 411 615
text 0.7408 1172 1049 1201 1071
text 0.7356 481 623 526 642
text 0.7310 620 1069 661 1089
text 0.7296 311 881 329 933
text 0.7260 1124 1028 1162 1049
text 0.7245 365 96 424 118
text 0.7205 621 1027 668 1048
text 0.7195 1041 95 1095 118
text 0.7090 1113 947 1159 969
text 0.7036 432 99 486 117
text 0.7004 736 1067 766 1088
text 0.6916 307 1004 350 1026
text 0.6891 326 477 381 500
text 0.6862 1089 768 1133 790
text 0.6752 1246 984 1273 1042
text 0.6708 255 389 273 435
text 0.6590 341 868 356 890
text 0.6346 1089 705 1132 726
text 0.6321 1091 622 1133 643
text 0.6213 1045 340 1066 394
text 0.5867 704 1067 733 1090
text 0.3929 348 862 385 887
text 0.3587 375 1067 420 1087
text 0.3583 1095 1027 1143 1050
text 0.3150 143 1076 192 1103
led 0.9114 578 95 624 138
led 0.8796 905 96 957 140
ic 0.9888 1018 823 1161 943
ic 0.9847 636 680 896 942
ic 0.9841 639 454 890 617
ic 0.9789 887 198 1040 351
ic 0.9749 415 703 536 844
ic 0.9535 425 117 486 171
ic 0.9526 1327 1021 1384 1079
ic 0.9323 795 311 858 362
ic 0.8633 325 140 371 176
ic 0.8343 201 1096 261 1150
diode 0.9517 1231 911 1260 965
diode 0.7867 333 908 387 932
transistor 0.9610 156 906 299 1026
transistor 0.9383 336 939 384 978
transistor 0.8862 1184 922 1227 962
transistor 0.8544 583 143 600 176
transistor 0.8055 961 114 998 143
inductor 0.9960 130 245 281 384
inductor 0.9932 409 250 559 389
inductor 0.9117 182 464 289 574
inductor 0.8299 1275 1096 1389 1214
inductor 0.7383 785 220 825 245
