connector 0.9902 99 627 350 891
connector 0.9900 693 1304 840 1425
connector 0.9876 1179 625 1431 898
connector 0.9731 423 88 1144 336
resistor 0.9666 939 344 973 363
resistor 0.9660 661 346 697 366
resistor 0.9653 1136 753 1176 768
resistor 0.9645 354 699 394 713
resistor 0.9638 486 347 522 366
resistor 0.9615 591 348 624 366
resistor 0.9607 375 1297 412 1378
resistor 0.9595 1059 1159 1078 1191
resistor 0.9573 354 720 394 734
resistor 0.9570 1044 344 1078 363
resistor 0.9536 555 347 591 366
resistor 0.9492 1008 344 1044 363
resistor 0.9488 833 345 869 366
resistor 0.9413 354 761 394 775
resistor 0.9396 265 333 284 365
resistor 0.9388 763 345 799 366
resistor 0.9307 452 348 485 366
resistor 0.9289 383 347 416 366
resistor 0.9248 729 346 764 366
resistor 0.9210 869 344 903 366
resistor 0.9207 417 347 452 367
resistor 0.9179 695 347 730 366
resistor 0.9171 1137 775 1176 790
resistor 0.9140 354 782 394 797
resistor 0.9094 1114 344 1147 362
resistor 0.9063 1147 344 1183 362
resistor 0.9042 1136 816 1176 830
resistor 0.9025 389 516 405 549
resistor 0.8970 741 1051 760 1082
resistor 0.8954 646 1287 668 1319
resistor 0.8913 730 387 763 407
resistor 0.8871 1078 344 1114 363
resistor 0.8869 522 348 555 366
resistor 0.8839 303 491 335 509
resistor 0.8832 625 348 660 366
resistor 0.8820 1388 425 1403 461
resistor 0.8806 975 344 1009 363
resistor 0.8797 565 1286 584 1319
resistor 0.8718 355 679 393 691
resistor 0.8707 845 1199 881 1217
resistor 0.8653 902 344 938 366
resistor 0.8647 1136 732 1176 746
resistor 0.8572 764 388 799 406
resistor 0.8486 584 1287 606 1319
resistor 0.8481 606 1287 628 1320
resistor 0.8472 522 388 555 406
resistor 0.8321 451 368 485 391
resistor 0.8289 291 1024 328 1042
resistor 0.8239 696 386 730 406
resistor 0.8126 354 804 396 819
resistor 0.8114 1136 838 1175 851
resistor 0.8108 1113 384 1147 405
resistor 0.8047 295 1090 328 1108
resistor 0.8045 489 1330 508 1362
resistor 0.8034 938 387 972 406
resistor 0.7993 1187 507 1223 525
resistor 0.7968 556 388 592 407
resistor 0.7962 174 351 196 379
resistor 0.7961 486 389 523 406
resistor 0.7960 591 388 624 406
resistor 0.7932 661 389 697 406
resistor 0.7898 1138 713 1176 727
resistor 0.7887 373 1089 406 1108
resistor 0.7880 799 345 832 366
resistor 0.7797 351 348 383 370
resistor 0.7689 870 386 903 405
resistor 0.7675 624 373 661 399
resistor 0.7668 1366 484 1384 519
resistor 0.7622 351 388 384 410
resistor 0.7452 1005 1378 1041 1400
resistor 0.7412 1136 860 1175 874
resistor 0.7239 1045 384 1078 406
resistor 0.7068 311 527 333 556
resistor 0.7006 165 387 197 406
resistor 0.6657 421 1297 457 1316
resistor 0.6390 836 388 869 406
resistor 0.6173 415 389 453 406
resistor 0.6067 1389 475 1406 510
resistor 0.5991 381 388 414 410
resistor 0.5957 799 378 837 403
resistor 0.4183 1010 384 1044 405
resistor 0.3676 453 387 486 408
resistor 0.3310 402 389 442 409
pads 0.8723 1344 490 1366 523
pads 0.8074 788 1231 822 1251
pads 0.7669 788 1279 825 1301
pads 0.6880 355 1202 400 1228
pads 0.5754 300 1203 343 1228
capacitor 0.9741 390 1038 405 1078
capacitor 0.9735 339 490 372 508
capacitor 0.9566 208 412 248 424
capacitor 0.9341 1052 1279 1067 1312
capacitor 0.9268 903 366 939 386
capacitor 0.9223 1077 364 1113 384
capacitor 0.9211 354 1130 401 1155
capacitor 0.9168 266 369 285 402
capacitor 0.9104 591 779 625 798
capacitor 0.8964 1267 409 1294 454
capacitor 0.8936 923 940 936 977
capacitor 0.8924 511 632 544 651
capacitor 0.8854 834 365 870 384
capacitor 0.8751 1234 406 1259 452
capacitor 0.8737 383 370 417 388
capacitor 0.8733 1147 362 1183 385
capacitor 0.8691 1008 365 1044 384
capacitor 0.8685 354 1166 401 1195
capacitor 0.8668 299 1334 317 1365
capacitor 0.8653 544 823 583 837
capacitor 0.8599 417 368 452 387
capacitor 0.8522 975 365 1008 383
capacitor 0.8498 486 834 525 853
capacitor 0.8498 277 1087 295 1122
capacitor 0.8449 616 845 631 881
capacitor 0.8430 587 540 631 560
capacitor 0.8408 1297 460 1322 508
capacitor 0.8367 661 365 697 386
capacitor 0.8329 405 1089 438 1108
capacitor 0.8288 302 946 329 994
capacitor 0.8250 556 365 591 387
capacitor 0.8224 935 482 979 498
capacitor 0.8215 486 366 523 387
capacitor 0.8213 968 873 983 913
capacitor 0.8183 295 1165 343 1196
capacitor 0.8173 591 365 624 387
capacitor 0.8143 1022 1115 1041 1145
capacitor 0.8091 764 365 800 387
capacitor 0.8081 906 797 939 816
capacitor 0.8037 296 1130 343 1158
capacitor 0.7920 939 365 974 383
capacitor 0.7861 203 326 236 345
capacitor 0.7826 350 369 383 387
capacitor 0.7766 1300 406 1326 452
capacitor 0.7740 229 596 275 610
capacitor 0.7707 997 1301 1030 1319
capacitor 0.7554 996 584 1015 618
capacitor 0.7467 865 1251 884 1286
capacitor 0.7316 986 1115 1006 1144
capacitor 0.7285 1014 530 1049 552
capacitor 0.7193 409 629 449 644
capacitor 0.7156 910 1123 942 1144
capacitor 0.7121 954 1122 986 1144
capacitor 0.7115 364 948 390 995
capacitor 0.7063 396 947 423 994
capacitor 0.7048 800 366 833 385
capacitor 0.7033 291 1005 325 1024
capacitor 0.6996 901 538 943 553
capacitor 0.6925 1113 366 1148 384
capacitor 0.6887 456 1297 489 1316
capacitor 0.6817 332 945 361 995
capacitor 0.6783 595 797 624 819
capacitor 0.6631 1044 365 1077 384
capacitor 0.6577 774 1140 792 1175
capacitor 0.6487 1041 1158 1055 1188
capacitor 0.6419 869 365 903 384
capacitor 0.5973 694 365 729 388
capacitor 0.5970 899 942 916 976
capacitor 0.4226 520 365 555 388
capacitor 0.3528 729 366 764 389
capacitor 0.3420 902 554 943 573
text 0.9842 1106 1141 1400 1223
text 0.9837 194 428 251 450
text 0.9829 407 607 450 629
text 0.9802 1216 311 1269 332
text 0.9772 982 961 1292 1020
text 0.9759 307 432 353 450
text 0.9758 1351 260 1384 283
text 0.9740 409 501 431 556
text 0.9729 574 753 631 775
text 0.9727 903 406 946 425
text 0.9718 358 636 404 655
text 0.9713 576 497 635 516
text 0.9660 1264 536 1281 581
text 0.9647 489 428 529 450
text 0.9644 577 517 635 538
text 0.9642 328 344 346 406
text 0.9622 588 1228 607 1284
text 0.9622 895 515 954 537
text 0.9614 647 1224 670 1278
text 0.9613 237 290 263 347
text 0.9601 270 1367 321 1385
text 0.9596 365 838 409 862
text 0.9596 949 428 993 446
text 0.9594 786 1199 835 1221
text 0.9562 1126 406 1158 425
text 0.9556 354 902 413 921
text 0.9554 1128 427 1158 446
text 0.9550 398 428 438 449
text 0.9535 141 405 197 428
text 0.9532 992 406 1037 427
text 0.9529 577 428 616 450
text 0.9523 263 432 306 451
text 0.9520 421 1275 476 1294
text 0.9507 1038 406 1079 425
text 0.9484 152 329 175 384
text 0.9478 592 837 614 880
text 0.9476 358 925 412 943
text 0.9469 299 468 353 489
text 0.9459 566 1228 587 1284
text 0.9452 493 943 518 1006
text 0.9427 1044 428 1081 447
text 0.9421 949 407 993 428
text 0.9406 439 409 485 429
text 0.9402 1081 406 1120 424
text 0.9374 811 407 855 428
text 0.9369 464 632 507 651
text 0.9340 639 1045 683 1069
text 0.9340 332 1023 387 1045
text 0.9339 1176 887 1191 914
text 0.9336 1388 366 1410 422
text 0.9336 1221 340 1256 358
text 0.9334 857 406 899 425
text 0.9318 354 1271 413 1293
text 0.9309 768 427 810 448
text 0.9296 948 1304 996 1323
text 0.9281 354 1250 413 1268
text 0.9277 441 428 485 449
text 0.9269 1040 446 1081 469
text 0.9259 702 451 734 471
text 0.9256 333 1064 391 1085
text 0.9252 829 1217 884 1240
text 0.9239 606 1229 627 1283
text 0.9238 858 428 901 446
text 0.9235 369 585 416 610
text 0.9232 397 409 438 428
text 0.9231 490 408 529 428
text 0.9224 752 1254 781 1275
text 0.9216 355 432 397 450
text 0.9216 285 307 310 359
text 0.9214 902 428 945 447
text 0.9212 434 943 453 1001
text 0.9208 311 409 354 431
text 0.9205 167 460 196 486
text 0.9194 1161 447 1199 468
text 0.9178 365 860 412 881
text 0.9167 475 943 496 1002
text 0.9161 993 426 1038 446
text 0.9156 814 428 855 448
text 0.9141 354 1228 413 1250
text 0.9124 534 838 592 864
text 0.9117 733 1224 788 1246
text 0.9117 950 446 990 469
text 0.9115 263 454 306 472
text 0.9103 626 427 660 449
text 0.9101 902 770 957 793
text 0.9094 881 1357 902 1404
text 0.9077 1008 512 1055 531
text 0.9076 683 1280 712 1301
text 0.9076 994 447 1036 468
text 0.8988 1223 361 1258 381
text 0.8985 307 343 328 406
text 0.8981 578 731 632 754
text 0.8940 1282 508 1304 568
text 0.8932 352 412 397 428
text 0.8908 577 409 615 428
text 0.8901 405 1030 424 1089
text 0.8853 811 450 854 468
text 0.8848 708 1046 734 1104
text 0.8845 769 409 811 428
text 0.8826 1271 456 1293 512
text 0.8809 485 449 529 471
text 0.8803 1193 359 1220 381
text 0.8797 735 450 766 469
text 0.8789 734 428 766 450
text 0.8789 843 1243 866 1297
text 0.8776 270 409 306 431
text 0.8763 1220 454 1245 512
text 0.8751 887 1300 934 1319
text 0.8737 358 610 406 633
text 0.8735 1306 512 1333 570
text 0.8733 456 797 500 823
text 0.8727 438 450 485 471
text 0.8722 903 577 960 600
text 0.8717 401 449 442 472
text 0.8716 1082 447 1121 469
text 0.8699 577 449 617 472
text 0.8699 167 589 227 610
text 0.8694 1121 307 1150 329
text 0.8675 262 899 292 922
text 0.8673 975 573 997 621
text 0.8666 1158 407 1197 428
text 0.8630 325 998 383 1019
text 0.8621 430 1381 487 1400
text 0.8620 661 449 702 472
text 0.8616 903 447 948 468
text 0.8593 1223 381 1260 401
text 0.8583 259 1038 289 1059
text 0.8575 968 1331 993 1353
text 0.8565 872 1100 928 1122
text 0.8546 1192 339 1220 358
text 0.8535 1191 578 1220 600
text 0.8519 1191 599 1221 621
text 0.8508 1046 1102 1066 1158
text 0.8494 507 1323 529 1382
text 0.8485 532 428 573 450
text 0.8474 1059 1191 1081 1246
text 0.8471 734 406 767 428
text 0.8461 932 1101 985 1122
text 0.8460 1085 792 1132 813
text 0.8456 1074 1271 1100 1333
text 0.8440 642 531 686 553
text 0.8302 146 307 205 329
text 0.8300 1114 527 1159 552
text 0.8274 394 556 424 578
text 0.8270 1086 425 1122 446
text 0.8237 1087 1102 1109 1158
text 0.8227 531 450 573 471
text 0.8216 278 1067 335 1090
text 0.8207 366 1379 423 1400
text 0.8181 620 409 660 428
text 0.8142 767 450 813 468
text 0.8134 1040 1195 1059 1244
text 0.8134 1089 752 1132 772
text 0.8065 159 1089 194 1111
text 0.8056 1190 382 1220 403
text 0.8010 1089 709 1132 727
text 0.8002 897 479 934 497
text 0.7989 483 853 526 874
text 0.7983 293 1272 351 1290
text 0.7946 861 448 900 468
text 0.7914 1089 837 1133 855
text 0.7900 704 406 734 427
text 0.7895 1089 731 1133 750
text 0.7855 343 607 354 629
text 0.7847 670 428 703 449
text 0.7811 1386 509 1407 569
text 0.7791 1091 856 1133 877
text 0.7782 354 449 401 471
text 0.7765 526 1089 559 1107
text 0.7743 617 451 658 471
text 0.7734 359 654 405 675
text 0.7726 531 409 574 428
text 0.7703 1132 501 1185 526
text 0.7650 1122 446 1162 468
text 0.7649 606 1323 635 1346
text 0.7568 446 1085 501 1108
text 0.7553 728 1279 785 1301
text 0.7491 309 564 330 618
text 0.7469 1088 815 1132 833
text 0.7449 894 976 928 1040
text 0.7422 294 1250 349 1268
text 0.7413 292 1232 347 1250
text 0.7406 1042 1378 1096 1402
text 0.7391 375 476 431 501
text 0.7301 1171 429 1201 447
text 0.7245 493 1294 549 1319
text 0.7128 327 1360 376 1378
text 0.7128 311 450 350 471
text 0.7095 1247 455 1268 511
text 0.7016 703 428 734 450
text 0.6988 1088 772 1133 792
text 0.6924 753 1132 774 1188
text 0.6883 255 1061 274 1110
text 0.6626 983 868 1008 918
text 0.6090 629 1355 649 1400
text 0.3813 1116 514 1168 543
text 0.3639 1083 783 1129 806
text 0.3196 363 872 411 894
text 0.3042 661 406 695 428
led 0.8863 577 1359 626 1400
led 0.8627 905 1359 957 1403
ic 0.9903 635 556 899 814
ic 0.9829 638 875 891 1042
ic 0.9805 888 1147 1039 1297
ic 0.9725 416 654 536 794
ic 0.9602 1018 556 1160 675
ic 0.9462 424 1327 484 1379
ic 0.9385 1326 418 1384 475
ic 0.8724 796 1137 859 1184
ic 0.8600 201 347 262 404
ic 0.6801 325 1321 371 1361
diode 0.9722 1232 532 1261 590
diode 0.6701 330 563 389 589
transistor 0.9679 155 472 299 589
transistor 0.9414 335 520 383 557
transistor 0.8872 1183 536 1227 578
transistor 0.7624 961 1357 998 1386
transistor 0.6841 583 1322 603 1352
inductor 0.9959 409 1111 560 1250
inductor 0.9915 130 1111 281 1249
inductor 0.8351 1275 282 1390 406
inductor 0.8272 184 926 288 1031
inductor 0.7804 786 1253 825 1279
