connector 0.9914 3230 991 3769 1424
connector 0.9794 3349 1420 3730 1792
connector 0.9768 3361 644 3757 1000
connector 0.9734 3624 1807 3732 2269
connector 0.9678 1763 1669 1991 1731
connector 0.9584 881 1346 1029 1554
connector 0.9579 2634 2592 2948 2719
connector 0.9545 2384 1936 2459 2112
connector 0.9540 1296 598 1366 731
connector 0.9519 2023 2611 2357 2718
connector 0.9484 1816 168 2095 524
connector 0.9453 2776 299 2967 448
connector 0.9419 3513 297 3707 444
connector 0.9397 1941 1093 2197 1159
connector 0.9397 1939 1025 2197 1087
connector 0.9376 2666 2511 2910 2656
connector 0.9344 3572 442 3729 620
connector 0.9332 1065 210 1274 484
connector 0.9302 2561 1902 2610 2121
connector 0.9285 2961 569 3092 638
connector 0.9284 3050 1721 3247 1790
connector 0.9272 1453 2617 1751 2731
connector 0.9268 2963 298 3156 446
connector 0.9263 1617 189 1808 458
connector 0.9253 3144 1876 3198 2117
connector 0.9218 2163 1483 2345 1666
connector 0.9208 3336 296 3520 442
connector 0.9172 3228 2590 3544 2708
connector 0.9163 2940 456 3007 514
connector 0.9116 3261 2499 3515 2649
connector 0.9100 2101 165 2373 520
connector 0.9082 2945 746 3002 801
connector 0.9072 2957 634 3082 695
connector 0.8959 758 208 1046 572
connector 0.8928 2064 2523 2315 2667
connector 0.8906 1408 195 1605 455
connector 0.8876 1838 1833 1900 2068
connector 0.8867 2372 158 2651 517
connector 0.8783 891 1623 1016 1828
connector 0.8722 3558 2282 3682 2353
connector 0.8689 1221 1873 1269 2099
connector 0.8678 1697 1423 1766 1681
connector 0.8664 1008 1314 1223 1881
connector 0.8601 2551 847 2749 921
connector 0.8499 900 2622 1206 2739
connector 0.8461 2742 527 2817 715
connector 0.8419 1481 2528 1723 2672
connector 0.8374 1935 970 2243 1029
connector 0.8349 3211 555 3555 622
connector 0.8095 2009 1385 2063 1594
connector 0.8090 857 862 921 978
connector 0.7874 1673 461 1776 531
connector 0.7868 1949 1901 2020 2117
connector 0.7638 927 2532 1169 2672
connector 0.7614 3053 456 3125 512
connector 0.7328 3065 742 3125 812
connector 0.7306 2797 1167 3123 1226
connector 0.7306 1554 1338 1630 1516
connector 0.7278 2348 661 2452 725
connector 0.7211 3139 288 3324 444
connector 0.7191 574 800 854 1016
connector 0.6477 2375 589 2450 651
connector 0.6313 1476 478 1570 543
resistor 0.9617 1483 1988 1540 2017
resistor 0.9462 1367 2431 1552 2522
resistor 0.9214 2957 822 3024 851
resistor 0.9102 2548 2425 2729 2508
resistor 0.9100 2662 1860 2731 1899
resistor 0.9014 850 574 910 595
resistor 0.8833 2489 715 2550 756
resistor 0.8812 2669 1997 2738 2027
resistor 0.8761 3262 2008 3331 2046
resistor 0.8612 2835 1583 2897 1617
resistor 0.8357 2490 794 2550 822
resistor 0.8349 1955 1624 2016 1656
resistor 0.8327 3133 2418 3308 2498
resistor 0.8324 3264 1859 3333 1891
resistor 0.8231 1879 921 1944 951
resistor 0.8075 2007 730 2074 754
resistor 0.8060 2073 1829 2145 1862
resistor 0.8057 1717 991 1780 1030
resistor 0.7954 3150 983 3211 1012
resistor 0.7851 2282 980 2350 1009
resistor 0.7803 2832 1423 2894 1460
resistor 0.7729 3181 1645 3250 1700
resistor 0.7570 1097 970 1153 1001
resistor 0.7449 2076 1913 2144 1948
resistor 0.7060 926 970 961 1011
resistor 0.7056 1017 968 1087 1000
resistor 0.6947 3380 1820 3466 1870
resistor 0.6778 3144 1179 3214 1218
resistor 0.6736 2098 565 2144 596
resistor 0.6645 2833 1661 2896 1692
resistor 0.6332 3484 2414 3651 2496
resistor 0.6294 3053 1057 3095 1122
resistor 0.6100 2076 1999 2144 2029
resistor 0.5490 2156 1633 2223 1663
resistor 0.5195 1492 991 1523 1067
resistor 0.4384 1609 1880 1680 1910
resistor 0.3536 1607 509 1678 555
resistor 0.3438 2085 1795 2148 1827
resistor 0.3102 1492 1006 1516 1044
pads 0.9723 2700 1227 2740 1265
pads 0.9495 2667 1897 2737 1942
pads 0.8992 776 1303 990 1621
pads 0.8960 1481 1939 1549 1978
pads 0.8205 3296 1764 3349 1821
pads 0.7938 919 1948 987 1986
pads 0.7915 2866 1869 2916 1932
pads 0.7644 2745 1276 2776 1304
pads 0.7536 1200 995 1469 1213
pads 0.7301 2776 1872 2829 1927
pads 0.7145 2745 1329 2777 1364
pads 0.7035 2957 1860 3002 1929
pads 0.6916 2724 1254 2766 1291
pads 0.6199 3263 1971 3333 2008
pads 0.5890 2082 1930 2140 1989
capacitor 0.9910 2696 1045 2719 1116
capacitor 0.9858 3104 1256 3134 1322
capacitor 0.9777 2795 1296 2826 1358
capacitor 0.9751 3211 1506 3242 1572
capacitor 0.9682 2874 1253 2926 1365
capacitor 0.9560 3100 1039 3133 1110
capacitor 0.9415 2211 1176 2274 1247
capacitor 0.9366 1700 1989 1768 2027
capacitor 0.9359 2812 1489 2915 1550
capacitor 0.9352 2870 1070 2900 1122
capacitor 0.9326 3142 1035 3212 1072
capacitor 0.9292 1770 1383 1847 1416
capacitor 0.9283 2146 694 2169 774
capacitor 0.9252 1099 2344 1164 2420
capacitor 0.9231 3149 1137 3210 1166
capacitor 0.9178 1461 1593 1485 1662
capacitor 0.9142 3547 2023 3610 2158
capacitor 0.9135 3450 1992 3510 2023
capacitor 0.9109 2010 1220 2074 1350
capacitor 0.9065 3015 1732 3033 1796
capacitor 0.9056 2645 1043 2688 1120
capacitor 0.9048 1670 2350 1744 2418
capacitor 0.9034 1482 2066 1553 2097
capacitor 0.9029 3038 1263 3095 1381
capacitor 0.8982 1697 2068 1769 2097
capacitor 0.8910 3546 2156 3607 2281
capacitor 0.8874 2727 1442 2785 1504
capacitor 0.8772 3483 1801 3608 1859
capacitor 0.8540 1117 2066 1183 2095
capacitor 0.8518 2859 1970 2925 2008
capacitor 0.8499 3154 1354 3220 1384
capacitor 0.8493 918 2056 988 2087
capacitor 0.8491 2579 999 2644 1029
capacitor 0.8427 2152 1690 2193 1765
capacitor 0.8353 3153 1296 3212 1327
capacitor 0.8282 1115 1971 1187 2008
capacitor 0.8231 1680 1878 1753 1920
capacitor 0.8170 3539 1898 3606 2007
capacitor 0.8103 2859 2039 2931 2077
capacitor 0.8082 3460 2333 3527 2398
capacitor 0.7940 2263 2359 2330 2423
capacitor 0.7869 3266 1901 3331 1934
capacitor 0.7778 3432 1946 3504 1987
capacitor 0.7695 3142 1566 3173 1649
capacitor 0.7594 1116 525 1240 585
capacitor 0.7593 2609 1582 2672 1656
capacitor 0.7579 2757 1068 2779 1127
capacitor 0.7557 2073 790 2145 822
capacitor 0.7406 3056 959 3096 1034
capacitor 0.7397 2941 962 2979 1032
capacitor 0.7393 3260 1586 3300 1665
capacitor 0.7382 1068 1188 1136 1216
capacitor 0.7236 2293 1988 2351 2027
capacitor 0.7207 1935 1229 2007 1347
capacitor 0.7055 2147 1417 2220 1485
capacitor 0.6759 2852 2338 2921 2413
capacitor 0.6517 2669 2037 2738 2077
capacitor 0.6388 2996 1309 3041 1387
capacitor 0.6297 2334 1603 2401 1670
capacitor 0.5841 2334 1043 2414 1123
capacitor 0.3049 1114 1995 1200 2043
text 0.9840 3025 902 3054 951
text 0.9785 2154 1996 2206 2026
text 0.9783 1837 1479 1865 1503
text 0.9760 2777 1156 2809 1184
text 0.9726 1463 723 1483 760
text 0.9724 892 2561 928 2591
text 0.9721 1511 1179 1540 1246
text 0.9673 1906 722 1956 752
text 0.9609 1522 1749 1551 1810
text 0.9574 763 673 780 702
text 0.9571 2775 1659 2834 1691
text 0.9568 975 1177 1006 1237
text 0.9559 3519 2055 3548 2120
text 0.9551 1435 2550 1482 2591
text 0.9545 2157 1908 2214 1938
text 0.9524 1560 1988 1609 2017
text 0.9488 3340 1976 3391 2010
text 0.9481 1305 1213 1348 1251
text 0.9458 1829 1110 1868 1150
text 0.9448 3016 1128 3075 1157
text 0.9440 2550 721 2609 743
text 0.9437 2323 2535 2363 2571
text 0.9397 1454 1309 1503 1492
text 0.9395 1857 2078 1888 2143
text 0.9393 2411 2132 2440 2196
text 0.9370 3087 960 3122 1020
text 0.9360 1676 587 1722 631
text 0.9351 3521 1925 3549 1976
text 0.9346 951 1820 1000 1870
text 0.9344 1048 781 1091 811
text 0.9311 3164 1424 3217 1455
text 0.9273 2569 2136 2600 2193
text 0.9238 2617 2534 2669 2573
text 0.9235 2936 2265 3166 2305
text 0.9194 1286 337 1333 366
text 0.9185 1758 1442 1787 1500
text 0.9179 2775 1592 2835 1614
text 0.9172 761 1903 879 2431
text 0.9158 3102 1179 3150 1209
text 0.9124 2017 2544 2067 2579
text 0.9123 1514 1447 1573 1504
text 0.9112 1747 1166 1779 1241
text 0.9106 2153 2414 2215 2515
text 0.9097 1251 563 1303 585
text 0.9096 2819 446 2930 477
text 0.9078 2688 764 2718 837
text 0.9068 1397 497 1422 556
text 0.9035 1353 1583 1395 1612
text 0.9023 2233 1908 2282 1940
text 0.9006 2614 1916 2671 1981
text 0.8990 1226 695 1266 733
text 0.8955 1689 812 1740 841
text 0.8926 2855 1129 2915 1156
text 0.8925 1182 2098 1246 2157
text 0.8909 2793 888 2825 952
text 0.8907 2867 889 2896 954
text 0.8894 3459 437 3590 473
text 0.8878 3094 1143 3143 1166
text 0.8875 2936 1128 2993 1158
text 0.8874 2800 1367 2828 1411
text 0.8868 1631 1067 1703 1099
text 0.8853 2235 1987 2282 2019
text 0.8842 3103 1353 3153 1385
text 0.8836 2734 960 2760 1031
text 0.8816 2936 1221 2986 1269
text 0.8777 3390 1988 3451 2017
text 0.8774 1303 958 1355 990
text 0.8739 2777 1231 2833 1273
text 0.8733 1393 727 1423 777
text 0.8728 3213 610 3280 640
text 0.8708 1790 1620 1857 1655
text 0.8685 1525 1313 1574 1355
text 0.8678 1546 1581 1707 1611
text 0.8655 2383 2275 2607 2419
text 0.8649 911 2423 949 2443
text 0.8648 3085 2068 3146 2104
text 0.8641 2065 1532 2123 1555
text 0.8613 1571 2412 1635 2505
text 0.8613 2167 564 2211 595
text 0.8595 2946 1264 2984 1297
text 0.8592 3331 1900 3389 1930
text 0.8589 2006 2402 2069 2432
text 0.8578 3276 668 3313 729
text 0.8575 3539 2384 3605 2413
text 0.8567 1830 683 1871 713
text 0.8566 1770 2068 1829 2097
text 0.8564 3331 1513 3349 1552
text 0.8547 1730 2550 1777 2587
text 0.8538 2777 1423 2832 1456
text 0.8538 2611 1979 2670 2034
text 0.8533 969 803 1002 852
text 0.8506 859 1314 907 1343
text 0.8498 2611 2030 2681 2101
text 0.8497 2720 1138 2759 1169
text 0.8491 2542 1063 2572 1101
text 0.8485 2916 2403 2975 2425
text 0.8481 2597 819 2667 850
text 0.8467 1075 1048 1145 1070
text 0.8466 2597 1606 2647 1661
text 0.8463 3193 2393 3255 2424
text 0.8453 2925 1976 2984 1999
text 0.8452 2779 1560 2827 1584
text 0.8441 3211 892 3252 922
text 0.8433 2065 1270 2093 1306
text 0.8433 1749 2404 1807 2434
text 0.8431 2981 1645 3086 1722
text 0.8407 2712 1453 2757 1513
text 0.8404 2877 1748 2927 1781
text 0.8393 879 979 936 1011
text 0.8381 2626 899 2697 969
text 0.8378 2873 2332 2927 2386
text 0.8362 3184 435 3312 475
text 0.8338 1463 801 1513 839
text 0.8300 738 1173 979 1273
text 0.8299 3519 2179 3549 2260
text 0.8295 3341 1869 3391 1900
text 0.8291 2552 2512 2612 2541
text 0.8290 751 2459 797 2701
text 0.8283 1057 2066 1116 2096
text 0.8267 2063 1445 2126 1473
text 0.8264 2935 1410 2994 1443
text 0.8259 1560 2067 1611 2095
text 0.8258 3597 1789 3636 1811
text 0.8236 2196 1456 2238 1495
text 0.8224 2391 733 2479 761
text 0.8220 2817 581 2887 616
text 0.8213 2923 2047 2984 2074
text 0.8199 2149 939 2203 969
text 0.8184 1067 531 1118 555
text 0.8182 1998 2076 2053 2146
text 0.8131 2986 528 3078 556
text 0.8083 1017 2425 1086 2518
text 0.8078 1222 1823 1274 1870
text 0.8069 3300 1595 3330 1653
text 0.8062 2373 1622 2413 1671
text 0.8059 3106 1492 3140 1555
text 0.8026 1938 1152 1986 1197
text 0.8017 1730 588 1780 614
text 0.8014 1750 1716 1822 1797
text 0.8013 2277 558 2334 609
text 0.8002 1348 1693 1389 1724
text 0.7992 1660 1403 1709 1465
text 0.7975 3066 2019 3145 2048
text 0.7975 3004 441 3113 474
text 0.7955 1375 1810 1413 1840
text 0.7946 2311 2362 2376 2432
text 0.7933 3081 1917 3142 1956
text 0.7923 2017 1829 2074 1863
text 0.7912 3286 644 3439 682
text 0.7893 778 566 824 604
text 0.7892 1878 2731 1955 2768
text 0.7881 1426 2410 1480 2434
text 0.7876 1840 1523 1870 1553
text 0.7838 1253 509 1302 551
text 0.7837 2979 1218 3033 1267
text 0.7821 1381 1384 1423 1472
text 0.7818 992 1563 1018 1604
text 0.7798 1871 1718 1941 1793
text 0.7785 2832 683 2884 713
text 0.7780 1461 580 1505 638
text 0.7757 3247 1661 3283 1702
text 0.7737 3339 581 3380 644
text 0.7736 2203 851 2233 923
text 0.7732 957 959 1009 1011
text 0.7729 2338 560 2426 615
text 0.7728 884 781 941 811
text 0.7726 3586 622 3701 664
text 0.7726 3059 1653 3163 1723
text 0.7698 2904 864 2955 921
text 0.7696 1512 1373 1570 1440
text 0.7694 1996 1895 2063 1960
text 0.7681 1968 949 2075 987
text 0.7680 1930 2071 1982 2151
text 0.7671 1058 2013 1116 2047
text 0.7668 3014 1222 3063 1266
text 0.7651 2363 1753 2402 1821
text 0.7643 3521 2524 3567 2562
text 0.7629 3231 1789 3281 1821
text 0.7623 1177 2560 1213 2591
text 0.7621 3352 2380 3419 2470
text 0.7619 2916 2532 2963 2561
text 0.7617 1482 1602 1512 1662
text 0.7608 3165 1840 3233 1891
text 0.7593 2064 1572 2114 1594
text 0.7572 809 783 860 810
text 0.7566 2834 1373 2896 1394
text 0.7565 2083 743 2133 801
text 0.7561 1887 1920 1948 1977
text 0.7547 1769 1987 1829 2014
text 0.7543 2659 998 2687 1035
text 0.7521 1886 1845 1936 1904
text 0.7518 1138 2344 1183 2390
text 0.7511 1942 1189 1976 1243
text 0.7504 2075 940 2133 973
text 0.7496 3440 2057 3499 2086
text 0.7486 3215 2534 3252 2569
text 0.7454 2243 1662 2313 1692
text 0.7453 1156 1900 1219 1961
text 0.7449 2206 475 2277 514
text 0.7448 1956 476 1987 524
text 0.7441 2204 939 2250 970
text 0.7441 1817 1722 1892 1810
text 0.7436 3682 2316 3718 2540
text 0.7416 1988 1152 2043 1213
text 0.7416 2738 1923 2802 1951
text 0.7406 2440 1900 2501 1958
text 0.7380 2279 1514 2338 1554
text 0.7370 2757 2396 2826 2493
text 0.7332 3141 1514 3172 1571
text 0.7313 3154 2127 3181 2185
text 0.7269 886 818 966 850
text 0.7260 1154 1277 1219 1308
text 0.7256 2331 1081 2383 1128
text 0.7205 2689 476 2727 525
text 0.7190 3021 1841 3111 1902
text 0.7180 3676 2282 3724 2319
text 0.7164 2142 1183 2186 1269
text 0.7153 2648 712 2696 741
text 0.7147 3212 782 3250 805
text 0.7134 2197 1049 2235 1087
text 0.7123 2251 1013 2312 1067
text 0.7078 2872 1338 2921 1389
text 0.7046 2791 1228 2863 1268
text 0.7028 930 1825 949 1859
text 0.7013 2192 1101 2252 1140
text 0.6924 2740 2049 2798 2077
text 0.6923 3062 1829 3160 1900
text 0.6908 3058 1027 3115 1072
text 0.6866 871 1562 917 1605
text 0.6861 1959 1651 2019 1682
text 0.6833 2993 2323 3155 2383
text 0.6802 2014 1800 2071 1829
text 0.6790 3213 741 3252 763
text 0.6787 1728 1029 1797 1060
text 0.6785 3010 1802 3068 1859
text 0.6776 2449 1949 2509 2018
text 0.6763 2831 492 2864 542
text 0.6759 1501 446 1545 467
text 0.6734 2883 1223 2957 1255
text 0.6732 1738 1703 1768 1756
text 0.6730 2153 1872 2213 1902
text 0.6690 2470 1622 2541 1662
text 0.6689 2992 1255 3023 1307
text 0.6680 1060 1967 1117 1998
text 0.6671 3236 1731 3281 1763
text 0.6654 2983 694 3067 731
text 0.6652 1393 2205 1432 2234
text 0.6637 2183 1655 2229 1713
text 0.6636 3212 815 3253 841
text 0.6622 2451 664 2486 708
text 0.6533 2908 1452 2952 1483
text 0.6515 1078 1215 1136 1246
text 0.6496 1955 829 1987 900
text 0.6492 3341 446 3442 476
text 0.6467 1887 1979 1946 2055
text 0.6447 1724 2345 1771 2392
text 0.6442 3297 585 3560 641
text 0.6406 1971 1165 2025 1229
text 0.6379 2341 1554 2410 1592
text 0.6326 1255 2104 1289 2173
text 0.6316 1669 455 1754 514
text 0.6310 3399 1791 3449 1824
text 0.6274 1559 1901 1610 1934
text 0.6236 2113 1510 2172 1549
text 0.6025 2112 718 2145 780
text 0.6018 1632 583 1664 636
text 0.6017 1158 2422 1218 2443
text 0.5994 2123 1196 2164 1238
text 0.5907 2291 2342 2342 2393
text 0.5669 2992 559 3089 621
text 0.5648 2747 1351 2802 1395
text 0.5541 1374 2145 1423 2176
text 0.5500 2564 907 2632 995
text 0.5493 2823 893 2855 958
text 0.5469 2906 885 2937 950
text 0.5388 2915 1483 2943 1542
text 0.5318 3070 605 3101 637
text 0.5233 3396 602 3450 650
text 0.5186 1806 487 1834 561
text 0.4992 2282 689 2304 756
text 0.4847 1161 1918 1223 2010
text 0.4583 1750 1743 1847 1818
text 0.4561 2745 1990 2794 2020
text 0.4393 2111 1485 2177 1526
text 0.4292 1631 1390 1704 1438
text 0.4153 2690 1134 2732 1170
text 0.4074 3069 970 3101 1024
text 0.3961 3201 1430 3244 1456
text 0.3861 3049 1425 3099 1470
text 0.3598 2754 1147 2787 1181
text 0.3552 2964 660 3085 732
text 0.3533 1963 903 2024 932
text 0.3507 2445 1998 2516 2057
text 0.3394 2894 815 2943 854
text 0.3348 3075 1138 3122 1160
text 0.3328 1808 1568 1867 1600
text 0.3321 3032 1128 3096 1165
text 0.3153 2866 1239 2914 1267
text 0.3094 3277 1458 3331 1496
text 0.3049 3200 752 3243 775
text 0.3047 820 789 887 820
component 0.9971 3270 1526 3284 1547
component 0.9949 2882 982 2896 1002
component 0.9910 3032 1087 3055 1106
component 0.9906 2804 1084 2820 1108
component 0.9898 1039 979 1061 990
component 0.9874 2933 1318 2977 1376
component 0.9863 830 762 850 773
component 0.9834 2897 2444 2974 2483
component 0.9833 3111 1412 3136 1439
component 0.9813 1289 1534 1357 1573
component 0.9797 3010 974 3045 1014
component 0.9792 1996 845 2009 871
component 0.9782 881 2463 958 2502
component 0.9763 2952 1084 2981 1107
component 0.9752 2104 1839 2124 1860
component 0.9740 3181 1395 3204 1417
component 0.9706 2007 2453 2085 2491
component 0.9696 2855 1426 2875 1443
component 0.9674 3031 1416 3053 1434
component 0.9673 2311 1907 2333 1936
component 0.9656 899 754 919 772
component 0.9648 3172 980 3192 998
component 0.9636 3272 750 3291 770
component 0.9634 2980 863 3002 883
component 0.9626 2303 986 2324 1001
component 0.9610 975 1138 996 1157
component 0.9599 2460 603 2471 625
component 0.9596 2996 1535 3055 1602
component 0.9584 1727 2454 1807 2492
component 0.9577 3174 1187 3192 1206
component 0.9532 1509 855 1615 930
component 0.9523 3272 863 3298 882
component 0.9522 1744 848 1809 925
component 0.9508 1565 1126 1654 1236
component 0.9504 2856 1590 2876 1612
component 0.9483 1030 835 1088 930
component 0.9463 2098 1999 2124 2019
component 0.9422 3271 822 3290 843
component 0.9418 2286 2451 2384 2493
component 0.9401 2797 505 2819 525
component 0.9387 1079 722 1144 761
component 0.9376 2854 1663 2874 1682
component 0.9321 1607 1007 1630 1037
component 0.9286 1270 768 1379 904
component 0.9271 2687 1869 2706 1890
component 0.9267 1117 981 1136 1001
component 0.9257 1740 1000 1759 1020
component 0.9202 1973 1580 1995 1605
component 0.9196 2427 2565 2566 2662
component 0.9185 1437 532 1455 555
component 0.9182 2027 733 2047 754
component 0.9168 2105 574 2117 587
component 0.9159 1633 1889 1658 1909
component 0.9147 2789 980 2815 1010
component 0.9119 938 1992 961 2014
component 0.9101 1133 2455 1227 2504
component 0.9071 2308 774 2464 882
component 0.9070 3172 1267 3194 1290
component 0.9070 1284 1632 1332 1670
component 0.9015 3298 1414 3321 1440
component 0.8982 3293 1870 3313 1889
component 0.8975 2813 635 2838 665
component 0.8958 2377 1408 2476 1516
component 0.8921 1501 1907 1529 1937
component 0.8909 2508 737 2530 769
component 0.8907 3402 1828 3439 1851
component 0.8892 1966 1532 1988 1555
component 0.8851 3353 1040 3656 1352
component 0.8829 1285 1985 1442 2097
component 0.8729 3170 1085 3195 1114
component 0.8718 2596 678 2700 708
component 0.8612 1905 930 1928 950
component 0.8593 1965 1396 1992 1415
component 0.8500 2102 1801 2123 1821
component 0.8482 1425 2453 1499 2501
component 0.8481 3283 1927 3318 1962
component 0.8475 1964 1444 1991 1478
component 0.8455 2509 796 2531 813
component 0.8430 1635 529 1655 553
component 0.8425 1502 1992 1522 2012
component 0.8409 3024 2543 3154 2652
component 0.8382 1758 732 1817 773
component 0.8377 2075 1173 2135 1214
component 0.8346 1228 2240 1364 2358
component 0.8316 2690 1995 2717 2017
component 0.8309 1502 1010 1522 1042
component 0.8233 2172 1641 2202 1663
component 0.8215 2984 821 3004 838
component 0.8186 3182 2433 3266 2481
component 0.8170 1877 1061 1919 1120
component 0.8070 2687 1931 2722 1980
component 0.8065 1251 1298 1324 1333
component 0.7987 1263 1351 1372 1413
component 0.7949 2599 2443 2672 2491
component 0.7914 2937 1716 2977 1743
component 0.7715 939 961 960 991
component 0.7657 1719 1712 1740 1743
component 0.7573 2915 972 2939 1025
component 0.7535 1176 1246 1196 1267
component 0.7513 3531 2434 3610 2471
component 0.7471 2836 1067 2858 1111
component 0.7302 1288 1761 1340 1800
component 0.7124 2759 981 2778 1016
component 0.6953 2046 1138 2130 1204
component 0.6340 2914 1073 2940 1111
component 0.5347 1829 2568 1957 2671
component 0.5296 3232 1655 3254 1693
test 0.9222 3171 604 3202 651
test 0.7166 2851 612 2883 659
led 0.9865 1870 1435 1945 1473
led 0.9487 1869 1389 1945 1424
led 0.9285 1865 1524 1937 1562
led 0.8873 1861 1575 1944 1613
led 0.8521 917 574 990 594
led 0.7703 1491 543 1555 581
led 0.6958 1684 545 1763 589
led 0.6632 928 848 972 937
clock 0.7701 2573 1032 2653 1130
ic 0.9814 2251 1118 2741 1619
ic 0.9603 3290 2097 3480 2293
ic 0.9538 1554 1681 1709 1860
ic 0.9450 1724 1208 1933 1375
ic 0.9332 2022 832 2201 938
ic 0.9327 2097 2117 2280 2300
ic 0.9254 2697 2108 2874 2295
ic 0.8883 1509 2122 1691 2313
ic 0.8536 1014 1066 1201 1186
ic 0.8486 2961 1515 3089 1629
ic 0.8442 2177 667 2280 799
ic 0.7971 960 2120 1139 2313
ic 0.7404 2216 1699 2376 1870
electrolytic 0.9650 1255 1917 1476 2151
electrolytic 0.9181 1183 2183 1417 2421
electrolytic 0.9009 1536 1096 1703 1264
electrolytic 0.8867 2982 2478 3196 2723
electrolytic 0.8768 2398 2501 2599 2730
electrolytic 0.7660 2283 744 2484 943
electrolytic 0.7488 1213 736 1438 949
electrolytic 0.7303 1785 2501 2010 2734
button 0.9683 2655 333 2778 496
button 0.9122 2723 701 2846 873
diode 0.9790 1223 1734 1409 1816
diode 0.9781 1690 712 1876 792
diode 0.9262 1475 717 1671 801
diode 0.8503 1213 1614 1408 1693
diode 0.8137 1380 1148 1468 1273
diode 0.5547 1862 1004 1936 1184
transistor 0.9740 752 594 1032 744
transistor 0.9099 971 804 1167 967
transistor 0.9069 1230 1233 1419 1489
transistor 0.9044 1480 803 1643 994
transistor 0.8734 1697 804 1861 976
transistor 0.8505 1854 556 2126 723
transistor 0.8114 2483 522 2746 708
transistor 0.6992 3204 664 3290 733
ferrite 0.8767 3182 1573 3220 1654
