connector 0.9829 1277 1365 1364 1543
connector 0.9815 621 1396 731 1552
connector 0.9803 2700 783 2878 841
connector 0.9715 588 2658 923 2779
connector 0.9707 1404 456 1512 543
connector 0.9682 613 1662 741 1827
connector 0.9655 1739 1394 1802 1642
connector 0.9652 1198 462 1306 541
connector 0.9649 2362 2648 2675 2770
connector 0.9545 1747 2658 2073 2780
connector 0.9539 1560 1887 1619 2131
connector 0.9512 2968 2654 3276 2769
connector 0.9509 2282 1951 2351 2191
connector 0.9485 2083 612 2197 774
connector 0.9388 2732 612 2836 722
connector 0.9351 1148 2660 1480 2788
connector 0.9207 1662 1917 1730 2166
connector 0.9070 542 857 631 979
connector 0.8760 2513 581 2585 736
connector 0.8743 2877 1938 2942 2182
connector 0.8652 2692 483 2892 547
connector 0.8594 922 1905 980 2149
connector 0.8348 1472 1698 1717 1769
pads 0.9548 3081 525 3150 572
pads 0.7614 2965 519 3051 574
pads 0.7599 1788 1270 1859 1328
text 0.9920 958 884 1698 1323
text 0.9843 817 828 961 1207
text 0.9800 967 1674 1009 1702
text 0.9776 1520 590 1541 611
text 0.9772 1601 595 1629 614
text 0.9768 3181 2235 3369 2274
text 0.9754 976 1974 1173 2008
text 0.9748 2618 1092 2657 1199
text 0.9713 1518 1524 1740 1563
text 0.9712 1370 594 1401 612
text 0.9658 671 979 692 1016
text 0.9647 967 1555 1003 1586
text 0.9646 3122 448 3145 469
text 0.9643 3183 441 3213 470
text 0.9641 1759 1179 1789 1247
text 0.9634 830 575 859 594
text 0.9627 672 819 692 846
text 0.9609 2571 1443 2730 1501
text 0.9570 2243 583 2326 623
text 0.9560 3172 480 3212 581
text 0.9542 1347 2067 1541 2107
text 0.9542 3185 1997 3374 2028
text 0.9540 1768 900 1797 978
text 0.9537 1996 1542 2212 1574
text 0.9524 2559 1091 2598 1196
text 0.9485 643 1849 686 1887
text 0.9476 1880 774 2276 822
text 0.9466 3334 488 3374 551
text 0.9466 1419 570 1502 622
text 0.9457 1304 595 1335 614
text 0.9444 1762 1622 1917 1784
text 0.9399 2545 443 2578 465
text 0.9394 2807 1131 2836 1200
text 0.9371 1621 1781 1659 1879
text 0.9364 1198 1435 1277 1475
text 0.9350 1670 584 1752 623
text 0.9349 1908 592 1928 611
text 0.9310 1510 1406 1744 1449
text 0.9283 1334 2006 1542 2045
text 0.9271 969 1790 1009 1830
text 0.9269 1097 642 1345 681
text 0.9257 2175 593 2204 623
text 0.9242 633 1572 672 1652
text 0.9234 2426 1614 2888 1671
text 0.9223 3140 656 3252 788
text 0.9201 1826 900 1854 980
text 0.9194 3301 2296 3369 2334
text 0.9180 1908 1178 2063 1324
text 0.9168 2946 2064 3130 2101
text 0.9162 1842 1272 1898 1341
text 0.9095 584 565 692 605
text 0.9079 2951 2002 3144 2046
text 0.9064 1735 2069 1948 2099
text 0.9061 3032 524 3072 561
text 0.9029 2778 426 2863 507
text 0.9021 968 1426 1006 1463
text 0.9018 1741 2019 1929 2058
text 0.9005 2540 1840 2800 1879
text 0.9004 2023 1583 2204 1620
text 0.8995 2592 714 2747 878
text 0.8986 2312 972 2352 1068
text 0.8957 2057 591 2075 611
text 0.8952 1750 1285 1777 1325
text 0.8896 2275 2602 2360 2670
text 0.8878 2941 2118 3122 2166
text 0.8862 2372 973 2411 1071
text 0.8817 2764 1731 2981 1771
text 0.8814 1832 1181 1972 1324
text 0.8805 1515 1593 1745 1638
text 0.8802 2956 1949 3025 1979
text 0.8789 964 733 1366 771
text 0.8772 955 2412 1286 2538
text 0.8756 2722 439 2768 488
text 0.8745 1790 594 1818 613
text 0.8725 3301 2059 3371 2087
text 0.8689 2346 2136 2543 2176
text 0.8651 1250 1612 1424 1660
text 0.8639 2564 633 2631 701
text 0.8630 1545 1782 1581 1873
text 0.8612 2183 2065 2253 2097
text 0.8596 2679 1098 2724 1201
text 0.8556 3302 1938 3368 1967
text 0.8549 2194 735 2263 778
text 0.8548 1070 2612 1162 2672
text 0.8502 3184 1878 3373 1909
text 0.8437 975 783 1337 840
text 0.8419 872 567 918 604
text 0.8362 2608 441 2691 487
text 0.8342 2739 555 2797 616
text 0.8309 1880 730 2083 770
text 0.8295 2182 2007 2255 2037
text 0.8243 2747 1882 3013 1921
text 0.8229 2959 1781 3034 1813
text 0.8200 1201 585 1294 624
text 0.8186 1348 1950 1539 1986
text 0.8183 2807 514 2910 638
text 0.8148 2961 1839 3034 1876
text 0.8136 2039 1671 2124 1713
text 0.8111 1673 2599 1769 2671
text 0.8104 633 1338 671 1366
text 0.8101 662 861 700 974
text 0.8065 946 2305 1401 2374
text 0.8059 2360 600 2393 618
text 0.8044 1975 1069 2044 1108
text 0.8030 1685 2454 2535 2513
text 0.8027 2540 1779 2803 1819
text 0.8023 3088 659 3189 774
text 0.7968 3301 2177 3370 2206
text 0.7952 986 1919 1057 1949
text 0.7925 1162 594 1185 615
text 0.7850 2432 972 2471 1071
text 0.7846 1966 584 2013 621
text 0.7841 1810 1664 1958 1833
text 0.7827 1711 899 1739 979
text 0.7819 438 1206 691 1317
text 0.7798 444 1919 599 2044
text 0.7724 1226 1375 1275 1413
text 0.7713 2862 2604 2968 2673
text 0.7702 3305 643 3394 730
text 0.7694 2963 655 3015 718
text 0.7632 1484 1782 1521 1874
text 0.7615 502 2600 610 2661
text 0.7589 3331 542 3379 638
text 0.7584 1722 2525 2812 2600
text 0.7576 1710 1179 1749 1245
text 0.7556 1374 1436 1433 1494
text 0.7524 3337 442 3394 488
text 0.7502 2923 444 2966 483
text 0.7494 1740 1928 1807 1967
text 0.7465 2352 2017 2525 2057
text 0.7465 2907 514 2966 662
text 0.7367 1713 2414 2988 2462
text 0.7343 1679 1781 1718 1848
text 0.7263 1886 899 1925 982
text 0.7261 1098 689 1161 722
text 0.7165 1206 1494 1274 1533
text 0.7089 1779 1335 1861 1376
text 0.7088 2760 720 2831 802
text 0.7058 2736 1102 2781 1198
text 0.7055 3046 667 3133 774
text 0.7029 2561 572 2630 619
text 0.7021 978 2039 1181 2085
text 0.6982 918 571 960 605
text 0.6960 539 566 572 606
text 0.6916 1472 1890 1539 1929
text 0.6895 2567 695 2631 732
text 0.6854 1375 1495 1444 1553
text 0.6850 701 574 730 595
text 0.6833 3187 2119 3371 2157
text 0.6780 2624 453 2709 547
text 0.6751 2183 2127 2253 2164
text 0.6684 2948 544 3026 643
text 0.6266 2936 512 2971 584
text 0.6180 2357 1959 2448 1998
text 0.6144 2352 2079 2552 2116
text 0.6026 1256 1662 1422 1699
text 0.5919 3200 430 3382 482
text 0.5832 2903 423 3092 472
text 0.5711 3145 484 3186 576
text 0.5346 3201 435 3299 528
text 0.4400 3241 444 3328 496
text 0.3314 1796 594 1829 620
text 0.3231 3081 510 3182 571
text 0.3057 3301 563 3356 640
pins 0.9923 3007 1103 3117 1376
pins 0.9911 2185 357 2362 552
pins 0.9906 1610 359 1808 542
pins 0.9869 760 1394 931 1846
pins 0.9855 1897 345 2087 513
pins 0.9839 1903 1525 2080 1712
pins 0.9837 822 345 974 467
pins 0.9828 435 852 550 999
pins 0.9825 3330 1313 3391 1442
pins 0.9823 2123 1987 2183 2174
pins 0.9813 1668 642 1843 745
pins 0.9780 3330 1055 3389 1195
pins 0.9774 2302 878 2480 960
pins 0.9732 531 357 723 542
pins 0.9690 1199 2589 1436 2680
pins 0.9628 1395 347 1539 458
pins 0.9597 633 2581 878 2667
pins 0.9567 1187 348 1324 468
pins 0.9540 2551 1208 2841 1266
pins 0.9504 1433 1464 1492 1723
pins 0.9495 3380 1866 3448 2335
pins 0.9470 2275 654 2451 741
pins 0.9418 3221 961 3321 1060
pins 0.9388 2794 1776 2965 1889
pins 0.9333 1788 2580 2029 2670
pins 0.9280 1691 1057 1930 1179
pins 0.9171 2392 2582 2640 2670
pins 0.9148 3226 679 3323 779
pins 0.8994 1685 990 1999 1057
pins 0.8968 961 619 1101 730
pins 0.8835 3007 2567 3244 2662
pins 0.8779 3371 494 3438 670
pins 0.8562 551 644 718 740
pins 0.8460 3131 811 3229 934
pins 0.7850 2966 600 3329 650
pins 0.7739 3298 2355 3416 2420
pins 0.6703 2811 387 3207 448
pins 0.3071 1686 1013 1959 1114
test 0.9548 2931 639 2972 709
test 0.6023 2609 641 2649 681
