connector 0.9879 3369 1442 3479 1611
connector 0.9771 2627 210 2948 337
connector 0.9765 3359 1164 3486 1332
connector 0.9692 3172 222 3519 339
connector 0.9682 1265 2274 1370 2389
connector 0.9665 813 227 1148 344
connector 0.9631 2586 2452 2701 2540
connector 0.9570 3125 846 3183 1105
connector 0.9540 1429 225 1749 343
connector 0.9487 2032 221 2351 345
connector 0.9466 1909 2240 2015 2386
connector 0.9396 2732 1463 2825 1632
connector 0.9393 1751 808 1818 1057
connector 0.9364 3466 2029 3559 2138
connector 0.9155 2482 894 2540 1119
connector 0.9090 2371 832 2441 1085
connector 0.8747 2302 1361 2364 1613
connector 0.8287 1224 2155 1398 2213
connector 0.8257 2801 2454 2903 2538
connector 0.8220 1534 2274 1588 2431
connector 0.7921 1215 2457 1408 2518
connector 0.7752 2386 1225 2621 1297
connector 0.6955 1156 822 1224 1066
pads 0.9396 952 2430 1011 2480
pads 0.9007 2243 1668 2320 1727
pads 0.6811 1051 2437 1129 2481
pads 0.3873 1072 2429 1148 2490
text 0.9940 2400 1673 3136 2114
text 0.9832 730 724 920 770
text 0.9810 2171 2384 2194 2403
text 0.9804 2558 2384 2578 2412
text 0.9741 2351 1551 2589 1592
text 0.9724 2360 1434 2583 1472
text 0.9712 3093 1304 3131 1326
text 0.9707 2321 1671 2350 1721
text 0.9636 3427 1350 3471 1434
text 0.9635 1902 1424 2095 1463
text 0.9635 2468 2386 2497 2405
text 0.9627 3146 1788 3280 2183
text 0.9618 2826 1524 2899 1562
text 0.9590 2558 891 2752 930
text 0.9578 971 900 1157 940
text 0.9556 2359 1377 2582 1414
text 0.9526 2161 900 2362 939
text 0.9523 2557 950 2761 988
text 0.9506 1443 1802 1483 1910
text 0.9496 2185 1218 2342 1375
text 0.9476 1689 1932 1731 2042
text 0.9467 3411 2393 3516 2433
text 0.9447 2601 2373 2685 2421
text 0.9424 2930 873 3122 910
text 0.9423 3412 1120 3460 1149
text 0.9411 2029 2384 2049 2410
text 0.9340 3095 1426 3134 1445
text 0.9326 2750 2319 2999 2353
text 0.9306 2921 987 3119 1029
text 0.9304 3183 2393 3231 2431
text 0.9303 2242 1623 2322 1660
text 0.9290 2159 941 2364 980
text 0.9277 889 2419 928 2522
text 0.9225 2698 2383 2727 2412
text 0.9225 728 2397 776 2429
text 0.9220 1523 2530 1553 2555
text 0.9198 1375 1806 1421 1909
text 0.9192 2814 464 3134 583
text 0.9176 981 833 1155 879
text 0.9155 731 972 916 1009
text 0.9154 2295 1031 2363 1067
text 0.9152 3409 2156 3430 2186
text 0.9134 2826 1464 2894 1502
text 0.9115 2350 2377 2432 2413
text 0.9057 1502 1801 1541 1909
text 0.9054 1370 1493 1533 1550
text 0.9019 3408 1991 3428 2019
text 0.9008 3402 2026 3434 2131
text 0.8991 956 960 1147 998
text 0.8980 2768 2386 2795 2413
text 0.8964 1748 1928 1789 2037
text 0.8963 725 2469 764 2514
text 0.8963 1813 2180 2241 2224
text 0.8935 912 2224 1018 2346
text 0.8880 1850 961 1917 1000
text 0.8865 1269 397 2392 484
text 0.8838 1125 1226 1335 1268
text 0.8828 1778 2375 1864 2413
text 0.8822 2085 2373 2131 2413
text 0.8815 2211 1667 2265 1736
text 0.8808 2130 1672 2272 1825
text 0.8800 3095 1542 3136 1571
text 0.8794 3502 964 3654 1076
text 0.8771 1547 881 1752 919
text 0.8768 3094 1179 3133 1217
text 0.8754 1317 1188 1542 1226
text 0.8754 2050 1672 2196 1816
text 0.8717 1462 2383 1529 2420
text 0.8672 2304 2024 2332 2095
text 0.8639 732 911 803 940
text 0.8610 2736 2227 3127 2272
text 0.8602 1263 2204 1342 2276
text 0.8597 1712 2384 1739 2404
text 0.8592 956 2533 977 2550
text 0.8573 736 674 802 711
text 0.8571 1224 1323 1698 1385
text 0.8560 842 2227 956 2343
text 0.8537 1556 822 1746 861
text 0.8532 1549 945 1732 978
text 0.8525 2678 1345 2840 1386
text 0.8519 1135 2389 1187 2481
text 0.8518 1847 903 1916 941
text 0.8466 1912 1385 2060 1417
text 0.8462 2175 2024 2213 2094
text 0.8435 2059 1896 2124 1932
text 0.8340 2655 1442 2729 1505
text 0.8305 2002 2223 2225 2264
text 0.8284 2668 1297 2847 1347
text 0.8244 3529 2396 3557 2434
text 0.8204 2808 2374 2895 2413
text 0.8193 2382 1147 2421 1216
text 0.8191 2755 2167 3130 2223
text 0.8189 900 2530 924 2553
text 0.8181 1102 534 2411 594
text 0.8180 1282 2514 1318 2549
text 0.8175 1354 2124 1499 2282
text 0.8153 1566 489 2337 544
text 0.8086 1080 1021 1150 1059
text 0.8079 2563 1011 2748 1050
text 0.8066 1836 2224 1911 2265
text 0.8016 2311 1751 2343 1818
text 0.8001 733 2527 761 2554
text 0.7997 2358 1752 2390 1821
text 0.7979 3372 2402 3398 2422
text 0.7960 2241 2024 2274 2099
text 0.7896 3488 338 3597 403
text 0.7889 1304 2386 1361 2452
text 0.7876 1066 1128 1136 1160
text 0.7861 1065 1188 1136 1225
text 0.7860 1193 2363 1295 2487
text 0.7856 731 1030 802 1068
text 0.7856 3242 2402 3271 2422
text 0.7812 1630 1930 1670 2038
text 0.7809 1457 2518 1494 2549
text 0.7796 1977 1286 2055 1326
text 0.7787 1148 2527 1176 2551
text 0.7786 3044 1050 3111 1089
text 0.7745 1083 1078 1348 1117
text 0.7666 2826 1590 2873 1620
text 0.7660 1302 1118 1551 1157
text 0.7615 3432 1639 3473 1661
text 0.7612 721 1090 920 1128
text 0.7557 2708 625 3151 700
text 0.7515 733 791 805 823
text 0.7485 1896 2383 1921 2411
text 0.7416 2135 1178 2301 1329
text 0.7415 1473 2317 1535 2371
text 0.7349 2283 2383 2310 2404
text 0.7284 1142 336 1235 399
text 0.7283 710 2264 798 2355
text 0.7213 3142 2400 3172 2423
text 0.7194 1737 336 1824 404
text 0.7179 1325 1801 1355 1904
text 0.7178 1472 2266 1536 2312
text 0.7155 2668 1507 2728 1572
text 0.7118 1011 2532 1125 2559
text 0.7081 2325 335 2430 394
text 0.7065 1685 999 1752 1038
text 0.6943 2439 1130 2481 1230
text 0.6913 2519 1130 2561 1228
text 0.6814 1389 2475 1480 2552
text 0.6811 1087 2283 1140 2341
text 0.6805 2940 2278 3004 2316
text 0.6596 720 850 933 881
text 0.6550 1287 2518 1475 2568
text 0.6379 1265 1800 1296 1901
text 0.6374 2362 2023 2390 2095
text 0.6259 1080 2389 1144 2480
text 0.6187 809 2485 897 2564
text 0.6100 1846 830 1917 877
text 0.6087 2125 2019 2159 2084
text 0.6036 1255 2487 1343 2557
text 0.6022 2558 1070 2633 1109
text 0.5674 2916 2385 2935 2412
text 0.5490 2939 329 3026 399
text 0.5296 845 2450 896 2528
text 0.5263 3408 1679 3666 1789
text 0.5062 768 2531 800 2558
text 0.3701 1116 2417 1196 2494
text 0.3675 3135 2398 3160 2422
text 0.3575 1381 2514 1438 2553
text 0.3517 1431 2189 1534 2309
text 0.3406 834 2515 872 2549
text 0.3374 924 2469 1004 2512
text 0.3164 2291 2387 2319 2409
pins 0.9938 2016 1284 2194 1474
pins 0.9869 1739 2452 1915 2649
pins 0.9858 3550 2001 3664 2154
pins 0.9838 2018 2492 2202 2648
pins 0.9827 988 1610 1096 1894
pins 0.9827 2293 2455 2490 2650
pins 0.9799 713 1555 771 1691
pins 0.9778 3125 2533 3280 2649
pins 0.9768 711 1809 771 1936
pins 0.9766 2253 2256 2432 2354
pins 0.9733 1137 1109 1305 1219
pins 0.9693 652 666 720 1131
pins 0.9687 1253 1734 1555 1801
pins 0.9686 782 1935 879 2034
pins 0.9653 1915 830 1974 1025
pins 0.9645 661 2338 732 2507
pins 0.9621 3173 1128 3338 1615
pins 0.9562 871 2065 968 2193
pins 0.9530 3214 329 3488 418
pins 0.9501 2563 2543 2713 2651
pins 0.9488 2629 327 2930 421
pins 0.9471 1459 334 1715 429
pins 0.9447 1621 2047 1799 2119
pins 0.9443 2162 1819 2407 1931
pins 0.9304 781 2227 877 2324
pins 0.9261 3381 2254 3558 2351
pins 0.9222 856 344 1096 436
pins 0.9124 3380 2448 3570 2652
pins 0.9094 2065 319 2329 418
pins 0.9087 2611 1293 2670 1532
pins 0.9055 681 584 803 648
pins 0.8947 2779 2532 2918 2664
pins 0.8786 3005 2268 3141 2374
pins 0.8462 1641 2255 1821 2342
pins 0.8009 802 2351 1141 2406
pins 0.7981 2113 1936 2414 2004
pins 0.7467 628 2553 1559 2618
test 0.9641 1132 2297 1170 2352
test 0.8507 1454 2310 1495 2349
