connector 0.9881 1276 1462 1363 1643
connector 0.9875 626 1444 731 1612
connector 0.9822 2283 807 2351 1060
connector 0.9696 2963 228 3277 346
connector 0.9644 2727 2273 2834 2390
connector 0.9608 610 1172 741 1332
connector 0.9592 1747 220 2076 343
connector 0.9591 544 2026 630 2134
connector 0.9507 2350 227 2681 344
connector 0.9480 1739 1362 1798 1611
connector 0.9444 1406 2454 1512 2539
connector 0.9424 1196 2455 1302 2542
connector 0.9372 592 218 923 337
connector 0.9092 1661 830 1730 1076
connector 0.9080 2510 2260 2584 2427
connector 0.9042 910 876 979 1092
connector 0.9024 1152 209 1488 334
connector 0.8774 1485 1227 1725 1294
connector 0.8762 2876 816 2943 1066
connector 0.8713 2697 2447 2892 2513
connector 0.8553 2088 2234 2191 2382
connector 0.8472 1560 878 1619 1124
connector 0.7991 2699 2153 2880 2217
pads 0.8967 3086 2424 3153 2483
pads 0.8747 1782 1672 1858 1734
pads 0.5772 2974 2437 3048 2481
text 0.9915 958 1673 1698 2111
text 0.9827 968 1304 1007 1325
text 0.9816 1600 2388 1630 2405
text 0.9791 2621 1801 2660 1910
text 0.9783 2559 1804 2600 1908
text 0.9703 1100 2323 1343 2358
text 0.9703 819 1789 955 2177
text 0.9702 830 2402 859 2423
text 0.9697 2947 899 3134 940
text 0.9693 1506 1552 1752 1593
text 0.9663 974 991 1173 1029
text 0.9659 3185 971 3372 1008
text 0.9631 1375 2385 1403 2413
text 0.9624 1342 890 1540 930
text 0.9600 3175 722 3370 771
text 0.9584 1865 2178 2289 2226
text 0.9582 1906 2383 1927 2403
text 0.9565 1520 1436 1738 1473
text 0.9540 976 871 1175 912
text 0.9534 1520 2386 1542 2412
text 0.9506 2006 1426 2204 1464
text 0.9497 642 1117 691 1148
text 0.9493 3175 2413 3212 2519
text 0.9474 2177 2383 2205 2413
text 0.9459 2551 2524 2588 2556
text 0.9456 968 1542 1009 1572
text 0.9446 1734 903 1934 940
text 0.9444 1768 2019 1796 2105
text 0.9391 2954 960 3142 999
text 0.9365 969 1424 1008 1445
text 0.9347 1333 950 1545 990
text 0.9343 671 2154 691 2184
text 0.9296 1305 2385 1335 2413
text 0.9275 1421 2374 1505 2422
text 0.9249 2184 901 2254 940
text 0.9215 1670 2374 1748 2412
text 0.9203 2764 1227 2974 1266
text 0.9196 969 1177 1009 1216
text 0.9196 1876 2224 2094 2265
text 0.9160 959 2225 1374 2272
text 0.9157 2568 1494 2731 1552
text 0.9152 1755 1220 1909 1373
text 0.9145 1520 1375 1741 1414
text 0.9082 2570 2390 2635 2421
text 0.9044 2372 1930 2411 2040
text 0.9019 2601 2130 2752 2283
text 0.9007 1621 1127 1661 1226
text 0.8986 1761 1749 1788 1820
text 0.8985 1068 327 1168 396
text 0.8985 1828 2020 1856 2100
text 0.8984 2034 1383 2195 1417
text 0.8973 1199 1524 1276 1562
text 0.8971 2940 830 3126 878
text 0.8970 2758 1079 3013 1116
text 0.8964 672 1988 692 2019
text 0.8962 3181 2531 3200 2551
text 0.8948 3299 1031 3369 1068
text 0.8948 2804 1798 2838 1878
text 0.8947 2427 1326 2873 1386
text 0.8882 3030 2440 3075 2480
text 0.8881 3082 2224 3191 2347
text 0.8852 1976 1899 2046 1929
text 0.8832 1789 2382 1818 2402
text 0.8829 663 2033 700 2137
text 0.8788 1828 1674 1983 1826
text 0.8779 588 2392 691 2431
text 0.8765 1748 1672 1779 1722
text 0.8764 2193 2225 2265 2266
text 0.8761 3140 2225 3256 2342
text 0.8727 1780 1622 1859 1661
text 0.8697 631 1355 673 1425
text 0.8689 2555 1189 2798 1228
text 0.8686 2963 1129 3031 1160
text 0.8675 1740 1028 1809 1067
text 0.8648 1208 2374 1294 2412
text 0.8646 2243 2374 2320 2414
text 0.8628 923 626 1402 701
text 0.8589 2184 961 2254 1000
text 0.8536 2682 1797 2718 1907
text 0.8535 503 337 615 405
text 0.8504 2274 337 2359 403
text 0.8485 3299 793 3369 822
text 0.8477 1711 2020 1739 2100
text 0.8474 1913 1671 2054 1815
text 0.8458 1695 486 2526 543
text 0.8455 1672 337 1769 395
text 0.8449 2739 2385 2799 2452
text 0.8441 3301 912 3372 940
text 0.8434 3185 1090 3372 1130
text 0.8428 2556 2285 2632 2366
text 0.8424 2551 1119 2794 1157
text 0.8401 2756 2205 2834 2276
text 0.8376 2312 1927 2351 2037
text 0.8330 1738 941 1930 980
text 0.8325 1541 1127 1581 1227
text 0.8311 1253 1345 1420 1385
text 0.8307 957 463 1289 584
text 0.8300 2868 336 2966 397
text 0.8246 870 2393 919 2432
text 0.8230 2807 2361 2910 2492
text 0.8162 2055 2383 2076 2413
text 0.8136 1807 1177 1965 1333
text 0.8120 2362 2383 2392 2404
text 0.8111 2789 2513 2838 2550
text 0.8096 3300 671 3371 711
text 0.8072 1708 398 2827 485
text 0.8071 1101 2277 1160 2315
text 0.8056 1887 2020 1926 2096
text 0.8016 1373 1445 1442 1503
text 0.7982 445 963 605 1078
text 0.7976 3122 2531 3144 2551
text 0.7932 2352 881 2553 921
text 0.7929 2043 1286 2129 1324
text 0.7876 1680 1148 1720 1215
text 0.7797 3330 2443 3378 2516
text 0.7750 1710 536 2981 592
text 0.7740 2746 1798 2782 1909
text 0.7728 3262 2531 3355 2563
text 0.7709 1710 1751 1748 1821
text 0.7669 1352 1011 1539 1050
text 0.7664 2348 821 2539 862
text 0.7643 2608 2514 2673 2553
text 0.7616 2619 2474 2704 2552
text 0.7612 1947 2018 1976 2086
text 0.7592 1225 1593 1274 1622
text 0.7584 986 1048 1057 1089
text 0.7573 2939 2378 2998 2487
text 0.7563 1374 1505 1444 1570
text 0.7497 2956 2379 3020 2457
text 0.7489 3331 2387 3386 2457
text 0.7419 1161 2382 1186 2413
text 0.7374 2182 831 2252 875
text 0.7349 1204 1464 1278 1503
text 0.7298 436 1682 693 1787
text 0.7263 1967 2374 2014 2413
text 0.7254 543 2390 565 2431
text 0.7227 905 2392 961 2433
text 0.7168 632 1641 671 1662
text 0.7159 2433 1934 2478 2033
text 0.7066 3338 2520 3381 2552
text 0.7049 1483 1129 1523 1223
text 0.7046 2929 2522 2998 2550
text 0.7044 974 2168 1342 2225
text 0.6985 3304 2266 3390 2355
text 0.6925 2716 2513 2768 2551
text 0.6879 2891 2530 3066 2560
text 0.6807 1472 1069 1542 1108
text 0.6753 1816 1662 1893 1738
text 0.6744 3150 2426 3178 2505
text 0.6612 1251 1299 1425 1346
text 0.6512 2961 1187 3029 1224
text 0.6441 3181 848 3371 881
text 0.6398 3222 2478 3288 2563
text 0.6398 702 2402 731 2421
text 0.6213 2348 1000 2415 1039
text 0.6035 2958 1021 3026 1058
text 0.5781 2566 2265 2630 2314
text 0.5339 2772 2485 2863 2566
text 0.4698 2568 2166 2662 2306
text 0.3678 3026 2530 3111 2555
text 0.3487 2956 2435 3035 2488
text 0.3192 2590 2524 2654 2561
pins 0.9941 3004 1614 3119 1896
pins 0.9851 628 329 877 417
pins 0.9845 1613 2453 1813 2648
pins 0.9840 2187 2453 2359 2651
pins 0.9820 1904 1289 2080 1472
pins 0.9818 3328 1553 3389 1689
pins 0.9811 821 2529 980 2649
pins 0.9794 3331 1808 3390 1939
pins 0.9779 1895 2489 2084 2651
pins 0.9733 761 1144 927 1612
pins 0.9720 1674 2254 1844 2353
pins 0.9677 2299 2046 2477 2118
pins 0.9650 534 2456 721 2648
pins 0.9630 2124 826 2183 1017
pins 0.9622 1392 2543 1542 2652
pins 0.9595 1788 327 2031 417
pins 0.9554 1184 2534 1325 2660
pins 0.9546 435 1999 552 2156
pins 0.9509 1196 327 1432 418
pins 0.9506 3222 1938 3321 2036
pins 0.9486 2539 1730 2858 1796
pins 0.9453 3221 2224 3320 2323
pins 0.9425 3379 662 3449 1131
pins 0.9200 546 2257 721 2349
pins 0.9121 961 2274 1099 2372
pins 0.9067 1435 1293 1492 1526
pins 0.9062 2794 1117 2966 1222
pins 0.8919 3305 583 3418 645
pins 0.8905 1696 1825 1929 1934
pins 0.8874 2976 2347 3323 2407
pins 0.8831 2272 2255 2457 2348
pins 0.8808 3132 2067 3230 2193
pins 0.8641 2392 336 2642 426
pins 0.8533 1682 1938 2001 2006
pins 0.8331 3006 345 3239 437
pins 0.7740 2543 2551 3481 2618
pins 0.7451 3372 2336 3439 2516
test 0.9017 2934 2315 2966 2356
test 0.7454 2609 2309 2648 2354
