connector 0.9916 335 1586 872 2021
connector 0.9888 332 1997 746 2360
connector 0.9833 1901 1907 2146 1969
connector 0.9814 374 1205 751 1581
connector 0.9806 1642 875 1718 1063
connector 0.9779 366 724 473 1194
connector 0.9767 899 882 958 1114
connector 0.9728 1493 861 1542 1097
connector 0.9716 2117 1264 2344 1327
connector 0.9709 374 2377 526 2560
connector 0.9680 3076 1448 3218 1650
connector 0.9612 400 2560 584 2695
connector 0.9555 1359 2086 1531 2147
connector 0.9544 1157 288 1470 408
connector 0.9507 596 357 837 506
connector 0.9459 581 2564 759 2699
connector 0.9431 3083 1179 3214 1376
connector 0.9424 980 2195 1037 2255
connector 0.9412 2096 895 2153 1125
connector 0.9368 1752 277 2068 399
connector 0.9339 1895 1851 2148 1910
connector 0.9290 866 1210 1050 1287
connector 0.9265 2525 2462 2638 2537
connector 0.9257 1004 2303 1145 2360
connector 0.9247 1745 1325 1937 1514
connector 0.9224 2828 2508 3042 2786
connector 0.9215 1097 2193 1154 2256
connector 0.9188 429 644 547 710
connector 0.9168 1197 348 1429 487
connector 0.9160 2344 267 2662 388
connector 0.9150 1135 2549 1321 2685
connector 0.9146 1848 1970 2150 2028
connector 0.9131 1726 2475 2009 2834
connector 0.9102 951 2549 1138 2698
connector 0.9086 2204 914 2263 1167
connector 0.8997 2470 1489 2549 1666
connector 0.8996 2002 2473 2288 2830
connector 0.8993 3186 2028 3259 2138
connector 0.8976 2875 1126 3090 1662
connector 0.8975 1786 334 2037 481
connector 0.8944 1445 2480 1732 2850
connector 0.8936 2060 1430 2116 1632
connector 0.8932 2296 2543 2492 2817
connector 0.8830 1008 2365 1136 2429
connector 0.8797 3252 1985 3529 2195
connector 0.8747 2382 336 2621 467
connector 0.8698 2926 327 3176 472
connector 0.8680 2324 2462 2430 2541
connector 0.8662 562 288 867 408
connector 0.8659 767 2560 955 2700
connector 0.8642 1096 2489 1162 2549
connector 0.8440 2500 2539 2697 2798
connector 0.8438 535 2384 900 2442
connector 0.8341 3056 2427 3346 2784
connector 0.8320 2893 266 3203 379
connector 0.8111 987 1770 1281 1838
connector 0.7814 1286 2283 1352 2472
connector 0.7603 2333 1322 2400 1571
connector 0.7536 2833 885 2884 1109
connector 0.7455 981 2482 1056 2550
connector 0.6600 1654 2304 1775 2400
connector 0.6426 2735 2286 2807 2394
resistor 0.9486 1955 1136 2024 1173
resistor 0.9204 2034 2244 2096 2274
resistor 0.9194 3114 986 3183 1018
resistor 0.9192 1959 1060 2026 1089
resistor 0.9041 769 1109 835 1138
resistor 0.8943 2243 485 2422 571
resistor 0.8911 1957 981 2025 1010
resistor 0.8814 2086 1437 2155 1472
resistor 0.8453 1374 495 1550 578
resistor 0.8415 1364 1109 1434 1138
resistor 0.8357 1960 2404 2006 2434
resistor 0.8279 3111 1050 3180 1079
resistor 0.8195 3191 2401 3263 2423
resistor 0.8014 783 2154 851 2184
resistor 0.7942 1365 981 1434 1010
resistor 0.7911 1936 1782 1995 1846
resistor 0.7794 1207 1376 1276 1410
resistor 0.7714 2549 1068 2618 1099
resistor 0.7611 2083 1395 2154 1435
resistor 0.7489 2555 983 2619 1020
resistor 0.7473 440 504 622 593
resistor 0.7313 2016 1787 2050 1834
resistor 0.7312 2083 1524 2156 1567
resistor 0.7042 845 1307 882 1355
resistor 0.6855 638 1129 724 1177
resistor 0.6663 779 2228 849 2263
resistor 0.6478 2843 477 3016 566
resistor 0.6287 3232 2216 3300 2246
resistor 0.6255 3140 1994 3174 2047
pads 0.9583 1364 1729 1404 1770
pads 0.9480 749 1189 811 1235
pads 0.8918 2620 1781 2919 2020
pads 0.8886 1364 1060 1433 1098
pads 0.8860 3098 1379 3340 1721
pads 0.8536 768 988 839 1030
pads 0.8063 1188 1078 1235 1138
pads 0.7545 1324 1611 1354 1658
pads 0.7418 1273 1071 1324 1127
pads 0.7336 1099 1081 1145 1137
pads 0.7295 1324 1702 1371 1750
pads 0.7103 1323 1667 1360 1736
pads 0.6454 3112 1014 3181 1049
pads 0.6403 1956 1012 2027 1049
pads 0.5891 2551 1023 2617 1060
capacitor 0.9906 1384 1877 1403 1960
capacitor 0.9712 588 980 652 1011
capacitor 0.9646 2329 900 2400 929
capacitor 0.9620 2334 981 2400 1009
capacitor 0.9599 2619 1336 2639 1413
capacitor 0.9597 970 1674 997 1740
capacitor 0.9578 1917 1237 1944 1318
capacitor 0.9560 492 852 555 981
capacitor 0.9547 799 1347 837 1417
capacitor 0.9546 1206 1628 1273 1751
capacitor 0.9525 1187 1456 1300 1516
capacitor 0.9513 1274 1647 1303 1714
capacitor 0.9482 770 1068 835 1099
capacitor 0.9441 2965 1790 3032 1810
capacitor 0.9433 1832 1760 1886 1819
capacitor 0.9392 491 720 556 842
capacitor 0.9367 490 983 562 1113
capacitor 0.9272 1955 2177 2026 2216
capacitor 0.9238 1068 1209 1089 1275
capacitor 0.9230 1432 1344 1488 1416
capacitor 0.9220 1749 980 1810 1011
capacitor 0.9142 3115 919 3183 943
capacitor 0.9094 1008 1623 1066 1745
capacitor 0.8972 1064 1607 1104 1698
capacitor 0.8953 2916 901 2984 930
capacitor 0.8881 1936 2238 1961 2304
capacitor 0.8826 2850 2409 2986 2482
capacitor 0.8643 2935 578 3006 647
capacitor 0.8611 2550 902 2620 941
capacitor 0.8589 2915 999 2985 1029
capacitor 0.8425 2253 1582 2323 1612
capacitor 0.8405 782 2078 852 2111
capacitor 0.8388 1009 1971 1037 2041
capacitor 0.8293 584 606 651 666
capacitor 0.8193 1768 586 1839 653
capacitor 0.8148 1879 1512 1948 1582
capacitor 0.8094 1418 1878 1489 1968
capacitor 0.8059 1173 992 1243 1028
capacitor 0.8052 1246 1971 1275 2044
capacitor 0.8048 499 1137 620 1206
capacitor 0.8016 1455 1968 1516 1997
capacitor 0.7954 1688 1882 1756 1945
capacitor 0.7910 929 1345 958 1430
capacitor 0.7859 888 1927 960 1959
capacitor 0.7649 1361 930 1434 960
capacitor 0.7458 2027 1649 2100 1778
capacitor 0.7409 2589 1742 2620 1811
capacitor 0.7309 894 1830 959 1860
capacitor 0.7204 2341 1087 2420 1118
capacitor 0.7162 1171 1670 1207 1748
capacitor 0.7121 2358 578 2428 653
capacitor 0.7019 1326 1493 1374 1560
capacitor 0.6803 860 1427 881 1500
capacitor 0.6769 1175 920 1245 960
capacitor 0.6628 1700 1335 1759 1402
capacitor 0.6008 602 1020 670 1048
capacitor 0.5592 1180 594 1257 663
capacitor 0.4225 1199 1415 1285 1469
text 0.9868 1531 1899 1561 1939
text 0.9848 2322 1761 2352 1832
text 0.9751 2102 1767 2124 1809
text 0.9719 1294 1813 1326 1849
text 0.9715 1265 1312 1324 1339
text 0.9712 2233 1495 2264 1525
text 0.9711 2392 1382 2562 1416
text 0.9670 2710 1277 2748 1307
text 0.9617 3094 1988 3142 2040
text 0.9566 1272 1414 1325 1443
text 0.9559 553 885 582 948
text 0.9542 950 1791 997 1819
text 0.9542 1116 1712 1155 1742
text 0.9538 3016 488 3082 585
text 0.9522 2012 1690 2036 1731
text 0.9521 3102 1127 3146 1177
text 0.9507 710 1071 769 1098
text 0.9496 1344 1970 1373 2038
text 0.9495 1980 1530 2033 1552
text 0.9460 2389 1533 2444 1590
text 0.9458 1489 583 1719 731
text 0.9453 3103 2155 3134 2205
text 0.9444 948 1624 996 1652
text 0.9444 870 1278 941 1336
text 0.9400 1116 920 1175 949
text 0.9394 2774 1749 2832 1786
text 0.9382 1265 1383 1324 1406
text 0.9374 1977 1446 2035 1474
text 0.9364 2805 2297 2839 2381
text 0.9355 886 1437 918 1494
text 0.9340 1286 2045 1315 2116
text 0.9340 980 1976 1014 2039
text 0.9336 1274 517 1342 614
text 0.9334 3224 578 3336 1075
text 0.9328 1819 979 1867 1010
text 0.9310 2529 1507 2592 1567
text 0.9301 2313 1496 2342 1564
text 0.9293 2323 406 2371 446
text 0.9270 1347 1494 1384 1547
text 0.9260 969 1457 1005 1513
text 0.9250 1207 2046 1239 2111
text 0.9242 1273 1589 1298 1638
text 0.9232 2568 1749 2591 1811
text 0.9221 2550 1197 2579 1245
text 0.9216 1375 2474 1411 2522
text 0.9216 2885 1701 2943 1720
text 0.9191 653 1189 702 1217
text 0.9187 2247 1343 2314 1377
text 0.9168 851 576 909 604
text 0.9159 1029 1850 1089 1871
text 0.9143 3014 2187 3053 2215
text 0.9139 881 467 932 508
text 0.9122 2985 1001 3041 1030
text 0.9113 1116 1000 1175 1029
text 0.9101 2214 850 2244 922
text 0.9094 2956 1930 3027 1958
text 0.9075 2709 1385 2747 1416
text 0.9067 2533 2373 2598 2411
text 0.9058 2629 564 2681 593
text 0.9053 2141 1769 2166 1798
text 0.9044 2462 498 2529 594
text 0.9031 892 1549 937 1573
text 0.9028 1135 436 1184 475
text 0.9001 2985 903 3044 931
text 0.8999 2744 2008 2796 2047
text 0.8987 2233 1851 2274 1889
text 0.8983 1145 2066 1196 2143
text 0.8977 1425 904 1494 969
text 0.8972 3055 2403 3098 2424
text 0.8969 3281 2403 3321 2433
text 0.8955 2036 564 2095 595
text 0.8947 1660 802 1689 872
text 0.8926 959 900 1026 930
text 0.8925 957 1033 1026 1080
text 0.8920 1383 2168 1414 2244
text 0.8919 1234 2453 1266 2514
text 0.8909 1434 1024 1492 1078
text 0.8906 2156 892 2213 959
text 0.8895 2817 824 2846 889
text 0.8889 2885 407 2924 439
text 0.8888 3092 1774 3123 1830
text 0.8871 2599 1498 2648 1699
text 0.8867 3172 406 3212 436
text 0.8841 492 588 554 616
text 0.8834 2264 2414 2293 2504
text 0.8833 1502 802 1531 860
text 0.8832 2491 990 2541 1019
text 0.8817 1145 1918 1205 1962
text 0.8816 553 1020 583 1080
text 0.8810 680 529 748 622
text 0.8789 1815 1063 1866 1090
text 0.8769 3143 2155 3220 2180
text 0.8768 2619 2238 2640 2277
text 0.8766 960 1830 1009 1860
text 0.8765 1868 2080 1896 2141
text 0.8758 711 1108 771 1130
text 0.8749 1273 1549 1320 1578
text 0.8749 1185 1612 1228 1673
text 0.8741 1700 1186 1740 1247
text 0.8721 2725 1741 2771 1808
text 0.8720 2321 1633 2402 1663
text 0.8719 1798 2248 1819 2312
text 0.8717 1890 1099 1947 1126
text 0.8696 2797 2448 2845 2492
text 0.8687 1621 2290 1651 2350
text 0.8684 919 821 948 873
text 0.8647 1011 1277 1124 1361
text 0.8644 938 693 1166 736
text 0.8636 809 1505 847 1549
text 0.8634 1305 1044 1362 1081
text 0.8628 2621 407 2669 445
text 0.8621 868 1120 937 1166
text 0.8620 2146 239 2223 269
text 0.8616 1769 1485 1847 1560
text 0.8615 651 981 711 1010
text 0.8615 1435 962 1492 1028
text 0.8614 1894 977 1948 1004
text 0.8600 1342 1830 1374 1872
text 0.8582 2559 2531 2600 2558
text 0.8579 2826 1137 2875 1188
text 0.8539 1886 488 1945 586
text 0.8533 1128 574 1186 604
text 0.8527 2232 1454 2264 1475
text 0.8526 1432 437 1482 467
text 0.8517 2382 2368 2428 2407
text 0.8473 3192 1662 3240 1681
text 0.8466 1906 1473 1970 1546
text 0.8459 750 1441 771 1483
text 0.8459 1990 1352 2036 1421
text 0.8451 2034 427 2085 455
text 0.8450 820 1237 870 1265
text 0.8446 1647 2414 1698 2452
text 0.8445 2167 1088 2216 1149
text 0.8425 2530 1565 2591 1622
text 0.8424 1047 2046 1077 2092
text 0.8410 1107 1849 1165 1868
text 0.8406 1590 969 1651 1049
text 0.8402 1885 2413 1936 2434
text 0.8399 1769 2395 1816 2450
text 0.8389 1304 1740 1347 1771
text 0.8383 2688 1158 2727 1187
text 0.8367 3183 1396 3231 1435
text 0.8354 2164 1604 2234 1632
text 0.8335 532 446 583 476
text 0.8332 2335 1239 2362 1308
text 0.8330 1856 1916 1907 1946
text 0.8316 2404 1900 2473 1930
text 0.8285 1561 1334 1634 1376
text 0.8283 1691 1323 1744 1380
text 0.8274 2154 948 2213 1013
text 0.8264 1189 1839 1244 1868
text 0.8251 2590 2167 2639 2196
text 0.8243 1757 1445 1814 1494
text 0.8243 3123 1725 3366 1820
text 0.8238 2766 2629 2816 2660
text 0.8233 2884 1050 2945 1108
text 0.8231 2027 2029 2096 2058
text 0.8208 889 1869 947 1902
text 0.8206 852 438 890 466
text 0.8204 958 951 1036 990
text 0.8191 2114 2481 2144 2520
text 0.8177 1493 2255 1555 2283
text 0.8168 1434 2147 1503 2177
text 0.8160 950 616 1113 673
text 0.8131 2090 1603 2145 1631
text 0.8119 1849 1868 1909 1897
text 0.8110 1203 1072 1257 1128
text 0.8109 2886 555 2945 583
text 0.8106 1889 1019 1945 1047
text 0.8095 2234 2289 2273 2325
text 0.8060 2085 851 2148 905
text 0.8044 850 2236 892 2263
text 0.8043 1849 2030 1896 2058
text 0.8039 2677 2230 2702 2284
text 0.8030 1177 1218 1226 1246
text 0.8023 851 2088 890 2122
text 0.8020 1493 466 1549 486
text 0.8018 2494 908 2542 932
text 0.8017 2678 821 2728 851
text 0.7998 969 2450 1032 2512
text 0.7986 521 2531 638 2560
text 0.7978 1116 1543 1183 1579
text 0.7971 1066 1917 1126 1972
text 0.7944 770 1237 823 1268
text 0.7921 383 450 423 700
text 0.7905 464 1189 504 1218
text 0.7887 2155 1019 2216 1078
text 0.7881 396 2336 509 2375
text 0.7874 711 1001 759 1030
text 0.7873 2028 1162 2090 1196
text 0.7865 3152 555 3192 584
text 0.7851 2531 1644 2579 1682
text 0.7839 1175 621 1226 673
text 0.7831 3302 293 3347 534
text 0.7800 2119 1800 2163 1841
text 0.7787 2331 604 2381 652
text 0.7786 1971 2205 2029 2235
text 0.7779 2088 1314 2147 1347
text 0.7712 2362 2157 2411 2194
text 0.7692 2798 2411 2845 2435
text 0.7683 1601 1043 1660 1109
text 0.7677 1155 1743 1219 1776
text 0.7665 796 2522 920 2561
text 0.7663 1146 1520 1198 1560
text 0.7662 2324 2379 2371 2407
text 0.7600 1214 2383 1283 2413
text 0.7584 1739 426 1779 465
text 0.7578 990 1937 1046 1973
text 0.7577 3154 1149 3173 1179
text 0.7557 1030 2435 1110 2472
text 0.7552 1821 2492 1898 2521
text 0.7550 1037 2273 1104 2304
text 0.7550 1223 1923 1278 1961
text 0.7535 2302 1940 2371 1977
text 0.7508 1925 1456 1989 1524
text 0.7485 3164 1988 3219 2019
text 0.7450 1156 1455 1186 1512
text 0.7441 1246 1745 1304 1770
text 0.7406 666 2522 767 2559
text 0.7398 2167 1199 2237 1274
text 0.7397 1305 978 1356 1010
text 0.7396 2142 2244 2193 2275
text 0.7379 932 1089 1036 1167
text 0.7376 2984 2444 3033 2471
text 0.7372 1861 1313 1917 1341
text 0.7346 2679 1522 2719 1614
text 0.7330 2212 1197 2286 1275
text 0.7312 2024 1329 2069 1388
text 0.7306 2036 1047 2106 1110
text 0.7285 2857 843 2926 909
text 0.7283 607 911 665 940
text 0.7272 770 1345 801 1413
text 0.7266 1525 2007 1605 2097
text 0.7240 2440 2363 2471 2410
text 0.7231 553 752 582 820
text 0.7230 3084 1396 3111 1434
text 0.7209 3241 2188 3290 2215
text 0.7179 661 2354 703 2384
text 0.7175 1040 1729 1087 1775
text 0.7168 1120 1732 1166 1782
text 0.7167 702 960 759 986
text 0.7161 1899 2028 1954 2056
text 0.7158 1323 1761 1375 1797
text 0.7143 2598 2368 2640 2412
text 0.7137 947 1277 1048 1346
text 0.7134 2671 763 2707 792
text 0.7107 2838 2266 2876 2305
text 0.7086 1040 1090 1102 1201
text 0.7066 1690 1407 1758 1444
text 0.7065 1728 563 1790 598
text 0.7003 1888 1059 1945 1089
text 0.6935 2266 1204 2348 1279
text 0.6919 686 2312 818 2358
text 0.6918 704 2324 774 2386
text 0.6883 2588 1337 2619 1395
text 0.6856 985 1090 1076 1167
text 0.6833 1470 1999 1545 2089
text 0.6810 3320 2295 3338 2324
text 0.6774 1957 2236 1987 2285
text 0.6747 1403 2256 1454 2284
text 0.6743 2676 2446 2707 2501
text 0.6714 1305 930 1362 960
text 0.6674 1073 1731 1130 1781
text 0.6570 1853 1507 1917 1560
text 0.6419 1172 2518 1280 2551
text 0.6398 856 1505 886 1530
text 0.6337 851 2191 889 2224
text 0.6320 999 2363 1028 2393
text 0.6295 991 2531 1094 2552
text 0.6250 2878 993 2944 1070
text 0.6243 1087 2048 1118 2109
text 0.6202 2493 939 2540 969
text 0.6034 3164 2192 3211 2217
text 0.6016 378 674 420 723
text 0.5698 1723 1868 1770 1919
text 0.5535 1246 2047 1275 2105
text 0.5075 599 2354 652 2383
text 0.4579 1012 2388 1124 2460
text 0.4349 1014 2273 1121 2322
text 0.3572 2901 556 2960 614
text 0.3568 899 1275 972 1350
text 0.3553 983 2355 1020 2380
text 0.3457 1959 2213 2002 2252
text 0.3431 3004 2440 3061 2473
text 0.3317 1030 2458 1137 2511
text 0.3232 3224 2181 3281 2209
text 0.3199 979 2211 1039 2265
text 0.3158 988 1831 1037 1859
text 0.3141 889 1111 967 1169
component 0.9970 1085 1999 1099 2018
component 0.9964 1224 1315 1244 1335
component 0.9945 3046 2006 3063 2019
component 0.9931 1119 1633 1168 1679
component 0.9927 1769 1067 1789 1091
component 0.9910 1781 1995 1799 2009
component 0.9909 1326 1999 1345 2017
component 0.9891 1245 1890 1267 1917
component 0.9889 969 1557 990 1583
component 0.9879 900 1580 919 1601
component 0.9867 1285 2475 1304 2492
component 0.9841 909 1998 928 2017
component 0.9825 1165 1996 1185 2022
component 0.9819 1225 1553 1244 1572
component 0.9810 2580 989 2599 1014
component 0.9809 2757 1208 2814 1246
component 0.9804 910 1799 927 1818
component 0.9795 1043 1884 1078 1920
component 0.9794 3104 1849 3124 1868
component 0.9782 810 2236 828 2255
component 0.9769 2084 2127 2104 2155
component 0.9737 1282 1890 1304 1918
component 0.9729 2964 2009 2985 2027
component 0.9723 1724 514 1810 556
component 0.9719 1047 1563 1068 1588
component 0.9711 2748 1427 2803 1465
component 0.9704 1224 1384 1247 1407
component 0.9693 810 2154 830 2177
component 0.9686 1977 1145 1999 1169
component 0.9677 1205 1994 1230 2029
component 0.9672 2280 2086 2360 2135
component 0.9670 3183 2227 3202 2246
component 0.9667 3142 496 3221 545
component 0.9666 2957 2236 3023 2274
component 0.9651 2491 2076 2580 2135
component 0.9651 910 1715 932 1743
component 0.9626 2104 1405 2124 1425
component 0.9626 668 1146 700 1167
component 0.9571 1124 1888 1167 1917
component 0.9568 1048 1397 1105 1466
component 0.9566 2173 2052 2194 2071
component 0.9552 1001 1887 1030 1917
component 0.9519 1653 2117 1789 2216
component 0.9495 2284 2228 2339 2263
component 0.9473 910 1890 937 1918
component 0.9467 2904 1736 2923 1750
component 0.9462 3013 2072 3072 2166
component 0.9442 2733 1587 2828 1653
component 0.9415 1393 1114 1411 1130
component 0.9400 1385 980 1413 1000
component 0.9368 2459 1762 2536 1867
component 0.9365 2115 1441 2134 1466
component 0.9365 434 1643 741 1963
component 0.9341 2341 1979 2362 1996
component 0.9326 1978 980 2006 1002
component 0.9251 3250 2225 3270 2244
component 0.9250 1127 514 1203 556
component 0.9221 777 1557 804 1585
component 0.9181 1543 341 1676 433
component 0.9178 1426 517 1501 554
component 0.9168 948 358 1076 454
component 0.9149 798 2107 830 2138
component 0.9148 1633 2376 1643 2403
component 0.9144 851 1326 870 1346
component 0.9143 2766 1328 2816 1365
component 0.9111 3139 987 3163 1012
component 0.9102 2598 495 2680 546
component 0.9084 2649 2445 2668 2463
component 0.9072 1896 1332 1927 1365
component 0.9063 1985 2414 1996 2434
component 0.8983 2579 1959 2598 1985
component 0.8905 2437 1088 2475 1108
component 0.8904 792 1117 811 1130
component 0.8893 2478 1960 2496 1988
component 0.8883 787 963 818 1005
component 0.8881 1572 2187 1591 2206
component 0.8871 2747 654 2876 751
component 0.8829 1386 1023 1414 1057
component 0.8778 1394 2296 1504 2338
component 0.8752 1568 2226 1598 2245
component 0.8739 1098 2156 1117 2175
component 0.8678 1119 1256 1163 1278
component 0.8661 2450 2444 2471 2462
component 0.8602 2021 516 2095 555
component 0.8574 1093 2097 1122 2140
component 0.8545 2729 2097 2827 2230
component 0.8502 2056 2245 2074 2265
component 0.8467 782 1453 801 1483
component 0.8396 790 1038 813 1063
component 0.8357 1977 1185 1996 1197
component 0.8251 812 1455 838 1485
component 0.8202 2115 1581 2135 1599
component 0.8127 2292 504 2370 546
component 0.8108 2185 1889 2225 1938
component 0.8107 487 527 572 572
component 0.7943 832 517 914 567
component 0.7884 1621 1491 1709 1586
component 0.7461 2362 1267 2382 1298
component 0.7319 1267 2334 1311 2385
component 0.7255 2139 330 2274 436
component 0.7062 2876 504 2967 545
component 0.7028 2673 896 2809 985
component 0.6982 1967 1794 1987 1824
component 0.6942 2780 1663 2843 1700
component 0.6524 1977 1805 2052 1850
test 0.9663 1216 2343 1246 2382
test 0.6768 897 2345 930 2389
led 0.9472 2160 1434 2236 1473
led 0.9258 2157 1393 2246 1434
led 0.9119 2153 1523 2232 1563
led 0.8624 2159 1484 2235 1524
led 0.8408 3112 2404 3193 2431
led 0.7970 2157 1572 2233 1603
led 0.7613 3133 2068 3170 2151
led 0.7424 2336 2413 2423 2455
led 0.7385 2536 2412 2615 2453
clock 0.6211 1446 1872 1528 1969
ic 0.9762 1359 1383 1849 1879
ic 0.9743 1898 2054 2076 2177
ic 0.9693 2171 1629 2367 1793
ic 0.9570 2914 1819 3082 1927
ic 0.9496 1818 2198 1926 2342
ic 0.9447 2392 1139 2553 1317
ic 0.9314 1225 702 1404 893
ic 0.9092 1816 701 2007 888
ic 0.8745 2411 694 2586 878
ic 0.8694 622 704 811 900
ic 0.8673 2966 692 3143 881
ic 0.8107 1732 1131 1888 1297
ic 0.7636 1019 1375 1144 1494
electrolytic 0.9694 2617 852 2838 1090
electrolytic 0.8810 2661 2057 2895 2265
electrolytic 0.8782 1512 266 1706 501
electrolytic 0.8702 1619 2052 1823 2276
electrolytic 0.8682 2688 579 2930 816
electrolytic 0.8394 2098 265 2313 499
electrolytic 0.7445 2390 1730 2578 1898
electrolytic 0.7294 906 288 1120 523
button 0.9859 1326 2504 1442 2672
button 0.9606 1260 2127 1375 2296
diode 0.9010 2433 2204 2620 2287
diode 0.8317 2689 1309 2886 1386
diode 0.8124 2640 1724 2720 1856
diode 0.7590 2164 1825 2244 2003
transistor 0.9573 2939 2037 3134 2192
transistor 0.9118 1967 2282 2244 2444
transistor 0.9018 2462 2002 2616 2197
transistor 0.9000 2241 2008 2402 2203
transistor 0.8777 3070 2260 3348 2412
transistor 0.8768 2679 1509 2887 1759
transistor 0.8085 1363 2288 1619 2476
transistor 0.6483 818 2267 898 2339
transistor 0.3392 803 2293 900 2369
ferrite 0.8898 879 1348 920 1430
