connector 0.9940 3234 1583 3765 2013
connector 0.9845 3357 1996 3766 2361
connector 0.9839 2559 869 2611 1099
connector 0.9817 3349 1207 3730 1579
connector 0.9814 1840 927 1896 1157
connector 0.9812 2384 876 2462 1069
connector 0.9796 2628 287 2944 409
connector 0.9758 3194 2384 3562 2441
connector 0.9757 2959 2303 3085 2362
connector 0.9733 1757 1268 1988 1326
connector 0.9718 2026 281 2345 401
connector 0.9700 3143 878 3202 1124
connector 0.9693 2065 334 2314 483
connector 0.9690 3523 2564 3706 2704
connector 0.9689 3261 355 3509 504
connector 0.9656 3233 291 3542 407
connector 0.9652 2936 2485 3002 2549
connector 0.9634 882 1447 1029 1647
connector 0.9619 890 1177 1018 1371
connector 0.9583 1947 1908 2187 1965
connector 0.9568 3580 2374 3721 2561
connector 0.9536 3629 721 3735 1201
connector 0.9535 2567 2088 2740 2150
connector 0.9521 1460 2463 1571 2540
connector 0.9512 2962 2552 3150 2698
connector 0.9506 1215 891 1267 1132
connector 0.9458 3340 2563 3518 2697
connector 0.9331 1949 1854 2198 1910
connector 0.9303 1442 268 1759 387
connector 0.9282 1060 2512 1275 2787
connector 0.9270 2776 2550 2966 2692
connector 0.9265 1809 2472 2097 2828
connector 0.9207 2371 2483 2658 2845
connector 0.9199 2946 2195 3004 2257
connector 0.9167 1611 2542 1807 2817
connector 0.9160 2673 347 2910 486
connector 0.9112 2967 2365 3088 2432
connector 0.9042 3142 2561 3332 2700
connector 0.9005 2747 2288 2816 2479
connector 0.9004 2093 2469 2374 2833
connector 0.8943 1551 1485 1631 1667
connector 0.8943 1298 2270 1365 2398
connector 0.8666 3050 1208 3235 1284
connector 0.8664 928 332 1180 476
connector 0.8661 1406 2539 1604 2804
connector 0.8584 1932 1968 2243 2028
connector 0.8580 3065 2193 3122 2254
connector 0.8580 1007 1134 1224 1678
connector 0.8505 3558 640 3678 714
connector 0.8480 1484 336 1719 468
connector 0.8474 756 2417 1045 2792
connector 0.8423 1673 2465 1780 2541
connector 0.8399 834 2040 917 2137
connector 0.8368 1700 1318 1767 1561
connector 0.8367 904 267 1212 378
connector 0.8109 2166 1322 2352 1515
connector 0.8016 3044 2484 3127 2552
connector 0.7838 2015 1427 2065 1639
connector 0.7747 575 1985 854 2195
connector 0.7655 862 2023 929 2119
connector 0.7353 1948 880 2022 1103
connector 0.7061 2320 2307 2448 2405
connector 0.6835 2799 1773 3111 1839
resistor 0.9515 1482 987 1543 1016
resistor 0.9381 3152 1989 3212 2019
resistor 0.9170 2836 1385 2897 1414
resistor 0.9049 1370 475 1554 567
resistor 0.9009 1950 1398 2013 1433
resistor 0.8986 3379 1133 3461 1178
resistor 0.8897 2668 980 2737 1007
resistor 0.8885 2830 1308 2896 1341
resistor 0.8804 2833 1547 2899 1584
resistor 0.8755 847 2402 913 2423
resistor 0.8685 2667 1108 2736 1137
resistor 0.8494 2074 1057 2140 1089
resistor 0.8193 2486 2257 2552 2287
resistor 0.8189 2491 2182 2550 2214
resistor 0.7930 2073 979 2143 1009
resistor 0.7918 2278 1989 2347 2018
resistor 0.7843 2005 2244 2075 2274
resistor 0.7833 2958 2154 3025 2185
resistor 0.7765 3260 1108 3331 1138
resistor 0.7606 3217 1293 3256 1340
resistor 0.7196 1097 1997 1158 2027
resistor 0.7119 3482 505 3665 593
resistor 0.6947 1018 1997 1088 2027
resistor 0.6711 2075 1137 2144 1169
resistor 0.6702 2092 2403 2146 2433
resistor 0.6663 3144 1790 3211 1828
resistor 0.6641 1718 1971 1783 2008
resistor 0.6369 927 1988 960 2051
resistor 0.3261 2753 1971 2779 2025
pads 0.9826 2699 1729 2738 1770
pads 0.9201 3262 990 3334 1031
pads 0.9124 773 1384 999 1708
pads 0.9045 2666 1047 2738 1099
pads 0.8464 2781 1069 2825 1130
pads 0.8464 1482 1021 1547 1060
pads 0.8207 2867 1078 2917 1140
pads 0.8088 1201 1790 1471 2012
pads 0.8010 2956 1078 3004 1140
pads 0.7880 3290 1187 3353 1236
pads 0.7722 2747 1692 2778 1734
pads 0.7648 2730 1705 2769 1750
pads 0.6772 2078 1014 2143 1049
pads 0.6219 2748 1631 2779 1673
pads 0.4085 922 1011 986 1059
capacitor 0.9944 2888 1641 2924 1743
capacitor 0.9936 3104 1671 3132 1747
capacitor 0.9894 2699 1879 2721 1955
capacitor 0.9698 2799 1639 2827 1709
capacitor 0.9691 2821 1454 2914 1513
capacitor 0.9680 1118 1000 1182 1028
capacitor 0.9566 2945 1971 2978 2036
capacitor 0.9545 3262 1065 3333 1098
capacitor 0.9518 2213 1760 2272 1818
capacitor 0.9508 3262 1342 3300 1419
capacitor 0.9385 3549 854 3606 977
capacitor 0.9383 3549 722 3606 838
capacitor 0.9332 1481 901 1552 940
capacitor 0.9304 1097 585 1164 658
capacitor 0.9304 2146 2235 2167 2303
capacitor 0.9294 1463 1332 1487 1414
capacitor 0.9283 1697 978 1768 1008
capacitor 0.9269 919 920 986 942
capacitor 0.9238 2154 1236 2193 1314
capacitor 0.9235 2857 1000 2925 1030
capacitor 0.9221 3035 1616 3095 1745
capacitor 0.9190 3146 1829 3213 1859
capacitor 0.9148 3102 1891 3135 1952
capacitor 0.9119 2869 1874 2902 1938
capacitor 0.9046 3153 1674 3213 1721
capacitor 0.9010 2292 976 2353 1008
capacitor 0.8977 1117 901 1186 930
capacitor 0.8955 3147 1928 3214 1962
capacitor 0.8920 2610 1346 2669 1418
capacitor 0.8880 2856 921 2923 961
capacitor 0.8777 1698 902 1768 931
capacitor 0.8769 3452 976 3511 1009
capacitor 0.8725 1668 575 1739 655
capacitor 0.8716 2006 1653 2075 1781
capacitor 0.8712 3483 1139 3609 1204
capacitor 0.8606 3431 1017 3497 1048
capacitor 0.8587 3013 1207 3033 1275
capacitor 0.8558 3157 1625 3222 1652
capacitor 0.8531 3215 1424 3243 1500
capacitor 0.8519 3540 976 3606 1102
capacitor 0.8509 2074 2178 2145 2215
capacitor 0.8475 2729 1494 2787 1570
capacitor 0.8445 3045 1968 3093 2046
capacitor 0.8418 1116 2412 1244 2481
capacitor 0.8341 1776 1583 1850 1613
capacitor 0.8273 2155 1513 2227 1580
capacitor 0.8273 3000 1614 3042 1691
capacitor 0.8079 2850 597 2919 657
capacitor 0.8075 3142 1347 3172 1427
capacitor 0.8003 2576 1968 2647 2002
capacitor 0.7986 2635 1875 2683 1967
capacitor 0.7940 1679 1088 1753 1117
capacitor 0.7753 3452 605 3519 663
capacitor 0.7705 2333 1335 2399 1408
capacitor 0.7561 1067 1790 1136 1812
capacitor 0.7544 2339 1879 2410 1948
capacitor 0.7262 1934 1654 2008 1767
capacitor 0.6600 2758 1871 2778 1938
capacitor 0.6228 2670 931 2740 960
capacitor 0.6226 2265 590 2328 653
capacitor 0.3737 2825 1405 2907 1475
capacitor 0.3071 1696 936 1764 967
text 0.9819 3095 1980 3124 2038
text 0.9774 969 2158 998 2205
text 0.9742 1522 1196 1551 1246
text 0.9717 2233 1060 2285 1089
text 0.9714 978 1768 1008 1830
text 0.9701 3107 1623 3156 1652
text 0.9696 3024 2048 3054 2098
text 0.9688 2542 1900 2568 1940
text 0.9685 1462 2236 1483 2275
text 0.9655 2778 1813 2805 1853
text 0.9649 3520 881 3549 948
text 0.9647 1760 1495 1788 1562
text 0.9623 1747 1765 1778 1830
text 0.9615 1373 1157 1412 1188
text 0.9613 3335 1066 3388 1090
text 0.9605 2568 803 2598 860
text 0.9601 1433 407 1480 445
text 0.9593 2777 1385 2835 1406
text 0.9572 1838 1492 1866 1522
text 0.9563 1839 1454 1869 1474
text 0.9545 2155 1099 2211 1128
text 0.9545 2154 979 2206 1003
text 0.9534 2611 1030 2671 1081
text 0.9516 2154 1060 2214 1089
text 0.9513 3163 1552 3210 1574
text 0.9499 2323 427 2363 465
text 0.9497 1512 1750 1541 1811
text 0.9484 2064 1533 2121 1553
text 0.9484 3339 1107 3390 1128
text 0.9468 2378 584 2609 732
text 0.9455 2551 2257 2605 2285
text 0.9454 2166 2412 2214 2433
text 0.9408 1561 910 1611 932
text 0.9401 1047 2185 1086 2214
text 0.9388 2798 1584 2827 1632
text 0.9384 1936 1772 1981 1835
text 0.9376 1561 992 1609 1018
text 0.9358 1668 2365 1722 2407
text 0.9357 2733 1971 2757 2036
text 0.9350 2193 1918 2281 1950
text 0.9345 2777 1313 2836 1338
text 0.9345 2779 1551 2834 1577
text 0.9330 1829 1851 1868 1893
text 0.9326 2728 1832 2760 1871
text 0.9313 1541 1385 1709 1416
text 0.9299 2413 805 2441 871
text 0.9294 2233 979 2284 1008
text 0.9284 760 576 879 1098
text 0.9282 2618 437 2667 467
text 0.9274 3102 1789 3151 1820
text 0.9271 2945 1711 2984 1742
text 0.9266 2972 614 3161 672
text 0.9262 1905 2246 1959 2275
text 0.9260 949 1129 996 1177
text 0.9245 889 409 929 440
text 0.9207 1353 1277 1393 1306
text 0.9206 2067 1405 2115 1424
text 0.9194 760 2295 781 2323
text 0.9186 2067 1694 2095 1735
text 0.9177 3330 1442 3351 1485
text 0.9169 1076 1935 1147 1961
text 0.9163 739 1719 974 1819
text 0.9118 3438 910 3499 941
text 0.9094 1660 1534 1709 1591
text 0.9080 3400 1187 3451 1218
text 0.9066 3166 1277 3230 1335
text 0.9064 1157 1049 1220 1107
text 0.9063 1769 910 1830 937
text 0.9052 908 556 949 584
text 0.8988 3093 1829 3145 1858
text 0.8987 1353 1387 1391 1417
text 0.8987 1525 2376 1566 2407
text 0.8980 2925 999 2985 1028
text 0.8977 1830 2283 1868 2323
text 0.8951 2145 2028 2203 2057
text 0.8951 2241 1308 2311 1337
text 0.8950 2610 900 2676 967
text 0.8934 2717 1493 2759 1547
text 0.8901 2687 2168 2719 2246
text 0.8890 3352 524 3418 625
text 0.8862 2154 489 2214 584
text 0.8822 1974 1768 2029 1819
text 0.8818 2866 2048 2897 2119
text 0.8815 3521 1018 3550 1082
text 0.8810 2283 1444 2340 1491
text 0.8809 2610 963 2668 1029
text 0.8795 1453 1505 1502 1698
text 0.8792 989 1394 1018 1433
text 0.8786 3212 2238 3253 2265
text 0.8783 2747 978 2797 1003
text 0.8780 1285 2631 1335 2662
text 0.8778 3520 752 3550 820
text 0.8765 2905 1523 2966 1548
text 0.8749 1057 999 1117 1030
text 0.8740 2925 921 2984 950
text 0.8726 2202 2493 2284 2522
text 0.8724 929 1147 949 1177
text 0.8715 1574 496 1639 593
text 0.8714 1227 2265 1265 2304
text 0.8703 2759 515 2826 615
text 0.8673 1227 1138 1277 1186
text 0.8670 1887 1088 1937 1146
text 0.8659 2777 1414 2829 1443
text 0.8626 1302 2009 1354 2047
text 0.8610 3599 1188 3638 1216
text 0.8608 3589 2335 3710 2372
text 0.8593 962 1989 1008 2038
text 0.8588 1869 1196 1938 1276
text 0.8579 3094 1437 3133 1503
text 0.8572 1668 2475 1743 2541
text 0.8553 869 1395 917 1435
text 0.8546 887 2152 961 2178
text 0.8532 3461 2529 3575 2562
text 0.8528 1789 1345 1855 1374
text 0.8516 2914 574 2975 603
text 0.8503 1394 2441 1422 2501
text 0.8482 2974 1278 3094 1364
text 0.8468 1466 2166 1513 2196
text 0.8468 3013 1848 3073 1870
text 0.8463 2598 2145 2667 2174
text 0.8456 2551 464 2607 487
text 0.8434 1728 1940 1798 1978
text 0.8429 2775 1738 2866 1771
text 0.8417 3068 2238 3117 2290
text 0.8392 3081 1036 3143 1080
text 0.8391 1057 901 1117 930
text 0.8320 2817 2384 2884 2411
text 0.8311 2195 1514 2234 1554
text 0.8311 1393 2226 1423 2285
text 0.8306 2290 601 2343 655
text 0.8302 2196 1870 2253 1898
text 0.8299 2015 428 2065 457
text 0.8283 2372 1327 2411 1375
text 0.8282 2874 1218 2926 1246
text 0.8281 3388 979 3443 1010
text 0.8281 1019 488 1087 584
text 0.8274 2332 1868 2381 1917
text 0.8266 3229 1234 3283 1268
text 0.8250 1772 980 1829 1011
text 0.8245 3518 445 3572 475
text 0.8238 2981 1924 3034 1968
text 0.8237 3051 1275 3145 1345
text 0.8225 3337 2349 3381 2385
text 0.8194 1158 555 1216 585
text 0.8181 2839 1599 2893 1627
text 0.8181 1381 1525 1422 1612
text 0.8174 858 1662 909 1682
text 0.8140 2886 1750 2948 1772
text 0.8140 3153 822 3183 871
text 0.8135 1178 845 1245 913
text 0.8132 1160 1703 1215 1729
text 0.8128 2450 961 2510 1051
text 0.8119 2932 693 3163 735
text 0.8114 3065 951 3141 992
text 0.8114 3162 1120 3229 1169
text 0.8111 3679 438 3717 689
text 0.8110 1691 2156 1739 2194
text 0.8099 3210 2156 3253 2184
text 0.8094 2937 1849 2990 1867
text 0.8089 2074 2023 2129 2063
text 0.8075 3212 2086 3252 2117
text 0.8069 2976 1733 3038 1784
text 0.8061 1008 2471 1084 2507
text 0.8047 2280 2395 2330 2450
text 0.8037 3083 900 3143 930
text 0.8033 2991 1695 3023 1749
text 0.8024 1174 405 1214 435
text 0.8007 3546 586 3606 614
text 0.7971 3011 1105 3076 1204
text 0.7970 1512 1507 1570 1562
text 0.7968 1726 2380 1780 2407
text 0.7960 2364 2234 2487 2269
text 0.7960 2005 564 2064 593
text 0.7958 1887 950 1948 1016
text 0.7954 1989 2028 2090 2059
text 0.7948 2872 623 2926 673
text 0.7941 1954 1314 2021 1344
text 0.7935 2786 2049 2827 2115
text 0.7921 2203 2078 2233 2146
text 0.7912 3439 1048 3498 1074
text 0.7912 2915 435 2963 475
text 0.7911 3336 2522 3436 2559
text 0.7883 1880 239 1955 267
text 0.7878 2362 1189 2402 1247
text 0.7860 1463 2364 1501 2409
text 0.7857 3063 1939 3107 1979
text 0.7856 1283 1737 1345 1792
text 0.7851 3341 998 3390 1029
text 0.7846 2845 1069 2887 1131
text 0.7811 2657 1963 2688 1998
text 0.7807 1512 1564 1572 1621
text 0.7788 1729 408 1778 445
text 0.7772 2065 1446 2122 1473
text 0.7763 1250 2410 1306 2441
text 0.7756 1855 848 1887 920
text 0.7740 3142 1423 3173 1483
text 0.7733 781 2404 821 2433
text 0.7730 1523 1643 1571 1684
text 0.7727 2152 1713 2191 1826
text 0.7723 1557 1070 1612 1099
text 0.7721 3234 1177 3279 1207
text 0.7718 2471 1336 2538 1376
text 0.7708 1373 822 1420 851
text 0.7698 2343 2403 2413 2433
text 0.7659 3677 681 3718 721
text 0.7658 2936 1554 2994 1575
text 0.7643 751 295 799 538
text 0.7642 1740 1238 1767 1302
text 0.7625 2933 1731 2983 1779
text 0.7610 809 2186 860 2215
text 0.7591 3185 2523 3306 2561
text 0.7581 1064 2438 1117 2473
text 0.7525 1997 1055 2067 1107
text 0.7505 3170 469 3258 524
text 0.7471 2688 2476 2728 2523
text 0.7457 2128 1471 2199 1554
text 0.7442 2451 2298 2483 2354
text 0.7399 2114 2237 2143 2283
text 0.7398 2440 1036 2501 1107
text 0.7395 2754 1066 2783 1122
text 0.7392 1956 2482 1985 2519
text 0.7384 2992 2273 3062 2304
text 0.7379 2014 1140 2071 1175
text 0.7368 2650 2255 2698 2284
text 0.7360 1629 1900 1700 1928
text 0.7293 1631 2362 1660 2409
text 0.7272 2198 2026 2257 2054
text 0.7268 1424 564 1472 594
text 0.7257 3266 2278 3317 2338
text 0.7255 3210 436 3251 466
text 0.7244 3399 2354 3446 2383
text 0.7239 2175 1296 2234 1340
text 0.7218 2079 2204 2131 2238
text 0.7211 1745 1196 1828 1279
text 0.7189 1997 903 2063 977
text 0.7143 3212 2195 3250 2225
text 0.7143 1078 1762 1137 1789
text 0.7129 1724 584 1787 655
text 0.7123 3250 1300 3282 1344
text 0.7110 2860 1842 2909 1868
text 0.7098 3072 1089 3157 1168
text 0.7082 888 2187 943 2218
text 0.7025 2905 2066 2961 2151
text 0.7020 2909 1455 2944 1512
text 0.7004 1923 840 1993 942
text 0.6983 1393 764 1433 792
text 0.6932 3302 1349 3330 1416
text 0.6918 1501 2533 1539 2559
text 0.6887 3081 2362 3135 2401
text 0.6881 2343 1414 2414 1447
text 0.6823 1986 1289 2052 1317
text 0.6817 2881 1621 2924 1662
text 0.6795 2561 2002 2639 2074
text 0.6754 2822 2519 2918 2550
text 0.6713 2833 2317 2863 2365
text 0.6700 1249 821 1285 890
text 0.6694 883 1985 938 2043
text 0.6667 3192 574 3250 604
text 0.6664 3008 2531 3114 2555
text 0.6619 2405 2411 2451 2451
text 0.6610 2105 1456 2173 1519
text 0.6564 1484 1339 1512 1394
text 0.6539 1888 1022 1946 1086
text 0.6511 2819 2045 2856 2114
text 0.6490 3299 2316 3443 2352
text 0.6454 1809 2413 1838 2503
text 0.6436 1890 892 1949 959
text 0.6411 1951 2107 1987 2167
text 0.6386 3013 1728 3061 1784
text 0.6296 1253 2446 1303 2493
text 0.6289 2907 2049 2936 2119
text 0.6274 2122 1759 2161 1813
text 0.6269 2832 2453 2869 2512
text 0.6215 1161 987 1223 1071
text 0.6181 2986 2437 3075 2468
text 0.6093 3024 1088 3110 1172
text 0.6041 1815 1196 1887 1278
text 0.5958 2018 1167 2072 1198
text 0.5953 2283 2245 2303 2315
text 0.5757 2741 930 2797 959
text 0.5491 2746 1601 2803 1661
text 0.5326 3377 2350 3483 2382
text 0.4378 2977 2378 3096 2445
text 0.4239 3002 2443 3100 2484
text 0.3989 1884 1051 1944 1110
text 0.3837 3020 1839 3085 1864
text 0.3768 2201 2008 2262 2037
text 0.3328 2613 2056 2710 2118
text 0.3196 1995 1024 2070 1092
text 0.3009 2741 1828 2777 1867
component 0.9965 3269 1453 3294 1482
component 0.9945 2314 1069 2331 1090
component 0.9934 2304 1996 2323 2008
component 0.9919 2939 1631 2986 1676
component 0.9879 3113 1561 3131 1583
component 0.9863 2856 1315 2875 1333
component 0.9853 3272 2236 3290 2255
component 0.9851 2798 2473 2817 2491
component 0.9821 3181 1580 3202 1603
component 0.9814 2994 1396 3050 1466
component 0.9788 1038 2006 1057 2018
component 0.9786 1745 2070 1809 2149
component 0.9751 830 2225 850 2245
component 0.9715 3022 1886 3058 1918
component 0.9703 3172 1898 3191 1917
component 0.9702 2104 1145 2123 1164
component 0.9698 3271 2157 3292 2176
component 0.9696 2880 1996 2906 2024
component 0.9693 1908 2057 1926 2069
component 0.9688 2106 1187 2121 1198
component 0.9687 1990 2127 2004 2155
component 0.9685 900 2226 920 2246
component 0.9684 1519 2080 1605 2136
component 0.9670 2792 1995 2820 2016
component 0.9670 3175 2002 3192 2019
component 0.9660 1292 1425 1353 1464
component 0.9660 2855 1554 2874 1573
component 0.9649 979 1848 997 1869
component 0.9638 2965 2087 3005 2146
component 0.9633 3360 1643 3668 1958
component 0.9631 3290 1117 3309 1128
component 0.9627 875 496 957 543
component 0.9627 2793 1889 2815 1919
component 0.9614 2007 516 2081 555
component 0.9585 937 990 962 1012
component 0.9577 2097 979 2123 1001
component 0.9568 1031 2074 1088 2165
component 0.9567 1967 1446 1986 1463
component 0.9563 3173 1714 3196 1743
component 0.9531 3007 1991 3052 2032
component 0.9521 2689 1116 2709 1131
component 0.9507 2294 510 2383 556
component 0.9504 1075 2234 1146 2275
component 0.9485 2177 1336 2204 1360
component 0.9481 2898 515 2974 556
component 0.9452 2857 1384 2876 1411
component 0.9443 2102 2415 2116 2431
component 0.9422 3290 1037 3311 1058
component 0.9386 2597 512 2674 554
component 0.9366 1731 505 1808 545
component 0.9355 2027 2247 2047 2265
component 0.9321 2809 2332 2835 2357
component 0.9314 1432 2444 1453 2463
component 0.9304 2313 2113 2456 2218
component 0.9278 1567 1762 1658 1867
component 0.9277 3289 961 3316 988
component 0.9276 1976 1403 1996 1425
component 0.9259 3174 1801 3191 1820
component 0.9244 3299 1564 3320 1583
component 0.9195 1719 1265 1739 1292
component 0.9162 1879 1890 1917 1939
component 0.9158 3400 1147 3438 1170
component 0.9156 1631 2443 1650 2463
component 0.9123 2913 1895 2941 1933
component 0.9122 2920 1884 2973 1922
component 0.9108 2460 2372 2472 2401
component 0.9075 1274 2099 1373 2229
component 0.9070 1137 504 1225 544
component 0.9065 1266 1584 1368 1649
component 0.9060 2983 2155 3004 2175
component 0.9057 2511 2186 2530 2206
component 0.9052 1630 1097 1657 1113
component 0.8997 3269 2112 3304 2138
component 0.8969 1226 653 1357 749
component 0.8965 2513 2229 2530 2252
component 0.8865 2424 338 2560 437
component 0.8839 1503 987 1522 1009
component 0.8801 1117 2008 1137 2026
component 0.8794 1498 1072 1532 1103
component 0.8788 3021 358 3150 457
component 0.8781 1967 1527 1986 1568
component 0.8757 3035 1563 3055 1592
component 0.8665 1252 1670 1321 1703
component 0.8637 2688 1024 2717 1068
component 0.8627 1502 1961 1522 1988
component 0.8474 1758 2224 1817 2265
component 0.8468 2690 980 2715 1001
component 0.8416 2938 1255 2982 1286
component 0.8407 2082 1780 2135 1824
component 0.8380 1284 1326 1335 1366
component 0.8379 1175 1738 1202 1755
component 0.8349 1739 1978 1760 1998
component 0.8313 3182 515 3262 565
component 0.8253 1968 1583 1986 1603
component 0.8223 1606 1960 1632 1989
component 0.8039 1421 494 1502 543
component 0.8028 1287 1205 1343 1246
component 0.7962 2598 2295 2705 2331
component 0.7932 2393 1487 2481 1584
component 0.7876 934 1060 966 1078
component 0.7740 2757 1990 2780 2023
component 0.7587 2916 1982 2937 2029
component 0.7485 2057 1809 2112 1837
component 0.7409 2836 1890 2857 1944
component 0.6839 939 2004 958 2038
component 0.6839 3531 525 3613 574
component 0.6800 1285 897 1433 987
component 0.6450 1830 328 1954 433
component 0.6321 3233 1310 3252 1344
test 0.9387 2856 2345 2885 2386
test 0.7712 3172 2323 3224 2392
led 0.9673 1868 1435 1944 1474
led 0.9580 1860 1395 1944 1436
led 0.9505 1869 1523 1947 1564
led 0.8984 1477 2413 1563 2452
led 0.8549 909 2403 993 2432
led 0.8282 1866 1574 1945 1603
led 0.7880 930 2067 968 2147
led 0.7780 1868 1484 1945 1523
led 0.6846 1673 2406 1767 2458
clock 0.8134 2571 1871 2657 1967
ic 0.9799 2254 1386 2739 1880
ic 0.9708 3291 703 3480 901
ic 0.9576 1552 1137 1711 1318
ic 0.9558 2023 2056 2207 2175
ic 0.9519 1734 1622 1937 1786
ic 0.9408 2169 2195 2282 2344
ic 0.9217 2697 701 2877 892
ic 0.9197 1512 691 1690 882
ic 0.9081 2096 700 2282 889
ic 0.8577 960 694 1138 878
ic 0.7907 1019 1821 1196 1930
ic 0.7647 2217 1131 2370 1296
ic 0.6428 2967 1373 3087 1493
electrolytic 0.9692 1268 854 1485 1083
electrolytic 0.8794 1182 577 1408 817
electrolytic 0.8706 1215 2053 1435 2272
electrolytic 0.8547 2386 263 2595 507
electrolytic 0.8190 1534 1729 1706 1895
electrolytic 0.7533 1790 268 2008 498
electrolytic 0.7218 2282 2052 2484 2255
electrolytic 0.6752 2974 285 3198 523
button 0.9709 2656 2503 2776 2667
button 0.9498 2728 2126 2846 2296
diode 0.9724 1219 1187 1410 1278
diode 0.9417 1689 2206 1882 2284
diode 0.9323 1482 2206 1673 2284
diode 0.8821 1376 1723 1479 1851
diode 0.7473 1858 1813 1941 2001
diode 0.7018 1211 1306 1409 1390
transistor 0.9722 754 2267 1030 2407
transistor 0.9439 970 2041 1164 2196
transistor 0.9340 1856 2285 2130 2439
transistor 0.9206 1224 1510 1419 1749
transistor 0.8880 1699 2012 1859 2205
transistor 0.8880 1483 2006 1642 2197
transistor 0.8306 2481 2289 2747 2474
transistor 0.6854 3207 2271 3281 2343
ferrite 0.9621 3183 1344 3221 1429
