connector 0.9876 628 1446 729 1612
connector 0.9829 1276 1464 1363 1639
connector 0.9753 611 1168 742 1331
connector 0.9746 2958 227 3278 344
connector 0.9744 2283 809 2351 1062
connector 0.9569 2348 226 2678 342
connector 0.9532 2726 2274 2835 2392
connector 0.9523 1406 2452 1513 2538
connector 0.9518 1748 219 2075 342
connector 0.9510 545 2026 630 2135
connector 0.9449 1739 1362 1798 1607
connector 0.9430 595 218 922 336
connector 0.9430 1197 2453 1304 2543
connector 0.9367 910 875 979 1091
connector 0.9187 1154 208 1483 335
connector 0.9122 2506 2255 2582 2424
connector 0.9097 1661 832 1731 1074
connector 0.8860 1488 1227 1722 1293
connector 0.8695 2876 813 2945 1067
connector 0.8668 2087 2236 2194 2386
connector 0.8618 1560 875 1619 1120
connector 0.8468 2695 2147 2871 2219
connector 0.8409 2700 2447 2891 2514
pads 0.8696 1780 1668 1862 1736
pads 0.8658 3092 2426 3153 2481
pads 0.5207 2975 2436 3048 2481
text 0.9913 955 1672 1698 2114
text 0.9804 1601 2388 1632 2405
text 0.9797 968 1306 1007 1327
text 0.9778 2559 1804 2600 1908
text 0.9776 2620 1800 2658 1909
text 0.9708 830 2403 858 2423
text 0.9687 1869 2176 2287 2225
text 0.9677 3183 971 3370 1008
text 0.9667 1507 1553 1750 1593
text 0.9647 2944 899 3135 940
text 0.9616 819 1794 958 2171
text 0.9615 1341 890 1541 930
text 0.9590 1521 1436 1736 1474
text 0.9586 1101 2323 1339 2358
text 0.9557 975 992 1177 1030
text 0.9533 2005 1426 2207 1464
text 0.9527 642 1118 690 1149
text 0.9526 1373 2383 1402 2413
text 0.9491 1520 2385 1542 2412
text 0.9467 2177 2384 2204 2413
text 0.9457 978 872 1175 914
text 0.9409 3174 2418 3212 2521
text 0.9373 967 1424 1008 1445
text 0.9369 1769 2022 1798 2105
text 0.9367 1904 2383 1925 2403
text 0.9365 1304 2383 1335 2413
text 0.9362 968 1542 1010 1572
text 0.9343 1731 901 1934 940
text 0.9334 968 1179 1006 1217
text 0.9327 3175 722 3370 771
text 0.9297 2550 2523 2587 2555
text 0.9249 1880 2226 2092 2265
text 0.9239 1331 949 1546 988
text 0.9224 2600 2128 2751 2282
text 0.9208 957 2226 1373 2271
text 0.9194 2954 959 3144 999
text 0.9172 672 2154 692 2185
text 0.9170 2567 1494 2731 1553
text 0.9142 2184 901 2252 940
text 0.9133 1828 2021 1858 2100
text 0.9126 1517 1374 1742 1414
text 0.9121 2805 1796 2837 1876
text 0.9113 1748 1676 1777 1725
text 0.9098 1757 1218 1915 1374
text 0.9061 1420 2375 1500 2422
text 0.9045 1671 2375 1747 2413
text 0.9041 672 1988 694 2021
text 0.8988 1622 1127 1661 1227
text 0.8968 2426 1325 2878 1385
text 0.8938 2759 1223 2976 1266
text 0.8863 930 625 1399 704
text 0.8846 3143 2227 3252 2338
text 0.8823 1199 1524 1275 1562
text 0.8789 1789 2383 1818 2403
text 0.8780 3299 1032 3368 1069
text 0.8762 2942 831 3126 880
text 0.8759 1914 1671 2057 1815
text 0.8748 503 337 617 406
text 0.8732 3179 2529 3201 2551
text 0.8715 2042 1383 2196 1417
text 0.8693 1760 1749 1787 1819
text 0.8676 1701 485 2523 544
text 0.8663 2183 960 2253 997
text 0.8652 1711 2024 1740 2103
text 0.8626 2753 1080 3014 1118
text 0.8616 663 2035 699 2136
text 0.8601 1070 327 1169 398
text 0.8600 2195 2226 2267 2266
text 0.8588 2867 338 2966 398
text 0.8575 2569 2392 2635 2422
text 0.8559 3300 793 3368 822
text 0.8549 2371 1929 2411 2037
text 0.8538 1740 1028 1808 1066
text 0.8512 588 2393 692 2432
text 0.8501 1828 1677 1981 1827
text 0.8449 2559 1189 2796 1228
text 0.8446 1977 1899 2050 1928
text 0.8434 3085 2222 3195 2345
text 0.8432 2311 1930 2350 2035
text 0.8404 2684 1794 2722 1905
text 0.8399 1779 1623 1859 1662
text 0.8388 960 464 1287 585
text 0.8360 1734 940 1928 979
text 0.8348 2759 2205 2838 2280
text 0.8324 3302 911 3370 939
text 0.8281 2739 2385 2800 2454
text 0.8276 2272 335 2359 403
text 0.8258 3029 2440 3077 2479
text 0.8171 1212 2375 1290 2412
text 0.8160 2055 2383 2074 2413
text 0.8160 1372 1445 1445 1503
text 0.8146 631 1358 673 1424
text 0.8114 3300 671 3369 710
text 0.8088 1889 2020 1925 2096
text 0.8082 2242 2374 2322 2413
text 0.8077 2960 1130 3034 1162
text 0.8039 1540 1125 1582 1230
text 0.8035 1711 399 2829 485
text 0.8029 1342 1011 1539 1051
text 0.8011 2548 2281 2628 2366
text 0.8011 3122 2531 3144 2553
text 0.8005 1668 336 1768 395
text 0.7974 444 964 603 1077
text 0.7948 1249 1345 1424 1385
text 0.7930 2805 2359 2912 2495
text 0.7889 1709 1752 1748 1819
text 0.7884 868 2394 921 2431
text 0.7834 987 1050 1056 1089
text 0.7818 2787 2512 2839 2552
text 0.7805 2546 1119 2801 1158
text 0.7772 2361 2383 2392 2402
text 0.7745 2352 882 2554 923
text 0.7738 1964 2374 2013 2413
text 0.7732 2179 831 2255 877
text 0.7698 1708 536 2988 592
text 0.7695 3331 2444 3378 2520
text 0.7639 2343 820 2543 862
text 0.7565 1681 1148 1719 1215
text 0.7557 975 2167 1343 2224
text 0.7549 902 2394 962 2434
text 0.7537 1162 2383 1185 2414
text 0.7536 2044 1286 2131 1323
text 0.7505 3184 1090 3367 1129
text 0.7456 1375 1506 1445 1574
text 0.7455 2958 2377 3022 2455
text 0.7452 1805 1179 1965 1334
text 0.7404 543 2392 565 2433
text 0.7400 3334 2388 3386 2458
text 0.7398 2744 1800 2782 1909
text 0.7371 2620 2474 2705 2553
text 0.7369 2607 2512 2684 2556
text 0.7304 1227 1592 1274 1622
text 0.7243 2926 2520 2993 2549
text 0.7242 1203 1462 1276 1501
text 0.7174 3341 2520 3385 2554
text 0.7165 2941 2379 2999 2481
text 0.7080 1811 1661 1895 1744
text 0.7078 2433 1930 2478 2032
text 0.7065 3304 2269 3396 2356
text 0.7016 1947 2013 1976 2090
text 0.7008 701 2402 731 2422
text 0.6826 1096 2276 1159 2315
text 0.6777 2713 2512 2769 2552
text 0.6729 3178 848 3368 881
text 0.6574 1253 1298 1424 1345
text 0.6572 1483 1128 1523 1224
text 0.6535 3271 2526 3351 2564
text 0.6437 430 1683 697 1787
text 0.6415 631 1641 671 1662
text 0.6408 2961 1189 3029 1226
text 0.6341 3221 2476 3290 2564
text 0.6036 2348 997 2415 1039
text 0.5980 3149 2429 3178 2506
text 0.5726 2899 2529 3065 2560
text 0.5690 2567 2265 2630 2313
text 0.5650 1471 1070 1542 1110
text 0.5370 2957 1019 3026 1056
text 0.5331 2770 2485 2865 2567
text 0.4175 2568 2176 2660 2305
text 0.3868 3269 2514 3326 2552
text 0.3689 3019 2530 3115 2557
text 0.3415 1193 2378 1257 2416
text 0.3212 939 2403 959 2441
text 0.3201 1097 2313 1204 2356
text 0.3053 3303 2528 3382 2564
text 0.3048 1501 1248 1711 1311
pins 0.9932 3002 1610 3116 1897
pins 0.9854 2186 2456 2362 2654
pins 0.9852 1613 2455 1814 2649
pins 0.9851 1904 1291 2080 1474
pins 0.9829 822 2529 982 2649
pins 0.9799 3332 1559 3390 1693
pins 0.9797 632 330 877 415
pins 0.9787 1896 2490 2085 2655
pins 0.9740 3334 1815 3394 1938
pins 0.9705 1673 2256 1842 2353
pins 0.9678 1393 2541 1540 2652
pins 0.9659 434 2001 553 2156
pins 0.9643 763 1134 929 1616
pins 0.9639 2295 2047 2491 2116
pins 0.9520 3224 1942 3322 2038
pins 0.9480 1785 328 2030 415
pins 0.9459 1186 2535 1325 2661
pins 0.9459 3379 657 3450 1137
pins 0.9437 1193 328 1437 417
pins 0.9429 3222 2224 3324 2322
pins 0.9413 534 2455 721 2649
pins 0.9374 2123 835 2183 1011
pins 0.9315 2539 1732 2851 1800
pins 0.9065 550 2263 700 2352
pins 0.9033 3134 2065 3232 2194
pins 0.8815 2794 1116 2965 1219
pins 0.8708 965 2273 1095 2374
pins 0.8661 3305 583 3420 644
pins 0.8565 1695 1823 1931 1934
pins 0.8505 3003 346 3238 435
pins 0.8490 1435 1294 1492 1526
pins 0.8240 2391 337 2637 427
pins 0.8143 2275 2256 2457 2348
pins 0.8059 3370 2338 3442 2524
pins 0.7992 2541 2550 3483 2619
pins 0.7981 2973 2346 3331 2407
pins 0.7525 1689 1940 2005 2001
pins 0.3263 1412 1271 1478 1593
pins 0.3012 1760 1937 1941 2042
test 0.8808 2934 2317 2968 2361
test 0.7521 2609 2308 2649 2351
