connector 0.9882 3371 1397 3477 1550
connector 0.9789 2029 2660 2358 2780
connector 0.9725 2301 1401 2362 1641
connector 0.9724 2622 2663 2945 2788
connector 0.9682 1907 613 2015 770
connector 0.9681 2373 1915 2441 2167
connector 0.9646 3122 1894 3186 2144
connector 0.9631 2589 457 2698 544
connector 0.9631 2798 465 2904 545
connector 0.9620 1266 615 1371 724
connector 0.9590 3183 2661 3510 2781
connector 0.9568 3469 864 3557 978
connector 0.9567 3361 1660 3487 1830
connector 0.9554 1751 1956 1818 2190
connector 0.9554 830 2651 1131 2767
connector 0.9476 2736 1369 2821 1541
connector 0.9467 1536 567 1591 739
connector 0.8876 1225 781 1404 844
connector 0.8838 1421 2650 1750 2772
connector 0.8351 2479 1873 2542 2123
connector 0.8127 1227 485 1406 545
connector 0.7985 1154 1935 1226 2183
connector 0.7457 2377 1700 2619 1767
pads 0.9197 952 526 1015 569
pads 0.8983 1058 517 1136 575
pads 0.7880 2241 1271 2321 1325
pads 0.3191 1119 505 1196 578
text 0.9925 2396 882 3145 1328
text 0.9823 3144 828 3281 1203
text 0.9774 1442 1086 1480 1199
text 0.9765 2174 594 2195 614
text 0.9740 2469 596 2500 613
text 0.9729 2558 593 2579 613
text 0.9700 3092 1672 3132 1701
text 0.9691 2557 2066 2757 2106
text 0.9679 1898 1542 2095 1572
text 0.9675 3412 819 3432 842
text 0.9628 1525 444 1553 466
text 0.9624 735 2233 926 2273
text 0.9598 1147 442 1175 466
text 0.9550 2360 1523 2578 1563
text 0.9545 2355 1404 2582 1450
text 0.9522 959 2001 1146 2046
text 0.9505 3094 1424 3134 1463
text 0.9500 965 2064 1154 2102
text 0.9495 2323 1284 2351 1324
text 0.9492 2183 1621 2342 1784
text 0.9482 3419 1581 3471 1649
text 0.9471 888 478 930 579
text 0.9467 2353 587 2431 624
text 0.9416 3409 979 3429 1019
text 0.9372 2168 2018 2358 2056
text 0.9369 2558 2008 2766 2048
text 0.9359 726 1996 920 2027
text 0.9355 1502 1090 1542 1199
text 0.9346 2168 2063 2356 2095
text 0.9339 955 441 980 466
text 0.9329 3090 1554 3133 1583
text 0.9323 2929 1974 3125 2006
text 0.9315 2750 645 3007 684
text 0.9315 2357 1593 2581 1634
text 0.9312 1375 1088 1423 1200
text 0.9277 2698 594 2728 615
text 0.9256 2301 900 2332 976
text 0.9255 2025 593 2045 616
text 0.9230 1376 1445 1530 1503
text 0.9223 2312 1176 2343 1245
text 0.9193 2599 576 2689 623
text 0.9181 1814 773 2236 823
text 0.9164 2133 1172 2270 1329
text 0.9133 3412 1851 3458 1889
text 0.9094 1688 965 1728 1068
text 0.9090 892 442 927 477
text 0.9068 1749 970 1787 1071
text 0.9050 3400 865 3438 974
text 0.9044 1778 586 1862 624
text 0.9029 2813 587 2890 623
text 0.9008 713 643 799 728
text 0.8972 2047 1173 2196 1322
text 0.8956 1707 601 1738 619
text 0.8941 1545 2077 1763 2117
text 0.8940 2826 1435 2905 1474
text 0.8912 1121 1730 1333 1773
text 0.8889 2006 730 2225 771
text 0.8882 2813 2415 3144 2542
text 0.8839 1226 1613 1665 1673
text 0.8824 908 660 1022 780
text 0.8806 1355 713 1501 878
text 0.8800 2173 902 2214 981
text 0.8777 715 554 767 612
text 0.8773 715 468 773 545
text 0.8769 3503 1920 3662 2045
text 0.8727 1895 1580 2079 1620
text 0.8714 2765 782 3123 845
text 0.8688 1251 431 1328 508
text 0.8682 1473 633 1536 707
text 0.8597 2710 2304 3158 2374
text 0.8570 3413 1207 3669 1313
text 0.8529 2937 2612 3030 2675
text 0.8526 1849 2007 1915 2037
text 0.8517 1284 2523 2371 2599
text 0.8507 1558 2019 1737 2057
text 0.8496 3430 1336 3469 1365
text 0.8487 2729 727 3109 773
text 0.8478 1264 721 1345 802
text 0.8448 839 659 946 786
text 0.8427 980 2119 1157 2165
text 0.8426 1560 2137 1746 2176
text 0.8381 1077 1944 1144 1977
text 0.8321 1531 2455 2379 2515
text 0.8311 3521 566 3559 605
text 0.8292 3041 1919 3110 1947
text 0.8289 2354 1174 2392 1242
text 0.8284 2056 1070 2129 1108
text 0.8251 2381 1779 2418 1849
text 0.8248 2331 2601 2432 2671
text 0.8248 3093 1792 3133 1830
text 0.8222 732 2176 806 2206
text 0.8221 3490 2603 3596 2662
text 0.8199 1461 574 1531 614
text 0.8198 2520 1781 2560 1870
text 0.8181 1061 1777 1137 1808
text 0.8147 1192 518 1293 635
text 0.8141 1028 514 1092 572
text 0.8136 2657 1495 2727 1556
text 0.8127 732 2297 798 2335
text 0.8116 3181 566 3232 602
text 0.8116 3242 574 3270 594
text 0.8109 2767 594 2795 615
text 0.8099 2243 1335 2320 1374
text 0.8023 2673 1660 2846 1700
text 0.8012 1630 966 1671 1067
text 0.7969 3410 566 3517 605
text 0.7950 1301 1838 1552 1879
text 0.7936 2667 1433 2724 1497
text 0.7921 1305 554 1362 612
text 0.7910 1125 2413 2388 2462
text 0.7903 733 1878 916 1909
text 0.7879 1898 596 1926 623
text 0.7872 719 420 815 471
text 0.7773 733 1937 800 1967
text 0.7764 2827 1376 2877 1414
text 0.7745 2933 678 3003 725
text 0.7728 2563 1947 2752 1988
text 0.7719 2294 1928 2362 1970
text 0.7710 2915 2038 3117 2087
text 0.7618 1739 2598 1825 2669
text 0.7582 2440 1781 2480 1878
text 0.7580 2226 1261 2289 1332
text 0.7420 1850 2066 1919 2097
text 0.7353 1087 658 1144 721
text 0.7334 2825 1493 2896 1534
text 0.7281 2675 1613 2844 1661
text 0.7274 732 2058 801 2087
text 0.7266 1064 1838 1133 1877
text 0.7263 1307 1780 1547 1818
text 0.7259 1265 1113 1296 1200
text 0.7242 1836 730 1907 779
text 0.7197 1688 1959 1750 1998
text 0.7126 1325 1109 1354 1200
text 0.7085 2557 1890 2633 1931
text 0.7077 2241 904 2272 978
text 0.7073 1432 443 1500 496
text 0.7016 1155 485 1198 666
text 0.6927 1091 1882 1336 1921
text 0.6878 2284 594 2312 617
text 0.6852 725 437 800 491
text 0.6776 2086 587 2135 625
text 0.6619 3370 575 3401 595
text 0.6440 1300 409 1498 503
text 0.6427 1474 693 1539 733
text 0.6411 1082 554 1142 630
text 0.6381 1848 2126 1921 2168
text 0.6323 814 437 894 520
text 0.6249 2145 1667 2294 1827
text 0.6236 1979 1672 2054 1714
text 0.6174 2917 594 2935 614
text 0.6115 3143 577 3173 604
text 0.6110 1393 442 1482 539
text 0.6030 1137 505 1191 585
text 0.5920 2362 902 2391 979
text 0.5600 727 2119 918 2156
text 0.5523 1134 2603 1240 2668
text 0.5176 1237 418 1369 495
text 0.4258 1889 591 1917 622
text 0.4106 1381 436 1516 499
text 0.3994 928 512 1004 570
text 0.3916 3143 564 3192 600
text 0.3212 1413 703 1510 846
text 0.3187 851 470 900 571
text 0.3088 1077 1757 1146 1793
pins 0.9938 988 1097 1097 1387
pins 0.9891 2016 1524 2192 1708
pins 0.9884 2016 347 2201 513
pins 0.9875 711 1063 771 1199
pins 0.9842 1736 357 1915 549
pins 0.9838 1917 1990 1978 2175
pins 0.9822 3546 849 3671 1004
pins 0.9820 713 1318 772 1448
pins 0.9807 660 492 731 670
pins 0.9777 1624 883 1798 960
pins 0.9748 2292 357 2490 543
pins 0.9737 3126 344 3281 464
pins 0.9718 653 1875 720 2348
pins 0.9693 3176 1393 3338 1847
pins 0.9658 3005 623 3142 736
pins 0.9570 781 963 881 1057
pins 0.9557 3377 361 3570 544
pins 0.9540 2257 643 2430 740
pins 0.9524 3230 2582 3476 2669
pins 0.9455 2564 346 2705 464
pins 0.9416 2072 2584 2315 2672
pins 0.9402 913 387 1205 446
pins 0.9374 2667 2590 2899 2681
pins 0.9342 1638 651 1821 742
pins 0.9341 3381 645 3558 742
pins 0.9255 779 670 881 771
pins 0.9214 2781 346 2916 465
pins 0.9181 1137 1777 1303 1892
pins 0.9168 681 2351 803 2415
pins 0.9074 1461 2580 1714 2671
pins 0.8962 2608 1466 2666 1712
pins 0.8896 2182 1065 2407 1172
pins 0.8871 867 815 961 931
pins 0.8845 868 2557 1095 2647
pins 0.8626 1247 1204 1560 1267
pins 0.8371 2115 989 2417 1057
pins 0.7411 773 597 1148 653
test 0.9830 1129 647 1168 695
test 0.9273 1449 641 1487 679
