connector 0.9523 6 98 28 143
connector 0.9489 10 453 801 500
connector 0.9454 17 0 805 49
resistor 0.9704 421 352 432 378
resistor 0.9600 545 285 564 295
resistor 0.9522 27 158 45 166
resistor 0.9365 317 297 325 317
resistor 0.9331 433 354 442 378
resistor 0.9321 419 241 430 259
resistor 0.9298 533 199 542 217
resistor 0.9183 438 239 448 258
resistor 0.9102 589 216 599 236
resistor 0.9042 616 311 623 328
resistor 0.9040 329 313 346 322
resistor 0.8999 444 268 463 278
resistor 0.8929 97 112 113 125
resistor 0.8926 450 336 492 362
resistor 0.8889 62 209 84 230
resistor 0.8885 564 201 573 218
resistor 0.8797 85 280 109 301
resistor 0.8757 432 288 450 297
resistor 0.8727 544 199 552 218
resistor 0.8645 307 187 317 205
resistor 0.8557 101 240 122 266
resistor 0.8457 153 112 172 124
resistor 0.8365 27 181 45 189
resistor 0.8265 554 199 562 220
resistor 0.8230 293 251 301 270
resistor 0.8222 571 253 581 274
resistor 0.8069 585 241 606 263
resistor 0.8047 73 374 93 382
resistor 0.7623 107 353 116 372
resistor 0.7435 107 333 118 351
resistor 0.7206 614 251 631 262
resistor 0.6939 560 254 569 274
resistor 0.6330 328 323 336 340
pads 0.9828 583 85 616 105
pads 0.9257 148 355 168 367
pads 0.6223 546 166 557 187
capacitor 0.9720 298 319 311 341
capacitor 0.9718 218 239 238 249
capacitor 0.9700 202 104 250 134
capacitor 0.9695 541 369 563 382
capacitor 0.9686 208 255 228 267
capacitor 0.9654 768 153 778 172
capacitor 0.9623 612 288 622 309
capacitor 0.9620 162 220 180 230
capacitor 0.9578 539 268 558 278
capacitor 0.9555 317 145 338 158
capacitor 0.9555 245 303 266 315
capacitor 0.9550 261 251 271 270
capacitor 0.9547 188 355 199 376
capacitor 0.9529 328 255 344 268
capacitor 0.9507 159 185 180 195
capacitor 0.9460 172 257 189 268
capacitor 0.9414 354 274 365 295
capacitor 0.9408 558 222 575 232
capacitor 0.9375 249 137 270 151
capacitor 0.9363 274 139 292 149
capacitor 0.9334 202 353 251 384
capacitor 0.9321 568 371 585 382
capacitor 0.9321 255 189 265 210
capacitor 0.9321 517 305 529 324
capacitor 0.9311 353 201 365 223
capacitor 0.9303 151 290 164 309
capacitor 0.9299 162 172 182 183
capacitor 0.9293 288 353 337 386
capacitor 0.9291 336 241 354 251
capacitor 0.9272 336 193 348 214
capacitor 0.9268 612 120 625 141
capacitor 0.9265 303 212 313 230
capacitor 0.9233 282 191 294 210
capacitor 0.9197 728 162 747 172
capacitor 0.9192 245 153 255 172
capacitor 0.9175 228 284 247 297
capacitor 0.9151 317 191 336 201
capacitor 0.9119 373 303 392 315
capacitor 0.9104 390 287 401 305
capacitor 0.9092 153 201 174 212
capacitor 0.9086 602 323 612 343
capacitor 0.9048 282 328 298 340
capacitor 0.8985 207 300 218 322
capacitor 0.8977 201 211 218 222
capacitor 0.8976 161 236 178 249
capacitor 0.8898 246 259 255 276
capacitor 0.8850 149 155 161 175
capacitor 0.8780 272 191 282 212
capacitor 0.8735 191 172 201 191
capacitor 0.8715 338 218 350 239
capacitor 0.8682 234 313 252 323
capacitor 0.8653 413 131 434 141
capacitor 0.8628 164 272 182 285
capacitor 0.8616 41 125 53 143
capacitor 0.8593 529 295 545 305
capacitor 0.8573 263 170 273 189
capacitor 0.8543 254 213 274 225
capacitor 0.8456 330 174 348 185
capacitor 0.8443 243 201 255 220
capacitor 0.8439 567 276 585 287
capacitor 0.8347 106 126 122 137
capacitor 0.8339 93 137 103 155
capacitor 0.8247 167 158 184 168
capacitor 0.8230 290 103 341 134
capacitor 0.8121 302 230 323 240
capacitor 0.8113 199 239 217 249
capacitor 0.8083 27 145 45 156
capacitor 0.8077 272 230 290 241
capacitor 0.7956 244 243 257 257
capacitor 0.7855 508 344 519 363
capacitor 0.7760 535 110 554 122
capacitor 0.7754 601 276 618 286
capacitor 0.7739 220 212 239 222
capacitor 0.6102 530 242 552 253
text 0.9828 631 249 656 264
text 0.9819 47 158 70 168
text 0.9794 336 323 349 349
text 0.9769 301 249 315 272
text 0.9766 419 216 432 239
text 0.9743 188 108 199 135
text 0.9741 367 199 377 222
text 0.9712 82 270 107 280
text 0.9709 541 353 569 370
text 0.9696 313 386 337 399
text 0.9695 602 343 614 365
text 0.9668 79 124 103 135
text 0.9660 573 228 583 254
text 0.9618 475 253 490 266
text 0.9610 458 324 486 334
text 0.9610 306 241 327 251
text 0.9603 95 102 118 114
text 0.9598 199 384 224 396
text 0.9596 352 303 373 315
text 0.9563 583 71 608 83
text 0.9556 758 216 783 228
text 0.9523 778 151 791 174
text 0.9512 347 255 369 270
text 0.9507 317 274 330 297
text 0.9457 515 268 537 278
text 0.9457 51 371 75 382
text 0.9457 150 370 172 380
text 0.9456 535 93 550 105
text 0.9444 431 332 444 357
text 0.9420 328 299 351 311
text 0.9415 421 268 444 278
text 0.9403 49 181 70 189
text 0.9399 124 158 136 181
text 0.9397 99 226 122 239
text 0.9391 434 307 457 319
text 0.9387 421 332 432 354
text 0.9341 783 108 795 129
text 0.9315 133 201 155 212
text 0.9305 589 191 602 217
text 0.9298 533 220 558 230
text 0.9294 232 324 256 336
text 0.9280 74 70 168 83
text 0.9268 357 238 380 253
text 0.9258 195 226 216 239
text 0.9256 613 104 625 122
text 0.9246 42 81 86 104
text 0.9234 436 216 449 239
text 0.9225 234 181 245 202
text 0.9208 203 168 213 193
text 0.9202 506 309 517 330
text 0.9178 234 255 245 280
text 0.9169 128 114 153 124
text 0.9098 62 230 87 243
text 0.9096 274 109 286 133
text 0.9077 195 201 216 214
text 0.9073 134 239 159 249
text 0.9016 558 152 569 164
text 0.9001 70 54 240 72
text 0.8992 506 366 521 390
text 0.8960 53 125 64 145
text 0.8921 523 285 544 295
text 0.8888 527 243 552 255
text 0.8885 619 274 644 288
text 0.8882 529 176 540 193
text 0.8878 434 128 458 141
text 0.8856 586 369 610 382
text 0.8834 313 205 325 228
text 0.8766 558 234 568 252
text 0.8760 91 155 101 178
text 0.8751 108 313 120 334
text 0.8707 585 295 608 307
text 0.8659 621 212 639 224
text 0.8630 186 157 209 170
text 0.8511 107 372 118 396
text 0.8415 508 177 518 193
text 0.8372 625 307 637 331
text 0.8308 272 243 293 253
text 0.8220 390 261 402 286
text 0.8039 305 162 319 185
text 0.8020 521 174 530 193
text 0.7978 453 284 477 299
text 0.7757 503 292 528 303
text 0.7652 643 121 654 142
text 0.7560 545 141 558 164
text 0.3237 516 176 526 193
pins 0.9898 715 222 755 272
pins 0.9854 749 282 786 324
pins 0.9783 749 173 787 207
pins 0.9719 3 227 54 345
component 0.9905 556 311 581 353
component 0.9778 465 345 479 353
test 0.8750 558 166 567 187
test 0.8638 562 295 581 305
ic 0.9543 527 307 604 355
diode 0.9153 434 317 451 332
diode 0.8636 625 120 643 139
transistor 0.9705 612 224 631 248
transistor 0.9549 467 263 490 286
unknown 0.9873 760 230 783 274
unknown 0.9783 762 108 783 151
