connector 0.9888 0 192 154 306
connector 0.9886 847 95 869 146
connector 0.9797 97 4 873 50
connector 0.9579 91 448 873 502
connector 0.8878 817 218 868 340
connector 0.7067 350 273 425 292
resistor 0.9473 663 373 682 382
resistor 0.9345 790 255 809 266
resistor 0.9339 473 121 492 131
resistor 0.9019 551 352 571 361
resistor 0.8993 821 125 839 133
resistor 0.8755 136 54 185 73
resistor 0.8620 530 352 549 361
resistor 0.8579 473 133 492 144
resistor 0.8549 186 220 206 230
resistor 0.8494 374 302 392 325
resistor 0.8474 790 234 809 242
resistor 0.8371 381 391 425 418
resistor 0.8134 217 358 236 371
resistor 0.7455 424 75 443 86
resistor 0.7402 790 297 808 308
resistor 0.7279 790 278 808 287
resistor 0.7238 473 110 493 118
pads 0.9660 126 418 162 437
pads 0.9363 185 164 240 198
pads 0.9318 822 134 839 145
pads 0.7502 821 112 839 122
emi 0.9881 741 217 773 237
emi 0.9653 367 86 396 103
emi 0.8571 482 261 513 281
emi 0.8505 120 156 150 175
emi 0.8143 226 268 245 299
emi 0.7565 390 223 421 242
emi 0.5945 203 323 237 344
capacitor 0.9762 243 164 274 215
capacitor 0.9756 304 74 354 105
capacitor 0.9735 740 184 788 213
capacitor 0.9724 351 200 382 251
capacitor 0.9526 128 77 183 112
capacitor 0.9478 239 257 257 268
capacitor 0.9359 260 256 278 268
capacitor 0.9344 243 107 274 159
capacitor 0.9292 435 158 464 209
capacitor 0.9062 462 318 511 350
capacitor 0.8870 391 159 420 209
capacitor 0.8809 477 159 507 210
capacitor 0.8383 391 107 421 159
text 0.9888 602 354 633 365
text 0.9864 169 380 179 406
text 0.9861 363 67 389 84
text 0.9841 460 296 471 317
text 0.9825 788 224 813 234
text 0.9822 175 129 185 146
text 0.9821 168 287 179 310
text 0.9815 842 204 866 215
text 0.9810 762 396 773 418
text 0.9805 639 372 661 382
text 0.9803 395 303 407 327
text 0.9801 192 359 217 371
text 0.9762 137 306 158 317
text 0.9752 276 247 300 259
text 0.9744 727 363 739 387
text 0.9743 118 80 130 97
text 0.9742 173 190 185 205
text 0.9730 775 158 788 181
text 0.9709 212 205 231 217
text 0.9708 733 129 746 152
text 0.9703 732 264 745 289
text 0.9693 794 74 805 99
text 0.9682 164 424 179 439
text 0.9680 796 393 809 418
text 0.9678 788 287 811 298
text 0.9665 513 399 524 418
text 0.9665 84 126 93 148
text 0.9656 86 320 97 377
text 0.9593 380 51 405 65
text 0.9555 833 355 860 367
text 0.9551 689 79 699 99
text 0.9541 758 74 769 96
text 0.9536 202 401 371 433
text 0.9527 239 371 259 384
text 0.9527 221 300 244 314
text 0.9525 181 306 205 316
text 0.9525 583 99 659 116
text 0.9510 450 88 481 101
text 0.9495 777 215 788 239
text 0.9488 585 114 659 128
text 0.9478 409 289 422 310
text 0.9475 724 75 735 97
text 0.9469 667 112 698 124
text 0.9468 493 120 510 132
text 0.9465 162 171 186 183
text 0.9464 690 395 701 416
text 0.9432 617 80 629 99
text 0.9412 729 392 737 418
text 0.9399 380 435 405 448
text 0.9390 794 135 821 147
text 0.9371 445 215 457 232
text 0.9370 507 352 528 363
text 0.9361 318 57 337 71
text 0.9350 276 185 287 202
text 0.9327 350 187 372 202
text 0.9314 206 220 221 230
text 0.9310 653 76 665 98
text 0.9291 428 213 441 232
text 0.9274 91 106 109 120
text 0.9260 431 431 456 448
text 0.9172 493 133 510 146
text 0.9166 274 201 291 212
text 0.9156 400 95 421 107
text 0.9136 210 304 223 314
text 0.9135 744 297 769 310
text 0.9134 832 89 845 111
text 0.9121 547 83 559 99
text 0.9102 76 6 88 20
text 0.9090 373 287 401 302
text 0.9086 428 120 439 146
text 0.9084 190 70 207 82
text 0.9057 150 359 161 380
text 0.9034 77 456 89 471
text 0.9027 151 154 164 177
text 0.9001 388 365 411 376
text 0.8997 619 399 631 418
text 0.8942 205 315 230 325
text 0.8915 699 98 714 112
text 0.8882 479 148 494 158
text 0.8867 817 433 838 448
text 0.8862 336 261 348 272
text 0.8838 787 266 809 277
text 0.8827 465 371 477 428
text 0.8826 583 400 594 416
text 0.8816 114 52 128 74
text 0.8795 795 110 820 123
text 0.8791 570 352 591 363
text 0.8775 447 76 462 88
text 0.8775 276 93 293 106
text 0.8762 433 145 448 158
text 0.8716 242 93 259 107
text 0.8680 733 238 743 262
text 0.8675 384 418 409 432
text 0.8602 348 379 359 403
text 0.8594 78 481 88 495
text 0.8527 467 259 479 281
text 0.8515 76 29 90 46
text 0.8500 549 400 559 415
text 0.8441 494 109 516 120
text 0.8414 582 79 592 98
text 0.8412 655 394 665 417
text 0.8398 821 344 869 357
text 0.8346 459 353 485 367
text 0.8341 819 202 837 217
text 0.8328 796 124 821 135
text 0.8288 220 226 232 243
text 0.8147 513 84 523 97
text 0.8137 790 201 802 223
text 0.8112 737 99 750 124
text 0.8109 289 224 300 247
text 0.8010 392 211 420 224
text 0.8001 426 101 441 113
text 0.7815 475 372 485 428
text 0.7746 166 204 181 228
text 0.7600 388 242 414 255
text 0.7542 181 371 190 410
text 0.7170 191 348 218 357
text 0.7039 787 245 813 257
component 0.9951 198 131 226 149
component 0.9907 822 156 845 198
component 0.9864 553 161 699 335
component 0.9764 198 88 229 107
component 0.9701 293 143 363 177
component 0.9585 395 344 410 353
component 0.9525 281 305 334 361
component 0.9371 158 59 169 67
component 0.9368 310 211 337 245
component 0.8811 428 374 447 380
component 0.8659 397 399 409 409
component 0.7861 428 408 456 420
component 0.7746 748 321 809 342
component 0.7102 452 387 460 407
test 0.9848 195 380 231 403
test 0.9746 276 212 287 232
test 0.8692 361 380 371 399
led 0.9837 428 232 439 261
led 0.9709 446 234 458 262
led 0.9553 422 90 447 101
led 0.9458 183 204 209 219
led 0.8745 700 112 725 124
ic 0.9928 247 272 369 393
ic 0.9817 744 126 786 156
ic 0.9743 179 274 224 304
ic 0.9741 107 345 148 390
ic 0.9702 750 99 787 124
ic 0.9664 746 264 783 290
ic 0.9630 280 112 378 183
ic 0.9624 474 285 514 314
ic 0.9380 301 199 346 258
ic 0.9150 701 70 725 96
ic 0.9038 793 152 868 200
ic 0.9031 232 220 275 253
ic 0.9019 194 246 211 264
ic 0.8873 489 387 510 416
ic 0.8743 560 69 582 97
ic 0.8725 735 69 758 96
ic 0.8659 444 114 469 143
ic 0.8595 524 69 547 97
ic 0.8585 489 69 513 97
ic 0.8546 771 69 794 96
ic 0.8506 741 311 815 386
ic 0.8327 744 236 783 262
ic 0.8232 560 388 583 416
ic 0.8213 751 158 770 179
ic 0.8184 596 70 617 96
ic 0.8177 629 71 652 97
ic 0.8062 523 389 546 415
ic 0.7910 691 355 724 385
ic 0.7906 665 69 688 97
ic 0.7779 703 391 725 417
ic 0.7759 737 391 760 416
ic 0.7757 773 388 797 416
ic 0.7418 596 388 616 416
ic 0.7273 667 390 690 417
ic 0.6659 632 389 654 416
ic 0.3154 525 155 690 361
switch 0.9403 423 360 464 429
button 0.8493 422 271 458 352
diode 0.8872 193 82 238 113
diode 0.8456 164 152 181 170
diode 0.8259 188 124 238 156
jumper 0.9186 126 112 167 151
jumper 0.8863 92 112 126 154
jumper 0.8277 353 251 426 272
unknown 0.9794 166 229 179 258
unknown 0.9640 167 257 181 285
