connector 0.9645 6 357 28 402
connector 0.9441 0 451 789 500
connector 0.9300 7 0 806 49
resistor 0.9541 546 206 565 216
resistor 0.9463 450 136 492 164
resistor 0.9417 421 124 432 147
resistor 0.9375 317 185 326 203
resistor 0.9363 533 283 541 301
resistor 0.9330 438 243 448 264
resistor 0.9306 26 334 45 345
resistor 0.9292 62 270 85 292
resistor 0.9130 432 204 450 214
resistor 0.9109 293 230 301 249
resistor 0.9064 419 243 429 262
resistor 0.9057 107 130 116 147
resistor 0.8875 74 118 93 129
resistor 0.8847 329 166 346 189
resistor 0.8716 434 122 442 145
resistor 0.8568 554 280 562 301
resistor 0.8550 564 282 573 299
resistor 0.8524 616 172 623 189
resistor 0.8477 570 226 581 247
resistor 0.8363 26 311 45 319
resistor 0.8349 585 236 606 261
resistor 0.8344 444 222 462 233
resistor 0.8337 589 265 600 285
resistor 0.8234 544 282 552 300
resistor 0.8154 153 378 171 388
resistor 0.8076 85 199 109 220
resistor 0.7957 614 241 631 249
resistor 0.7934 101 237 122 261
resistor 0.7550 98 375 114 388
resistor 0.7364 328 160 336 180
resistor 0.7312 307 297 317 316
resistor 0.7251 107 149 118 166
resistor 0.6377 560 226 569 246
pads 0.9455 583 396 616 415
pads 0.9421 147 135 168 145
capacitor 0.9696 602 159 612 178
capacitor 0.9689 541 118 562 131
capacitor 0.9673 189 126 199 145
capacitor 0.9607 153 288 174 299
capacitor 0.9583 768 328 778 348
capacitor 0.9568 159 305 180 317
capacitor 0.9558 303 269 314 289
capacitor 0.9548 218 251 239 263
capacitor 0.9537 282 290 294 309
capacitor 0.9506 355 207 366 226
capacitor 0.9500 299 159 311 181
capacitor 0.9494 149 326 161 347
capacitor 0.9467 245 186 266 197
capacitor 0.9454 353 278 365 299
capacitor 0.9428 201 116 251 146
capacitor 0.9401 161 251 179 263
capacitor 0.9381 282 160 299 173
capacitor 0.9377 539 222 558 235
capacitor 0.9322 161 270 180 280
capacitor 0.9310 336 289 349 307
capacitor 0.9309 601 213 619 224
capacitor 0.9306 517 175 529 195
capacitor 0.9288 261 230 271 249
capacitor 0.9281 190 309 201 328
capacitor 0.9239 272 290 282 309
capacitor 0.9192 274 351 292 361
capacitor 0.9159 728 328 747 338
capacitor 0.9156 569 118 585 131
capacitor 0.9151 207 180 218 199
capacitor 0.9128 338 264 351 283
capacitor 0.9092 288 115 337 147
capacitor 0.9018 228 205 247 216
capacitor 0.9018 207 232 228 245
capacitor 0.9018 263 311 273 330
capacitor 0.8932 255 291 265 312
capacitor 0.8922 272 260 290 270
capacitor 0.8916 566 214 585 224
capacitor 0.8906 201 367 251 396
capacitor 0.8900 249 351 270 363
capacitor 0.8840 413 359 434 372
capacitor 0.8803 390 195 400 216
capacitor 0.8799 558 267 575 278
capacitor 0.8765 151 191 164 210
capacitor 0.8680 247 224 255 241
capacitor 0.8669 612 191 623 212
capacitor 0.8665 317 343 338 355
capacitor 0.8649 245 243 257 259
capacitor 0.8543 255 276 273 288
capacitor 0.8382 168 332 185 343
capacitor 0.8377 172 232 188 243
capacitor 0.8293 508 137 519 156
capacitor 0.8249 330 315 349 326
capacitor 0.8246 199 251 218 263
capacitor 0.8161 220 278 238 291
capacitor 0.8155 317 299 336 309
capacitor 0.8144 535 378 554 390
capacitor 0.8099 245 327 255 348
capacitor 0.8090 612 359 625 380
capacitor 0.8079 162 318 182 328
capacitor 0.8032 529 195 545 208
capacitor 0.7988 93 346 103 363
capacitor 0.7927 290 368 341 396
capacitor 0.7906 164 215 182 228
capacitor 0.7877 373 186 392 197
capacitor 0.7870 27 347 45 355
capacitor 0.7854 243 281 255 299
capacitor 0.7825 336 249 354 262
capacitor 0.7799 303 261 323 270
capacitor 0.7773 328 232 345 245
capacitor 0.7625 234 176 253 187
capacitor 0.7430 106 363 122 376
text 0.9807 631 239 656 251
text 0.9792 367 278 378 301
text 0.9770 583 417 608 430
text 0.9768 301 228 315 251
text 0.9755 188 365 199 392
text 0.9733 313 102 336 114
text 0.9731 199 103 224 116
text 0.9721 436 262 448 287
text 0.9715 203 308 214 332
text 0.9712 432 143 444 168
text 0.9673 51 118 74 131
text 0.9672 149 120 172 133
text 0.9652 234 299 245 320
text 0.9628 506 171 516 191
text 0.9586 573 247 583 271
text 0.9578 48 332 70 344
text 0.9557 82 220 108 230
text 0.9541 602 135 614 160
text 0.9533 234 220 245 245
text 0.9519 195 288 215 299
text 0.9501 757 272 783 284
text 0.9471 49 311 70 322
text 0.9470 327 189 350 201
text 0.9428 558 336 569 351
text 0.9405 419 262 432 287
text 0.9378 515 222 537 234
text 0.9375 541 133 569 148
text 0.9323 95 386 117 399
text 0.9318 336 154 349 177
text 0.9302 318 204 330 226
text 0.9300 612 378 625 396
text 0.9289 498 307 509 324
text 0.9269 352 187 373 197
text 0.9243 135 251 159 263
text 0.9220 128 375 153 386
text 0.9217 458 166 486 178
text 0.9193 421 145 432 168
text 0.9125 72 417 170 430
text 0.9109 70 430 239 446
text 0.9107 434 182 457 193
text 0.9087 506 109 521 135
text 0.9063 54 355 64 378
text 0.9042 475 236 490 247
text 0.9032 586 118 610 131
text 0.9021 778 326 791 351
text 0.8977 99 261 122 274
text 0.8962 421 222 444 234
text 0.8958 589 285 602 309
text 0.8941 195 263 216 274
text 0.8935 357 247 380 261
text 0.8910 453 202 477 216
text 0.8868 107 106 118 128
text 0.8841 61 259 87 270
text 0.8832 305 318 318 341
text 0.8822 618 213 644 226
text 0.8818 108 166 120 189
text 0.8744 433 359 458 371
text 0.8738 124 321 137 345
text 0.8662 91 322 102 344
text 0.8651 274 367 287 392
text 0.8637 533 270 558 280
text 0.8634 529 308 539 324
text 0.8600 644 357 654 378
text 0.8589 307 249 328 259
text 0.8588 132 288 155 299
text 0.8584 41 395 86 419
text 0.8515 528 245 552 260
text 0.8515 79 365 104 376
text 0.8464 313 272 326 295
text 0.8398 521 307 530 325
text 0.8385 346 232 369 245
text 0.8340 232 164 256 176
text 0.8329 187 330 211 344
text 0.8213 272 247 292 260
text 0.8200 783 374 795 395
text 0.8151 535 395 550 407
text 0.8134 523 208 543 216
text 0.8007 620 276 639 289
text 0.7921 625 167 637 193
text 0.7710 390 216 402 239
text 0.7462 558 247 569 268
text 0.7426 503 197 527 207
text 0.7220 585 193 608 207
text 0.7005 508 307 519 323
text 0.6904 546 337 558 359
pins 0.9868 714 228 755 278
pins 0.9821 750 295 787 328
pins 0.9777 749 176 787 217
pins 0.9475 0 155 56 278
component 0.9818 556 148 581 189
component 0.9619 465 147 479 157
test 0.8817 559 315 567 334
test 0.8729 562 194 582 206
ic 0.9407 527 145 604 193
diode 0.7946 434 168 450 182
diode 0.7593 624 361 644 379
transistor 0.9679 612 251 631 275
transistor 0.9678 467 216 490 236
unknown 0.9905 762 350 783 394
unknown 0.9857 760 227 782 269
