connector 0.9611 6 357 28 403
connector 0.9452 14 0 799 49
connector 0.9315 0 451 788 500
resistor 0.9435 546 206 565 216
resistor 0.9410 438 243 448 264
resistor 0.9408 421 125 432 147
resistor 0.9343 533 282 542 301
resistor 0.9297 317 184 326 203
resistor 0.9268 292 230 301 249
resistor 0.9247 26 334 45 345
resistor 0.9239 432 203 450 214
resistor 0.9186 62 269 84 293
resistor 0.9079 434 122 442 145
resistor 0.9064 329 164 346 189
resistor 0.9046 453 138 491 167
resistor 0.8970 616 172 622 189
resistor 0.8854 419 242 429 262
resistor 0.8841 564 282 573 299
resistor 0.8824 443 222 462 232
resistor 0.8787 107 130 116 148
resistor 0.8758 554 280 563 302
resistor 0.8684 585 235 606 262
resistor 0.8458 571 226 581 247
resistor 0.8439 26 311 45 319
resistor 0.8408 85 199 109 220
resistor 0.8395 74 118 93 129
resistor 0.8268 544 281 552 301
resistor 0.8037 589 265 600 285
resistor 0.8017 102 236 122 261
resistor 0.7781 307 296 317 315
resistor 0.7634 153 378 172 388
resistor 0.7228 614 241 631 249
resistor 0.7047 327 159 337 179
resistor 0.6557 97 376 114 389
resistor 0.6358 560 226 569 247
resistor 0.6322 107 149 118 166
pads 0.9321 147 135 167 145
pads 0.9266 583 396 616 415
capacitor 0.9721 189 126 199 145
capacitor 0.9704 541 118 562 131
capacitor 0.9670 217 251 238 263
capacitor 0.9656 153 289 174 299
capacitor 0.9622 160 305 180 318
capacitor 0.9621 282 290 294 309
capacitor 0.9611 355 207 365 226
capacitor 0.9595 302 269 313 288
capacitor 0.9583 261 230 272 248
capacitor 0.9539 161 270 180 280
capacitor 0.9529 161 251 178 263
capacitor 0.9465 245 186 266 197
capacitor 0.9451 729 328 747 338
capacitor 0.9435 191 309 201 328
capacitor 0.9420 149 325 162 347
capacitor 0.9409 602 159 613 178
capacitor 0.9408 539 222 559 235
capacitor 0.9401 272 290 282 309
capacitor 0.9391 201 116 251 147
capacitor 0.9386 768 327 778 348
capacitor 0.9375 281 160 299 172
capacitor 0.9359 336 288 349 307
capacitor 0.9331 353 278 365 299
capacitor 0.9313 602 214 619 224
capacitor 0.9308 299 159 311 181
capacitor 0.9276 273 351 293 361
capacitor 0.9264 151 190 164 210
capacitor 0.9263 249 351 270 363
capacitor 0.9255 228 205 247 216
capacitor 0.9124 568 118 585 130
capacitor 0.9097 207 232 228 245
capacitor 0.9093 199 367 252 396
capacitor 0.9045 263 311 274 330
capacitor 0.9023 339 263 350 282
capacitor 0.9015 288 114 338 148
capacitor 0.9004 566 213 586 224
capacitor 0.8993 375 187 393 197
capacitor 0.8993 245 242 257 260
capacitor 0.8977 517 175 529 195
capacitor 0.8850 272 258 290 269
capacitor 0.8837 558 267 575 278
capacitor 0.8799 413 359 434 371
capacitor 0.8788 207 180 217 199
capacitor 0.8760 318 299 336 309
capacitor 0.8666 172 232 189 242
capacitor 0.8586 247 225 255 241
capacitor 0.8583 390 195 400 216
capacitor 0.8579 255 290 265 312
capacitor 0.8500 199 251 218 263
capacitor 0.8481 255 277 273 288
capacitor 0.8479 244 328 255 349
capacitor 0.8409 328 232 345 245
capacitor 0.8280 316 342 338 355
capacitor 0.8227 162 317 182 328
capacitor 0.8206 612 360 625 380
capacitor 0.8183 336 249 355 262
capacitor 0.8077 535 378 554 390
capacitor 0.8063 105 363 122 376
capacitor 0.7997 302 261 324 270
capacitor 0.7961 330 315 348 326
capacitor 0.7949 27 347 45 355
capacitor 0.7829 612 191 623 212
capacitor 0.7794 164 215 182 228
capacitor 0.7735 167 332 185 343
capacitor 0.7728 528 195 545 207
capacitor 0.7689 93 346 103 363
capacitor 0.7654 219 278 239 291
capacitor 0.7654 234 176 253 186
capacitor 0.7629 508 137 519 156
capacitor 0.7561 243 280 255 300
capacitor 0.7291 291 368 340 395
capacitor 0.3854 529 256 552 269
text 0.9804 367 278 378 301
text 0.9790 301 229 316 252
text 0.9782 631 239 657 251
text 0.9779 312 102 336 114
text 0.9768 436 262 448 286
text 0.9767 188 366 199 392
text 0.9754 52 119 74 130
text 0.9752 583 417 608 430
text 0.9744 203 308 213 331
text 0.9727 432 144 444 168
text 0.9700 199 104 224 116
text 0.9645 234 298 245 319
text 0.9622 234 220 245 244
text 0.9598 573 247 583 272
text 0.9594 195 288 215 299
text 0.9578 149 120 172 133
text 0.9575 47 332 69 344
text 0.9574 506 170 517 191
text 0.9569 758 271 782 284
text 0.9559 328 189 351 201
text 0.9543 419 262 431 287
text 0.9504 514 222 537 234
text 0.9474 83 220 107 230
text 0.9453 49 311 71 322
text 0.9402 95 386 117 398
text 0.9394 498 307 509 324
text 0.9393 53 355 64 377
text 0.9387 602 134 614 159
text 0.9342 558 336 569 350
text 0.9327 506 109 520 135
text 0.9326 107 105 118 128
text 0.9299 75 417 167 430
text 0.9292 475 236 490 247
text 0.9283 542 133 568 147
text 0.9275 70 430 238 446
text 0.9253 317 205 329 226
text 0.9248 612 378 624 397
text 0.9210 619 214 644 226
text 0.9165 129 375 153 387
text 0.9158 91 322 101 344
text 0.9130 458 166 486 178
text 0.9071 135 251 160 263
text 0.9039 79 365 104 376
text 0.9018 195 263 215 274
text 0.8986 421 145 432 168
text 0.8973 357 247 379 261
text 0.8960 778 326 791 351
text 0.8936 353 187 374 197
text 0.8931 99 261 122 274
text 0.8931 434 182 457 193
text 0.8919 307 249 328 259
text 0.8902 108 166 120 189
text 0.8897 589 286 601 310
text 0.8841 132 289 155 299
text 0.8835 41 395 87 418
text 0.8832 783 374 795 395
text 0.8802 62 259 87 270
text 0.8775 313 271 326 295
text 0.8768 434 359 458 372
text 0.8744 527 245 552 260
text 0.8697 274 368 287 393
text 0.8665 305 317 318 341
text 0.8649 187 330 211 345
text 0.8609 335 154 348 177
text 0.8600 529 308 540 324
text 0.8571 124 322 137 345
text 0.8460 421 222 444 234
text 0.8438 522 208 544 216
text 0.8429 347 232 369 245
text 0.8337 521 307 529 326
text 0.8336 643 357 653 378
text 0.8301 620 276 639 289
text 0.8277 535 394 550 407
text 0.8184 586 118 610 131
text 0.8184 453 202 477 216
text 0.8171 272 247 292 260
text 0.7939 232 164 256 176
text 0.7795 625 168 637 193
text 0.7669 533 270 558 280
text 0.7660 389 216 402 238
text 0.7391 503 197 527 207
text 0.7270 508 307 519 323
text 0.7198 559 246 568 267
text 0.6980 585 193 608 207
text 0.6847 546 336 557 359
text 0.3402 627 166 634 188
pins 0.9851 714 228 756 277
pins 0.9837 749 176 787 217
pins 0.9791 750 295 786 327
pins 0.9580 0 153 55 280
component 0.9785 556 148 581 189
component 0.9762 466 147 479 157
test 0.9012 562 195 582 205
test 0.8986 558 315 567 334
ic 0.9377 527 145 604 192
diode 0.8074 624 360 644 380
diode 0.7383 434 168 450 182
transistor 0.9687 612 251 631 276
transistor 0.9572 467 216 489 236
unknown 0.9907 762 350 782 394
unknown 0.9898 760 226 782 269
