connector 0.9901 722 195 877 309
connector 0.9641 0 0 790 52
connector 0.9132 6 355 29 404
connector 0.9089 2 450 784 496
connector 0.8526 451 209 526 228
connector 0.6263 9 161 59 279
resistor 0.9400 383 357 403 367
resistor 0.9383 639 129 658 141
resistor 0.9329 194 118 212 129
resistor 0.9191 669 270 690 281
resistor 0.9066 307 139 325 148
resistor 0.9033 67 257 87 266
resistor 0.8942 383 369 403 379
resistor 0.8556 67 234 86 245
resistor 0.8439 384 382 403 391
resistor 0.8322 67 191 86 202
resistor 0.8171 68 213 86 223
resistor 0.7973 692 427 748 447
resistor 0.7638 326 139 346 147
resistor 0.6166 455 139 494 166
resistor 0.5797 38 367 55 376
resistor 0.5148 432 412 451 425
resistor 0.4793 481 175 502 198
pads 0.9877 714 63 749 81
pads 0.9202 38 354 55 365
pads 0.9189 636 302 689 336
pads 0.7945 38 377 55 388
emi 0.9324 363 220 395 239
emi 0.9128 639 155 673 175
emi 0.7988 479 397 509 414
emi 0.7785 631 201 650 232
emi 0.7584 103 264 134 283
emi 0.6773 456 260 485 276
emi 0.5126 726 325 757 344
capacitor 0.9782 693 391 747 423
capacitor 0.9738 602 285 633 337
capacitor 0.9560 411 291 442 342
capacitor 0.9520 522 395 572 426
capacitor 0.9514 494 248 525 300
capacitor 0.9466 619 232 638 243
capacitor 0.9297 602 342 633 393
capacitor 0.9278 369 291 399 342
capacitor 0.9161 456 291 485 342
capacitor 0.8759 88 287 136 317
capacitor 0.8405 596 232 616 245
capacitor 0.7845 455 342 485 394
capacitor 0.7480 365 150 413 181
text 0.9846 88 262 99 285
text 0.9835 67 82 79 107
text 0.9826 88 318 101 342
text 0.9803 243 135 274 145
text 0.9789 697 95 707 120
text 0.9778 180 376 209 388
text 0.9753 643 260 656 274
text 0.9749 395 399 427 412
text 0.9739 137 113 149 137
text 0.9736 585 289 602 300
text 0.9733 244 82 257 100
text 0.9732 366 355 384 367
text 0.9731 785 454 800 471
text 0.9725 10 284 33 297
text 0.9711 211 83 221 107
text 0.9698 782 355 792 374
text 0.9697 71 401 82 426
text 0.9692 616 116 638 128
text 0.9691 465 68 492 82
text 0.9684 175 84 186 105
text 0.9682 471 435 496 450
text 0.9678 103 83 114 106
text 0.9666 504 67 673 99
text 0.9641 696 190 707 214
text 0.9638 745 404 758 420
text 0.9629 716 120 727 141
text 0.9626 107 403 118 426
text 0.9623 464 124 488 135
text 0.9607 139 83 147 107
text 0.9600 435 387 450 399
text 0.9595 65 203 88 213
text 0.9592 347 137 369 148
text 0.9580 107 189 132 205
text 0.9574 788 29 798 44
text 0.9565 454 191 467 211
text 0.9559 405 185 415 204
text 0.9547 577 240 601 253
text 0.9520 215 118 238 128
text 0.9508 471 53 496 65
text 0.9507 654 270 669 281
text 0.9491 669 418 687 431
text 0.9479 317 401 329 418
text 0.9457 697 61 712 76
text 0.9448 381 342 397 354
text 0.9436 488 415 513 431
text 0.9429 54 355 81 365
text 0.9415 690 354 701 372
text 0.9414 779 124 789 179
text 0.9402 671 183 694 194
text 0.9377 317 84 327 99
text 0.9374 390 135 415 148
text 0.9364 390 71 400 130
text 0.9343 537 430 556 444
text 0.9338 141 403 152 425
text 0.9334 456 393 475 405
text 0.9310 397 220 410 243
text 0.9253 644 283 663 296
text 0.9206 632 186 656 200
text 0.9179 39 283 57 298
text 0.9167 17 133 41 146
text 0.9145 437 355 448 380
text 0.9138 285 137 305 148
text 0.9125 475 198 502 213
text 0.9079 686 93 695 129
text 0.9056 718 183 739 194
text 0.9050 418 268 431 285
text 0.9035 63 266 88 279
text 0.9022 690 295 703 310
text 0.8939 576 253 587 279
text 0.8932 55 365 80 376
text 0.8922 659 141 683 152
text 0.8878 38 53 58 68
text 0.8852 352 403 363 416
text 0.8847 461 244 487 259
text 0.8842 690 317 713 329
text 0.8831 695 272 709 298
text 0.8828 363 367 383 380
text 0.8816 517 97 528 119
text 0.8796 211 402 221 425
text 0.8761 215 372 287 386
text 0.8752 788 4 798 19
text 0.8749 282 84 293 101
text 0.8744 469 173 481 196
text 0.8731 435 268 448 287
text 0.8728 504 298 525 312
text 0.8682 420 55 445 69
text 0.8625 130 211 142 235
text 0.8615 282 403 293 420
text 0.8593 353 84 363 102
text 0.8572 74 276 86 299
text 0.8568 132 237 143 262
text 0.8554 711 324 723 347
text 0.8554 617 393 633 407
text 0.8524 130 349 143 374
text 0.8467 31 389 44 413
text 0.8396 748 426 762 448
text 0.8326 63 246 88 257
text 0.8295 589 299 599 314
text 0.8142 247 401 260 421
text 0.8133 426 342 442 355
text 0.8103 126 376 139 400
text 0.8070 583 395 599 408
text 0.8032 215 383 294 401
text 0.8030 527 228 541 238
text 0.7948 8 143 54 156
text 0.7933 659 130 684 141
text 0.7931 646 175 672 185
text 0.7851 361 380 383 392
text 0.7803 158 389 176 402
text 0.7729 177 401 187 422
text 0.7729 67 224 87 234
text 0.7675 766 381 785 395
text 0.7616 458 276 483 289
text 0.7446 788 479 798 496
text 0.7199 654 185 664 196
text 0.6130 400 73 434 132
text 0.4921 243 404 256 425
component 0.9929 31 301 55 344
component 0.9928 538 256 567 289
component 0.9839 649 351 679 370
component 0.9812 176 167 323 338
component 0.9781 542 140 595 195
component 0.9384 429 121 447 129
component 0.9257 414 90 424 113
component 0.8912 708 433 718 441
component 0.8806 512 322 584 356
component 0.8755 644 392 678 413
component 0.8482 466 147 482 157
component 0.8356 66 158 128 179
component 0.7429 419 79 447 94
component 0.7367 465 91 479 101
test 0.9649 646 97 682 120
test 0.7132 589 268 600 289
test 0.6791 504 101 515 121
led 0.9620 437 239 447 267
led 0.9361 667 281 693 295
led 0.8783 418 238 430 266
led 0.8662 430 399 453 411
led 0.8149 151 376 176 389
ic 0.9922 507 107 630 227
ic 0.9907 653 196 696 226
ic 0.9783 91 344 133 374
ic 0.9705 602 247 644 279
ic 0.9683 665 236 683 253
ic 0.9678 498 317 595 389
ic 0.9598 729 110 769 156
ic 0.9552 94 211 131 236
ic 0.9550 362 186 403 216
ic 0.9469 81 403 106 432
ic 0.9420 152 404 175 431
ic 0.9309 363 403 387 431
ic 0.9236 60 117 134 190
ic 0.9224 118 403 142 432
ic 0.9164 365 84 386 112
ic 0.9112 407 357 433 386
ic 0.9059 185 84 208 111
ic 0.9041 187 404 210 431
ic 0.8987 88 376 126 401
ic 0.8775 79 84 103 112
ic 0.8768 224 403 246 430
ic 0.8717 293 403 316 430
ic 0.8333 221 84 244 112
ic 0.8142 329 403 352 431
ic 0.7977 329 84 352 112
ic 0.7892 151 84 173 112
ic 0.7881 116 84 139 112
ic 0.7849 151 115 186 147
ic 0.7841 294 84 316 112
ic 0.7505 259 403 281 431
ic 0.7297 93 239 132 264
ic 0.6837 106 321 125 342
ic 0.3866 259 84 281 111
ic 0.3438 138 144 334 366
switch 0.8654 411 70 454 140
button 0.7611 417 148 454 230
diode 0.9316 694 329 711 349
diode 0.8892 640 344 687 376
diode 0.8436 639 387 683 418
jumper 0.9730 750 347 782 388
jumper 0.9532 710 348 750 389
jumper 0.8099 453 228 523 248
unknown 0.9623 696 243 709 270
unknown 0.9391 694 215 709 243
