connector 0.9895 723 192 877 306
connector 0.9741 6 96 29 145
connector 0.9645 10 4 782 50
connector 0.9276 4 448 784 502
connector 0.8910 452 272 525 291
connector 0.8415 8 217 60 337
resistor 0.9383 38 124 55 132
resistor 0.9348 640 358 659 372
resistor 0.9134 67 255 87 266
resistor 0.9035 694 54 739 73
resistor 0.8831 194 374 213 382
resistor 0.8819 385 122 403 131
resistor 0.8740 327 352 346 361
resistor 0.8670 384 133 403 143
resistor 0.8502 67 298 87 308
resistor 0.8143 670 220 690 230
resistor 0.7780 306 353 325 361
resistor 0.7542 67 234 86 243
resistor 0.7184 384 110 404 118
resistor 0.6747 433 76 452 87
resistor 0.6725 484 302 503 325
pads 0.9749 713 418 750 437
pads 0.9012 637 165 691 198
pads 0.8967 38 135 54 145
pads 0.7847 38 111 54 122
emi 0.9272 480 86 509 103
emi 0.8458 363 261 395 280
emi 0.8144 631 268 650 299
emi 0.7982 103 217 135 236
emi 0.6514 727 156 756 175
emi 0.5981 640 323 674 344
capacitor 0.9824 603 164 633 215
capacitor 0.9788 522 74 572 105
capacitor 0.9707 619 258 638 268
capacitor 0.9620 602 108 633 158
capacitor 0.9534 693 78 748 111
capacitor 0.9507 88 183 138 213
capacitor 0.9419 455 159 485 209
capacitor 0.9184 494 201 526 251
capacitor 0.9118 597 255 617 268
capacitor 0.9089 412 159 441 209
capacitor 0.9008 365 318 414 351
capacitor 0.8930 370 158 399 210
capacitor 0.7507 454 107 486 159
text 0.9844 88 158 101 181
text 0.9828 746 80 758 97
text 0.9789 783 126 792 147
text 0.9776 215 371 238 382
text 0.9761 10 205 34 215
text 0.9760 317 82 329 99
text 0.9756 141 76 152 97
text 0.9746 67 393 80 418
text 0.9735 179 112 209 124
text 0.9725 697 288 707 310
text 0.9720 139 393 148 418
text 0.9717 697 380 707 406
text 0.9707 659 359 685 372
text 0.9700 103 396 114 418
text 0.9692 65 287 88 298
text 0.9690 242 355 274 365
text 0.9677 348 352 369 363
text 0.9673 245 400 257 418
text 0.9661 137 363 149 387
text 0.9658 718 306 739 317
text 0.9655 175 395 185 416
text 0.9646 55 135 81 147
text 0.9636 654 219 670 230
text 0.9626 405 296 416 317
text 0.9623 420 431 445 447
text 0.9614 317 401 327 416
text 0.9611 63 223 89 234
text 0.9609 71 74 82 99
text 0.9601 488 67 513 84
text 0.9572 747 52 762 74
text 0.9570 690 171 714 183
text 0.9567 397 259 409 280
text 0.9530 670 70 686 82
text 0.9527 390 371 401 429
text 0.9518 214 114 293 129
text 0.9513 615 371 638 384
text 0.9502 391 353 416 365
text 0.9497 464 364 488 376
text 0.9494 456 95 475 107
text 0.9488 281 399 293 416
text 0.9477 471 51 496 65
text 0.9476 504 401 675 433
text 0.9456 788 457 798 471
text 0.9403 40 203 56 217
text 0.9403 107 74 118 97
text 0.9391 785 29 800 47
text 0.9387 467 419 491 433
text 0.9384 211 75 222 99
text 0.9358 672 306 695 317
text 0.9344 576 223 587 246
text 0.9327 88 216 99 239
text 0.9316 17 355 42 367
text 0.9316 8 344 55 357
text 0.9313 31 87 44 111
text 0.9313 367 133 384 145
text 0.9301 162 99 177 112
text 0.9293 686 372 695 410
text 0.9291 211 395 221 417
text 0.9219 282 81 293 97
text 0.9192 454 289 467 310
text 0.9182 766 106 786 120
text 0.9145 691 190 703 205
text 0.9145 381 148 397 158
text 0.9142 629 300 653 315
text 0.9126 471 435 496 447
text 0.9104 644 205 664 217
text 0.9103 462 243 488 255
text 0.9097 779 321 790 376
text 0.9076 585 200 602 211
text 0.9030 644 226 656 243
text 0.9027 366 120 384 133
text 0.9008 538 57 557 71
text 0.8989 517 381 528 403
text 0.8922 716 359 727 380
text 0.8921 67 264 87 276
text 0.8918 475 287 501 302
text 0.8913 435 101 450 114
text 0.8889 38 433 58 447
text 0.8881 55 125 80 135
text 0.8869 132 238 143 261
text 0.8845 126 99 138 124
text 0.8830 418 215 431 232
text 0.8812 107 297 132 310
text 0.8733 285 352 306 363
text 0.8729 788 481 798 496
text 0.8717 583 93 600 105
text 0.8713 697 424 711 439
text 0.8679 527 262 540 272
text 0.8668 177 77 187 99
text 0.8640 73 200 86 223
text 0.8609 352 399 363 418
text 0.8554 352 84 363 97
text 0.8550 788 6 800 20
text 0.8546 396 88 426 101
text 0.8534 246 79 257 99
text 0.8530 469 304 481 327
text 0.8523 576 246 599 259
text 0.8476 411 76 428 88
text 0.8471 689 128 700 145
text 0.8463 506 187 527 204
text 0.8454 591 187 601 204
text 0.8434 458 211 483 223
text 0.8358 131 128 143 152
text 0.8311 435 213 448 231
text 0.8303 214 100 287 116
text 0.8199 712 154 724 176
text 0.8139 131 265 143 290
text 0.8137 660 348 684 357
text 0.8054 437 121 447 146
text 0.8015 428 146 443 158
text 0.7887 617 93 634 107
text 0.7867 652 304 667 314
text 0.7845 647 314 672 324
text 0.7610 65 245 89 257
text 0.6853 695 204 710 228
text 0.6704 57 110 80 122
text 0.6609 359 109 382 120
text 0.5508 399 366 427 433
text 0.3548 408 379 422 418
component 0.9976 32 155 55 199
component 0.9923 651 131 678 150
component 0.9915 538 212 566 245
component 0.9861 177 161 323 335
component 0.9828 540 304 594 361
component 0.9543 429 373 447 380
component 0.9454 513 143 582 176
component 0.9359 646 88 677 107
component 0.9267 708 59 718 67
component 0.8843 466 344 481 353
component 0.8455 420 407 447 420
component 0.8069 465 399 481 410
component 0.8034 68 321 128 342
component 0.6402 414 387 425 406
test 0.9643 646 380 682 403
test 0.9095 505 379 514 400
test 0.8590 589 211 600 232
led 0.9657 667 205 693 219
led 0.9624 437 233 448 262
led 0.9376 418 234 431 262
led 0.9084 429 91 454 101
led 0.7452 152 111 176 124
ic 0.9920 506 272 629 393
ic 0.9845 90 127 132 156
ic 0.9808 94 264 130 288
ic 0.9804 498 112 596 183
ic 0.9779 88 99 126 124
ic 0.9748 729 344 769 391
ic 0.9746 602 221 644 253
ic 0.9633 363 285 403 315
ic 0.9616 653 274 696 304
ic 0.9512 59 310 133 385
ic 0.9232 8 152 83 200
ic 0.9056 92 236 133 262
ic 0.9016 188 69 211 97
ic 0.8793 106 158 124 179
ic 0.8768 665 247 682 264
ic 0.8640 118 69 141 97
ic 0.8629 363 69 386 97
ic 0.8568 152 69 175 96
ic 0.8440 223 70 246 96
ic 0.8414 407 114 433 144
ic 0.8107 151 391 173 416
ic 0.8074 328 69 352 97
ic 0.7968 82 69 105 96
ic 0.7884 116 390 139 417
ic 0.7788 153 355 185 385
ic 0.7731 294 69 317 97
ic 0.7462 186 391 209 417
ic 0.7322 293 388 317 416
ic 0.7173 365 389 386 416
ic 0.7169 329 388 352 416
ic 0.6900 79 388 103 416
ic 0.6401 221 388 244 416
ic 0.6089 259 388 281 415
ic 0.5308 260 70 281 98
ic 0.4347 152 154 320 352
switch 0.8069 410 359 454 428
button 0.7093 418 271 454 351
diode 0.9185 640 124 688 156
diode 0.8432 640 82 683 114
diode 0.8417 694 152 712 171
jumper 0.9433 709 111 750 151
jumper 0.9386 750 112 783 154
jumper 0.8824 451 251 523 273
unknown 0.9541 695 257 709 284
unknown 0.9384 697 230 710 259
