connector 0.9783 3305 1543 3847 1792
connector 0.9755 3313 569 3508 778
connector 0.9697 1074 733 1651 881
connector 0.9678 10 1487 550 1730
connector 0.9636 3379 1084 3855 1338
connector 0.9636 1000 678 1063 813
connector 0.9610 2332 1629 3259 1815
connector 0.9542 2324 171 2973 304
connector 0.9478 1054 170 1260 300
connector 0.9381 2517 360 2663 432
connector 0.9194 2517 488 2594 623
connector 0.9152 2689 418 2782 589
connector 0.8903 3380 799 3426 947
connector 0.8859 2839 359 2974 432
connector 0.8747 2141 863 2279 936
connector 0.8566 3165 791 3377 1533
connector 0.7780 1956 808 2080 1556
connector 0.7273 2387 1511 2627 1588
resistor 0.9789 2792 581 2819 638
resistor 0.9761 2212 759 2234 815
resistor 0.9750 3052 675 3098 696
resistor 0.9570 1241 598 1270 656
resistor 0.9525 2409 460 2463 488
resistor 0.9522 599 647 635 701
resistor 0.9418 3035 1321 3101 1358
resistor 0.9350 597 321 634 380
resistor 0.9292 2135 766 2156 814
resistor 0.9287 2408 536 2465 564
resistor 0.9271 1285 600 1319 656
resistor 0.9246 747 1262 799 1292
resistor 0.9193 2427 1477 2483 1505
resistor 0.9075 784 1796 840 1824
resistor 0.8764 2549 647 2604 676
resistor 0.8737 466 480 524 507
resistor 0.8726 2903 637 2962 667
resistor 0.8666 2200 1788 2241 1840
resistor 0.8584 2389 686 2444 721
resistor 0.8528 3248 452 3296 481
resistor 0.8488 475 1124 532 1161
resistor 0.8476 3344 265 3380 331
resistor 0.8416 2988 357 3043 386
resistor 0.8389 1998 1562 2053 1598
resistor 0.8343 468 1013 531 1047
resistor 0.8307 477 898 532 929
resistor 0.8222 3239 297 3295 330
resistor 0.8169 2202 1675 2240 1740
resistor 0.8143 2373 834 2408 871
resistor 0.8060 476 1246 531 1274
resistor 0.7950 1205 1367 1234 1424
resistor 0.7898 1150 1304 1196 1339
resistor 0.7897 2902 601 2960 637
resistor 0.7563 2823 479 2885 517
resistor 0.7521 1287 677 1337 730
resistor 0.7417 2903 544 2958 582
resistor 0.7371 663 1730 718 1768
resistor 0.7354 2437 1441 2483 1477
resistor 0.7350 467 797 535 833
resistor 0.7303 1318 601 1354 655
resistor 0.6997 2260 1599 2314 1627
resistor 0.6958 2213 1618 2270 1655
resistor 0.6932 3240 264 3294 301
resistor 0.6821 2821 555 2857 608
resistor 0.6754 2390 819 2428 858
resistor 0.6331 3250 478 3295 507
pads 0.9765 1455 600 1483 655
pads 0.9676 2176 1328 2231 1366
pads 0.9459 1529 598 1557 656
pads 0.9380 1978 1760 2006 1815
pads 0.9277 1501 654 1557 703
pads 0.9190 2091 1807 2147 1843
pads 0.8948 1214 647 1269 705
pads 0.8774 3313 442 3415 488
pads 0.8762 1419 647 1476 694
pads 0.8576 2099 1443 2129 1502
pads 0.8478 3314 499 3414 554
pads 0.8429 2272 1728 2324 1769
pads 0.8025 2129 1413 2184 1449
pads 0.7858 1296 650 1355 691
pads 0.3175 2111 1392 2155 1440
capacitor 0.9927 1456 209 1483 265
capacitor 0.9913 1838 1005 1867 1069
capacitor 0.9858 3239 349 3268 405
capacitor 0.9795 1437 1462 1464 1511
capacitor 0.9744 2745 1582 2801 1610
capacitor 0.9738 877 1117 923 1143
capacitor 0.9729 2184 190 2212 245
capacitor 0.9719 699 1492 727 1535
capacitor 0.9682 1436 517 1459 573
capacitor 0.9596 785 1573 831 1600
capacitor 0.9566 1904 1701 1941 1758
capacitor 0.9346 857 1758 886 1823
capacitor 0.9344 1755 1115 1811 1143
capacitor 0.9307 3277 331 3323 424
capacitor 0.9271 1482 1478 1527 1515
capacitor 0.9265 2922 1263 2986 1328
capacitor 0.9234 3137 434 3219 485
capacitor 0.9212 1307 443 1362 479
capacitor 0.9163 3129 209 3220 265
capacitor 0.9137 1296 395 1362 423
capacitor 0.9097 2913 816 2960 861
capacitor 0.9059 2363 356 2425 387
capacitor 0.9015 1838 267 1866 320
capacitor 0.8969 1718 955 1745 1012
capacitor 0.8969 1475 1068 1530 1095
capacitor 0.8965 1579 517 1606 572
capacitor 0.8848 1502 519 1531 574
capacitor 0.8803 2268 1199 2315 1245
capacitor 0.8765 1625 396 1680 423
capacitor 0.8743 1166 1628 1186 1683
capacitor 0.8719 2419 1339 2466 1395
capacitor 0.8660 2924 1441 2985 1469
capacitor 0.8635 2016 759 2062 797
capacitor 0.8629 671 1591 727 1628
capacitor 0.8595 2838 740 2885 787
capacitor 0.8594 1045 1275 1082 1337
capacitor 0.8572 1858 731 1922 759
capacitor 0.8458 1761 1015 1785 1068
capacitor 0.8342 1446 1332 1475 1381
capacitor 0.8310 3031 965 3081 1011
capacitor 0.8203 948 555 1009 619
capacitor 0.8151 3013 1178 3071 1239
capacitor 0.8150 2958 1363 3004 1394
capacitor 0.8068 887 1458 952 1489
capacitor 0.8000 1329 1694 1380 1722
capacitor 0.7996 2202 1562 2240 1616
capacitor 0.7973 1251 1358 1275 1412
capacitor 0.7949 813 1645 869 1674
capacitor 0.7944 1475 1096 1530 1122
capacitor 0.7859 1102 1103 1156 1135
capacitor 0.7813 821 1461 849 1516
capacitor 0.7794 3127 490 3221 535
capacitor 0.7747 2978 1207 3042 1270
capacitor 0.7699 2354 497 2390 563
capacitor 0.7681 2342 844 2389 889
capacitor 0.7667 3137 267 3221 320
capacitor 0.7665 1082 640 1140 730
capacitor 0.7625 2896 1301 2952 1353
capacitor 0.7623 2530 1450 2576 1506
capacitor 0.7503 2671 637 2726 685
capacitor 0.7447 2230 983 2278 1020
capacitor 0.7262 1345 267 1372 320
capacitor 0.7262 1766 488 1821 525
capacitor 0.6809 1764 1048 1809 1086
capacitor 0.6639 717 1733 757 1782
capacitor 0.6573 802 1115 833 1167
capacitor 0.6556 1991 1696 2026 1747
capacitor 0.6443 910 1297 939 1347
capacitor 0.6337 1326 318 1373 358
capacitor 0.6217 1475 520 1503 573
capacitor 0.3638 1363 1703 1411 1747
capacitor 0.3568 2746 1434 2813 1489
capacitor 0.3159 1707 945 1738 1009
text 0.9839 524 1050 569 1115
text 0.9834 550 302 597 405
text 0.9791 2284 1824 3250 1896
text 0.9737 1364 695 1401 732
text 0.9662 1594 189 1766 264
text 0.9630 524 1292 569 1328
text 0.9616 522 945 568 991
text 0.9599 2464 515 2518 552
text 0.9535 1127 312 1185 349
text 0.9525 459 1374 495 1438
text 0.9524 2517 1581 2643 1619
text 0.9521 523 1170 560 1217
text 0.9420 523 819 559 880
text 0.9316 840 115 876 159
text 0.9280 559 658 606 721
text 0.9251 664 141 838 870
text 0.9176 3110 1152 3146 1226
text 0.9111 2165 816 2231 853
text 0.9096 2464 468 2510 507
text 0.9071 1823 829 1884 872
text 0.9062 961 833 1074 881
text 0.9021 2521 115 2586 153
text 0.8771 844 148 938 832
text 0.8632 2606 116 2780 153
text 0.8570 2082 1162 2128 1226
text 0.8544 503 1367 551 1475
text 0.8414 2439 371 2500 408
text 0.8412 2596 507 2641 570
text 0.8193 662 115 700 163
text 0.8171 518 481 561 546
text 0.8156 2426 1575 2493 1618
text 0.7610 2755 312 2810 347
text 0.7540 2447 330 2498 367
text 0.7127 2755 349 2819 387
text 0.7080 2652 463 2688 599
text 0.6967 1819 788 1876 832
component 0.9871 1429 312 1567 433
component 0.9803 2081 1620 2159 1684
component 0.9774 2499 969 2818 1289
component 0.9659 1588 1079 1704 1178
component 0.9613 2027 1769 2074 1834
component 0.9337 1941 408 2245 620
test 0.9918 766 1723 811 1768
test 0.9899 1502 181 1550 236
test 0.9892 2399 611 2445 656
test 0.9887 2250 720 2297 760
test 0.9878 3063 1002 3108 1059
test 0.9875 1195 1071 1241 1121
test 0.9867 1055 1173 1099 1224
test 0.9806 1065 1003 1110 1057
test 0.9791 1893 246 1931 290
test 0.9777 1438 1722 1473 1757
test 0.9767 2314 759 2361 806
test 0.9705 2251 1310 2305 1356
test 0.9639 2857 1348 2911 1395
test 0.9629 2251 1442 2297 1497
test 0.9624 1727 1405 1764 1443
test 0.9614 700 1228 745 1271
test 0.9597 1746 759 1811 870
test 0.9571 932 1285 982 1337
test 0.9553 1644 1543 1689 1578
test 0.9551 2279 892 2333 937
test 0.9542 1523 1789 1551 1823
test 0.9519 3091 778 3135 824
test 0.9498 1475 1732 1518 1777
test 0.9497 953 1425 1006 1478
test 0.9455 1083 1610 1128 1658
test 0.9451 1736 1339 1790 1391
test 0.9402 1264 1265 1317 1311
test 0.9385 2195 1469 2241 1525
test 0.9339 1138 1127 1183 1160
test 0.9329 1524 1227 1568 1281
test 0.9320 3081 1508 3136 1552
test 0.9316 2502 1414 2558 1461
test 0.9292 2867 564 2912 610
test 0.9288 2119 1364 2166 1412
test 0.9279 1009 1347 1047 1394
test 0.9270 1297 273 1342 320
test 0.9258 1261 1032 1297 1070
test 0.9224 949 1349 998 1403
test 0.9187 1400 1330 1445 1374
test 0.9169 1390 1256 1437 1293
test 0.9165 2455 626 2510 675
test 0.9158 2801 686 2846 730
test 0.9133 2764 1516 2820 1561
test 0.9127 1354 209 1410 265
test 0.9125 1904 1153 1949 1197
test 0.9082 1642 1639 1698 1693
test 0.9080 1756 1600 1801 1637
test 0.9071 1691 638 1734 693
test 0.9016 2585 442 2632 488
test 0.9012 1783 1143 1830 1189
test 0.8999 1691 414 1745 460
test 0.8989 1523 1692 1560 1730
test 0.8987 2156 1786 2204 1834
test 0.8981 1258 1123 1314 1175
test 0.8962 743 1086 781 1133
test 0.8898 2241 1683 2286 1727
test 0.8848 1327 1598 1391 1645
test 0.8818 2465 572 2509 618
test 0.8766 2438 765 2492 814
test 0.8735 1709 1545 1756 1590
test 0.8691 793 1169 831 1208
test 0.8645 1085 1489 1134 1542
test 0.8632 1539 1360 1586 1403
test 0.8569 755 1216 793 1253
test 0.8533 1333 1552 1376 1598
test 0.8533 570 796 615 853
test 0.8487 3165 78 3246 159
test 0.8376 1317 1395 1362 1439
test 0.8359 634 1217 680 1262
test 0.8275 1084 1452 1127 1494
test 0.8199 2203 937 2250 992
test 0.8117 1475 1600 1518 1655
test 0.7994 1524 1594 1584 1646
test 0.7955 784 1507 821 1543
test 0.7931 878 1349 924 1386
test 0.7855 1498 1414 1533 1458
test 0.7819 1746 292 1793 339
test 0.7804 1397 1387 1443 1440
test 0.7526 1699 545 1754 600
test 0.7519 2456 425 2510 468
test 0.7494 1093 1531 1154 1587
test 0.7357 1756 343 1805 386
test 0.7296 1492 1190 1532 1243
test 0.6815 858 1307 903 1356
test 0.6811 1121 1582 1166 1634
test 0.6743 2971 789 3024 834
test 0.4378 872 1322 911 1370
test 0.3105 898 1244 970 1307
led 0.9591 335 461 464 580
led 0.9520 324 787 473 901
led 0.9517 334 900 473 1020
led 0.9447 334 1133 474 1246
led 0.9301 333 1245 478 1357
led 0.9113 336 1020 472 1133
ic 0.9908 2282 702 3038 1454
ic 0.9853 1894 300 2299 704
ic 0.9543 1158 1430 1325 1611
ic 0.9485 3128 328 3220 420
ic 0.9299 2828 1477 3085 1626
ic 0.9259 2969 835 3062 935
ic 0.9041 1397 279 1603 470
ic 0.8845 1559 1041 1735 1217
ic 0.8843 1159 1180 1205 1227
ic 0.8810 2049 1582 2187 1716
ic 0.8731 831 1069 886 1112
ic 0.8292 3147 666 3230 722
ic 0.8173 852 1393 895 1458
ic 0.7593 1651 1461 1697 1505
ic 0.7506 840 1217 903 1262
ic 0.6365 1532 1507 1576 1553
button 0.9234 268 583 522 778
button 0.8479 265 236 522 449
transistor 0.7834 817 1684 886 1759
transistor 0.7703 3053 574 3125 657
transistor 0.7373 1017 525 1092 610
transistor 0.6088 656 1638 728 1725
unknown 0.9951 1615 1266 1643 1320
unknown 0.9778 1355 518 1382 572
unknown 0.9706 1383 1462 1415 1531
unknown 0.9671 840 1133 867 1188
unknown 0.9566 784 1031 837 1065
unknown 0.9504 1242 1629 1269 1683
unknown 0.9457 1281 1656 1334 1710
unknown 0.9430 1643 1235 1671 1289
unknown 0.9430 1663 956 1691 1011
unknown 0.9413 660 1367 715 1394
unknown 0.9413 1345 1332 1372 1386
unknown 0.9395 3005 414 3134 525
unknown 0.9380 1598 1417 1632 1476
unknown 0.9370 1578 1777 1633 1805
unknown 0.9336 1316 1328 1344 1378
unknown 0.9311 840 1571 876 1640
unknown 0.9307 635 1589 671 1665
unknown 0.9270 2392 747 2446 785
unknown 0.9245 1467 1445 1522 1477
unknown 0.9171 1943 1631 1992 1707
unknown 0.9167 1456 1786 1511 1825
unknown 0.9008 1476 1553 1538 1581
unknown 0.8995 1596 1341 1633 1393
unknown 0.8946 1923 1581 1977 1609
unknown 0.8914 1569 1544 1632 1580
unknown 0.8847 550 1590 586 1654
unknown 0.8840 1577 1649 1606 1712
unknown 0.8808 969 1025 1024 1071
unknown 0.8782 711 1387 782 1421
unknown 0.8748 2952 1395 3143 1447
unknown 0.8726 1756 1180 1791 1236
unknown 0.8623 1717 1461 1753 1527
unknown 0.8528 3153 750 3257 797
unknown 0.8497 906 1392 963 1428
unknown 0.8487 3007 219 3137 330
unknown 0.8468 1165 1368 1196 1428
unknown 0.8349 1008 1134 1055 1190
unknown 0.8325 3166 601 3258 656
unknown 0.8286 1325 519 1352 571
unknown 0.8286 776 1350 830 1386
unknown 0.8276 1111 1340 1165 1368
unknown 0.8240 634 1468 691 1519
unknown 0.8216 1354 1429 1408 1463
unknown 0.8135 1174 1336 1222 1368
unknown 0.8133 1670 1341 1714 1394
unknown 0.8125 3240 508 3295 535
unknown 0.8113 917 1002 980 1039
unknown 0.8111 702 1171 765 1199
unknown 0.8084 1409 1526 1482 1562
unknown 0.8084 1940 1711 1973 1769
unknown 0.7965 783 1610 840 1645
unknown 0.7883 1634 1398 1662 1462
unknown 0.7827 660 1394 718 1421
unknown 0.7689 692 1197 741 1231
unknown 0.7641 870 1030 924 1068
unknown 0.7607 704 1132 749 1161
unknown 0.7500 1420 1657 1446 1712
unknown 0.7456 827 1284 858 1343
unknown 0.7361 1185 1628 1214 1684
unknown 0.7325 978 592 1067 668
unknown 0.7222 1299 1723 1352 1757
unknown 0.7097 1365 1610 1444 1648
unknown 0.7041 1477 1141 1534 1180
unknown 0.7000 1968 1592 2025 1628
unknown 0.6897 1380 1536 1420 1600
unknown 0.6497 1245 1312 1299 1349
unknown 0.6440 1026 983 1065 1038
unknown 0.6252 659 1267 715 1303
unknown 0.5882 1107 1395 1136 1451
unknown 0.3624 733 1378 800 1417
unknown 0.3126 1403 1654 1439 1701
