connector 0.9913 1857 25 2290 198
connector 0.9784 1802 184 2587 670
connector 0.9654 2345 866 2516 1120
connector 0.9496 18 287 150 672
connector 0.9471 1946 1189 2005 1251
connector 0.9252 627 1154 676 1320
connector 0.9130 2077 1189 2146 1251
connector 0.8910 2222 1316 2289 1376
resistor 0.9835 675 464 694 507
resistor 0.9755 325 869 344 913
resistor 0.9752 721 369 744 414
resistor 0.9734 676 369 695 413
resistor 0.9684 826 463 844 507
resistor 0.9630 376 769 400 814
resistor 0.9615 820 369 844 413
resistor 0.9613 776 463 794 509
resistor 0.9596 524 181 543 218
resistor 0.9555 1727 626 1770 646
resistor 0.9507 850 462 868 508
resistor 0.9462 726 463 745 508
resistor 0.9437 225 68 268 86
resistor 0.9412 482 531 575 557
resistor 0.9404 2240 769 2282 789
resistor 0.9373 324 813 344 858
resistor 0.9364 774 371 795 413
resistor 0.9231 380 1063 399 1108
resistor 0.9190 331 1109 350 1151
resistor 0.9181 332 1163 351 1209
resistor 0.9161 975 388 1019 413
resistor 0.9106 225 506 244 557
resistor 0.8932 1588 32 1634 54
resistor 0.8820 1261 506 1301 526
resistor 0.8764 1727 575 1769 595
resistor 0.8546 194 607 212 658
resistor 0.8542 1373 1232 1416 1257
resistor 0.8516 2403 1139 2444 1157
resistor 0.8510 193 195 212 244
resistor 0.8436 193 144 212 188
resistor 0.8184 1896 951 1939 971
resistor 0.7997 1506 284 1592 313
resistor 0.7900 1795 763 1814 805
resistor 0.7817 2095 983 2114 1033
resistor 0.7784 2111 918 2168 946
resistor 0.7717 1652 1069 1742 1140
resistor 0.7676 193 556 212 602
resistor 0.7598 1593 1346 1636 1370
resistor 0.6522 1689 833 1714 922
resistor 0.4817 794 369 821 413
pads 0.9907 1908 1239 1932 1328
pads 0.9878 2051 1233 2071 1327
pads 0.9809 44 831 277 1170
pads 0.9379 2184 1231 2214 1330
pads 0.9312 2346 1120 2390 1140
pads 0.9276 1083 294 1152 433
pads 0.9269 1545 392 1614 530
pads 0.9014 2184 1114 2227 1133
capacitor 0.9837 564 250 594 319
capacitor 0.9832 944 1177 1013 1315
capacitor 0.9806 1439 977 1506 1116
capacitor 0.9803 1601 808 1669 945
capacitor 0.9779 1601 563 1670 701
capacitor 0.9762 938 91 1007 233
capacitor 0.9746 1263 989 1289 1055
capacitor 0.9728 975 1103 995 1145
capacitor 0.9705 2326 838 2346 852
capacitor 0.9691 1396 393 1463 532
capacitor 0.9684 871 366 891 405
capacitor 0.9684 1365 997 1385 1036
capacitor 0.9675 2157 889 2177 907
capacitor 0.9672 475 357 612 425
capacitor 0.9645 749 92 826 232
capacitor 0.9585 405 1251 505 1300
capacitor 0.9565 218 1302 356 1378
capacitor 0.9547 361 144 402 246
capacitor 0.9542 601 260 626 305
capacitor 0.9522 1514 976 1583 1115
capacitor 0.9510 2103 939 2143 964
capacitor 0.9451 606 527 644 626
capacitor 0.9442 606 789 650 888
capacitor 0.9439 280 694 384 747
capacitor 0.9416 325 1232 368 1252
capacitor 0.9363 462 251 488 319
capacitor 0.9334 474 431 611 501
capacitor 0.9261 607 644 644 746
capacitor 0.9250 2288 675 2430 746
capacitor 0.9182 405 950 504 1003
capacitor 0.9104 1764 1038 1790 1052
capacitor 0.8965 1596 783 1638 802
capacitor 0.8932 1070 808 1139 944
capacitor 0.8916 1025 163 1050 176
capacitor 0.8630 1957 651 2020 682
capacitor 0.8599 1068 556 1139 701
capacitor 0.8544 1470 394 1538 531
capacitor 0.8522 206 269 250 295
capacitor 0.8494 425 31 569 106
capacitor 0.8432 487 817 526 913
capacitor 0.8402 2345 873 2360 896
capacitor 0.8365 2182 939 2245 965
capacitor 0.8325 1619 487 1638 531
capacitor 0.8321 2176 689 2274 732
capacitor 0.8191 362 557 406 660
capacitor 0.8160 485 1113 531 1204
capacitor 0.8111 1164 387 1232 530
capacitor 0.7900 1320 392 1388 532
capacitor 0.7898 606 909 650 1008
capacitor 0.7870 2048 1045 2109 1071
capacitor 0.7610 200 682 242 702
capacitor 0.7570 2165 939 2177 963
capacitor 0.7464 920 51 962 70
capacitor 0.7395 549 176 569 222
capacitor 0.7201 281 287 380 332
capacitor 0.6559 1343 994 1363 1038
capacitor 0.5645 2146 937 2158 959
capacitor 0.5411 338 947 376 971
text 0.9888 1758 763 1789 801
text 0.9880 157 601 186 664
text 0.9878 1358 1152 1388 1207
text 0.9847 617 357 639 414
text 0.9830 2415 820 2446 865
text 0.9825 1714 97 1746 170
text 0.9806 758 1220 788 1264
text 0.9805 1708 1183 1745 1259
text 0.9801 819 1131 899 1253
text 0.9791 569 656 595 725
text 0.9779 1715 714 1745 763
text 0.9752 756 1295 787 1352
text 0.9726 1307 1090 1339 1139
text 0.9678 809 1262 868 1385
text 0.9655 1156 1171 1256 1276
text 0.9653 2009 1239 2039 1321
text 0.9637 1418 1232 1474 1258
text 0.9631 1470 306 1502 375
text 0.9617 1870 1246 1902 1316
text 0.9613 939 1315 1474 1382
text 0.9612 613 433 643 502
text 0.9597 1402 307 1439 374
text 0.9587 2252 1063 2283 1109
text 0.9581 487 569 555 601
text 0.9580 1620 406 1645 462
text 0.9548 1081 1033 1193 1151
text 0.9535 406 291 444 343
text 0.9527 1157 283 1183 349
text 0.9526 219 444 245 500
text 0.9523 2302 1057 2333 1082
text 0.9521 331 19 380 51
text 0.9494 1019 1209 1045 1276
text 0.9479 1069 714 1101 783
text 0.9441 2059 1175 2088 1190
text 0.9424 718 300 743 357
text 0.9420 2308 877 2340 913
text 0.9415 1602 301 1632 362
text 0.9412 281 88 305 143
text 0.9388 2039 1083 2108 1113
text 0.9388 1552 1182 1582 1248
text 0.9386 162 164 187 225
text 0.9365 2290 763 2327 789
text 0.9342 819 300 844 356
text 0.9341 2432 707 2464 745
text 0.9328 106 251 137 281
text 0.9319 523 1350 571 1389
text 0.9292 1396 1081 1420 1125
text 0.9290 1795 1027 1851 1058
text 0.9289 1920 1177 1947 1195
text 0.9274 412 558 439 634
text 0.9265 568 562 599 625
text 0.9230 257 1232 311 1257
text 0.9221 1758 1126 1802 1158
text 0.9205 1270 1085 1307 1133
text 0.9185 2058 751 2090 800
text 0.9180 1070 957 1102 1021
text 0.9157 962 418 1019 445
text 0.9138 1515 25 1570 56
text 0.9124 612 54 725 169
text 0.9122 289 763 313 819
text 0.9108 570 912 600 977
text 0.9102 1201 306 1232 382
text 0.9078 210 1264 279 1295
text 0.9073 757 1120 782 1183
text 0.9061 2115 695 2165 727
text 0.9054 323 983 381 1007
text 0.9028 196 95 250 120
text 0.9027 2039 932 2082 957
text 0.9010 568 776 601 850
text 0.8967 106 688 137 707
text 0.8950 1464 1128 1496 1188
text 0.8911 1129 193 1520 237
text 0.8887 1332 1151 1357 1208
text 0.8866 324 1046 344 1102
text 0.8858 1775 578 1800 619
text 0.8855 895 115 927 176
text 0.8853 204 319 269 344
text 0.8847 1246 369 1314 395
text 0.8841 1522 1129 1551 1189
text 0.8777 768 300 794 359
text 0.8771 404 169 436 237
text 0.8769 1676 582 1708 650
text 0.8763 1802 650 1844 676
text 0.8762 2346 1146 2385 1176
text 0.8738 519 110 544 168
text 0.8729 2289 1108 2321 1127
text 0.8726 2253 927 2328 958
text 0.8708 2135 1108 2170 1138
text 0.8689 1601 237 1660 269
text 0.8675 1646 772 1697 801
text 0.8671 1133 144 1392 187
text 0.8653 2025 664 2083 700
text 0.8612 969 1041 1001 1093
text 0.8601 525 1246 556 1311
text 0.8596 669 301 693 357
text 0.8594 1951 1153 2022 1183
text 0.8593 1952 945 1988 971
text 0.8586 1013 94 1316 136
text 0.8558 1720 919 1751 988
text 0.8544 1737 846 1768 902
text 0.8541 143 1133 176 1176
text 0.8512 2371 845 2395 882
text 0.8499 2400 187 2442 212
text 0.8497 1845 1071 1882 1121
text 0.8479 845 38 902 63
text 0.8375 2008 952 2081 982
text 0.8345 1719 1340 1763 1370
text 0.8301 1231 1058 1264 1126
text 0.8300 1643 706 1702 731
text 0.8265 650 1346 719 1376
text 0.8246 542 111 569 168
text 0.8176 582 25 612 93
text 0.8164 456 175 487 244
text 0.8142 2397 1170 2434 1201
text 0.8101 2134 839 2171 863
text 0.8098 2084 1146 2152 1177
text 0.8062 169 374 199 427
text 0.8059 336 251 406 283
text 0.8056 1024 12 1386 87
text 0.8050 940 1058 971 1114
text 0.8045 665 1083 791 1158
text 0.8036 2103 859 2139 885
text 0.8024 163 225 187 290
text 0.8022 43 239 73 281
text 0.7986 920 320 950 357
text 0.7965 1515 319 1582 351
text 0.7940 1721 651 1757 676
text 0.7920 2065 983 2090 1032
text 0.7913 1251 401 1306 426
text 0.7909 169 706 233 737
text 0.7893 1589 728 1629 758
text 0.7882 1338 310 1369 374
text 0.7863 640 301 669 358
text 0.7862 1532 1345 1582 1371
text 0.7845 891 363 918 418
text 0.7841 2202 1176 2228 1194
text 0.7799 2229 1141 2287 1177
text 0.7783 343 757 369 813
text 0.7742 536 1039 568 1088
text 0.7679 343 1043 369 1108
text 0.7667 437 575 473 645
text 0.7663 292 1152 318 1215
text 0.7620 892 451 920 508
text 0.7600 2282 118 2309 170
text 0.7575 1721 544 1764 570
text 0.7556 531 820 562 877
text 0.7525 288 814 313 870
text 0.7506 43 687 74 721
text 0.7478 1056 143 1107 170
text 0.7459 606 177 637 239
text 0.7456 843 302 870 357
text 0.7455 574 176 606 239
text 0.7446 468 1215 533 1245
text 0.7426 1713 281 1756 312
text 0.7399 539 904 563 972
text 0.7396 162 13 205 43
text 0.7282 831 106 863 179
text 0.7276 1038 870 1068 949
text 0.7241 740 301 768 359
text 0.7235 538 1123 563 1181
text 0.7173 1714 26 1757 62
text 0.7165 532 726 563 776
text 0.7142 188 488 214 552
text 0.7119 1782 937 1814 981
text 0.7024 155 295 212 319
text 0.7023 488 113 513 168
text 0.7019 691 301 718 358
text 0.6883 395 684 467 720
text 0.6704 1683 935 1714 1002
text 0.6699 1677 1038 1739 1070
text 0.6438 2077 884 2116 911
text 0.6423 1038 613 1064 677
text 0.6051 517 989 586 1020
text 0.5978 791 300 817 356
component 0.9880 810 601 945 694
component 0.9873 464 1040 500 1089
component 0.9867 720 887 795 951
component 0.9864 819 870 937 958
component 0.9829 1865 738 2014 900
component 0.9816 324 368 381 506
component 0.9798 978 320 1006 347
component 0.9766 263 600 312 658
component 0.9705 463 740 495 794
component 0.9669 2140 275 2220 558
component 0.9637 1244 565 1509 952
component 0.9633 388 858 434 920
component 0.9616 262 187 313 250
component 0.9466 337 71 374 119
component 0.9334 715 626 791 696
component 0.9249 387 1150 440 1215
component 0.9184 2064 259 2109 568
component 0.9105 1955 254 2039 593
component 0.8822 976 650 1012 733
component 0.8578 977 917 1007 1004
component 0.7397 2213 823 2291 903
component 0.6664 1683 1095 1724 1121
led 0.8601 1651 1346 1706 1370
led 0.8451 1644 31 1695 57
led 0.8152 213 31 280 69
ic 0.9768 669 519 1019 749
ic 0.9697 672 794 1017 1025
ic 0.9635 2127 983 2240 1095
ic 0.9495 361 832 460 945
ic 0.9460 1833 714 2046 922
ic 0.9411 1162 544 1584 967
ic 0.9344 361 1130 466 1233
ic 0.9283 238 163 337 275
ic 0.9147 239 577 337 682
ic 0.8866 1758 683 1820 758
ic 0.8792 2190 799 2307 922
ic 0.8723 501 244 550 325
ic 0.8685 1251 431 1313 494
ic 0.8587 1658 318 1808 521
ic 0.8493 1891 992 2034 1126
ic 0.8416 1765 1083 1802 1119
ic 0.7898 1821 939 1883 1006
button 0.9122 1583 88 1708 231
button 0.8984 1582 1164 1712 1321
diode 0.9473 387 1309 525 1389
diode 0.9148 2266 956 2343 1048
transistor 0.6545 956 292 1032 374
jumper 0.9875 1946 1251 2020 1384
jumper 0.9792 2086 1250 2164 1374
jumper 0.9471 2227 1190 2307 1316
inductor 0.9780 1345 1051 1382 1138
inductor 0.9356 250 344 457 550
inductor 0.9347 1300 982 1338 1072
inductor 0.8991 1390 984 1426 1072
inductor 0.8792 436 1026 523 1103
inductor 0.8514 437 732 521 803
inductor 0.8492 315 58 396 137
inductor 0.8267 1776 828 1814 921
inductor 0.7601 1862 644 1947 682
