connector 0.9918 1856 26 2291 198
connector 0.9734 1807 185 2581 667
connector 0.9626 2347 865 2519 1118
connector 0.9557 19 287 149 672
connector 0.9510 1947 1190 2007 1250
connector 0.9313 627 1153 676 1317
connector 0.9265 2078 1188 2148 1251
connector 0.8944 2223 1316 2291 1377
resistor 0.9847 676 464 695 507
resistor 0.9766 722 369 745 414
resistor 0.9740 675 370 695 412
resistor 0.9733 326 867 345 912
resistor 0.9682 827 464 845 507
resistor 0.9633 377 769 399 813
resistor 0.9617 820 369 844 413
resistor 0.9599 776 463 794 508
resistor 0.9577 525 181 544 218
resistor 0.9524 1727 627 1770 646
resistor 0.9434 725 463 744 508
resistor 0.9417 850 462 869 508
resistor 0.9400 774 370 795 413
resistor 0.9392 482 531 574 557
resistor 0.9380 226 68 267 85
resistor 0.9317 2238 769 2282 789
resistor 0.9222 325 813 344 857
resistor 0.9201 331 1163 351 1210
resistor 0.9198 974 388 1019 413
resistor 0.9180 331 1109 350 1151
resistor 0.9167 225 506 244 558
resistor 0.9044 380 1063 399 1108
resistor 0.8893 1261 506 1300 527
resistor 0.8752 1589 32 1634 54
resistor 0.8637 1727 574 1769 595
resistor 0.8595 194 607 212 657
resistor 0.8500 193 195 212 244
resistor 0.8436 2402 1139 2444 1158
resistor 0.8355 193 144 212 188
resistor 0.8256 1374 1232 1415 1257
resistor 0.8078 1795 764 1814 806
resistor 0.7970 2095 983 2115 1033
resistor 0.7950 1511 288 1594 313
resistor 0.7822 1895 950 1939 970
resistor 0.7744 1593 1346 1636 1370
resistor 0.7650 193 557 212 603
resistor 0.7461 1652 1069 1742 1140
resistor 0.7192 2110 919 2168 948
resistor 0.6314 1689 830 1714 919
resistor 0.4703 794 369 820 413
pads 0.9904 1908 1238 1932 1327
pads 0.9862 2051 1231 2071 1328
pads 0.9804 44 831 277 1170
pads 0.9413 2346 1119 2390 1141
pads 0.9374 2183 1227 2214 1330
pads 0.9328 1544 390 1614 532
pads 0.9292 1083 294 1152 431
pads 0.8920 2186 1114 2226 1133
capacitor 0.9842 564 251 593 318
capacitor 0.9828 1440 977 1508 1115
capacitor 0.9808 944 1177 1013 1315
capacitor 0.9806 1601 808 1669 946
capacitor 0.9747 1601 564 1670 701
capacitor 0.9733 938 90 1007 232
capacitor 0.9732 1263 989 1288 1055
capacitor 0.9722 1364 996 1385 1037
capacitor 0.9697 2325 838 2346 852
capacitor 0.9691 2158 890 2178 907
capacitor 0.9685 871 366 891 405
capacitor 0.9666 749 92 825 231
capacitor 0.9647 977 1104 995 1145
capacitor 0.9614 1397 393 1465 533
capacitor 0.9593 475 357 612 425
capacitor 0.9537 2102 939 2143 964
capacitor 0.9508 219 1302 353 1377
capacitor 0.9501 1514 976 1583 1115
capacitor 0.9492 361 146 402 246
capacitor 0.9486 324 1233 368 1252
capacitor 0.9471 606 528 645 627
capacitor 0.9463 280 694 384 747
capacitor 0.9388 606 787 650 888
capacitor 0.9386 402 1250 506 1301
capacitor 0.9379 462 251 488 319
capacitor 0.9240 2289 676 2430 746
capacitor 0.9234 598 260 624 305
capacitor 0.9230 606 644 644 745
capacitor 0.9174 406 950 504 1003
capacitor 0.9128 1763 1038 1790 1052
capacitor 0.9083 477 432 610 500
capacitor 0.9051 1071 808 1139 944
capacitor 0.9039 1595 783 1640 803
capacitor 0.8820 1026 163 1051 176
capacitor 0.8620 206 270 249 296
capacitor 0.8565 1618 487 1638 532
capacitor 0.8503 1469 394 1539 531
capacitor 0.8493 1068 556 1140 702
capacitor 0.8473 2175 689 2272 732
capacitor 0.8462 425 31 569 105
capacitor 0.8460 2345 872 2360 896
capacitor 0.8453 487 817 526 912
capacitor 0.8385 2183 939 2244 965
capacitor 0.8351 1955 651 2021 682
capacitor 0.8330 363 556 407 661
capacitor 0.8093 1320 391 1388 532
capacitor 0.8001 486 1112 531 1206
capacitor 0.7850 1164 388 1233 530
capacitor 0.7701 605 909 650 1008
capacitor 0.7607 549 177 569 222
capacitor 0.7553 2165 938 2177 963
capacitor 0.7525 2048 1045 2111 1072
capacitor 0.7392 280 288 379 332
capacitor 0.7302 921 52 962 70
capacitor 0.7124 199 682 243 701
capacitor 0.5883 2146 937 2158 959
capacitor 0.5752 337 947 377 971
capacitor 0.5723 1343 992 1363 1040
text 0.9891 157 602 186 664
text 0.9872 1758 763 1790 800
text 0.9869 1358 1152 1388 1208
text 0.9845 618 356 640 414
text 0.9822 2415 819 2446 865
text 0.9819 1714 98 1746 171
text 0.9801 758 1220 788 1264
text 0.9798 819 1132 899 1253
text 0.9797 1708 1183 1744 1259
text 0.9786 1715 713 1744 763
text 0.9774 568 656 595 725
text 0.9750 756 1294 787 1352
text 0.9702 1307 1090 1339 1139
text 0.9673 808 1263 868 1385
text 0.9671 1156 1171 1256 1273
text 0.9648 2254 1066 2285 1110
text 0.9635 2010 1239 2040 1319
text 0.9635 1870 1248 1901 1318
text 0.9633 1419 1232 1473 1257
text 0.9622 1470 307 1502 376
text 0.9616 613 433 644 501
text 0.9611 939 1314 1476 1381
text 0.9605 329 19 379 50
text 0.9583 1619 407 1645 462
text 0.9544 2301 1057 2334 1082
text 0.9538 487 570 556 602
text 0.9531 220 444 245 500
text 0.9522 1403 309 1440 374
text 0.9503 1069 714 1101 783
text 0.9495 1267 1085 1304 1134
text 0.9485 1020 1209 1044 1276
text 0.9473 406 290 444 342
text 0.9472 1602 300 1633 362
text 0.9447 1157 282 1183 350
text 0.9444 2290 764 2328 788
text 0.9443 1917 1178 1945 1196
text 0.9443 719 300 744 356
text 0.9414 1080 1033 1194 1151
text 0.9403 1552 1183 1582 1247
text 0.9373 281 87 305 144
text 0.9370 2432 705 2464 744
text 0.9342 523 1351 571 1388
text 0.9342 818 300 844 356
text 0.9335 2308 876 2338 914
text 0.9302 1395 1081 1420 1126
text 0.9297 413 559 439 634
text 0.9287 2060 1178 2088 1192
text 0.9270 107 251 137 281
text 0.9255 254 1233 311 1257
text 0.9236 757 1119 782 1184
text 0.9187 162 164 187 226
text 0.9186 2042 1082 2110 1113
text 0.9163 569 563 599 626
text 0.9161 1758 1126 1802 1158
text 0.9159 1514 25 1570 56
text 0.9149 324 982 380 1008
text 0.9146 962 418 1020 445
text 0.9129 571 912 600 977
text 0.9122 1201 303 1232 383
text 0.9107 1069 959 1102 1022
text 0.9088 289 764 313 820
text 0.9044 613 58 725 170
text 0.9041 1332 1152 1357 1208
text 0.9031 568 776 601 851
text 0.9019 2059 752 2089 801
text 0.8974 106 688 136 706
text 0.8962 205 317 269 343
text 0.8958 1795 1027 1851 1058
text 0.8936 196 94 250 119
text 0.8908 1602 237 1660 269
text 0.8883 1463 1128 1495 1188
text 0.8864 323 1045 343 1102
text 0.8842 2115 695 2166 726
text 0.8824 1522 1130 1551 1188
text 0.8794 518 111 543 168
text 0.8779 1775 579 1800 620
text 0.8752 2040 932 2081 957
text 0.8743 1645 772 1697 801
text 0.8721 211 1263 280 1294
text 0.8719 2206 1168 2233 1188
text 0.8718 768 300 795 358
text 0.8711 404 169 436 236
text 0.8711 1132 192 1516 238
text 0.8692 2254 927 2327 958
text 0.8673 1802 649 1845 676
text 0.8673 2346 1146 2385 1176
text 0.8665 1721 919 1752 988
text 0.8664 1130 144 1396 188
text 0.8662 1013 94 1314 136
text 0.8594 1246 369 1312 395
text 0.8593 44 238 72 281
text 0.8550 669 300 693 358
text 0.8540 1951 945 1988 970
text 0.8539 1951 1153 2022 1183
text 0.8527 143 1133 175 1176
text 0.8523 846 38 902 63
text 0.8515 1677 582 1709 650
text 0.8479 1737 846 1768 902
text 0.8445 647 1345 718 1376
text 0.8426 2288 1108 2319 1128
text 0.8417 1642 707 1700 731
text 0.8415 939 1059 970 1113
text 0.8408 2134 838 2171 863
text 0.8381 2371 844 2395 882
text 0.8376 525 1247 557 1313
text 0.8352 2102 854 2139 883
text 0.8342 971 1041 1002 1092
text 0.8316 170 707 233 738
text 0.8313 1720 649 1756 675
text 0.8282 542 112 568 168
text 0.8233 457 177 488 244
text 0.8233 894 116 926 177
text 0.8221 1231 1060 1264 1127
text 0.8199 2399 186 2442 212
text 0.8197 2024 665 2083 700
text 0.8106 663 1080 791 1157
text 0.8101 2396 1171 2434 1201
text 0.8030 2007 951 2082 982
text 0.8022 893 452 919 507
text 0.8005 1338 311 1370 375
text 0.8002 169 373 199 427
text 0.7973 920 320 950 356
text 0.7966 1844 1074 1882 1122
text 0.7958 1023 12 1386 87
text 0.7929 1516 319 1580 351
text 0.7912 1718 1341 1763 1370
text 0.7877 891 363 919 418
text 0.7851 336 250 406 282
text 0.7838 163 226 187 289
text 0.7816 2083 1146 2153 1178
text 0.7805 582 26 612 94
text 0.7800 1532 1345 1583 1371
text 0.7792 342 1043 368 1107
text 0.7734 2066 981 2090 1034
text 0.7686 1251 400 1306 426
text 0.7661 343 758 367 814
text 0.7658 288 814 313 869
text 0.7653 640 299 668 358
text 0.7644 1720 545 1764 571
text 0.7621 843 303 870 357
text 0.7598 606 177 638 239
text 0.7558 292 1151 318 1215
text 0.7525 531 819 562 877
text 0.7521 1712 282 1756 313
text 0.7447 163 12 205 43
text 0.7432 436 575 473 646
text 0.7401 1589 727 1628 756
text 0.7367 44 687 74 720
text 0.7245 2223 1146 2286 1182
text 0.7242 539 903 563 972
text 0.7198 1056 143 1107 170
text 0.7192 741 301 769 358
text 0.7162 188 487 213 552
text 0.7155 1714 26 1756 62
text 0.7149 691 301 719 357
text 0.7118 537 1041 571 1090
text 0.7116 1038 870 1068 948
text 0.7110 2134 1109 2170 1138
text 0.7099 468 1214 533 1246
text 0.7059 538 1119 563 1182
text 0.7039 532 726 562 776
text 0.6995 830 107 863 181
text 0.6988 1782 937 1814 981
text 0.6986 574 177 606 238
text 0.6969 488 113 513 168
text 0.6778 395 682 468 722
text 0.6707 155 295 213 319
text 0.6630 1682 935 1714 1001
text 0.6460 2282 115 2308 170
text 0.6425 2076 883 2115 911
text 0.6251 1677 1037 1738 1071
text 0.5963 518 989 586 1020
text 0.5899 791 300 817 356
text 0.5715 1038 612 1064 678
text 0.3970 2131 1118 2169 1155
component 0.9892 465 1040 500 1089
component 0.9861 818 870 936 958
component 0.9851 810 601 945 697
component 0.9842 721 888 794 951
component 0.9832 1865 736 2014 897
component 0.9806 978 319 1006 346
component 0.9794 324 366 382 506
component 0.9754 263 600 311 658
component 0.9730 464 740 495 794
component 0.9654 2140 273 2221 558
component 0.9622 388 859 435 920
component 0.9600 1244 564 1508 954
component 0.9589 261 187 312 251
component 0.9502 716 628 789 695
component 0.9365 336 71 375 121
component 0.9296 388 1150 440 1215
component 0.9026 969 646 1014 735
component 0.8941 1952 252 2041 593
component 0.8817 976 921 1007 1003
component 0.8286 2064 259 2109 561
component 0.7090 2214 823 2290 902
component 0.6668 1682 1095 1725 1121
led 0.8701 1651 1346 1706 1370
led 0.8511 1643 31 1695 57
led 0.8088 214 32 279 68
ic 0.9763 670 519 1020 749
ic 0.9679 674 795 1018 1025
ic 0.9673 2127 983 2241 1096
ic 0.9518 361 832 463 945
ic 0.9447 1831 712 2047 923
ic 0.9346 361 1130 467 1233
ic 0.9217 238 164 336 275
ic 0.9210 1161 544 1583 969
ic 0.9094 240 578 336 682
ic 0.9034 1757 682 1820 759
ic 0.8831 2191 799 2307 922
ic 0.8810 1659 317 1808 521
ic 0.8715 1892 993 2034 1126
ic 0.8705 1251 431 1312 494
ic 0.8693 500 243 550 325
ic 0.8580 1765 1083 1802 1118
ic 0.7517 1821 939 1883 1006
button 0.9149 1582 89 1708 231
button 0.8900 1582 1164 1713 1322
diode 0.9398 387 1311 525 1390
diode 0.9224 2267 956 2342 1049
transistor 0.6426 956 292 1031 372
jumper 0.9888 1947 1252 2021 1383
jumper 0.9765 2086 1251 2165 1375
jumper 0.9504 2227 1188 2306 1317
inductor 0.9709 1345 1052 1382 1138
inductor 0.9394 1299 982 1338 1071
inductor 0.9302 249 345 458 550
inductor 0.8762 436 1026 523 1104
inductor 0.8711 1390 982 1426 1075
inductor 0.8657 315 58 396 138
inductor 0.8224 1776 829 1814 921
inductor 0.8223 438 732 520 803
inductor 0.7420 1859 642 1951 682
