connector 0.9848 303 1207 739 1380
connector 0.9775 1921 87 1970 261
connector 0.9681 0 746 789 1230
connector 0.9582 449 156 520 224
connector 0.9575 75 284 249 542
connector 0.9290 2446 728 2576 1119
connector 0.9266 587 156 649 219
connector 0.8648 307 38 373 93
resistor 0.9890 1727 901 1746 945
resistor 0.9808 1851 899 1870 943
resistor 0.9783 2352 852 2371 901
resistor 0.9746 1752 1001 1775 1044
resistor 0.9697 1802 901 1821 944
resistor 0.9672 1752 899 1771 945
resistor 0.9634 1852 996 1875 1041
resistor 0.9500 2052 1188 2071 1231
resistor 0.9392 1802 995 1820 1039
resistor 0.9378 825 763 870 781
resistor 0.9355 2327 1320 2371 1339
resistor 0.9344 1901 996 1920 1039
resistor 0.9335 1902 900 1920 945
resistor 0.9303 2383 1219 2402 1263
resistor 0.9269 2384 752 2402 801
resistor 0.9264 2252 495 2271 538
resistor 0.9212 882 487 906 576
resistor 0.9173 825 813 869 833
resistor 0.9101 2252 551 2271 596
resistor 0.9044 148 250 192 269
resistor 0.8969 963 44 1000 62
resistor 0.8963 2326 1264 2345 1312
resistor 0.8919 481 376 500 426
resistor 0.8809 2383 1165 2403 1214
resistor 0.8733 2246 258 2265 300
resistor 0.8685 2246 200 2264 244
resistor 0.8658 2195 301 2214 344
resistor 0.8658 781 600 800 645
resistor 0.8505 2023 851 2114 877
resistor 0.8485 2383 808 2402 854
resistor 0.8433 2196 595 2220 640
resistor 0.8362 656 439 700 456
resistor 0.8352 313 620 355 644
resistor 0.7812 1294 882 1333 906
resistor 0.7570 1178 150 1224 176
resistor 0.7474 1575 995 1621 1020
resistor 0.7316 425 481 469 500
resistor 0.7198 962 1358 1008 1376
resistor 0.7149 849 268 940 337
resistor 0.7083 1000 1095 1088 1120
pads 0.9886 525 82 544 175
pads 0.9846 662 82 688 175
pads 0.9823 2320 240 2552 577
pads 0.9758 981 882 1051 1016
pads 0.9684 1446 975 1514 1116
pads 0.9643 369 275 412 300
pads 0.8879 381 77 413 176
pads 0.8874 207 269 251 288
capacitor 0.9930 1088 292 1156 431
capacitor 0.9883 1582 92 1651 232
capacitor 0.9861 418 503 441 515
capacitor 0.9858 2002 1090 2033 1158
capacitor 0.9798 1457 461 1526 603
capacitor 0.9786 1707 1012 1721 1041
capacitor 0.9780 1232 368 1251 414
capacitor 0.9776 1307 357 1332 420
capacitor 0.9747 1458 709 1525 851
capacitor 0.9739 925 464 995 607
capacitor 0.9739 2108 1090 2133 1157
capacitor 0.9732 2090 406 2188 457
capacitor 0.9702 166 663 304 732
capacitor 0.9648 2064 201 2108 295
capacitor 0.9606 325 674 419 719
capacitor 0.9598 1971 1101 1995 1146
capacitor 0.9575 926 707 997 846
capacitor 0.9533 1013 295 1083 433
capacitor 0.9522 1951 782 1990 882
capacitor 0.9504 1133 876 1200 1014
capacitor 0.9481 2239 30 2380 108
capacitor 0.9465 1206 877 1275 1013
capacitor 0.9461 2089 113 2188 162
capacitor 0.9447 418 449 433 469
capacitor 0.9354 1588 1181 1658 1319
capacitor 0.9318 806 355 831 368
capacitor 0.9297 2072 496 2109 597
capacitor 0.9295 576 727 638 758
capacitor 0.9284 1632 1339 1676 1358
capacitor 0.9239 451 446 494 469
capacitor 0.9223 1951 662 1990 761
capacitor 0.9203 1058 876 1125 1015
capacitor 0.9162 2227 155 2270 176
capacitor 0.9149 957 883 976 920
capacitor 0.9109 2205 661 2315 714
capacitor 0.9099 1772 1176 1845 1315
capacitor 0.9097 2196 1165 2233 1265
capacitor 0.9083 1946 519 1988 619
capacitor 0.8958 1601 264 1621 308
capacitor 0.8909 957 608 1001 634
capacitor 0.8880 2345 1114 2390 1138
capacitor 0.8830 1944 400 1989 499
capacitor 0.8713 2352 706 2397 726
capacitor 0.8708 350 444 409 473
capacitor 0.8685 1363 883 1432 1020
capacitor 0.8648 2213 1076 2315 1126
capacitor 0.8637 2190 750 2232 851
capacitor 0.8358 1986 987 2122 1052
capacitor 0.8345 250 555 270 569
capacitor 0.8339 2025 1305 2170 1378
capacitor 0.8022 1986 907 2121 978
capacitor 0.7993 2026 1187 2046 1230
capacitor 0.7506 1545 1234 1571 1252
text 0.9908 556 87 588 169
text 0.9843 2408 750 2439 808
text 0.9818 313 301 343 351
text 0.9802 419 98 450 161
text 0.9794 806 606 837 644
text 0.9794 2228 307 2251 363
text 0.9793 712 289 750 337
text 0.9786 1013 158 1044 224
text 0.9747 1694 156 1778 275
text 0.9743 962 1045 994 1109
text 0.9743 1726 25 1788 151
text 0.9734 1414 1055 1438 1126
text 0.9730 850 650 882 695
text 0.9710 200 526 226 563
text 0.9705 1208 202 1239 263
text 0.9701 1808 145 1839 188
text 0.9698 2039 94 2071 161
text 0.9691 1126 32 1661 95
text 0.9630 1400 258 1512 374
text 0.9627 750 733 793 759
text 0.9627 2040 807 2108 844
text 0.9626 574 226 644 256
text 0.9620 1958 995 1977 1057
text 0.9608 261 326 293 350
text 0.9568 2108 1164 2139 1239
text 0.9553 2365 670 2426 700
text 0.9546 1338 138 1439 238
text 0.9531 267 455 344 482
text 0.9524 2158 777 2183 851
text 0.9521 851 150 888 231
text 0.9511 1157 1033 1196 1100
text 0.9502 2458 1126 2489 1159
text 0.9498 1256 269 1287 318
text 0.9490 2026 1239 2052 1296
text 0.9488 1551 134 1575 200
text 0.9488 1363 1025 1394 1102
text 0.9485 850 1239 882 1317
text 0.9476 2352 905 2377 963
text 0.9466 369 213 394 232
text 0.9465 1870 1246 1983 1351
text 0.9460 1807 56 1839 112
text 0.9445 606 437 644 464
text 0.9438 1119 157 1175 182
text 0.9430 238 581 280 607
text 0.9430 2191 1127 2260 1159
text 0.9429 1676 990 1700 1046
text 0.9427 1576 963 1631 989
text 0.9415 1800 248 1927 330
text 0.9409 1814 227 1840 289
text 0.9399 1225 1033 1257 1101
text 0.9388 2389 1364 2433 1396
text 0.9387 1752 1053 1776 1107
text 0.9379 506 613 539 658
text 0.9375 431 682 480 714
text 0.9374 2252 307 2270 362
text 0.9365 212 231 250 263
text 0.9345 256 499 287 531
text 0.9342 507 219 538 233
text 0.9335 149 545 181 589
text 0.9333 2326 1062 2390 1089
text 0.9324 270 626 307 651
text 0.9324 2353 1288 2404 1314
text 0.9314 1802 1051 1827 1108
text 0.9304 694 93 725 163
text 0.9303 424 271 462 300
text 0.9297 513 708 570 744
text 0.9240 2052 1238 2078 1296
text 0.9223 1282 1012 1352 1045
text 0.9202 488 294 554 326
text 0.9201 2152 1070 2189 1115
text 0.9200 2002 684 2028 752
text 0.9195 2459 701 2490 719
text 0.9191 2215 400 2271 426
text 0.9190 1875 31 1953 66
text 0.9145 2022 19 2071 62
text 0.9142 2026 318 2058 368
text 0.9131 2291 1263 2315 1321
text 0.9118 1726 1050 1751 1106
text 0.9114 2277 193 2302 254
text 0.9112 1095 1033 1126 1100
text 0.9098 307 231 370 263
text 0.9087 1014 37 1063 69
text 0.9072 156 1201 194 1220
text 0.9056 1995 558 2027 633
text 0.9030 161 214 200 239
text 0.9024 2409 1188 2433 1245
text 0.9012 1101 225 1132 282
text 0.9010 1902 1052 1927 1110
text 0.9006 2397 990 2427 1040
text 0.9004 1207 1321 1575 1395
text 0.8994 2064 167 2129 195
text 0.8992 2283 149 2338 181
text 0.8945 1952 913 1982 976
text 0.8935 1670 1232 1702 1302
text 0.8835 276 281 307 301
text 0.8826 1496 387 1527 456
text 0.8823 1995 781 2027 845
text 0.8812 950 945 975 1003
text 0.8798 901 608 949 638
text 0.8765 131 665 162 704
text 0.8762 505 374 531 432
text 0.8758 1239 200 1265 261
text 0.8737 839 733 876 757
text 0.8695 514 426 589 456
text 0.8674 1595 313 1626 369
text 0.8643 2283 589 2308 645
text 0.8640 2214 1357 2266 1389
text 0.8616 1995 433 2027 496
text 0.8607 1852 1052 1878 1107
text 0.8569 1286 271 1322 322
text 0.8561 1532 737 1558 795
text 0.8555 1532 469 1558 536
text 0.8542 1044 220 1076 282
text 0.8539 1075 1176 1473 1221
text 0.8522 1958 1171 1989 1236
text 0.8508 1013 1058 1082 1090
text 0.8490 2520 1127 2553 1176
text 0.8471 454 473 517 498
text 0.8467 1940 1107 1965 1169
text 0.8437 512 452 555 483
text 0.8390 1695 1346 1752 1377
text 0.8328 1176 282 1201 325
text 0.8326 2408 1122 2433 1182
text 0.8321 973 638 1007 679
text 0.8310 650 213 674 230
text 0.8297 459 524 496 552
text 0.8289 1495 628 1526 695
text 0.8262 444 231 513 262
text 0.8214 794 793 820 832
text 0.8164 2120 764 2157 833
text 0.8136 2126 691 2201 723
text 0.8134 2159 1170 2189 1240
text 0.8129 1024 1352 1081 1382
text 0.8112 1675 902 1701 958
text 0.8110 1280 1270 1583 1314
text 0.8092 1215 1220 1465 1264
text 0.8083 781 426 813 468
text 0.8064 1288 983 1344 1008
text 0.8038 476 501 513 525
text 0.8005 795 249 838 281
text 0.7986 2315 117 2383 145
text 0.7979 2031 226 2057 288
text 0.7979 2520 689 2552 720
text 0.7967 2006 389 2077 420
text 0.7959 1332 282 1364 351
text 0.7929 1489 1238 1540 1264
text 0.7915 2420 231 2452 275
text 0.7893 1644 1052 1675 1089
text 0.7892 889 762 919 825
text 0.7882 843 421 876 494
text 0.7837 838 1351 882 1382
text 0.7822 839 1095 880 1126
text 0.7785 893 677 949 702
text 0.7785 937 1138 994 1170
text 0.7751 856 338 919 370
text 0.7728 288 1238 312 1289
text 0.7718 833 38 875 69
text 0.7605 2384 1088 2439 1113
text 0.7431 830 838 875 863
text 0.7339 425 550 463 576
text 0.7246 2033 634 2065 681
text 0.7186 882 414 913 474
text 0.6766 1732 1233 1765 1301
text 0.6721 1983 1315 2015 1382
text 0.6601 744 357 800 381
text 0.6135 1991 1170 2020 1238
text 0.3336 431 545 473 569
component 0.9942 1657 451 1773 537
component 0.9856 1652 716 1782 807
component 0.9817 582 513 733 668
component 0.9814 1089 460 1349 839
component 0.9806 375 854 455 1138
component 0.9801 2102 619 2133 668
component 0.9788 2216 909 2271 1046
component 0.9782 2096 319 2133 370
component 0.9771 2284 751 2333 808
component 0.9705 2283 1162 2334 1221
component 0.9649 1801 715 1876 783
component 0.9600 2163 491 2209 552
component 0.9547 2159 200 2209 255
component 0.9514 1801 460 1878 526
component 0.9389 2221 1287 2257 1337
component 0.9379 875 288 914 313
component 0.9253 308 508 382 582
component 0.8860 557 818 646 1157
component 0.8776 1584 672 1621 758
component 0.8307 1586 1066 1618 1090
component 0.8300 1589 411 1620 490
component 0.8146 489 841 531 1151
led 0.8622 889 38 944 62
led 0.8354 899 1351 951 1377
led 0.6776 2314 1346 2382 1377
ic 0.9837 1575 663 1929 889
ic 0.9778 356 311 469 424
ic 0.9778 1011 447 1433 865
ic 0.9728 1574 398 1927 625
ic 0.9616 550 487 765 701
ic 0.9549 2257 1133 2358 1245
ic 0.9483 2259 725 2357 835
ic 0.9376 775 652 837 725
ic 0.9173 2046 1083 2096 1162
ic 0.8980 2136 467 2233 575
ic 0.8823 788 886 937 1088
ic 0.8792 713 406 775 468
ic 0.8566 1282 912 1345 982
ic 0.8415 795 289 831 327
ic 0.8400 561 283 706 420
ic 0.8186 286 488 404 605
ic 0.7227 2128 176 2232 281
button 0.9426 882 90 1014 245
button 0.7814 890 1178 1014 1324
diode 0.9746 2074 18 2206 99
diode 0.8502 257 362 331 452
transistor 0.8403 1565 1033 1632 1114
jumper 0.9713 575 26 649 156
jumper 0.9694 431 33 513 163
jumper 0.9052 288 95 369 225
inductor 0.9739 1258 337 1295 426
inductor 0.9722 1213 270 1252 361
inductor 0.9629 1169 335 1207 424
inductor 0.9526 2071 306 2159 382
inductor 0.9423 2139 856 2345 1062
inductor 0.8858 2073 606 2160 680
inductor 0.8159 651 726 737 763
inductor 0.7179 782 489 819 582
