connector 0.9902 2158 301 2566 675
connector 0.9835 642 100 687 278
connector 0.9650 710 86 1860 261
connector 0.9631 717 1210 1870 1380
resistor 0.9717 2061 53 2144 75
resistor 0.9660 724 943 743 990
resistor 0.9657 1982 119 2006 163
resistor 0.9583 316 762 360 782
resistor 0.9572 775 939 796 987
resistor 0.9565 1746 914 1796 932
resistor 0.9410 674 473 699 521
resistor 0.9399 2252 686 2303 706
resistor 0.9355 1808 1406 1854 1433
resistor 0.9319 808 688 833 732
resistor 0.9282 2125 119 2145 165
resistor 0.9251 1893 86 1936 113
resistor 0.9245 2076 674 2099 718
resistor 0.9116 2151 1273 2171 1324
resistor 0.9099 2524 674 2549 725
resistor 0.9074 2107 392 2152 415
resistor 0.9014 826 938 845 984
resistor 0.8983 2085 605 2131 625
resistor 0.8883 1751 1071 1803 1090
resistor 0.8690 1752 946 1798 970
resistor 0.8678 668 943 688 989
resistor 0.8667 1154 843 1198 862
resistor 0.8646 1848 1084 1899 1109
resistor 0.8485 2105 364 2152 388
resistor 0.8462 244 1305 264 1349
resistor 0.8459 830 794 876 818
resistor 0.8411 1897 195 1942 214
resistor 0.8388 2466 832 2535 864
resistor 0.8374 1842 856 1886 881
resistor 0.8305 1919 1184 1960 1202
resistor 0.8113 1892 668 1935 693
resistor 0.8052 700 944 719 990
resistor 0.7940 2467 1192 2511 1217
resistor 0.7933 386 629 409 673
resistor 0.7923 384 328 403 372
resistor 0.7858 1404 800 1425 844
resistor 0.7853 1780 1096 1823 1115
resistor 0.7448 801 939 820 984
resistor 0.7438 2265 102 2291 161
resistor 0.7428 1407 845 1425 891
resistor 0.7253 750 939 769 988
resistor 0.7093 1152 723 1199 743
resistor 0.7028 1893 157 1945 189
resistor 0.6944 1154 770 1199 794
resistor 0.6776 1887 1247 1955 1343
resistor 0.6631 233 897 258 945
resistor 0.6322 1975 1292 2024 1312
pads 0.9866 50 246 120 390
pads 0.9847 132 244 209 388
pads 0.9638 2056 214 2132 308
pads 0.9605 2209 182 2259 205
pads 0.9429 2322 900 2366 1006
pads 0.9405 216 238 291 384
pads 0.9385 2313 1040 2404 1114
pads 0.9344 2378 925 2397 969
pads 0.9035 1464 708 1486 750
pads 0.8798 1570 913 1590 958
pads 0.8789 2371 870 2478 919
pads 0.8767 1362 569 1382 618
pads 0.8563 2498 869 2518 912
pads 0.8382 2404 937 2516 1044
pads 0.8184 2529 1021 2549 1065
pads 0.8150 2070 188 2120 207
pads 0.8128 2474 1065 2498 1109
pads 0.7847 1406 754 1427 791
pads 0.7741 1402 700 1425 746
pads 0.7258 2351 176 2397 195
pads 0.7184 2530 967 2548 1015
capacitor 0.9874 1028 435 1041 459
capacitor 0.9864 1993 498 2005 522
capacitor 0.9820 869 446 883 472
capacitor 0.9767 928 446 945 471
capacitor 0.9765 1835 700 1848 725
capacitor 0.9759 2027 497 2043 523
capacitor 0.9738 1217 914 1261 1016
capacitor 0.9694 1425 403 1450 447
capacitor 0.9687 2447 221 2478 290
capacitor 0.9684 971 886 983 906
capacitor 0.9634 1323 403 1343 446
capacitor 0.9624 1969 402 1986 427
capacitor 0.9618 1766 654 1810 753
capacitor 0.9552 1318 914 1335 956
capacitor 0.9540 1476 403 1501 447
capacitor 0.9524 1622 906 1640 951
capacitor 0.9498 1464 562 1488 616
capacitor 0.9494 1324 593 1344 637
capacitor 0.9488 213 48 362 126
capacitor 0.9484 1936 699 1955 719
capacitor 0.9481 1028 705 1047 732
capacitor 0.9475 1420 914 1438 956
capacitor 0.9467 1374 403 1396 448
capacitor 0.9452 883 888 908 901
capacitor 0.9418 1469 913 1487 958
capacitor 0.9344 858 604 883 618
capacitor 0.9322 1368 915 1386 957
capacitor 0.9308 233 694 282 717
capacitor 0.9293 1273 403 1293 447
capacitor 0.9276 2087 642 2112 655
capacitor 0.9255 1577 402 1601 446
capacitor 0.9240 1318 976 1331 1008
capacitor 0.9237 2321 731 2371 756
capacitor 0.9179 1925 516 1949 535
capacitor 0.9167 1646 839 1689 857
capacitor 0.9155 1520 913 1539 957
capacitor 0.9112 717 421 743 440
capacitor 0.9088 2095 858 2163 889
capacitor 0.9081 1218 673 1263 694
capacitor 0.9065 919 611 945 630
capacitor 0.9025 1527 404 1551 447
capacitor 0.9008 1320 536 1346 587
capacitor 0.8971 2441 839 2466 857
capacitor 0.8968 718 640 744 656
capacitor 0.8965 939 717 954 745
capacitor 0.8960 1475 668 1518 693
capacitor 0.8946 833 611 855 631
capacitor 0.8913 2025 813 2092 837
capacitor 0.8896 2031 693 2045 719
capacitor 0.8879 1892 566 1937 592
capacitor 0.8840 1892 607 1917 625
capacitor 0.8819 869 717 888 743
capacitor 0.8817 926 883 947 895
capacitor 0.8778 780 446 805 467
capacitor 0.8732 1671 908 1691 951
capacitor 0.8694 1148 801 1196 823
capacitor 0.8679 978 838 1020 858
capacitor 0.8627 832 857 856 870
capacitor 0.8525 977 422 1004 439
capacitor 0.8498 1002 908 1027 926
capacitor 0.8432 2106 1116 2169 1141
capacitor 0.8419 357 159 401 181
capacitor 0.8419 831 750 857 762
capacitor 0.8407 2025 1166 2100 1197
capacitor 0.8407 718 914 744 928
capacitor 0.8406 499 1218 521 1230
capacitor 0.8397 234 1154 279 1172
capacitor 0.8397 1148 649 1199 668
capacitor 0.8373 1002 636 1028 655
capacitor 0.8317 346 131 397 156
capacitor 0.8256 977 719 995 745
capacitor 0.8244 1148 553 1199 579
capacitor 0.8135 763 916 789 928
capacitor 0.8107 757 637 789 655
capacitor 0.8101 2088 579 2114 598
capacitor 0.8082 1400 403 1419 447
capacitor 0.8019 971 609 989 638
capacitor 0.7952 1898 439 1925 459
capacitor 0.7945 1261 913 1279 955
capacitor 0.7940 832 472 852 491
capacitor 0.7816 757 421 786 435
capacitor 0.7814 1148 698 1198 723
capacitor 0.7804 1401 667 1441 694
capacitor 0.7801 1503 403 1530 446
capacitor 0.7792 354 440 397 459
capacitor 0.7716 397 404 411 441
capacitor 0.7715 1453 404 1476 447
capacitor 0.7625 1324 730 1350 749
capacitor 0.7588 1818 1168 1862 1186
capacitor 0.7544 253 731 286 744
capacitor 0.7510 1553 403 1577 447
capacitor 0.7408 1147 585 1192 604
capacitor 0.7392 1644 781 1689 807
capacitor 0.7295 1350 403 1369 446
capacitor 0.7286 243 1135 277 1149
capacitor 0.7234 2012 693 2030 719
capacitor 0.7202 1642 732 1690 757
capacitor 0.7191 775 694 807 714
capacitor 0.7162 1154 750 1198 774
capacitor 0.7126 1324 668 1369 693
capacitor 0.7023 2219 1107 2280 1135
capacitor 0.6980 1403 572 1425 616
capacitor 0.6816 950 589 971 617
capacitor 0.6799 1148 529 1198 554
capacitor 0.6787 271 1361 408 1430
capacitor 0.6713 976 552 1026 589
capacitor 0.6604 1443 754 1490 779
capacitor 0.6590 2018 409 2040 447
capacitor 0.6364 1643 706 1689 728
capacitor 0.6331 1340 773 1387 793
capacitor 0.6307 1405 617 1440 659
capacitor 0.6289 1275 667 1319 693
capacitor 0.6285 1645 579 1689 598
capacitor 0.6273 644 965 662 990
capacitor 0.6242 1645 528 1689 550
capacitor 0.6214 1645 477 1689 498
capacitor 0.6147 1149 674 1197 693
capacitor 0.5975 1299 403 1318 447
capacitor 0.5932 1809 1032 1835 1049
capacitor 0.5910 1643 630 1690 649
capacitor 0.5899 737 694 767 712
capacitor 0.5825 1441 402 1468 447
capacitor 0.5686 2075 553 2131 577
capacitor 0.5457 1302 524 1326 575
capacitor 0.4888 899 939 921 988
capacitor 0.3504 1149 577 1193 597
capacitor 0.3005 243 717 284 744
text 0.9871 1368 316 1393 394
text 0.9835 1319 315 1345 392
text 0.9786 691 1122 1094 1210
text 0.9783 1930 1341 1962 1418
text 0.9768 2277 227 2303 291
text 0.9764 12 257 44 351
text 0.9756 1426 320 1452 392
text 0.9728 373 48 454 80
text 0.9725 1519 975 1546 1052
text 0.9724 1369 838 1398 902
text 0.9723 1261 315 1285 391
text 0.9705 750 850 828 876
text 0.9687 1413 974 1438 1052
text 0.9675 1931 727 1960 787
text 0.9663 1299 700 1375 725
text 0.9662 1476 321 1502 395
text 0.9660 964 920 990 995
text 0.9642 1269 471 1299 547
text 0.9635 864 368 889 441
text 0.9635 170 142 201 231
text 0.9628 926 368 951 437
text 0.9626 2138 236 2170 290
text 0.9596 1512 270 1561 301
text 0.9596 1268 970 1293 1041
text 0.9583 1364 969 1389 1047
text 0.9583 2094 900 2167 932
text 0.9582 289 1154 367 1179
text 0.9571 1531 322 1556 395
text 0.9558 638 908 715 932
text 0.9542 1569 972 1596 1047
text 0.9534 1690 1084 1753 1117
text 0.9521 927 931 952 1008
text 0.9515 920 537 946 606
text 0.9511 673 530 699 586
text 0.9495 1464 970 1490 1046
text 0.9492 1829 730 1860 792
text 0.9484 1526 1166 1563 1198
text 0.9479 473 434 570 554
text 0.9478 1010 56 1054 81
text 0.9478 2233 94 2259 151
text 0.9473 1928 997 1955 1046
text 0.9471 1989 440 2013 491
text 0.9452 2536 1073 2561 1134
text 0.9446 1874 1338 1905 1407
text 0.9429 749 743 827 769
text 0.9428 257 579 294 668
text 0.9413 1696 553 1766 579
text 0.9412 1621 971 1648 1041
text 0.9410 408 125 488 157
text 0.9408 2442 1068 2467 1135
text 0.9401 1009 282 1053 308
text 0.9390 826 996 851 1052
text 0.9357 2056 156 2119 181
text 0.9357 1312 833 1337 903
text 0.9355 283 687 360 719
text 0.9354 2524 868 2549 927
text 0.9347 656 688 732 718
text 0.9340 2484 252 2554 283
text 0.9338 2032 731 2057 794
text 0.9335 1829 603 1886 630
text 0.9328 2088 97 2114 154
text 0.9306 1865 1413 1925 1443
text 0.9293 1696 706 1760 732
text 0.9290 1696 832 1770 858
text 0.9283 1463 484 1488 555
text 0.9252 1949 105 1973 167
text 0.9241 965 641 990 718
text 0.9233 1614 410 1639 473
text 0.9232 2107 1152 2165 1183
text 0.9227 1778 572 1810 640
text 0.9215 1772 1185 1804 1210
text 0.9206 1273 271 1316 300
text 0.9205 2193 157 2259 180
text 0.9203 800 882 877 907
text 0.9188 292 1310 384 1343
text 0.9185 2473 1123 2498 1177
text 0.9182 1267 1165 1301 1197
text 0.9167 1670 977 1699 1037
text 0.9163 1879 410 1939 440
text 0.9158 239 1235 270 1297
text 0.9148 2466 801 2522 831
text 0.9144 2074 724 2100 787
text 0.9138 1083 857 1144 882
text 0.9126 410 567 478 1195
text 0.9114 760 794 820 826
text 0.9112 1245 733 1322 758
text 0.9111 2176 1262 2213 1335
text 0.9087 1693 732 1762 759
text 0.9066 1376 699 1401 766
text 0.9055 1065 638 1142 667
text 0.9002 1438 794 1463 853
text 0.8995 1524 668 1590 693
text 0.8990 804 497 878 521
text 0.8984 1033 902 1104 932
text 0.8957 669 996 694 1053
text 0.8933 1311 1009 1337 1086
text 0.8929 264 434 342 459
text 0.8917 736 391 802 415
text 0.8895 475 1237 549 1267
text 0.8871 775 996 801 1051
text 0.8847 1890 49 1949 80
text 0.8845 210 974 320 1110
text 0.8840 1975 56 2006 108
text 0.8833 731 56 787 92
text 0.8832 2251 731 2313 762
text 0.8799 385 567 409 623
text 0.8790 1179 930 1205 1015
text 0.8779 1281 1397 1323 1424
text 0.8742 837 636 907 661
text 0.8740 1464 787 1538 812
text 0.8721 1949 793 2021 831
text 0.8709 1015 1393 1059 1419
text 0.8704 1068 694 1142 719
text 0.8695 2536 1142 2562 1204
text 0.8689 1254 49 1293 80
text 0.8670 385 263 410 315
text 0.8651 1693 579 1767 604
text 0.8613 2411 169 2466 200
text 0.8600 959 389 1029 415
text 0.8578 2353 33 2398 80
text 0.8548 1948 200 2010 227
text 0.8526 1066 799 1142 825
text 0.8524 69 692 101 736
text 0.8517 2373 981 2397 1035
text 0.8517 220 138 252 230
text 0.8505 2246 857 2316 892
text 0.8458 695 996 719 1054
text 0.8451 1433 585 1460 659
text 0.8435 1773 61 1811 87
text 0.8424 1759 341 1792 416
text 0.8416 1070 743 1142 770
text 0.8414 725 996 750 1053
text 0.8383 1861 517 1918 542
text 0.8374 101 1204 209 1332
text 0.8345 220 529 258 647
text 0.8340 1955 434 1985 490
text 0.8318 125 476 166 749
text 0.8312 1515 49 1558 75
text 0.8298 933 650 958 713
text 0.8264 2069 1346 2119 1380
text 0.8256 1501 322 1527 396
text 0.8243 2523 731 2549 795
text 0.8224 1067 579 1139 606
text 0.8171 246 762 300 788
text 0.8164 2307 674 2365 705
text 0.8164 498 1317 547 1350
text 0.8161 133 457 207 721
text 0.8159 650 661 734 687
text 0.8107 719 269 795 308
text 0.8105 1815 31 1847 92
text 0.8076 1698 784 1768 808
text 0.8051 2134 557 2164 619
text 0.8041 423 391 447 465
text 0.8018 726 711 802 743
text 0.7983 1961 731 1987 787
text 0.7977 2139 623 2164 689
text 0.7967 2342 138 2402 169
text 0.7951 796 996 824 1052
text 0.7917 1027 743 1053 819
text 0.7915 1206 636 1279 665
text 0.7907 1772 1381 1810 1406
text 0.7866 1696 497 1754 522
text 0.7861 1828 667 1886 693
text 0.7854 734 660 804 687
text 0.7840 1967 1317 1999 1386
text 0.7818 2254 825 2318 856
text 0.7792 1357 486 1382 561
text 0.7791 642 415 712 446
text 0.7783 2466 1222 2517 1249
text 0.7708 745 996 771 1054
text 0.7695 2102 421 2162 452
text 0.7651 1912 937 1943 988
text 0.7633 1401 323 1425 392
text 0.7604 1292 587 1317 666
text 0.7601 1888 1217 1957 1243
text 0.7571 1782 253 1822 281
text 0.7550 1451 323 1476 397
text 0.7456 1773 869 1830 901
text 0.7423 951 507 987 575
text 0.7420 1787 1134 1836 1160
text 0.7332 1068 524 1141 556
text 0.7295 2037 1223 2081 1254
text 0.7292 2195 1103 2239 1133
text 0.7278 2462 775 2519 801
text 0.7272 1186 874 1211 909
text 0.7266 984 528 1060 554
text 0.7226 1557 322 1584 397
text 0.7192 836 679 867 736
text 0.7187 1534 1388 1575 1423
text 0.7186 1696 472 1752 498
text 0.7184 1742 1028 1810 1052
text 0.7181 742 472 817 498
text 0.7175 1048 403 1073 478
text 0.7153 872 851 948 876
text 0.7142 2213 1078 2269 1107
text 0.7119 234 831 259 888
text 0.7105 2452 675 2485 725
text 0.7081 733 884 793 907
text 0.7077 1957 491 1980 546
text 0.7074 160 482 221 694
text 0.7044 2403 1070 2435 1140
text 0.7016 1830 567 1886 593
text 0.6917 2038 410 2063 464
text 0.6880 1951 169 2007 199
text 0.6823 643 997 669 1055
text 0.6732 1026 831 1099 858
text 0.6688 1696 522 1761 548
text 0.6568 1224 564 1302 596
text 0.6566 1847 825 1900 851
text 0.6523 720 1381 795 1418
text 0.6465 1749 977 1803 1001
text 0.6414 2078 17 2130 47
text 0.6412 952 780 977 853
text 0.6274 2114 983 2152 1033
text 0.6118 1697 630 1764 655
text 0.6117 290 1123 365 1153
text 0.6102 1496 705 1521 775
text 0.6030 2108 1077 2169 1108
text 0.6019 1710 1113 1765 1146
text 0.5988 1086 775 1141 800
text 0.5898 1696 978 1726 1041
text 0.5898 1225 701 1301 729
text 0.5893 1602 975 1630 1041
text 0.5813 1079 718 1142 743
text 0.5812 1402 492 1432 566
text 0.5757 897 697 920 755
text 0.5659 290 718 365 749
text 0.5375 2108 659 2139 717
text 0.5329 832 567 908 599
text 0.5176 2007 732 2031 788
text 0.5107 2052 492 2079 541
text 0.4975 2103 521 2154 552
text 0.3651 1351 318 1378 392
text 0.3017 1691 777 1770 799
pins 0.9785 2011 42 2054 226
pins 0.9757 2120 762 2189 830
pins 0.9694 2296 33 2340 210
pins 0.9656 1974 824 2085 1184
pins 0.9569 2271 888 2315 1110
pins 0.9471 2124 1174 2188 1234
pins 0.9113 2385 762 2450 833
pins 0.8785 2151 38 2195 213
pins 0.8782 2387 1160 2450 1242
pins 0.8732 1905 1073 1950 1179
pins 0.8156 1905 823 1950 934
pins 0.7181 44 786 159 1153
pins 0.3269 2163 50 2214 227
component 0.9823 53 566 107 651
component 0.9126 1911 1272 1932 1317
component 0.8998 2347 210 2379 284
component 0.8880 2284 439 2353 666
component 0.8712 2492 839 2516 857
component 0.8610 2499 465 2530 539
component 0.8172 485 1369 556 1419
ic 0.8593 1796 347 1860 422
ic 0.6769 1895 131 1935 178
ic 0.5628 1889 105 1929 162
diode 0.9726 2162 954 2245 1047
diode 0.9647 2195 212 2271 303
diode 0.9588 2214 1135 2309 1217
diode 0.9452 37 547 125 682
diode 0.9410 2340 203 2422 288
diode 0.9382 450 1353 596 1437
transistor 0.9589 1841 988 1925 1067
transistor 0.9272 2050 1253 2128 1343
transistor 0.9174 1803 888 1895 970
transistor 0.8666 1961 1191 2037 1282
