connector 0.9892 50 784 459 1159
connector 0.9737 738 1204 1917 1379
connector 0.9722 1930 1192 1974 1368
connector 0.9718 716 88 1884 259
resistor 0.9691 471 1299 491 1349
resistor 0.9632 1848 477 1867 522
resistor 0.9618 611 1299 636 1350
resistor 0.9617 1898 478 1918 523
resistor 0.9565 1924 479 1948 523
resistor 0.9560 1785 738 1807 780
resistor 0.9543 1798 477 1817 524
resistor 0.9464 1740 649 1784 674
resistor 0.9438 680 1355 724 1380
resistor 0.9414 720 362 769 384
resistor 0.9328 467 1387 562 1412
resistor 0.9325 2352 118 2372 162
resistor 0.9288 675 1256 721 1274
resistor 0.9284 1193 624 1212 670
resistor 0.9093 593 157 644 176
resistor 0.9020 518 744 542 794
resistor 0.9004 107 252 148 270
resistor 0.8967 328 1298 353 1350
resistor 0.8928 317 756 367 782
resistor 0.8882 795 352 838 372
resistor 0.8701 69 742 94 794
resistor 0.8633 2258 681 2301 704
resistor 0.8542 82 603 149 629
resistor 0.8448 467 1079 509 1096
resistor 0.8434 1193 576 1211 625
resistor 0.8419 656 259 702 282
resistor 0.8329 1918 948 1943 996
resistor 0.8288 764 35 808 60
resistor 0.8243 489 838 531 864
resistor 0.8030 467 1050 510 1070
resistor 0.7784 2208 786 2227 831
resistor 0.7752 1418 669 1466 694
resistor 0.7572 819 535 874 555
resistor 0.7548 1418 598 1463 624
resistor 0.7526 675 1278 711 1313
resistor 0.7470 2212 1098 2233 1141
resistor 0.7394 816 378 858 398
resistor 0.7347 823 499 864 522
resistor 0.6978 663 125 729 217
resistor 0.6828 1418 723 1465 743
resistor 0.6606 448 144 466 194
resistor 0.6217 681 775 724 800
resistor 0.6053 2360 522 2385 567
pads 0.9863 2410 1077 2484 1221
pads 0.9856 2497 1079 2567 1222
pads 0.9688 2328 1077 2404 1223
pads 0.9655 484 1159 561 1257
pads 0.9594 136 548 245 599
pads 0.9571 1235 852 1255 894
pads 0.9400 221 496 240 540
pads 0.9271 101 423 211 529
pads 0.9152 251 460 296 563
pads 0.9112 101 549 119 596
pads 0.9103 68 401 87 447
pads 0.9039 1027 511 1048 554
pads 0.8713 221 1273 271 1292
pads 0.8667 499 1261 550 1280
pads 0.8597 1130 711 1154 764
pads 0.8577 360 1260 411 1280
pads 0.8492 69 452 88 497
pads 0.8473 120 352 145 403
pads 0.8467 214 349 302 427
pads 0.8192 1193 674 1211 719
pads 0.7878 1192 724 1216 771
capacitor 0.9977 1633 560 1646 579
capacitor 0.9923 1274 833 1292 877
capacitor 0.9823 1577 1008 1591 1034
capacitor 0.9811 1734 997 1747 1021
capacitor 0.9743 1268 718 1293 733
capacitor 0.9714 769 737 784 768
capacitor 0.9699 807 713 850 812
capacitor 0.9698 1079 510 1096 553
capacitor 0.9679 1634 825 1647 855
capacitor 0.9632 631 1039 650 1058
capacitor 0.9578 1281 511 1300 553
capacitor 0.9569 1671 838 1696 856
capacitor 0.9560 2253 1342 2401 1416
capacitor 0.9529 1357 447 1400 546
capacitor 0.9523 2342 723 2366 736
capacitor 0.9519 610 946 624 971
capacitor 0.9492 1181 511 1199 554
capacitor 0.9487 925 661 969 680
capacitor 0.9456 1639 591 1663 604
capacitor 0.9410 928 970 970 990
capacitor 0.9397 1875 806 1899 825
capacitor 0.9361 1229 510 1249 554
capacitor 0.9333 1129 510 1148 554
capacitor 0.9326 1335 509 1354 553
capacitor 0.9312 926 611 970 630
capacitor 0.9310 1192 850 1211 893
capacitor 0.9307 926 713 971 731
capacitor 0.9291 927 511 946 555
capacitor 0.9261 338 334 399 359
capacitor 0.9218 927 813 971 837
capacitor 0.9217 2336 749 2384 769
capacitor 0.9200 1735 852 1760 865
capacitor 0.9198 927 920 971 939
capacitor 0.9195 927 870 970 888
capacitor 0.9193 576 942 593 971
capacitor 0.9192 587 744 605 768
capacitor 0.9157 1356 777 1398 794
capacitor 0.9109 2095 238 2119 250
capacitor 0.9109 1829 540 1855 555
capacitor 0.9098 1142 1020 1168 1065
capacitor 0.9049 1092 1019 1116 1064
capacitor 0.9018 1671 996 1689 1016
capacitor 0.8939 1572 738 1590 757
capacitor 0.8918 1042 1020 1065 1065
capacitor 0.8832 1592 542 1614 559
capacitor 0.8821 505 812 530 826
capacitor 0.8814 1131 851 1154 902
capacitor 0.8802 1810 754 1841 773
capacitor 0.8776 968 511 991 555
capacitor 0.8757 138 1179 169 1247
capacitor 0.8753 1706 566 1733 580
capacitor 0.8750 1617 725 1637 744
capacitor 0.8745 1196 1020 1217 1064
capacitor 0.8723 1253 775 1293 795
capacitor 0.8722 662 748 680 769
capacitor 0.8708 1248 1017 1268 1065
capacitor 0.8664 1759 706 1784 719
capacitor 0.8660 1730 725 1749 751
capacitor 0.8651 1128 687 1173 711
capacitor 0.8643 1284 458 1300 491
capacitor 0.8598 2222 1009 2266 1028
capacitor 0.8560 1672 566 1692 584
capacitor 0.8559 2201 37 2346 108
capacitor 0.8456 1873 1027 1898 1046
capacitor 0.8419 789 421 808 434
capacitor 0.8400 1828 811 1860 828
capacitor 0.8350 1616 1028 1640 1045
capacitor 0.8322 1308 776 1348 794
capacitor 0.8278 246 712 295 731
capacitor 0.8257 1665 718 1679 742
capacitor 0.8254 2339 322 2367 333
capacitor 0.8244 2223 1313 2268 1338
capacitor 0.8203 1836 1029 1860 1045
capacitor 0.8199 522 624 593 655
capacitor 0.8188 1128 810 1154 857
capacitor 0.8186 1768 978 1790 994
capacitor 0.8123 1602 611 1621 629
capacitor 0.8013 689 839 724 859
capacitor 0.8009 1325 1016 1343 1066
capacitor 0.8005 1298 1017 1317 1064
capacitor 0.7997 151 610 176 623
capacitor 0.7968 1756 591 1785 610
capacitor 0.7886 670 933 695 951
capacitor 0.7844 491 888 541 913
capacitor 0.7783 1176 776 1218 801
capacitor 0.7773 1873 539 1900 553
capacitor 0.7767 1293 896 1312 941
capacitor 0.7616 756 275 802 299
capacitor 0.7615 2340 294 2384 313
capacitor 0.7604 504 860 529 890
capacitor 0.7569 452 579 521 605
capacitor 0.7547 446 321 510 353
capacitor 0.7459 1590 814 1615 833
capacitor 0.7379 1601 881 1631 928
capacitor 0.7378 926 738 970 757
capacitor 0.7302 1422 800 1470 820
capacitor 0.7276 1759 838 1785 850
capacitor 0.7211 695 1008 718 1028
capacitor 0.7210 2206 1029 2220 1056
capacitor 0.7183 1231 674 1280 693
capacitor 0.7140 1426 864 1468 883
capacitor 0.7070 1421 645 1470 671
capacitor 0.7041 1417 776 1470 795
capacitor 0.6932 1420 913 1470 939
capacitor 0.6620 1419 747 1470 770
capacitor 0.6461 1854 755 1882 774
capacitor 0.6418 587 1027 600 1053
capacitor 0.6215 518 270 593 301
capacitor 0.5956 898 509 920 553
capacitor 0.5953 681 877 724 900
capacitor 0.5773 1807 1004 1837 1026
capacitor 0.5620 650 748 664 768
capacitor 0.3266 1053 507 1070 553
capacitor 0.3187 1581 883 1622 902
capacitor 0.3113 952 508 973 554
text 0.9853 1628 473 1653 546
text 0.9812 1728 1026 1754 1103
text 0.9792 68 540 94 599
text 0.9785 1327 421 1351 490
text 0.9780 618 83 650 148
text 0.9776 1521 257 1922 346
text 0.9769 769 1375 801 1438
text 0.9762 1222 1070 1248 1147
text 0.9716 403 132 441 202
text 0.9701 315 1179 340 1236
text 0.9700 1279 566 1306 629
text 0.9695 1822 1161 1898 1198
text 0.9685 1218 566 1248 623
text 0.9668 460 1103 517 1135
text 0.9666 826 1051 858 1120
text 0.9659 848 605 920 631
text 0.9654 213 1299 278 1324
text 0.9639 119 291 145 348
text 0.9637 2574 1116 2605 1203
text 0.9604 1191 1070 1216 1145
text 0.9594 2043 914 2144 1035
text 0.9586 1742 562 1816 587
text 0.9585 1846 415 1868 472
text 0.9581 447 535 524 566
text 0.9566 2440 732 2485 1016
text 0.9557 57 264 82 328
text 0.9550 1275 1072 1300 1149
text 0.9536 920 427 946 491
text 0.9529 712 54 744 125
text 0.9507 612 1360 642 1413
text 0.9497 2138 254 2207 898
text 0.9480 1072 414 1097 491
text 0.9478 1665 458 1692 532
text 0.9475 1088 1070 1117 1146
text 0.9466 2295 358 2406 496
text 0.9459 1330 1070 1356 1153
text 0.9427 1035 1071 1062 1142
text 0.9424 1130 916 1155 986
text 0.9421 845 657 922 681
text 0.9412 517 681 543 738
text 0.9412 56 334 82 390
text 0.9406 1343 801 1415 832
text 0.9405 1230 413 1254 489
text 0.9404 655 682 687 736
text 0.9403 2069 200 2145 225
text 0.9399 1672 861 1697 933
text 0.9397 2415 1235 2448 1324
text 0.9395 856 863 922 888
text 0.9388 1789 590 1864 618
text 0.9382 1791 694 1868 727
text 0.9375 655 49 687 118
text 0.9363 304 705 366 732
text 0.9360 864 967 922 989
text 0.9346 1179 415 1203 489
text 0.9335 2254 750 2334 776
text 0.9326 1299 1166 1344 1191
text 0.9325 1129 414 1153 490
text 0.9303 1640 616 1666 686
text 0.9300 1325 1387 1362 1419
text 0.9290 2411 135 2517 263
text 0.9277 1663 1020 1690 1097
text 0.9240 108 661 165 693
text 0.9235 68 674 94 737
text 0.9227 453 779 477 846
text 0.9224 632 971 659 1031
text 0.9221 757 675 788 730
text 0.9180 59 1185 132 1218
text 0.9166 1669 591 1742 616
text 0.9165 859 914 920 939
text 0.9159 1060 1388 1103 1418
text 0.9151 1793 415 1817 471
text 0.9149 1884 749 1962 775
text 0.9146 1709 807 1779 832
text 0.9129 1559 1386 1607 1412
text 0.9123 1318 920 1349 995
text 0.9110 597 636 666 673
text 0.9097 2271 1003 2352 1033
text 0.9085 1413 447 1439 533
text 0.9081 1810 1051 1880 1077
text 0.9038 814 256 845 277
text 0.9028 1478 693 1541 720
text 0.9026 1801 971 1875 996
text 0.8971 978 997 1004 1053
text 0.8970 2069 119 2119 151
text 0.8967 454 1015 516 1044
text 0.8958 784 308 833 333
text 0.8947 717 611 775 642
text 0.8935 2347 168 2377 231
text 0.8923 809 1380 847 1399
text 0.8920 630 680 655 736
text 0.8915 1142 1070 1167 1146
text 0.8906 1299 706 1374 736
text 0.8884 1797 642 1853 674
text 0.8844 1822 43 1898 86
text 0.8833 1021 419 1046 493
text 0.8824 730 831 788 864
text 0.8822 807 827 839 895
text 0.8820 1280 384 1305 458
text 0.8818 676 480 705 524
text 0.8812 972 419 996 492
text 0.8802 1903 535 1980 560
text 0.8797 1591 1051 1662 1078
text 0.8797 555 1006 579 1062
text 0.8797 1235 904 1262 978
text 0.8797 663 424 688 465
text 0.8767 2322 796 2360 890
text 0.8763 856 713 922 737
text 0.8761 499 1284 558 1309
text 0.8727 847 318 906 350
text 0.8691 2163 1387 2243 1418
text 0.8684 1949 408 1975 467
text 0.8684 820 415 877 440
text 0.8675 1515 535 1584 561
text 0.8647 1216 699 1244 768
text 0.8642 2251 287 2329 317
text 0.8575 220 1379 264 1438
text 0.8573 131 743 164 794
text 0.8572 1899 414 1924 473
text 0.8524 2361 1236 2397 1324
text 0.8516 1558 43 1602 75
text 0.8497 1565 1160 1608 1185
text 0.8492 297 611 367 642
text 0.8489 1053 1167 1103 1198
text 0.8462 2360 828 2398 933
text 0.8459 1642 887 1670 961
text 0.8458 560 676 588 731
text 0.8442 453 283 512 314
text 0.8429 1478 855 1565 881
text 0.8421 865 352 929 384
text 0.8369 1041 42 1079 74
text 0.8360 2230 119 2328 156
text 0.8348 794 1186 832 1211
text 0.8328 1520 611 1590 636
text 0.8292 807 57 844 88
text 0.8276 1299 1073 1327 1149
text 0.8227 1820 561 1892 586
text 0.8218 498 87 549 119
text 0.8195 2168 994 2199 1074
text 0.8162 997 420 1022 492
text 0.8156 220 425 246 486
text 0.8156 2126 1311 2205 1336
text 0.8130 946 426 972 491
text 0.8108 1902 1021 1974 1051
text 0.8100 694 24 751 56
text 0.8084 358 1316 385 1375
text 0.8055 1554 914 1632 938
text 0.8016 151 1270 209 1299
text 0.8009 1476 667 1540 692
text 0.7985 668 1387 725 1418
text 0.7983 1744 947 1805 974
text 0.7977 1809 782 1883 806
text 0.7976 611 1257 669 1293
text 0.7966 181 327 213 394
text 0.7861 1477 586 1533 613
text 0.7843 252 756 310 788
text 0.7803 604 1236 668 1269
text 0.7785 150 334 178 402
text 0.7774 852 813 920 838
text 0.7770 1081 656 1155 680
text 0.7737 99 214 149 245
text 0.7733 1309 863 1364 902
text 0.7730 534 213 580 245
text 0.7730 1546 989 1570 1065
text 0.7724 1477 750 1552 779
text 0.7692 859 738 922 764
text 0.7685 1291 37 1335 68
text 0.7651 464 434 504 485
text 0.7637 1478 641 1553 666
text 0.7605 543 924 568 976
text 0.7598 1244 736 1317 771
text 0.7579 1628 747 1653 819
text 0.7558 1889 782 1971 807
text 0.7524 302 571 371 603
text 0.7522 890 428 920 491
text 0.7491 1481 800 1553 825
text 0.7473 452 851 486 916
text 0.7401 1053 271 1091 295
text 0.7382 1404 559 1431 592
text 0.7363 1302 735 1371 765
text 0.7313 446 1175 478 1232
text 0.7304 1098 817 1123 880
text 0.7267 1658 751 1684 818
text 0.7251 1047 414 1072 490
text 0.7240 1830 1372 1884 1409
text 0.7181 678 1027 738 1053
text 0.7178 1318 271 1350 295
text 0.7158 2517 723 2548 776
text 0.7136 792 567 856 598
text 0.6915 465 918 529 946
text 0.6825 814 467 865 492
text 0.6806 587 681 612 738
text 0.6760 361 1287 419 1311
text 0.6743 1021 775 1089 800
text 0.6700 1475 915 1545 945
text 0.6690 354 365 409 391
text 0.6680 732 876 788 901
text 0.6628 1591 696 1621 768
text 0.6488 2209 1153 2233 1203
text 0.6482 1754 727 1779 788
text 0.6465 697 926 756 952
text 0.6253 1279 668 1349 698
text 0.6244 1476 887 1556 913
text 0.6123 1249 1071 1275 1148
text 0.6047 1497 825 1573 852
text 0.5981 2255 316 2326 345
text 0.5975 1186 902 1215 977
text 0.5849 480 747 511 807
text 0.5844 1917 879 1942 938
text 0.5801 731 775 789 800
text 0.5644 1479 775 1558 801
text 0.5596 2254 716 2316 749
text 0.5508 1811 726 1861 752
text 0.5462 2131 1272 2212 1308
text 0.5349 1475 724 1542 751
text 0.5308 2209 845 2233 902
text 0.5281 2360 573 2385 633
text 0.4395 1004 1073 1034 1141
text 0.4303 1098 412 1122 489
text 0.3325 461 896 516 932
text 0.3114 357 1262 406 1289
text 0.3113 855 830 921 856
text 0.3085 850 625 921 651
text 0.3028 1199 410 1226 491
pins 0.9744 669 289 713 392
pins 0.9738 562 1252 607 1421
pins 0.9607 531 287 643 635
pins 0.9457 302 361 345 580
pins 0.9375 422 1252 468 1425
pins 0.9243 276 1255 320 1437
pins 0.9104 430 637 497 705
pins 0.9069 165 638 230 705
pins 0.9057 164 225 227 302
pins 0.8653 2460 318 2574 675
pins 0.7430 428 233 492 291
pins 0.7192 669 535 712 641
component 0.9933 688 152 707 192
component 0.9743 2510 814 2561 894
component 0.9456 265 797 333 1026
component 0.9270 2061 44 2125 97
component 0.7828 88 926 119 998
component 0.7657 101 605 125 623
component 0.6887 237 1183 273 1257
ic 0.8651 757 1046 821 1116
ic 0.7766 687 1311 719 1349
diode 0.9792 196 1179 276 1261
diode 0.9623 346 1161 422 1254
diode 0.9483 2020 26 2164 114
diode 0.9363 372 422 454 510
diode 0.9199 309 245 402 327
diode 0.8674 2493 783 2579 919
transistor 0.9476 694 403 772 478
transistor 0.9447 484 123 567 212
transistor 0.8467 716 494 815 579
transistor 0.8401 577 188 656 277
