connector 0.9670 2364 2501 2609 2618
connector 0.9593 1420 2491 1660 2612
connector 0.9142 503 2492 734 2610
resistor 0.9974 175 1088 205 1101
resistor 0.9963 285 961 296 1002
resistor 0.9963 215 1317 229 1350
resistor 0.9911 1383 2018 1393 2057
resistor 0.9907 1115 180 1124 220
resistor 0.9893 1295 288 1324 301
resistor 0.9891 482 959 497 991
resistor 0.9888 1203 178 1215 216
resistor 0.9885 552 1317 565 1354
resistor 0.9882 2725 1267 2739 1305
resistor 0.9868 1113 911 1159 946
resistor 0.9849 1294 375 1324 387
resistor 0.9840 1294 449 1322 463
resistor 0.9833 1612 1095 1641 1109
resistor 0.9830 552 962 561 1001
resistor 0.9829 789 1068 841 1109
resistor 0.9829 977 181 996 219
resistor 0.9827 463 958 473 998
resistor 0.9827 1650 1313 1660 1353
resistor 0.9824 1670 1318 1688 1353
resistor 0.9819 375 1317 385 1352
resistor 0.9807 405 513 445 526
resistor 0.9791 955 1307 991 1348
resistor 0.9771 943 620 968 658
resistor 0.9769 1189 624 1204 657
resistor 0.9765 1027 180 1036 215
resistor 0.9762 615 1244 651 1258
resistor 0.9747 1609 2017 1629 2057
resistor 0.9731 1049 1328 1079 1347
resistor 0.9731 1610 1000 1639 1018
resistor 0.9720 1295 215 1323 232
resistor 0.9716 1847 2017 1859 2055
resistor 0.9715 1611 1161 1640 1178
resistor 0.9707 918 373 958 390
resistor 0.9702 1423 2018 1432 2056
resistor 0.9701 692 920 751 952
resistor 0.9700 1745 958 1757 988
resistor 0.9686 404 419 445 436
resistor 0.9684 1677 961 1690 991
resistor 0.9675 176 1172 206 1187
resistor 0.9648 1984 961 2005 988
resistor 0.9627 78 370 107 387
resistor 0.9623 216 966 233 990
resistor 0.9620 1066 1400 1095 1418
resistor 0.9607 3984 850 4013 863
resistor 0.9602 1293 592 1321 615
resistor 0.9592 1119 626 1145 654
resistor 0.9585 1186 2017 1206 2055
resistor 0.9583 179 1247 208 1259
resistor 0.9578 919 218 957 231
resistor 0.9567 959 982 1023 1034
resistor 0.9548 1611 1254 1640 1266
resistor 0.9541 2628 1268 2647 1305
resistor 0.9534 1924 2017 1953 2053
resistor 0.9527 1001 555 1027 578
resistor 0.9524 2057 1277 2096 1290
resistor 0.9511 919 298 959 318
resistor 0.9500 3095 753 3124 766
resistor 0.9499 2695 821 2704 860
resistor 0.9461 1524 2017 1534 2058
resistor 0.9460 2057 1157 2086 1176
resistor 0.9440 922 457 959 476
resistor 0.9437 382 1371 439 1396
resistor 0.9437 1987 1324 2007 1355
resistor 0.9422 304 1319 316 1355
resistor 0.9407 613 1084 654 1110
resistor 0.9402 3785 279 3816 298
resistor 0.9394 1687 1038 1700 1068
resistor 0.9391 921 505 957 528
resistor 0.9375 1036 620 1047 655
resistor 0.9352 1285 2017 1295 2057
resistor 0.9350 1363 991 1415 1031
resistor 0.9320 2053 1009 2091 1025
resistor 0.9309 77 524 117 545
resistor 0.9305 1295 538 1324 549
resistor 0.9283 612 1173 654 1188
resistor 0.9262 2777 1268 2789 1305
resistor 0.9227 3953 1309 3983 1326
resistor 0.9226 3510 575 3548 595
resistor 0.9180 1906 963 1918 994
resistor 0.9123 3647 376 3677 396
resistor 0.9115 920 601 950 627
resistor 0.9096 533 1231 554 1263
resistor 0.9088 614 1316 652 1336
resistor 0.9074 1750 2018 1768 2057
resistor 0.9007 375 960 387 994
resistor 0.8999 1660 2017 1680 2053
resistor 0.8889 720 2057 750 2068
resistor 0.8872 2056 1252 2086 1266
resistor 0.8869 1897 1326 1914 1355
resistor 0.8840 1358 1045 1392 1076
resistor 0.8800 1739 1325 1754 1355
resistor 0.8778 3007 485 3039 502
resistor 0.8749 2677 1025 2746 1127
resistor 0.8718 2055 1094 2085 1109
resistor 0.8691 306 962 326 993
resistor 0.8688 4043 843 4082 862
resistor 0.8568 1579 889 1616 906
resistor 0.8560 830 2057 868 2068
resistor 0.8550 794 1005 865 1033
resistor 0.8544 1176 180 1196 218
resistor 0.8543 1830 1316 1849 1355
resistor 0.8498 918 525 947 545
resistor 0.8333 1136 1404 1165 1420
resistor 0.8276 1832 959 1844 990
resistor 0.8194 1358 1105 1412 1145
resistor 0.8087 617 999 649 1018
resistor 0.8044 1809 964 1829 991
resistor 0.7950 890 556 955 585
resistor 0.7863 1208 834 1246 890
resistor 0.7801 1651 964 1670 991
resistor 0.7695 623 1020 680 1050
resistor 0.7656 1809 1314 1829 1355
resistor 0.7594 771 1047 799 1070
resistor 0.7327 3784 438 3814 474
resistor 0.7325 3795 503 3825 521
resistor 0.7274 1252 624 1279 666
resistor 0.7155 3072 1333 3156 1362
resistor 0.7099 2858 1089 2868 1118
resistor 0.7026 3223 870 3252 888
resistor 0.6981 3794 325 3823 337
resistor 0.6925 4041 941 4073 962
resistor 0.6786 3144 749 3172 765
resistor 0.6534 1333 1503 1363 1562
resistor 0.6323 1967 961 1988 990
resistor 0.4823 1887 2017 1910 2055
resistor 0.4552 911 345 948 364
resistor 0.3096 624 1279 664 1311
capacitor 0.9937 352 1208 388 1281
capacitor 0.9921 1849 581 1878 596
capacitor 0.9904 1234 729 1261 790
capacitor 0.9898 1315 1507 1325 1564
capacitor 0.9896 3033 719 3085 741
capacitor 0.9896 1137 339 1165 389
capacitor 0.9887 1325 740 1344 795
capacitor 0.9885 1496 1434 1599 1476
capacitor 0.9879 1847 1033 1859 1063
capacitor 0.9878 1017 719 1126 770
capacitor 0.9866 829 922 860 940
capacitor 0.9859 997 722 1014 776
capacitor 0.9858 277 827 305 841
capacitor 0.9850 1384 259 1490 306
capacitor 0.9829 1514 1236 1562 1255
capacitor 0.9824 1844 1228 1858 1269
capacitor 0.9822 2983 815 3032 833
capacitor 0.9821 344 2020 375 2039
capacitor 0.9812 851 725 869 771
capacitor 0.9804 1471 981 1520 1002
capacitor 0.9786 523 791 631 842
capacitor 0.9786 2440 736 2544 772
capacitor 0.9767 188 1530 291 1573
capacitor 0.9760 1140 745 1158 780
capacitor 0.9759 1069 1702 1174 1750
capacitor 0.9752 1564 565 1679 612
capacitor 0.9743 1209 1513 1237 1551
capacitor 0.9737 2431 328 2539 376
capacitor 0.9720 830 852 860 872
capacitor 0.9698 1352 1199 1415 1256
capacitor 0.9697 367 1032 389 1079
capacitor 0.9689 2424 792 2529 841
capacitor 0.9672 1376 1361 1411 1388
capacitor 0.9669 602 1386 712 1433
capacitor 0.9653 528 733 635 780
capacitor 0.9643 1681 474 1800 517
capacitor 0.9639 390 1024 448 1093
capacitor 0.9634 987 397 1021 408
capacitor 0.9632 328 1131 390 1161
capacitor 0.9630 1195 1185 1240 1252
capacitor 0.9622 368 880 423 900
capacitor 0.9620 253 743 362 782
capacitor 0.9618 316 1901 432 1950
capacitor 0.9611 1106 428 1125 477
capacitor 0.9610 1134 1201 1185 1276
capacitor 0.9606 741 1439 762 1487
capacitor 0.9604 3934 1217 3993 1238
capacitor 0.9598 1840 1095 1886 1144
capacitor 0.9595 391 1183 467 1293
capacitor 0.9595 1514 1544 1571 1571
capacitor 0.9590 1194 400 1224 418
capacitor 0.9590 2439 258 2550 305
capacitor 0.9587 1261 1186 1323 1257
capacitor 0.9581 3342 1377 3384 1398
capacitor 0.9571 1829 1392 1865 1430
capacitor 0.9561 1368 906 1417 950
capacitor 0.9557 1131 976 1175 1028
capacitor 0.9554 279 879 333 900
capacitor 0.9547 3302 1790 3351 1809
capacitor 0.9543 594 1544 651 1565
capacitor 0.9535 1511 1038 1559 1056
capacitor 0.9523 2066 1930 2180 1977
capacitor 0.9522 1669 180 1776 232
capacitor 0.9509 1028 881 1100 932
capacitor 0.9502 1151 1274 1170 1305
capacitor 0.9490 3306 1610 3339 1631
capacitor 0.9482 1798 872 1845 898
capacitor 0.9473 1083 669 1137 705
capacitor 0.9473 1588 749 1664 778
capacitor 0.9469 406 1988 512 2036
capacitor 0.9467 1780 1103 1819 1142
capacitor 0.9467 816 1398 860 1421
capacitor 0.9464 21 964 125 1008
capacitor 0.9455 1768 803 1876 850
capacitor 0.9447 1393 664 1500 702
capacitor 0.9435 3411 1457 3449 1473
capacitor 0.9429 3101 1494 3160 1514
capacitor 0.9424 713 1362 743 1378
capacitor 0.9410 3222 1540 3262 1559
capacitor 0.9407 3075 1426 3189 1474
capacitor 0.9403 680 1538 796 1580
capacitor 0.9394 1377 1422 1411 1448
capacitor 0.9392 2437 435 2521 477
capacitor 0.9377 3031 355 3140 396
capacitor 0.9369 779 1751 888 1800
capacitor 0.9361 695 1218 737 1238
capacitor 0.9345 1525 1386 1572 1407
capacitor 0.9341 2017 1956 2047 1971
capacitor 0.9339 1425 1455 1466 1475
capacitor 0.9337 1395 883 1433 920
capacitor 0.9330 1068 446 1099 480
capacitor 0.9312 1197 1254 1248 1323
capacitor 0.9307 1824 1434 1870 1453
capacitor 0.9299 1199 989 1241 1030
capacitor 0.9292 961 1065 1042 1110
capacitor 0.9281 3401 1613 3438 1632
capacitor 0.9275 565 1750 671 1798
capacitor 0.9274 2884 910 2936 929
capacitor 0.9269 1512 1305 1560 1327
capacitor 0.9252 818 1323 857 1345
capacitor 0.9245 1413 335 1470 354
capacitor 0.9216 799 1148 847 1198
capacitor 0.9211 1216 888 1263 920
capacitor 0.9208 1473 854 1533 872
capacitor 0.9208 1194 1147 1226 1183
capacitor 0.9202 1467 1106 1578 1148
capacitor 0.9197 1946 801 1994 831
capacitor 0.9196 1011 1172 1080 1224
capacitor 0.9172 3222 1790 3262 1809
capacitor 0.9158 663 750 786 808
capacitor 0.9130 1112 1031 1189 1092
capacitor 0.9128 997 380 1027 396
capacitor 0.9092 1366 850 1407 872
capacitor 0.9085 2898 968 3006 1018
capacitor 0.9062 1193 1074 1227 1106
capacitor 0.9057 1917 545 2026 593
capacitor 0.9024 3400 1548 3437 1566
capacitor 0.9020 4035 347 4061 362
capacitor 0.9017 555 1575 671 1624
capacitor 0.9004 1399 742 1497 782
capacitor 0.8992 1020 967 1097 1031
capacitor 0.8982 3030 448 3073 465
capacitor 0.8974 2055 1690 2085 1703
capacitor 0.8964 2078 1582 2194 1631
capacitor 0.8932 1767 1182 1787 1217
capacitor 0.8916 3905 1155 4023 1204
capacitor 0.8902 2768 339 2777 371
capacitor 0.8892 508 703 542 724
capacitor 0.8876 206 1435 255 1456
capacitor 0.8849 3033 692 3084 713
capacitor 0.8847 3402 1792 3440 1810
capacitor 0.8844 700 428 810 474
capacitor 0.8837 2924 829 2938 862
capacitor 0.8833 567 1690 669 1732
capacitor 0.8810 1433 1100 1455 1133
capacitor 0.8807 1780 1154 1836 1181
capacitor 0.8806 1067 473 1098 499
capacitor 0.8796 1195 378 1225 396
capacitor 0.8792 1262 1064 1308 1104
capacitor 0.8787 1316 1283 1360 1326
capacitor 0.8776 3308 1540 3347 1561
capacitor 0.8769 1568 626 1681 673
capacitor 0.8765 946 1212 1010 1272
capacitor 0.8749 1021 1036 1084 1084
capacitor 0.8744 3223 1614 3261 1634
capacitor 0.8719 2589 306 2609 358
capacitor 0.8717 693 239 802 287
capacitor 0.8707 948 1508 968 1565
capacitor 0.8704 1563 821 1680 870
capacitor 0.8697 1135 470 1163 502
capacitor 0.8652 691 986 739 1004
capacitor 0.8644 1897 1186 1919 1221
capacitor 0.8627 1760 1671 1880 1719
capacitor 0.8551 1326 1060 1353 1087
capacitor 0.8551 1426 711 1479 733
capacitor 0.8546 1925 1425 2036 1471
capacitor 0.8524 1068 376 1096 397
capacitor 0.8511 1507 1572 1580 1599
capacitor 0.8510 2875 941 2931 961
capacitor 0.8499 1900 1105 1919 1141
capacitor 0.8444 65 1038 120 1060
capacitor 0.8420 1326 974 1354 998
capacitor 0.8411 1136 1423 1166 1434
capacitor 0.8393 1863 1156 1910 1181
capacitor 0.8387 971 1114 1037 1173
capacitor 0.8371 1415 1515 1433 1563
capacitor 0.8327 2076 1525 2195 1571
capacitor 0.8271 692 1317 740 1341
capacitor 0.8254 1199 1363 1264 1420
capacitor 0.8205 840 239 887 258
capacitor 0.8203 881 1283 911 1315
capacitor 0.8199 780 1469 802 1511
capacitor 0.8194 2807 851 2865 872
capacitor 0.8138 393 1584 435 1599
capacitor 0.8123 947 881 991 938
capacitor 0.8045 2772 1082 2786 1118
capacitor 0.8044 2500 606 2540 629
capacitor 0.8012 563 697 635 737
capacitor 0.7960 881 868 918 891
capacitor 0.7946 938 719 959 773
capacitor 0.7905 3004 581 3035 605
capacitor 0.7903 781 1701 890 1749
capacitor 0.7880 2569 862 2617 882
capacitor 0.7858 877 965 916 1006
capacitor 0.7855 1488 1710 1601 1763
capacitor 0.7833 503 368 614 414
capacitor 0.7800 1320 847 1357 873
capacitor 0.7777 1476 921 1519 941
capacitor 0.7732 860 1221 879 1258
capacitor 0.7714 702 849 752 869
capacitor 0.7626 1568 681 1678 733
capacitor 0.7571 693 1178 753 1202
capacitor 0.7567 68 1301 114 1324
capacitor 0.7556 1571 773 1678 819
capacitor 0.7484 715 391 788 423
capacitor 0.7455 1395 850 1433 871
capacitor 0.7353 1431 536 1480 560
capacitor 0.7312 1171 1359 1223 1407
capacitor 0.7248 2045 1663 2092 1682
capacitor 0.7150 582 1650 651 1682
capacitor 0.7140 3263 1838 3379 1888
capacitor 0.7040 1324 870 1358 904
capacitor 0.7036 384 1101 481 1192
capacitor 0.6921 1003 1199 1059 1247
capacitor 0.6915 500 433 610 476
capacitor 0.6828 2140 1000 2245 1047
capacitor 0.6704 200 1493 254 1515
capacitor 0.6683 930 1197 978 1245
capacitor 0.6576 1414 1151 1433 1180
capacitor 0.6483 1492 1632 1598 1671
capacitor 0.6132 3265 1315 3390 1365
capacitor 0.5987 2758 1083 2777 1118
capacitor 0.5486 1174 1505 1213 1562
capacitor 0.4911 694 1168 741 1186
capacitor 0.4502 672 720 780 775
capacitor 0.4015 1490 1131 1576 1182
capacitor 0.3745 2441 410 2518 457
capacitor 0.3591 797 1182 858 1225
capacitor 0.3425 1165 1520 1197 1563
capacitor 0.3334 1004 1124 1053 1164
capacitor 0.3231 948 1092 1027 1167
capacitor 0.3057 1489 783 1536 804
text 0.9951 324 832 364 853
text 0.9914 1215 259 1244 283
text 0.9857 1123 799 1161 844
text 0.9825 574 1368 593 1412
text 0.9817 968 282 1008 310
text 0.9803 239 1363 275 1419
text 0.9785 210 895 238 951
text 0.9768 1661 1159 1699 1180
text 0.9763 733 1761 780 1781
text 0.9742 562 1236 603 1256
text 0.9739 364 742 414 772
text 0.9728 958 1672 998 1700
text 0.9718 653 583 683 622
text 0.9717 1205 1692 1234 1732
text 0.9712 1977 2009 2026 2036
text 0.9707 1216 1582 1245 1623
text 0.9705 1454 1239 1487 1268
text 0.9701 2371 437 2419 459
text 0.9685 1671 1365 1692 1401
text 0.9679 1592 249 1620 279
text 0.9649 2000 1159 2047 1180
text 0.9628 1977 1022 2004 1049
text 0.9624 1048 577 1073 617
text 0.9621 967 526 1008 554
text 0.9613 1184 577 1210 617
text 0.9613 483 1354 503 1405
text 0.9609 325 1354 346 1401
text 0.9605 1692 347 1729 369
text 0.9605 976 120 998 169
text 0.9602 1344 744 1372 795
text 0.9600 634 821 671 843
text 0.9598 1582 349 1620 387
text 0.9588 235 896 271 937
text 0.9588 1431 1544 1452 1594
text 0.9576 3182 744 3212 771
text 0.9567 504 1587 551 1614
text 0.9563 158 684 205 712
text 0.9557 1738 1365 1759 1408
text 0.9523 415 557 457 586
text 0.9494 1662 1245 1697 1269
text 0.9491 1738 900 1757 931
text 0.9478 265 1910 315 1938
text 0.9463 2057 1631 2096 1652
text 0.9456 3865 1219 3914 1248
text 0.9441 1976 2098 2026 2128
text 0.9439 1522 664 1572 685
text 0.9434 3261 1286 3321 1315
text 0.9431 2024 800 2054 831
text 0.9427 306 896 326 931
text 0.9426 888 777 913 820
text 0.9417 2926 249 2955 275
text 0.9400 3873 1138 3922 1159
text 0.9397 515 2296 550 2335
text 0.9397 1451 1082 1490 1110
text 0.9395 316 1584 355 1603
text 0.9384 661 478 701 505
text 0.9381 2630 979 2669 1009
text 0.9379 1898 915 1917 960
text 0.9369 2055 794 2104 814
text 0.9362 1445 912 1471 939
text 0.9357 509 1267 534 1346
text 0.9354 3753 1365 3816 1395
text 0.9353 278 1779 306 1810
text 0.9336 1205 126 1227 161
text 0.9329 1691 596 1729 636
text 0.9321 718 1158 774 1178
text 0.9321 1671 1512 1710 1533
text 0.9318 218 514 268 535
text 0.9314 409 637 453 659
text 0.9306 852 651 889 679
text 0.9299 1759 1719 1808 1741
text 0.9296 90 1088 137 1115
text 0.9292 634 1362 681 1387
text 0.9290 1501 338 1538 359
text 0.9281 267 2226 317 2255
text 0.9276 205 1367 237 1412
text 0.9272 2194 1591 2244 1613
text 0.9267 1917 726 1956 753
text 0.9263 218 1150 256 1170
text 0.9261 1580 1544 1629 1574
text 0.9257 1343 374 1381 396
text 0.9251 1568 909 1609 931
text 0.9240 524 1523 573 1546
text 0.9228 1510 773 1560 794
text 0.9227 0 1298 39 1327
text 0.9215 1987 907 2006 948
text 0.9210 197 1471 237 1499
text 0.9208 1324 259 1372 280
text 0.9208 1995 1247 2049 1274
text 0.9199 1116 577 1136 616
text 0.9181 881 1467 905 1507
text 0.9180 474 1018 493 1061
text 0.9174 1899 1365 1917 1405
text 0.9161 730 1497 770 1525
text 0.9143 660 120 688 158
text 0.9134 3055 949 3247 999
text 0.9133 1018 661 1038 706
text 0.9130 1273 791 1323 829
text 0.9128 950 785 976 820
text 0.9118 406 1350 435 1385
text 0.9097 1018 802 1039 821
text 0.9090 3271 951 3389 990
text 0.9086 735 1008 780 1029
text 0.9073 2359 713 2412 742
text 0.9067 166 1585 214 1606
text 0.9066 2377 338 2431 362
text 0.9064 1006 1712 1056 1742
text 0.9056 196 527 227 554
text 0.9056 1196 1780 1237 1810
text 0.9045 3390 1512 3445 1534
text 0.9039 3383 1592 3438 1614
text 0.9032 3222 833 3268 871
text 0.9025 2135 1404 2173 1424
text 0.9011 2036 564 2088 584
text 0.9008 300 1140 334 1162
text 0.9004 1164 2007 1185 2055
text 0.9002 582 290 612 326
text 0.8989 723 1594 752 1623
text 0.8981 1680 834 1730 862
text 0.8979 3994 1428 4033 1465
text 0.8979 1329 1467 1363 1500
text 0.8978 1739 149 1788 181
text 0.8973 3154 504 3193 526
text 0.8972 744 1084 788 1114
text 0.8967 266 1457 308 1492
text 0.8965 2213 2178 2253 2215
text 0.8959 2401 839 2451 863
text 0.8958 285 2016 335 2038
text 0.8954 2567 781 2607 823
text 0.8943 1028 123 1052 165
text 0.8934 2974 349 3024 377
text 0.8933 1720 804 1768 831
text 0.8931 650 286 701 308
text 0.8931 2896 832 2919 881
text 0.8925 1492 287 1541 309
text 0.8915 560 1615 630 1663
text 0.8913 1788 573 1829 595
text 0.8905 2588 238 2609 288
text 0.8897 1046 803 1073 825
text 0.8882 3913 1305 3953 1329
text 0.8861 1386 136 1424 158
text 0.8857 1669 746 1709 772
text 0.8849 1324 520 1379 544
text 0.8842 1218 1130 1273 1161
text 0.8842 1118 120 1138 158
text 0.8840 251 1019 277 1050
text 0.8834 2105 1417 2135 1454
text 0.8821 1809 1368 1829 1406
text 0.8805 465 915 484 942
text 0.8802 811 476 849 502
text 0.8800 2599 1030 2649 1060
text 0.8787 298 1760 353 1790
text 0.8777 1214 528 1238 558
text 0.8772 928 1584 959 1625
text 0.8765 543 1058 563 1093
text 0.8749 1173 408 1220 425
text 0.8748 652 438 703 467
text 0.8741 1660 1614 1717 1642
text 0.8731 2737 329 2765 387
text 0.8724 661 1002 703 1025
text 0.8714 823 257 858 281
text 0.8713 503 1712 551 1741
text 0.8712 1988 1376 2006 1415
text 0.8672 664 1138 702 1159
text 0.8667 1147 1515 1175 1560
text 0.8650 811 1439 837 1478
text 0.8647 2385 261 2432 289
text 0.8646 2846 1139 2876 1176
text 0.8626 3202 1593 3253 1614
text 0.8622 3391 1763 3441 1789
text 0.8569 1262 654 1298 725
text 0.8562 3993 1554 4033 1584
text 0.8552 385 842 422 870
text 0.8547 117 1008 156 1036
text 0.8536 1344 427 1379 449
text 0.8534 3765 2185 3846 2208
text 0.8517 674 1583 721 1603
text 0.8510 1412 820 1454 841
text 0.8509 1234 376 1275 396
text 0.8492 3719 2216 3840 2244
text 0.8489 514 1416 545 1455
text 0.8487 1452 1394 1500 1423
text 0.8480 2995 606 3042 633
text 0.8439 2569 889 2619 910
text 0.8434 1344 502 1380 528
text 0.8434 1691 1437 1730 1473
text 0.8429 3243 1888 3300 1918
text 0.8423 3213 1561 3261 1582
text 0.8421 270 2136 315 2158
text 0.8411 694 1339 739 1366
text 0.8411 917 622 949 674
text 0.8393 3064 1306 3116 1328
text 0.8389 512 1751 563 1780
text 0.8387 1404 1436 1450 1463
text 0.8361 2462 478 2502 508
text 0.8358 118 1106 157 1127
text 0.8342 11 941 58 970
text 0.8337 2600 1257 2620 1307
text 0.8330 1978 1470 2022 1506
text 0.8311 1324 327 1371 347
text 0.8275 776 1235 807 1271
text 0.8272 3636 398 3676 426
text 0.8256 2660 239 2689 270
text 0.8254 3748 1473 3805 1503
text 0.8253 3392 1434 3449 1460
text 0.8238 621 718 670 742
text 0.8219 219 1238 256 1259
text 0.8214 2689 216 2737 248
text 0.8195 732 1710 780 1730
text 0.8184 464 1266 485 1339
text 0.8175 2246 736 2291 762
text 0.8172 1344 292 1382 318
text 0.8169 422 1247 456 1344
text 0.8167 2954 975 3012 1039
text 0.8158 695 116 730 140
text 0.8158 463 803 514 822
text 0.8155 1098 576 1117 616
text 0.8142 327 920 348 960
text 0.8129 1562 536 1610 556
text 0.8112 1957 1950 2005 1978
text 0.8104 1605 1429 1650 1457
text 0.8097 2629 883 2666 914
text 0.8085 385 1602 441 1623
text 0.8065 392 912 423 957
text 0.8049 1690 693 1730 722
text 0.8025 2976 931 2996 957
text 0.8000 1485 1681 1605 1734
text 0.7999 2078 1495 2125 1513
text 0.7993 1430 843 1463 869
text 0.7990 939 677 958 720
text 0.7987 1722 2007 1749 2059
text 0.7971 3637 295 3676 325
text 0.7966 1544 1071 1590 1091
text 0.7947 2767 1129 2787 1176
text 0.7927 1740 587 1785 612
text 0.7907 2013 681 2054 724
text 0.7890 1414 538 1503 589
text 0.7887 1818 279 1857 316
text 0.7856 3748 2251 3846 2275
text 0.7826 2343 526 2392 554
text 0.7805 2689 1131 2708 1177
text 0.7801 552 347 601 381
text 0.7773 4012 319 4063 339
text 0.7724 1826 913 1849 953
text 0.7711 1251 579 1279 617
text 0.7708 1650 901 1671 937
text 0.7705 1176 129 1196 160
text 0.7705 1345 544 1383 572
text 0.7699 840 436 890 459
text 0.7691 1326 457 1372 476
text 0.7652 1255 2005 1275 2057
text 0.7647 751 842 791 867
text 0.7630 109 1258 154 1285
text 0.7585 442 703 490 723
text 0.7569 3785 343 3824 365
text 0.7544 624 771 671 797
text 0.7539 3097 447 3135 472
text 0.7442 2025 487 2075 515
text 0.7433 700 1678 744 1699
text 0.7415 1551 1001 1599 1021
text 0.7373 3784 535 3817 554
text 0.7354 1858 267 1907 298
text 0.7318 2671 833 2698 873
text 0.7316 2797 837 2846 862
text 0.7277 1897 1016 1920 1051
text 0.7243 959 1587 998 1615
text 0.7240 2015 506 2054 543
text 0.7235 303 2106 337 2136
text 0.7216 68 386 115 407
text 0.7203 563 1011 583 1055
text 0.7168 3047 428 3095 449
text 0.7158 778 1151 806 1191
text 0.7125 683 218 730 239
text 0.7084 3131 456 3162 500
text 0.7027 1332 685 1385 713
text 0.7004 2069 1897 2115 1922
text 0.6996 465 1958 525 1988
text 0.6966 896 451 943 485
text 0.6914 552 1169 603 1195
text 0.6877 3734 2284 3844 2314
text 0.6873 293 1474 326 1511
text 0.6852 128 1165 176 1189
text 0.6844 1250 1564 1363 1621
text 0.6824 2649 871 2697 892
text 0.6777 1344 149 1385 177
text 0.6723 1967 1379 1987 1415
text 0.6693 0 1336 49 1356
text 0.6691 632 300 672 337
text 0.6651 306 1011 325 1057
text 0.6612 1591 1732 1641 1751
text 0.6521 299 1363 327 1415
text 0.6412 2994 941 3023 960
text 0.6228 879 298 933 328
text 0.6184 2495 612 2539 643
text 0.6022 1967 922 1987 960
text 0.5956 1061 698 1121 756
text 0.5831 1493 2007 1512 2067
text 0.5829 65 545 116 565
text 0.5617 1096 157 1118 212
text 0.5559 773 1295 812 1329
text 0.5427 384 308 434 328
text 0.5366 1472 2003 1496 2062
text 0.4801 1940 785 1981 810
text 0.4652 431 844 467 875
text 0.4283 1806 2011 1831 2063
text 0.3653 1887 1024 1911 1056
text 0.3572 1018 126 1038 165
text 0.3515 1949 1921 1997 1950
text 0.3389 515 837 602 941
text 0.3284 3788 397 3818 442
text 0.3271 1496 322 1536 346
text 0.3266 1891 1380 1909 1415
text 0.3202 449 648 489 676
text 0.3198 2993 492 3035 519
text 0.3147 1096 126 1117 163
text 0.3140 702 1263 761 1300
text 0.3139 3880 1228 3932 1260
text 0.3092 2480 622 2529 648
text 0.3021 1886 1303 1912 1351
pins 0.9884 1513 1850 1562 1901
pins 0.9832 838 1987 996 2145
pins 0.9823 68 1518 166 1766
pins 0.9738 604 1987 761 2132
pins 0.9702 13 2011 255 2181
pins 0.9697 791 2433 861 2606
pins 0.9692 386 2435 454 2601
pins 0.9646 20 338 69 388
pins 0.9571 1989 1849 2038 1900
pins 0.9541 2620 2167 2667 2226
pins 0.9532 612 2206 662 2254
pins 0.9529 2500 1352 2628 1443
pins 0.9521 60 1821 178 1929
pins 0.9501 3320 536 3380 635
pins 0.9500 71 1363 168 1465
pins 0.9456 2946 2520 2994 2571
pins 0.9438 179 2631 227 2677
pins 0.9433 731 1847 781 1896
pins 0.9428 3104 2102 3163 2542
pins 0.9386 3054 1579 3151 1999
pins 0.9299 1175 2056 1972 2155
pins 0.9234 31 505 70 553
pins 0.9076 2146 1131 2292 1265
pins 0.9067 1304 2435 1373 2600
pins 0.9020 2254 2442 2323 2609
pins 0.8963 2610 1170 2900 1255
pins 0.8905 3815 1010 3864 1059
pins 0.8895 2243 1386 2293 1433
pins 0.8834 1692 860 1726 902
pins 0.8808 1097 2591 1147 2641
pins 0.8784 3055 1352 3199 1401
pins 0.8748 3479 1237 3538 2006
pins 0.8700 1915 387 2048 435
pins 0.8604 2440 1209 2490 1264
pins 0.8598 3460 556 3501 605
pins 0.8526 15 1129 148 1261
pins 0.8480 3943 838 3983 967
pins 0.8474 1711 2438 1779 2601
pins 0.8455 3685 265 3784 639
pins 0.8441 318 410 356 535
pins 0.8361 3440 245 3489 297
pins 0.8258 1421 379 1558 539
pins 0.8220 2484 2023 2620 2124
pins 0.8174 535 1391 572 1435
pins 0.8156 4044 1249 4103 2011
pins 0.8122 1918 636 2044 687
pins 0.8100 2660 2440 2727 2611
pins 0.7906 1638 1465 1688 1514
pins 0.7686 456 406 493 533
pins 0.7604 1571 2215 1633 2273
pins 0.7521 1701 557 1748 602
pins 0.7199 115 507 167 555
pins 0.7046 3548 556 3589 596
pins 0.6857 4045 853 4102 966
pins 0.6842 3450 1000 3500 1062
pins 0.6831 2035 2590 2093 2651
pins 0.6650 3290 1948 3341 2009
pins 0.6270 112 870 169 928
pins 0.6155 601 467 652 506
component 0.9968 908 734 926 754
component 0.9962 3103 810 3183 860
component 0.9961 880 1523 900 1543
component 0.9954 1377 1526 1395 1544
component 0.9831 2994 268 3075 316
component 0.9818 1761 714 1836 761
component 0.9816 376 2137 443 2184
component 0.9796 367 1505 436 1554
component 0.9755 1019 1613 1103 1661
component 0.9748 275 645 367 702
component 0.9714 1485 949 1503 967
component 0.9699 773 1621 857 1671
component 0.9664 2096 2018 2162 2064
component 0.9656 1406 168 1492 220
component 0.9644 2727 258 2812 306
component 0.9638 1281 1620 1350 1663
component 0.9633 712 516 781 565
component 0.9619 1757 623 1840 674
component 0.9605 710 923 731 941
component 0.9590 852 1522 862 1545
component 0.9581 585 1454 654 1504
component 0.9573 3897 1375 3973 1421
component 0.9550 2697 902 2782 950
component 0.9531 525 865 589 913
component 0.9515 1410 585 1478 629
component 0.9496 1281 1730 1354 1774
component 0.9483 385 2252 471 2296
component 0.9372 481 628 580 683
component 0.9350 266 544 337 594
component 0.9337 3085 521 3133 596
component 0.9241 2105 831 2174 879
component 0.9191 2691 451 2912 750
component 0.9060 2095 2137 2180 2177
component 0.9012 3887 1494 3969 1543
component 0.8971 1748 1572 1836 1623
component 0.8970 2085 722 2163 769
component 0.8956 1657 378 1733 427
component 0.8921 2183 1444 2254 1494
component 0.8785 1887 301 1968 354
component 0.8785 350 1416 425 1463
component 0.8772 714 320 782 369
component 0.8720 504 547 571 595
component 0.8531 1765 1471 1840 1524
component 0.8486 1493 883 1511 906
component 0.8343 1651 268 1731 326
component 0.8123 714 616 782 663
component 0.7966 2184 1308 2251 1355
component 0.7817 326 1809 404 1860
component 0.7398 1893 454 1975 507
component 0.6861 729 150 801 195
component 0.6234 2421 539 2462 626
clock 0.8218 3068 779 3210 915
ic 0.9766 2550 377 2985 814
electrolytic 0.9737 396 214 602 305
electrolytic 0.9719 315 1401 510 1481
electrolytic 0.9692 653 313 847 396
electrolytic 0.9627 2040 704 2240 789
electrolytic 0.9498 1832 436 2037 528
electrolytic 0.9471 536 1438 732 1521
electrolytic 0.9457 1838 287 2028 377
electrolytic 0.9406 1221 1711 1424 1797
electrolytic 0.9376 660 136 872 216
electrolytic 0.9175 458 534 652 622
electrolytic 0.9106 282 1788 462 1877
electrolytic 0.9074 2028 2106 2231 2194
electrolytic 0.8946 2985 838 3032 940
electrolytic 0.8924 1599 257 1795 342
electrolytic 0.8800 1603 362 1808 450
electrolytic 0.8745 648 500 854 586
electrolytic 0.8203 651 603 862 682
electrolytic 0.7217 2401 488 2478 694
electrolytic 0.7071 2646 989 2844 1083
electrolytic 0.6590 1721 1453 1884 1540
