connector 0.9842 830 301 1791 1148
connector 0.9758 799 1970 857 2028
connector 0.9745 652 1056 701 1105
connector 0.9719 3489 1438 3548 1491
connector 0.9713 3887 1405 4089 1968
connector 0.9675 660 314 711 376
connector 0.9670 3419 2236 3468 2294
connector 0.9665 1452 2196 1504 2254
connector 0.9642 2925 2608 2994 2670
connector 0.9628 50 445 227 712
connector 0.9614 3843 2305 4099 2561
connector 0.9608 374 347 473 700
connector 0.9574 2530 1889 2588 1938
connector 0.9573 2472 2246 2520 2295
connector 0.9562 1923 1264 1968 1311
connector 0.9520 3082 2009 3252 2183
connector 0.9496 1498 2055 1640 2150
connector 0.9447 3903 930 3964 983
connector 0.9414 1126 2533 1187 2589
connector 0.9409 3312 2017 3476 2175
connector 0.9269 2549 553 2693 604
connector 0.9269 981 2136 1028 2558
connector 0.9177 3423 523 3478 572
connector 0.9176 2065 1879 2123 1938
connector 0.9046 1817 1428 1876 1483
connector 0.8848 3303 1879 3358 1935
connector 0.8834 2016 2611 2066 2660
connector 0.8812 2410 1506 2462 1555
connector 0.8704 984 1617 1089 2049
connector 0.8660 1236 1222 1316 1312
connector 0.8651 1630 1257 1682 1314
connector 0.8080 942 1407 1081 1459
connector 0.8063 2138 2088 2269 2188
connector 0.7870 2354 611 2413 669
connector 0.7677 3845 2642 3895 2708
connector 0.7490 2366 2089 2909 2187
connector 0.6743 2363 912 2421 971
connector 0.5548 289 1050 344 1104
resistor 0.9936 2777 455 2806 471
resistor 0.9905 3438 1080 3467 1107
resistor 0.9903 2068 1365 2084 1396
resistor 0.9880 1548 1710 1581 1727
resistor 0.9874 3723 1366 3736 1395
resistor 0.9851 3567 1365 3584 1395
resistor 0.9841 2777 648 2807 666
resistor 0.9839 3442 1354 3469 1369
resistor 0.9819 2452 1237 2487 1261
resistor 0.9817 3636 1365 3649 1397
resistor 0.9803 3724 1020 3737 1051
resistor 0.9788 1916 732 1955 745
resistor 0.9778 2776 368 2807 385
resistor 0.9777 1917 505 1951 520
resistor 0.9761 2292 1363 2310 1396
resistor 0.9745 3441 1237 3470 1263
resistor 0.9725 3133 458 3163 474
resistor 0.9719 2030 1159 2056 1177
resistor 0.9695 2845 260 2860 297
resistor 0.9692 1935 1159 1968 1177
resistor 0.9690 2778 606 2808 623
resistor 0.9688 2931 261 2946 298
resistor 0.9659 2774 296 2804 317
resistor 0.9643 2636 437 2671 454
resistor 0.9620 3568 1019 3583 1052
resistor 0.9605 2135 1366 2154 1395
resistor 0.9583 2027 1247 2055 1266
resistor 0.9581 3135 605 3163 624
resistor 0.9576 2777 540 2809 554
resistor 0.9569 1312 2800 1345 2819
resistor 0.9560 3477 1364 3506 1395
resistor 0.9548 1589 1693 1635 1712
resistor 0.9529 2135 1019 2152 1049
resistor 0.9519 2221 1019 2241 1049
resistor 0.9505 2069 1018 2086 1048
resistor 0.9462 1541 1789 1581 1812
resistor 0.9443 3148 2799 3192 2820
resistor 0.9414 3637 1017 3650 1049
resistor 0.9400 2934 1978 2963 1996
resistor 0.9398 2020 1328 2059 1345
resistor 0.9389 2451 1356 2490 1373
resistor 0.9380 1649 1450 1759 1494
resistor 0.9347 2223 1366 2240 1398
resistor 0.9346 3083 260 3100 290
resistor 0.9337 3864 1239 3894 1259
resistor 0.9324 2638 527 2672 544
resistor 0.9310 3436 1170 3468 1188
resistor 0.9301 3860 1163 3892 1187
resistor 0.9300 2253 2812 2284 2827
resistor 0.9286 3812 1367 3827 1394
resistor 0.9269 2541 429 2568 448
resistor 0.9245 3440 1327 3469 1345
resistor 0.9236 2377 1363 2393 1397
resistor 0.9220 3015 260 3031 297
resistor 0.9210 2452 1159 2484 1177
resistor 0.9172 3011 688 3025 721
resistor 0.9172 1361 1586 1405 1604
resistor 0.9168 2452 1089 2487 1109
resistor 0.9159 2375 1018 2392 1049
resistor 0.9156 3810 1020 3824 1050
resistor 0.9121 2454 1322 2489 1349
resistor 0.9039 672 871 710 891
resistor 0.9024 3478 1016 3499 1058
resistor 0.8999 3131 367 3163 387
resistor 0.8934 3131 536 3163 554
resistor 0.8923 1366 1448 1455 1495
resistor 0.8923 671 941 709 960
resistor 0.8922 3858 1296 3895 1343
resistor 0.8868 1827 1231 1860 1259
resistor 0.8849 3598 2127 3626 2147
resistor 0.8770 2028 1090 2055 1108
resistor 0.8712 2292 1019 2312 1051
resistor 0.8685 3858 1088 3893 1111
resistor 0.8679 3918 1153 3958 1182
resistor 0.8568 2828 698 2847 736
resistor 0.8563 4001 1229 4051 1259
resistor 0.8513 3092 689 3113 721
resistor 0.8426 2850 691 2866 722
resistor 0.8359 3850 821 3909 874
resistor 0.7990 3890 1245 3951 1273
resistor 0.7859 3584 824 3661 871
resistor 0.7842 3787 1365 3804 1396
resistor 0.7778 3786 1020 3806 1049
resistor 0.7704 3552 1662 3592 1687
resistor 0.7618 2995 256 3015 291
resistor 0.7558 2530 526 2570 548
resistor 0.7369 2924 694 2935 723
resistor 0.7348 3863 1256 3930 1320
resistor 0.6771 2718 1969 2747 1988
resistor 0.6001 2204 1366 2224 1395
resistor 0.5988 4015 1151 4064 1175
resistor 0.5806 3075 683 3093 721
resistor 0.5793 2047 1364 2065 1394
resistor 0.5352 2046 1020 2065 1052
resistor 0.4339 2204 1020 2224 1050
resistor 0.3146 3150 2780 3200 2806
resistor 0.3030 2284 1361 2303 1397
pads 0.9350 1828 1159 1866 1181
pads 0.9277 1295 1739 1331 1772
pads 0.9246 3608 880 3650 899
pads 0.7620 1918 1221 1968 1267
capacitor 0.9792 3807 1763 3858 1782
capacitor 0.9651 3452 2701 3506 2728
capacitor 0.9615 1283 1711 1339 1743
capacitor 0.9538 1621 2710 1677 2739
capacitor 0.9454 2938 1858 2957 1906
capacitor 0.9328 3968 1158 4012 1179
capacitor 0.9315 2863 1871 2889 1932
capacitor 0.9188 3548 1763 3599 1788
capacitor 0.9048 2549 2703 2609 2730
capacitor 0.8883 1216 1871 1245 1933
capacitor 0.8801 1224 1663 1292 1693
capacitor 0.8508 1540 2017 1595 2047
capacitor 0.8372 2578 526 2628 546
capacitor 0.8076 3081 1878 3106 1929
capacitor 0.8068 1868 1227 1916 1259
capacitor 0.8028 3549 1707 3594 1731
capacitor 0.7946 1224 1784 1250 1836
capacitor 0.7794 1553 2266 1601 2285
capacitor 0.7693 1530 1811 1577 1830
capacitor 0.7074 1710 2145 1761 2176
capacitor 0.6263 1711 2269 1758 2295
capacitor 0.4561 3551 1735 3591 1760
text 0.9893 1631 2165 1661 2194
text 0.9890 3501 1762 3539 1783
text 0.9875 2707 445 2759 467
text 0.9870 3187 535 3232 556
text 0.9837 3190 362 3233 391
text 0.9829 185 1050 207 1071
text 0.9815 1521 1603 1564 1621
text 0.9808 2708 535 2761 556
text 0.9807 1514 2157 1559 2177
text 0.9804 3834 1295 3855 1319
text 0.9786 3184 446 3233 467
text 0.9772 2410 1217 2441 1246
text 0.9752 2719 653 2761 674
text 0.9747 178 416 206 436
text 0.9745 2413 1286 2442 1308
text 0.9744 3922 2006 3939 2030
text 0.9727 1074 1147 1099 1183
text 0.9712 2620 2710 2669 2731
text 0.9692 3089 2801 3130 2826
text 0.9684 3803 1633 3847 1656
text 0.9664 3758 1850 3879 1889
text 0.9653 1944 596 2079 634
text 0.9650 3920 2234 3941 2256
text 0.9638 3185 644 3231 664
text 0.9631 3499 1704 3537 1731
text 0.9624 3566 962 3586 999
text 0.9622 2074 1262 2094 1294
text 0.9620 3351 2337 3391 2375
text 0.9616 2708 367 2757 387
text 0.9616 3933 2296 3954 2324
text 0.9614 2658 842 2680 863
text 0.9611 1204 1276 1235 1300
text 0.9608 3576 2374 3608 2403
text 0.9584 1847 1670 1887 1712
text 0.9578 2807 1810 2846 1849
text 0.9578 3113 2729 3144 2760
text 0.9575 3894 1078 3940 1101
text 0.9571 2378 971 2403 1016
text 0.9570 1206 1227 1235 1258
text 0.9559 2854 836 2880 871
text 0.9554 2222 961 2240 994
text 0.9550 1205 1601 1243 1628
text 0.9545 276 828 315 1011
text 0.9534 1956 1087 2006 1109
text 0.9532 3174 2453 3222 2492
text 0.9506 2964 1543 3003 1592
text 0.9498 2865 199 2888 246
text 0.9482 2482 2296 2520 2323
text 0.9477 3962 1231 3997 1267
text 0.9473 3806 434 3913 475
text 0.9461 3499 1309 3520 1356
text 0.9459 1963 1201 2002 1236
text 0.9456 3808 1412 3834 1462
text 0.9456 3574 2777 3629 2807
text 0.9448 1505 1176 1540 1262
text 0.9448 3718 1416 3742 1465
text 0.9445 10 727 56 771
text 0.9439 2782 837 2806 869
text 0.9438 3054 792 3332 830
text 0.9437 721 820 769 863
text 0.9429 2469 524 2520 545
text 0.9429 3961 1081 4012 1106
text 0.9427 1740 2788 1789 2809
text 0.9414 2468 2423 2491 2443
text 0.9413 1661 2274 1709 2298
text 0.9404 4056 2234 4079 2265
text 0.9400 3358 2732 3389 2769
text 0.9399 3262 1911 3303 1939
text 0.9395 3194 296 3233 318
text 0.9391 3182 606 3231 630
text 0.9387 2654 1822 2780 1853
text 0.9384 1040 2032 1070 2060
text 0.9370 1952 356 2076 395
text 0.9358 2867 1828 2888 1868
text 0.9351 648 287 702 317
text 0.9349 3499 971 3530 1010
text 0.9346 2853 734 2873 773
text 0.9340 1254 2067 1326 2107
text 0.9335 1041 1573 1078 1613
text 0.9331 3725 981 3744 1018
text 0.9331 1294 1176 1325 1214
text 0.9324 1313 2453 1392 2502
text 0.9320 242 512 368 554
text 0.9314 1678 2709 1730 2731
text 0.9314 2264 2463 2312 2501
text 0.9305 3372 234 3654 323
text 0.9294 3637 1416 3657 1465
text 0.9291 949 1712 990 1743
text 0.9282 2710 606 2758 634
text 0.9260 179 712 198 742
text 0.9260 3292 1315 3320 1339
text 0.9250 667 477 831 547
text 0.9248 2926 846 2945 872
text 0.9239 3309 1848 3352 1872
text 0.9215 3750 1988 3816 2028
text 0.9203 2709 296 2758 320
text 0.9194 1779 972 2042 1021
text 0.9190 3953 843 4004 880
text 0.9175 3185 2553 3220 2579
text 0.9172 3884 1371 3932 1397
text 0.9169 1547 2420 1572 2445
text 0.9161 2073 969 2095 1009
text 0.9159 194 841 209 864
text 0.9153 3302 1082 3322 1112
text 0.9150 2353 882 2410 912
text 0.9147 1629 1146 1649 1177
text 0.9138 3016 199 3036 249
text 0.9116 1047 2352 1087 2510
text 0.9110 3991 2237 4044 2273
text 0.9110 1333 1773 1371 1809
text 0.9109 3803 845 3856 873
text 0.9099 2135 1416 2155 1454
text 0.9086 837 1336 1109 1377
text 0.9080 3566 1417 3587 1463
text 0.9075 3016 1810 3063 1848
text 0.9073 2667 2777 2718 2800
text 0.9069 1862 503 1910 525
text 0.9068 531 860 661 901
text 0.9060 3826 2234 3893 2276
text 0.9050 718 626 777 721
text 0.9047 433 711 452 733
text 0.9047 3479 2019 3528 2056
text 0.9046 4048 2509 4092 2566
text 0.9035 3442 1454 3498 1485
text 0.9034 2530 1851 2580 1880
text 0.9027 2071 1414 2093 1453
text 0.9022 633 1108 692 1136
text 0.9011 2183 2056 2215 2089
text 0.9008 2076 2137 2134 2176
text 0.8998 3820 575 3914 614
text 0.8990 252 425 297 470
text 0.8989 3300 1153 3321 1182
text 0.8988 3308 1292 3339 1328
text 0.8971 1793 2146 1832 2175
text 0.8971 457 2621 687 2667
text 0.8959 1126 1337 1169 1376
text 0.8955 2717 1948 2749 1975
text 0.8953 2583 502 2639 534
text 0.8953 3706 1784 3756 1819
text 0.8951 1804 1583 1848 1613
text 0.8946 3840 2006 3863 2033
text 0.8916 723 557 824 596
text 0.8914 3293 1238 3322 1268
text 0.8911 3805 957 3825 1001
text 0.8883 2198 2808 2233 2829
text 0.8876 52 1047 71 1070
text 0.8869 2361 584 2412 614
text 0.8845 1442 1320 1473 1376
text 0.8845 3636 2086 3687 2123
text 0.8841 1424 1161 1459 1216
text 0.8836 1868 662 1898 684
text 0.8830 3291 1465 3319 1484
text 0.8825 3370 1163 3419 1188
text 0.8825 949 1839 988 1870
text 0.8819 3865 1720 3885 1744
text 0.8813 2627 2383 2678 2404
text 0.8802 2925 200 2947 251
text 0.8787 3031 745 3055 791
text 0.8778 1867 1910 1914 1957
text 0.8776 2814 201 2837 248
text 0.8770 1214 1543 1320 1584
text 0.8755 1565 2243 1598 2262
text 0.8742 3369 1209 3418 1243
text 0.8736 2698 834 2720 863
text 0.8728 2926 730 2945 768
text 0.8726 1777 1155 1819 1181
text 0.8722 1957 1123 2002 1154
text 0.8704 1087 1947 1127 1977
text 0.8703 976 1296 1048 1332
text 0.8702 2934 2580 2995 2611
text 0.8700 948 1796 988 1830
text 0.8695 928 2237 980 2265
text 0.8694 4050 1143 4092 1169
text 0.8691 264 346 357 386
text 0.8686 3422 573 3479 601
text 0.8668 3303 987 3321 1029
text 0.8664 2472 455 2534 484
text 0.8650 1213 1484 1254 1514
text 0.8647 2940 1931 2967 1965
text 0.8630 237 641 275 693
text 0.8619 2307 963 2329 1000
text 0.8611 3836 2699 3894 2730
text 0.8602 3905 960 3967 1012
text 0.8600 2056 1859 2116 1889
text 0.8600 1817 2027 1867 2067
text 0.8585 3571 2105 3621 2130
text 0.8569 1847 2206 1898 2235
text 0.8566 1137 1723 1178 1937
text 0.8553 2510 1159 2550 1180
text 0.8552 1394 1163 1421 1218
text 0.8548 925 2185 975 2216
text 0.8548 1629 1228 1675 1257
text 0.8543 1087 1987 1127 2017
text 0.8520 1500 1306 1538 1367
text 0.8513 2105 2088 2130 2131
text 0.8490 2381 1415 2437 1469
text 0.8485 1567 1770 1621 1789
text 0.8482 1283 2713 1336 2762
text 0.8481 1708 2382 1760 2406
text 0.8481 3540 1633 3596 1664
text 0.8479 1720 1272 1768 1314
text 0.8476 2456 209 2720 258
text 0.8475 1828 1393 1887 1425
text 0.8457 3816 2283 3866 2324
text 0.8448 2841 2186 2902 2226
text 0.8446 1243 2019 1353 2058
text 0.8446 2307 1413 2331 1452
text 0.8434 950 1948 989 1978
text 0.8429 278 1109 336 1137
text 0.8429 3340 875 3379 911
text 0.8381 542 713 738 755
text 0.8373 3876 337 3942 377
text 0.8363 3005 849 3027 872
text 0.8359 1763 1178 1827 1213
text 0.8335 3836 2565 4102 2609
text 0.8312 68 1128 117 1168
text 0.8302 4034 1079 4094 1108
text 0.8279 3238 2809 3274 2840
text 0.8275 1299 2811 1354 2839
text 0.8254 3836 1920 3884 1959
text 0.8250 2314 911 2361 932
text 0.8242 3167 834 3238 879
text 0.8229 1326 2548 1365 2573
text 0.8216 1236 1425 1309 1468
text 0.8205 2222 1409 2243 1450
text 0.8199 1524 2740 1561 2780
text 0.8194 900 2460 980 2490
text 0.8191 1216 1388 1330 1434
text 0.8179 979 2094 1028 2132
text 0.8172 19 674 41 704
text 0.8155 3061 1780 3196 1831
text 0.8155 4017 1229 4061 1254
text 0.8130 3101 729 3124 764
text 0.8104 3084 200 3102 241
text 0.8103 2353 653 2409 694
text 0.8094 3874 505 3934 544
text 0.8079 3677 634 3743 673
text 0.8075 3292 1397 3322 1429
text 0.8074 905 2333 977 2365
text 0.8070 2017 763 2073 793
text 0.8064 1087 1176 1108 1207
text 0.8055 2134 962 2155 1006
text 0.8047 2628 580 2674 640
text 0.8043 816 587 841 652
text 0.8013 1376 1644 1516 1729
text 0.7999 3311 1485 3331 1503
text 0.7999 1959 1294 2008 1321
text 0.7983 3654 968 3676 1009
text 0.7959 401 270 552 309
text 0.7950 817 1406 870 1446
text 0.7939 1860 732 1907 753
text 0.7935 3160 1889 3190 1918
text 0.7934 770 2623 1083 2849
text 0.7927 2513 1308 2550 1337
text 0.7927 2372 2178 2819 2225
text 0.7921 278 1029 339 1062
text 0.7907 2010 2583 2068 2611
text 0.7903 4047 2293 4069 2325
text 0.7903 2512 606 2581 635
text 0.7885 2450 2740 2480 2769
text 0.7879 936 1621 989 1652
text 0.7878 69 416 89 446
text 0.7864 3111 847 3137 874
text 0.7829 921 2508 978 2539
text 0.7822 969 1159 1016 1207
text 0.7817 2995 199 3014 247
text 0.7786 791 1940 850 1979
text 0.7785 2423 554 2491 594
text 0.7759 2756 832 2781 865
text 0.7753 3417 2285 3467 2315
text 0.7740 3793 2233 3851 2285
text 0.7735 3787 972 3805 1014
text 0.7730 1087 1711 1127 1742
text 0.7726 1236 1145 1266 1216
text 0.7709 1235 1752 1281 1784
text 0.7705 3625 961 3651 999
text 0.7701 3285 896 3317 956
text 0.7672 1569 1494 1617 1514
text 0.7663 3907 903 3965 928
text 0.7658 1876 425 1908 452
text 0.7653 923 2371 977 2408
text 0.7649 76 716 95 743
text 0.7615 1484 1943 1552 1979
text 0.7581 1088 1625 1126 1660
text 0.7529 2395 1461 2479 1503
text 0.7524 2503 1192 2551 1223
text 0.7516 1033 1459 1078 1538
text 0.7515 900 1900 972 1928
text 0.7515 3119 1831 3158 1869
text 0.7510 2837 199 2856 249
text 0.7510 594 536 663 573
text 0.7444 1422 1416 1460 1442
text 0.7439 4047 1242 4092 1266
text 0.7430 4019 1997 4034 2030
text 0.7429 2708 862 2732 881
text 0.7422 398 316 454 349
text 0.7416 1798 1429 1829 1485
text 0.7408 2579 427 2631 454
text 0.7402 3311 1377 3332 1398
text 0.7398 3835 1157 3855 1177
text 0.7383 672 844 711 872
text 0.7368 108 821 168 861
text 0.7344 3370 1081 3413 1105
text 0.7330 2925 2089 2943 2126
text 0.7311 2192 2354 2304 2393
text 0.7309 1976 714 2029 746
text 0.7306 1473 2176 1513 2197
text 0.7299 3832 1245 3859 1268
text 0.7299 3075 2188 3265 2246
text 0.7299 4007 1311 4066 1341
text 0.7280 3305 1963 3476 2009
text 0.7269 1406 1532 1444 1564
text 0.7255 1709 1178 1759 1217
text 0.7240 1126 2512 1188 2542
text 0.7232 974 2024 1026 2067
text 0.7210 838 1613 889 1654
text 0.7208 1798 2106 1847 2136
text 0.7201 2401 445 2472 487
text 0.7192 52 839 72 868
text 0.7178 3896 2510 3965 2569
text 0.7174 3075 743 3093 774
text 0.7174 2283 957 2304 996
text 0.7171 995 1555 1067 1594
text 0.7146 3687 903 3747 939
text 0.7136 3072 1828 3100 1860
text 0.7126 3239 832 3300 880
text 0.7110 1090 1817 1124 1878
text 0.7069 3450 2670 3497 2699
text 0.7057 915 1988 988 2018
text 0.7051 4017 1376 4089 1409
text 0.6999 3349 1291 3399 1353
text 0.6989 1968 1336 2024 1355
text 0.6962 3785 1415 3806 1464
text 0.6959 1224 1967 1264 1991
text 0.6877 908 2422 980 2455
text 0.6870 549 931 662 970
text 0.6838 3311 1335 3349 1356
text 0.6753 127 2678 678 2718
text 0.6752 1265 2343 1372 2392
text 0.6749 954 1589 1016 1625
text 0.6737 947 1445 1032 1505
text 0.6737 3213 1966 3251 2006
text 0.6725 277 393 357 428
text 0.6528 3363 1227 3411 1271
text 0.6470 381 316 431 348
text 0.6443 2204 1415 2224 1453
text 0.6438 2921 2131 2948 2168
text 0.6406 1333 1168 1354 1218
text 0.6354 2046 973 2066 1009
text 0.6351 1619 1174 1661 1206
text 0.6178 2046 1414 2065 1454
text 0.6118 1396 2813 1435 2844
text 0.6073 2282 1417 2305 1454
text 0.6069 1763 1256 1832 1300
text 0.6067 2837 834 2858 869
text 0.6058 2125 962 2147 1002
text 0.6045 1086 1759 1129 1792
text 0.6044 4027 1339 4090 1373
text 0.5941 3865 1573 3889 1593
text 0.5812 1242 1777 1293 1816
text 0.5766 3117 2354 3225 2394
text 0.5728 1574 1731 1623 1752
text 0.5727 3549 1425 3568 1464
text 0.5683 386 712 405 733
text 0.5664 2680 839 2697 869
text 0.5520 3699 851 3744 891
text 0.5507 651 763 838 808
text 0.5414 1541 1670 1591 1692
text 0.5383 1245 1319 1272 1372
text 0.5378 2838 738 2855 778
text 0.5305 3073 847 3094 870
text 0.4907 2917 737 2936 772
text 0.4800 2996 852 3019 872
text 0.4517 3550 960 3568 997
text 0.4450 2513 1336 2553 1355
text 0.4009 3866 1583 3882 1608
text 0.3990 3466 970 3494 1008
text 0.3799 3482 1491 3538 1525
text 0.3705 3365 1101 3421 1134
text 0.3673 2204 962 2226 994
text 0.3620 3915 761 3994 809
text 0.3559 3085 860 3120 883
text 0.3508 2003 515 2075 546
text 0.3424 2917 2093 2937 2131
text 0.3389 2406 1096 2442 1126
text 0.3388 245 460 357 511
text 0.3386 267 410 348 448
text 0.3375 940 2121 1000 2170
text 0.3358 931 1949 977 1982
text 0.3315 1488 1312 1519 1360
text 0.3253 1012 1520 1067 1578
text 0.3250 1800 1434 1851 1498
text 0.3242 3706 964 3727 1004
text 0.3215 1025 1619 1069 1652
text 0.3196 3834 1702 3884 1740
text 0.3190 2998 860 3032 884
text 0.3133 2918 846 2934 872
text 0.3115 2063 1119 2086 1146
text 0.3101 3705 1416 3729 1462
text 0.3073 2993 753 3019 793
text 0.3057 2405 1524 2464 1580
text 0.3011 926 2290 982 2361
component 0.9907 2718 934 3200 1471
component 0.9867 789 1484 838 1540
component 0.9807 1398 1463 1422 1477
component 0.9766 1718 2095 1770 2126
component 0.9715 783 1724 839 1780
component 0.9702 1665 1746 1820 1939
component 0.9693 2780 1878 2842 1964
component 0.9686 1476 1431 1566 1461
component 0.9670 2522 2768 2596 2818
component 0.9653 1601 2770 1679 2829
component 0.9646 88 879 152 944
component 0.9571 3671 1676 3737 1754
component 0.9483 1682 1462 1715 1486
component 0.9420 1712 2199 1771 2246
component 0.9291 1285 1858 1333 1930
component 0.9277 63 900 173 1036
component 0.9266 3435 2767 3508 2828
component 0.9261 3609 472 3749 594
component 0.9245 2991 1878 3052 1967
component 0.9198 1605 2374 1675 2420
component 0.9144 3440 2374 3499 2423
component 0.9121 2925 346 3014 586
component 0.8987 1403 1635 1471 1692
component 0.8955 3944 1605 4007 1780
component 0.8920 2529 2381 2592 2425
component 0.8853 3568 1161 3803 1236
component 0.8824 3624 436 3675 473
component 0.8785 412 1186 442 1208
component 0.8762 2125 1186 2368 1267
component 0.8644 255 1184 282 1208
component 0.7917 166 940 195 971
component 0.7900 1711 2037 1770 2067
component 0.7585 643 2009 673 2080
component 0.7422 50 938 80 988
component 0.6935 145 970 183 1006
component 0.6831 155 889 186 936
component 0.6501 376 1187 405 1207
component 0.6185 50 875 187 957
component 0.6177 1534 416 1632 505
component 0.5970 1467 1412 1569 1452
component 0.5497 60 2025 98 2078
component 0.4671 143 877 174 924
component 0.3495 59 948 90 998
component 0.3039 59 904 90 948
test 0.9887 2224 2570 2263 2612
test 0.9413 1304 2572 1343 2611
test 0.9137 3894 689 3973 759
test 0.8571 3142 2569 3175 2614
test 0.8489 1254 1478 1295 1516
test 0.8421 3944 2620 4013 2678
test 0.8054 1238 1590 1292 1631
test 0.7019 1245 2128 1288 2168
test 0.3052 1271 1490 1315 1531
led 0.9793 2322 2787 2372 2808
led 0.9409 724 940 771 964
led 0.9386 1978 467 2028 486
led 0.9364 3637 2126 3688 2157
led 0.9101 1383 2777 1423 2805
led 0.9061 1442 1563 1492 1593
led 0.8542 724 870 771 890
led 0.8193 3666 818 3712 846
led 0.8035 3227 2777 3261 2814
led 0.7419 1977 692 2013 713
clock 0.7538 2757 1848 2858 1991
ic 0.9700 1380 1760 1522 1950
ic 0.9456 2653 855 3295 1507
ic 0.9251 2094 1084 2401 1355
ic 0.9223 3533 1075 3837 1342
ic 0.8700 3637 1645 3771 1784
ic 0.8359 746 1694 876 1810
ic 0.8123 749 1450 888 1575
ic 0.7438 2847 318 3112 622
switch 0.9350 3586 434 3775 634
switch 0.8501 3762 2023 4100 2234
electrolytic 0.8509 2488 2367 2633 2432
electrolytic 0.8499 1670 1614 1869 1692
electrolytic 0.7583 1367 1609 1507 1698
electrolytic 0.3182 3414 2753 3545 2838
button 0.9706 3911 356 4062 504
button 0.9488 3914 523 4053 665
button 0.8913 2058 399 2203 555
button 0.8693 555 572 698 715
button 0.7827 2065 643 2207 793
transistor 0.9370 1904 653 1966 714
transistor 0.9274 1908 425 1965 484
transistor 0.8587 1353 1530 1410 1584
transistor 0.7608 1306 2718 1366 2776
transistor 0.7239 3589 776 3657 828
transistor 0.7235 2245 2732 2303 2790
transistor 0.6449 3142 2729 3204 2790
transistor 0.5518 3857 775 3933 829
jumper 0.9063 1832 1257 1934 1317
jumper 0.8974 1361 1214 1397 1321
jumper 0.8777 740 606 822 700
jumper 0.8253 1404 1213 1471 1327
jumper 0.7815 2271 2087 2324 2197
jumper 0.7137 3968 1257 4078 1312
inductor 0.9413 3804 1713 3859 1743
inductor 0.8168 3004 1542 3035 1606
inductor 0.7113 1686 2019 1802 2098
unknown 0.9889 1393 2461 1860 2719
unknown 0.9809 2320 2461 2787 2702
unknown 0.9721 3218 2463 3704 2718
potentiometer 0.6224 12 869 223 1059
display 0.9872 37 1139 705 2625
