connector 0.9903 832 1854 1797 2700
connector 0.9874 801 971 860 1029
connector 0.9812 1926 1684 1966 1730
connector 0.9683 2531 1069 2590 1117
connector 0.9620 650 1890 701 1939
connector 0.9564 1499 861 1640 951
connector 0.9513 3086 818 3251 989
connector 0.9508 3300 1058 3360 1118
connector 0.9500 1452 752 1503 812
connector 0.9497 3313 818 3480 988
connector 0.9480 3887 1026 4082 1596
connector 0.9468 2928 328 2994 387
connector 0.9467 3419 702 3468 762
connector 0.9449 1126 416 1187 466
connector 0.9427 375 2295 473 2667
connector 0.9372 3848 438 4096 704
connector 0.9326 3487 1510 3548 1564
connector 0.9316 989 957 1084 1388
connector 0.9279 661 2633 711 2682
connector 0.9263 49 2282 223 2556
connector 0.9158 979 461 1028 874
connector 0.9000 2133 811 2274 908
connector 0.8999 2015 341 2066 392
connector 0.8945 2065 1070 2126 1127
connector 0.8932 2362 2028 2420 2091
connector 0.8891 1632 1680 1680 1740
connector 0.8831 2352 2325 2410 2384
connector 0.8809 1818 1512 1875 1573
connector 0.8780 2408 1446 2463 1501
connector 0.8620 3426 2423 3480 2473
connector 0.8581 3905 2018 3961 2066
connector 0.8368 2472 704 2522 760
connector 0.7997 2369 812 2913 921
connector 0.7905 2544 2408 2692 2453
connector 0.7736 3842 288 3893 349
connector 0.7687 287 1889 346 1948
connector 0.7452 2547 2475 2678 2532
connector 0.7444 1225 1684 1312 1781
connector 0.7289 939 1553 1078 1597
resistor 0.9884 3438 1897 3468 1910
resistor 0.9869 1592 1295 1640 1316
resistor 0.9862 2026 1668 2056 1684
resistor 0.9860 1918 2257 1955 2276
resistor 0.9852 2380 1602 2393 1631
resistor 0.9850 3570 1947 3585 1978
resistor 0.9849 2253 179 2283 190
resistor 0.9844 3438 1740 3468 1761
resistor 0.9839 3724 1603 3737 1634
resistor 0.9833 1934 1828 1966 1839
resistor 0.9826 2776 2685 2804 2700
resistor 0.9810 3636 1605 3648 1639
resistor 0.9804 3440 1631 3469 1650
resistor 0.9794 1374 1394 1404 1405
resistor 0.9789 1916 2482 1947 2501
resistor 0.9784 2775 2332 2803 2353
resistor 0.9783 3812 1603 3825 1642
resistor 0.9775 672 2037 709 2057
resistor 0.9768 2290 1601 2311 1633
resistor 0.9761 3725 1948 3736 1977
resistor 0.9760 2640 2551 2675 2570
resistor 0.9757 2845 2708 2864 2739
resistor 0.9754 2453 1736 2488 1750
resistor 0.9747 2934 2709 2945 2741
resistor 0.9746 2777 2532 2805 2549
resistor 0.9745 2778 2445 2806 2463
resistor 0.9740 3440 1829 3469 1847
resistor 0.9730 2224 1949 2240 1979
resistor 0.9710 3439 1655 3469 1672
resistor 0.9708 1552 1185 1581 1207
resistor 0.9699 1825 1738 1866 1755
resistor 0.9696 2071 1948 2086 1979
resistor 0.9690 3570 1602 3586 1632
resistor 0.9689 2291 1950 2308 1986
resistor 0.9636 2224 1602 2242 1633
resistor 0.9604 3133 2531 3163 2546
resistor 0.9595 2071 1601 2086 1632
resistor 0.9585 2454 1824 2491 1839
resistor 0.9580 2774 2619 2806 2632
resistor 0.9564 1360 1504 1461 1553
resistor 0.9550 2028 1739 2056 1751
resistor 0.9534 3864 1829 3892 1849
resistor 0.9530 3478 1949 3498 1979
resistor 0.9512 2455 1629 2491 1642
resistor 0.9505 2777 2374 2807 2392
resistor 0.9503 2377 1947 2391 1989
resistor 0.9492 3479 1601 3498 1640
resistor 0.9492 3864 1742 3894 1758
resistor 0.9455 2134 1602 2153 1632
resistor 0.9420 2026 1890 2056 1909
resistor 0.9401 3092 2279 3111 2314
resistor 0.9394 3134 2445 3163 2462
resistor 0.9393 2640 2449 2675 2477
resistor 0.9392 3862 1668 3894 1694
resistor 0.9391 2453 1667 2488 1680
resistor 0.9361 2451 1891 2487 1909
resistor 0.9354 3149 178 3195 198
resistor 0.9351 3083 2709 3102 2737
resistor 0.9340 3599 852 3630 870
resistor 0.9311 3605 2130 3652 2159
resistor 0.9308 2135 1948 2153 1979
resistor 0.9246 1651 1503 1759 1553
resistor 0.9232 671 2106 711 2126
resistor 0.9231 2025 1826 2054 1839
resistor 0.9211 3858 2132 3894 2161
resistor 0.9211 1314 181 1345 198
resistor 0.9201 1550 1272 1582 1293
resistor 0.9197 2850 2274 2866 2303
resistor 0.9157 3015 2708 3032 2738
resistor 0.9004 3131 2614 3162 2630
resistor 0.8984 2540 2550 2571 2569
resistor 0.8971 3637 1948 3650 1980
resistor 0.8913 2720 1018 2747 1030
resistor 0.8866 2936 1010 2965 1030
resistor 0.8848 3905 1736 3954 1765
resistor 0.8808 3013 2275 3023 2317
resistor 0.8677 2529 2456 2561 2471
resistor 0.8593 3133 2373 3163 2392
resistor 0.8556 2923 2276 2938 2314
resistor 0.8342 2876 2274 2893 2315
resistor 0.8193 3786 1606 3805 1643
resistor 0.8068 3813 1948 3825 1977
resistor 0.7954 3991 1740 4062 1766
resistor 0.7910 3859 1899 3892 1926
resistor 0.7891 2026 1650 2055 1663
resistor 0.7825 3863 1811 3918 1838
resistor 0.7689 3555 1297 3598 1335
resistor 0.7442 2995 2709 3015 2738
resistor 0.7441 2822 2274 2846 2304
resistor 0.7283 3786 1948 3805 1979
resistor 0.7196 2046 1949 2066 1979
resistor 0.6548 3863 1652 3925 1685
resistor 0.6461 2047 1603 2065 1633
resistor 0.6142 3075 2266 3093 2304
resistor 0.5716 4017 1830 4055 1852
resistor 0.5604 2204 1601 2224 1632
resistor 0.4784 2204 1949 2224 1978
resistor 0.3756 3628 1948 3647 1976
resistor 0.3102 3857 2124 3912 2153
pads 0.9819 1826 1829 1868 1840
pads 0.9043 1293 1235 1334 1260
pads 0.8501 3601 2103 3648 2120
pads 0.7687 1906 1729 1971 1777
capacitor 0.9848 3966 1831 4010 1849
capacitor 0.9841 3807 1220 3854 1238
capacitor 0.9605 1216 1070 1244 1129
capacitor 0.9363 2866 1078 2885 1126
capacitor 0.9332 3546 1266 3597 1289
capacitor 0.9323 1523 1168 1582 1188
capacitor 0.9216 3450 277 3509 298
capacitor 0.9174 3082 1069 3106 1125
capacitor 0.9139 1286 1256 1338 1285
capacitor 0.9125 3547 1217 3597 1237
capacitor 0.9090 2944 1091 2959 1127
capacitor 0.9077 1620 268 1679 298
capacitor 0.8795 1710 831 1759 852
capacitor 0.8759 1226 1316 1295 1346
capacitor 0.8687 1542 959 1591 978
capacitor 0.8576 1225 1158 1247 1219
capacitor 0.8188 2552 269 2608 297
capacitor 0.7448 1686 699 1760 727
capacitor 0.7416 1868 1741 1914 1768
capacitor 0.7002 1553 713 1599 732
capacitor 0.6509 2581 2453 2628 2473
text 0.9885 3181 2530 3231 2551
text 0.9876 189 1929 214 1951
text 0.9854 3014 1147 3064 1188
text 0.9852 2659 2145 2679 2166
text 0.9848 1521 1375 1560 1395
text 0.9830 1723 1691 1770 1720
text 0.9830 2411 1689 2441 1710
text 0.9781 3500 1266 3538 1294
text 0.9772 3340 2087 3379 2124
text 0.9763 2718 1028 2748 1048
text 0.9759 2708 2531 2757 2551
text 0.9754 2074 1710 2095 1732
text 0.9753 1205 1750 1234 1772
text 0.9749 1965 1780 2003 1799
text 0.9748 2412 1759 2441 1780
text 0.9745 3188 2443 3233 2463
text 0.9743 3113 238 3145 268
text 0.9734 1206 1701 1234 1730
text 0.9728 1450 1631 1471 1681
text 0.9727 3637 1533 3656 1582
text 0.9717 3923 743 3943 771
text 0.9702 2186 920 2213 938
text 0.9702 3575 603 3608 624
text 0.9697 1523 230 1561 268
text 0.9688 2481 675 2521 702
text 0.9679 2707 2372 2757 2392
text 0.9675 3351 625 3390 664
text 0.9670 278 1976 315 2167
text 0.9667 3498 1217 3538 1237
text 0.9665 3806 1344 3846 1374
text 0.9664 3181 2334 3231 2355
text 0.9655 4022 979 4033 999
text 0.9650 1075 1826 1095 1852
text 0.9645 3371 2673 3657 2768
text 0.9644 3261 1068 3301 1089
text 0.9640 848 1622 1108 1661
text 0.9639 3182 2374 3231 2402
text 0.9627 3568 2000 3589 2037
text 0.9622 1953 1911 2005 1939
text 0.9621 2783 2127 2809 2146
text 0.9615 1946 2364 2075 2403
text 0.9613 3754 1109 3883 1157
text 0.9609 1428 1784 1460 1836
text 0.9608 1818 929 1869 978
text 0.9599 3361 230 3391 269
text 0.9595 3034 2217 3055 2262
text 0.9588 3923 970 3941 992
text 0.9587 950 1127 988 1157
text 0.9584 3641 2058 3898 2106
text 0.9577 179 2561 208 2581
text 0.9571 1512 1749 1557 1818
text 0.9570 3963 1733 4000 1753
text 0.9566 3883 1604 3933 1631
text 0.9566 535 2096 661 2137
text 0.9562 2864 2755 2886 2800
text 0.9556 1045 940 1067 967
text 0.9555 455 329 681 376
text 0.9554 3526 2003 3552 2031
text 0.9552 1512 823 1562 851
text 0.9550 3745 970 3815 1010
text 0.9550 2710 2443 2764 2464
text 0.9533 3964 1899 4012 1919
text 0.9533 3183 425 3222 454
text 0.9523 2075 1998 2095 2029
text 0.9520 2068 1543 2092 1584
text 0.9510 55 1928 71 1951
text 0.9504 1293 1780 1321 1820
text 0.9503 1849 1285 1889 1325
text 0.9494 2222 2007 2243 2047
text 0.9483 1127 1622 1165 1659
text 0.9476 2927 2126 2945 2148
text 0.9475 3311 1128 3351 1156
text 0.9464 2707 2619 2758 2641
text 0.9463 3655 1992 3677 2027
text 0.9454 3844 968 3859 999
text 0.9453 3291 1511 3320 1532
text 0.9449 2619 268 2668 297
text 0.9447 277 1859 336 1889
text 0.9428 2706 2679 2756 2711
text 0.9424 3834 1690 3855 1710
text 0.9417 3807 1535 3832 1583
text 0.9378 177 2263 197 2283
text 0.9377 1630 1830 1650 1851
text 0.9375 3934 681 3953 705
text 0.9367 2630 596 2679 625
text 0.9365 4050 426 4091 474
text 0.9363 950 1267 988 1296
text 0.9355 2628 2371 2669 2401
text 0.9348 1312 497 1395 546
text 0.9345 2864 1139 2885 1169
text 0.9345 196 2135 209 2155
text 0.9324 3085 176 3131 198
text 0.9318 3062 1176 3192 1217
text 0.9317 2470 2452 2519 2473
text 0.9317 3674 2325 3747 2363
text 0.9311 1041 1375 1073 1404
text 0.9311 1958 1847 2004 1869
text 0.9311 723 2404 827 2443
text 0.9310 2856 2127 2877 2147
text 0.9301 948 1218 988 1245
text 0.9297 2946 1047 2964 1068
text 0.9292 3805 2127 3853 2154
text 0.9279 1206 1376 1245 1405
text 0.9273 3193 2602 3231 2621
text 0.9263 3369 1831 3420 1855
text 0.9256 978 1670 1046 1712
text 0.9250 3309 1897 3321 1919
text 0.9250 3568 871 3615 892
text 0.9248 3835 1821 3855 1842
text 0.9245 2311 1997 2331 2035
text 0.9232 1868 2312 1898 2334
text 0.9226 1254 902 1327 940
text 0.9213 2451 229 2480 268
text 0.9204 2719 2323 2767 2344
text 0.9181 2314 2067 2362 2096
text 0.9179 3578 199 3629 218
text 0.9162 3371 1767 3417 1791
text 0.9159 3307 989 3478 1040
text 0.9149 19 2303 39 2325
text 0.9142 2926 2750 2945 2797
text 0.9134 1961 1691 2013 1714
text 0.9134 3163 1079 3190 1107
text 0.9124 2382 1990 2401 2029
text 0.9118 3171 504 3221 543
text 0.9118 11 2235 58 2273
text 0.9109 1326 427 1365 449
text 0.9103 3192 2680 3232 2710
text 0.9102 4057 738 4077 765
text 0.9100 2965 1415 3004 1454
text 0.9099 4053 1828 4092 1855
text 0.9098 2362 2087 2413 2118
text 0.9095 1740 190 1787 218
text 0.9092 3308 1678 3337 1703
text 0.9089 1949 2602 2075 2640
text 0.9086 1679 269 1730 297
text 0.9082 3293 1660 3320 1681
text 0.9079 3895 1894 3941 1920
text 0.9074 722 2137 772 2178
text 0.9069 3807 2531 3913 2573
text 0.9066 2076 822 2135 862
text 0.9064 3637 870 3686 908
text 0.9045 2658 1148 2778 1188
text 0.9043 3815 2383 3915 2423
text 0.9042 3005 2128 3024 2146
text 0.9036 932 743 978 773
text 0.9025 900 506 979 536
text 0.9011 2935 395 2994 425
text 0.8992 3707 1177 3755 1218
text 0.8987 3308 1611 3338 1633
text 0.8985 2194 604 2303 642
text 0.8983 3099 2229 3124 2277
text 0.8983 2667 199 2717 219
text 0.8976 3301 1810 3317 1831
text 0.8958 791 1029 850 1058
text 0.8955 651 2680 701 2709
text 0.8953 3419 683 3468 713
text 0.8947 678 2442 825 2522
text 0.8942 432 2264 454 2292
text 0.8937 2018 2206 2075 2245
text 0.8930 1796 1987 2049 2028
text 0.8928 979 871 1026 907
text 0.8920 3499 1651 3518 1691
text 0.8909 2264 506 2312 544
text 0.8908 1045 488 1085 641
text 0.8891 2510 1830 2552 1849
text 0.8888 1212 1427 1323 1465
text 0.8887 1708 594 1759 625
text 0.8885 278 1940 335 1970
text 0.8885 3726 1979 3745 2028
text 0.8883 3420 2471 3478 2501
text 0.8864 2202 170 2233 189
text 0.8847 1847 773 1898 792
text 0.8835 898 636 978 672
text 0.8834 3013 2751 3034 2797
text 0.8831 2404 1501 2464 1557
text 0.8828 1225 1537 1311 1574
text 0.8826 2134 1543 2153 1583
text 0.8816 2112 879 2131 902
text 0.8799 1499 1648 1531 1748
text 0.8783 2846 782 2905 819
text 0.8777 3716 1533 3743 1584
text 0.8767 3300 2053 3313 2076
text 0.8754 3901 425 3964 491
text 0.8742 3119 1136 3157 1167
text 0.8723 3838 345 3894 379
text 0.8719 3370 1899 3414 1920
text 0.8717 3903 2067 3965 2097
text 0.8698 1087 1030 1127 1058
text 0.8668 264 2621 354 2660
text 0.8664 3036 2174 3336 2207
text 0.8658 1220 1574 1333 1610
text 0.8633 3805 1997 3824 2038
text 0.8632 631 1869 691 1890
text 0.8631 236 2304 276 2349
text 0.8616 2134 1998 2154 2037
text 0.8614 1630 803 1659 843
text 0.8607 4034 1891 4100 1929
text 0.8606 2807 1147 2846 1186
text 0.8601 1858 2244 1908 2265
text 0.8600 3815 682 3864 723
text 0.8582 4023 1593 4093 1630
text 0.8573 1807 1395 1848 1415
text 0.8560 3354 1649 3400 1677
text 0.8539 2530 1118 2581 1147
text 0.8526 3479 942 3528 981
text 0.8520 1394 1789 1423 1839
text 0.8519 3627 2004 3648 2038
text 0.8513 2470 555 2492 577
text 0.8513 1780 1820 1817 1849
text 0.8513 3838 386 4091 434
text 0.8508 1480 1019 1551 1058
text 0.8505 2056 1117 2117 1146
text 0.8502 1354 1632 1383 1682
text 0.8498 3835 1049 3885 1088
text 0.8453 2374 773 2809 819
text 0.8429 1227 1011 1266 1038
text 0.8420 3116 605 3221 643
text 0.8419 2380 1519 2423 1584
text 0.8413 257 2533 299 2573
text 0.8412 1790 1728 1828 1762
text 0.8410 551 2027 660 2066
text 0.8381 945 1502 993 1543
text 0.8379 3951 2118 4003 2156
text 0.8377 1546 557 1572 578
text 0.8376 2926 2229 2943 2276
text 0.8369 3311 1969 3321 1989
text 0.8366 3994 722 4043 760
text 0.8351 1567 734 1599 760
text 0.8348 3560 2148 3623 2182
text 0.8337 248 2441 365 2490
text 0.8319 1423 1563 1461 1583
text 0.8307 1791 821 1830 851
text 0.8299 2925 829 2938 860
text 0.8292 3826 723 3893 762
text 0.8289 2472 2515 2541 2551
text 0.8289 3903 1995 3965 2037
text 0.8287 2245 1552 2265 1583
text 0.8287 3291 1731 3321 1752
text 0.8272 969 1802 1017 1840
text 0.8267 1087 1347 1128 1375
text 0.8265 1307 159 1354 184
text 0.8261 3239 2118 3268 2166
text 0.8215 897 1069 979 1098
text 0.8212 1087 1206 1128 1235
text 0.8209 1087 1257 1127 1285
text 0.8204 2579 2548 2630 2574
text 0.8197 782 148 1088 362
text 0.8195 69 1830 118 1867
text 0.8193 1866 1050 1918 1088
text 0.8185 1405 1385 1443 1414
text 0.8179 78 2256 96 2283
text 0.8178 2817 2749 2839 2798
text 0.8166 408 2690 550 2728
text 0.8153 4046 682 4064 713
text 0.8149 1127 460 1185 496
text 0.8147 3796 724 3867 770
text 0.8145 1571 1208 1619 1237
text 0.8130 2010 303 2064 341
text 0.8117 799 2353 838 2440
text 0.8112 3865 1404 3884 1423
text 0.8108 932 1355 988 1384
text 0.8087 1859 2471 1908 2492
text 0.8029 811 1563 868 1604
text 0.8021 3548 1543 3568 1582
text 0.8020 3875 2628 3938 2660
text 0.8015 2508 2374 2578 2394
text 0.8012 716 2304 786 2402
text 0.8005 1244 940 1354 980
text 0.7998 673 2130 713 2156
text 0.7991 1976 2257 2019 2294
text 0.7982 1267 605 1373 654
text 0.7980 105 278 707 327
text 0.7954 2361 2383 2411 2414
text 0.7925 274 2572 364 2620
text 0.7897 1330 1198 1372 1228
text 0.7897 3076 2126 3110 2147
text 0.7896 2499 1779 2550 1799
text 0.7893 2756 2147 2782 2167
text 0.7890 3834 270 3895 299
text 0.7888 2511 1673 2551 1695
text 0.7888 3171 2133 3217 2169
text 0.7880 398 2643 467 2690
text 0.7874 951 1030 989 1057
text 0.7873 1088 1799 1107 1820
text 0.7870 3874 2463 3933 2500
text 0.7852 543 2246 731 2285
text 0.7852 3538 1337 3595 1375
text 0.7839 988 939 1023 972
text 0.7816 2311 1550 2336 1582
text 0.7811 928 456 976 485
text 0.7757 908 545 979 577
text 0.7755 3786 1543 3805 1585
text 0.7741 961 1368 1019 1398
text 0.7739 2423 2406 2491 2442
text 0.7738 3083 2760 3103 2808
text 0.7724 2283 2008 2303 2045
text 0.7721 3075 762 3259 811
text 0.7718 1214 1493 1253 1516
text 0.7702 1798 1515 1828 1572
text 0.7701 1756 1781 1826 1818
text 0.7695 2405 1410 2460 1450
text 0.7678 1087 1112 1127 1167
text 0.7670 109 2137 169 2174
text 0.7666 838 1344 890 1393
text 0.7665 1413 1441 1433 1465
text 0.7664 3213 989 3252 1028
text 0.7654 1499 1632 1522 1679
text 0.7640 1572 1484 1622 1504
text 0.7640 1828 1572 1890 1602
text 0.7621 3300 1573 3322 1596
text 0.7618 1088 981 1127 1010
text 0.7605 2282 1552 2309 1583
text 0.7603 1473 801 1512 831
text 0.7602 3786 1980 3805 2028
text 0.7584 3568 1535 3588 1584
text 0.7565 69 2562 89 2582
text 0.7562 1630 1742 1675 1771
text 0.7528 1710 1780 1758 1820
text 0.7480 913 981 988 1010
text 0.7471 3440 1515 3498 1544
text 0.7469 2007 386 2066 415
text 0.7456 592 2431 662 2463
text 0.7455 3835 1732 3855 1751
text 0.7402 927 781 978 824
text 0.7399 52 2134 71 2156
text 0.7386 1236 1216 1283 1248
text 0.7379 1039 1468 1076 1543
text 0.7364 2204 1554 2224 1583
text 0.7345 1877 2550 1907 2571
text 0.7326 3489 1484 3550 1514
text 0.7251 3241 163 3270 187
text 0.7244 3450 308 3498 327
text 0.7196 922 595 978 628
text 0.7096 4050 1733 4090 1757
text 0.7083 3072 1136 3101 1167
text 0.7069 3311 1499 3331 1522
text 0.7066 377 2637 442 2683
text 0.7033 1244 1047 1338 1198
text 0.7009 2727 2746 2793 2777
text 0.6939 1622 1754 1666 1785
text 0.6933 2679 2126 2702 2147
text 0.6921 1543 1308 1592 1336
text 0.6910 3865 1257 3884 1286
text 0.6904 2402 2513 2473 2553
text 0.6838 651 2186 842 2234
text 0.6787 1962 1642 2010 1662
text 0.6769 4015 1747 4063 1772
text 0.6769 3655 2187 3750 2226
text 0.6759 2837 2754 2856 2799
text 0.6728 1573 1246 1622 1276
text 0.6684 1138 1083 1177 1258
text 0.6604 2836 2225 2857 2267
text 0.6443 2514 1653 2551 1671
text 0.6389 3367 1734 3406 1757
text 0.6376 3697 2118 3745 2154
text 0.6316 2460 2738 2718 2789
text 0.6278 2924 879 2938 908
text 0.6171 1798 861 1846 889
text 0.6137 4003 1660 4074 1694
text 0.6105 3916 2187 4007 2230
text 0.6103 2125 1995 2147 2036
text 0.6091 385 2267 405 2294
text 0.6039 1245 1634 1273 1681
text 0.5987 1334 1784 1354 1840
text 0.5957 2995 2753 3014 2799
text 0.5789 2046 1989 2066 2028
text 0.5620 3368 1810 3419 1830
text 0.5526 1007 1406 1066 1444
text 0.5493 2837 2146 2856 2166
text 0.5150 3549 1999 3569 2037
text 0.5060 2046 1552 2066 1590
text 0.3654 3303 1668 3332 1699
text 0.3638 2918 1130 2934 1172
text 0.3615 951 781 1014 841
text 0.3528 3470 1997 3489 2036
text 0.3515 2123 1545 2147 1581
text 0.3379 3360 1891 3414 1910
text 0.3350 2679 2133 2698 2160
text 0.3261 1338 1186 1379 1219
text 0.3214 3707 1536 3731 1585
text 0.3178 4023 1650 4087 1679
text 0.3146 2436 1925 2484 1955
text 0.3077 2690 2753 2793 2784
component 0.9887 2775 1038 2833 1125
component 0.9873 779 1217 839 1266
component 0.9859 790 1460 838 1513
component 0.9853 2720 1529 3200 2068
component 0.9802 1284 1068 1334 1138
component 0.9774 1603 178 1677 229
component 0.9727 255 1792 276 1821
component 0.9676 1663 1060 1820 1267
component 0.9615 1475 1544 1563 1574
component 0.9605 62 1969 175 2104
component 0.9598 1603 584 1667 622
component 0.9590 2522 178 2597 227
component 0.9569 3439 575 3496 622
component 0.9556 1708 753 1776 804
component 0.9515 1725 870 1757 890
component 0.9487 3667 1239 3738 1326
component 0.9474 1679 1513 1720 1542
component 0.9408 415 1791 446 1822
component 0.9361 1405 1315 1475 1364
component 0.9274 2995 1029 3054 1116
component 0.9270 3438 178 3505 230
component 0.9248 1403 1523 1423 1544
component 0.9184 2925 2414 3014 2656
component 0.8967 3612 2405 3749 2530
component 0.8950 2124 1730 2373 1823
component 0.8835 3561 1761 3803 1850
component 0.8426 3944 1221 3994 1402
component 0.8194 138 1989 184 2034
component 0.8089 162 2019 198 2064
component 0.8028 3627 2530 3678 2553
component 0.7529 642 925 672 982
component 0.7362 62 920 97 968
component 0.7325 157 2081 177 2108
component 0.7152 49 2009 78 2062
component 0.7142 50 2041 140 2119
component 0.6846 374 1791 405 1822
component 0.6802 1537 2497 1628 2581
component 0.6773 2529 574 2601 625
component 0.4136 146 2083 173 2114
component 0.3884 60 2065 89 2101
test 0.9907 2222 387 2262 426
test 0.9372 1305 388 1346 428
test 0.9050 3894 2246 3972 2313
test 0.8222 1244 1366 1294 1416
test 0.8203 1255 1485 1295 1523
test 0.8151 1246 831 1286 880
test 0.7930 3943 317 4012 387
test 0.7473 3145 397 3183 436
led 0.9812 2321 191 2371 219
led 0.9744 1979 2511 2027 2542
led 0.9744 1384 199 1423 219
led 0.9738 721 2037 771 2058
led 0.9335 3637 850 3686 871
led 0.9015 722 2107 772 2127
led 0.8984 3667 2154 3718 2178
led 0.8795 1977 2286 2016 2304
led 0.8697 1443 1405 1492 1434
led 0.7075 3225 193 3263 220
clock 0.8789 2758 1009 2855 1147
clock 0.8682 2976 1000 3067 1150
ic 0.9644 1386 1059 1521 1237
ic 0.9561 2102 1660 2402 1926
ic 0.9539 2661 1485 3292 2123
ic 0.9147 3531 1669 3837 1937
ic 0.8909 752 1417 891 1560
ic 0.8716 3641 1217 3761 1356
ic 0.8239 2848 2376 3112 2687
ic 0.7626 749 1177 886 1311
switch 0.9494 3590 2371 3774 2565
switch 0.6812 3748 760 4109 972
electrolytic 0.9263 2499 567 2629 633
electrolytic 0.8711 1347 1294 1534 1385
electrolytic 0.7440 1668 1309 1865 1390
electrolytic 0.7419 1272 1010 1356 1213
button 0.9609 3911 2500 4059 2638
button 0.9499 3914 2333 4053 2482
button 0.8612 2055 2441 2204 2594
button 0.8431 551 2284 697 2431
button 0.8263 2066 2207 2205 2355
transistor 0.9618 1906 2285 1965 2345
transistor 0.9013 1354 1415 1411 1476
transistor 0.8890 2244 210 2306 271
transistor 0.8756 1905 2509 1965 2578
transistor 0.8462 3143 216 3202 280
transistor 0.7400 1304 218 1364 277
jumper 0.9273 1403 1683 1466 1781
jumper 0.9139 1365 1680 1403 1787
jumper 0.9033 1827 1684 1928 1739
jumper 0.8821 3973 1685 4083 1741
jumper 0.8566 743 2296 820 2400
jumper 0.8160 2273 802 2338 923
jumper 0.6904 1869 1774 1965 1832
inductor 0.9310 3804 1256 3864 1286
inductor 0.8658 3004 1396 3034 1462
inductor 0.8060 1679 912 1807 989
unknown 0.9816 2319 296 2785 543
unknown 0.9776 3220 288 3704 544
unknown 0.9676 1390 274 1856 543
potentiometer 0.8340 26 1942 219 2137
display 0.9895 40 385 700 1863
