connector 0.9589 1424 387 1660 503
connector 0.9387 2360 379 2610 503
connector 0.9334 501 387 736 510
resistor 0.9952 946 2339 964 2374
resistor 0.9940 1383 951 1393 980
resistor 0.9937 484 2008 500 2045
resistor 0.9929 2694 2140 2709 2175
resistor 0.9917 1037 2343 1045 2374
resistor 0.9910 977 2777 997 2817
resistor 0.9906 212 1646 228 1685
resistor 0.9904 1115 2775 1124 2810
resistor 0.9904 1295 2539 1323 2558
resistor 0.9901 2726 1698 2738 1729
resistor 0.9882 1903 2006 1916 2045
resistor 0.9875 1362 1950 1394 1973
resistor 0.9856 1847 951 1858 980
resistor 0.9852 282 2006 295 2048
resistor 0.9835 464 2010 475 2047
resistor 0.9820 921 2611 960 2632
resistor 0.9816 1205 2783 1219 2819
resistor 0.9813 1116 2066 1143 2100
resistor 0.9806 1610 950 1629 981
resistor 0.9792 1422 951 1432 981
resistor 0.9789 1284 950 1294 981
resistor 0.9780 306 1643 316 1682
resistor 0.9769 1296 2612 1324 2628
resistor 0.9753 1186 2344 1204 2382
resistor 0.9746 2055 1705 2094 1722
resistor 0.9733 1523 950 1533 980
resistor 0.9721 1612 1819 1640 1837
resistor 0.9695 950 1651 994 1707
resistor 0.9685 1675 2009 1688 2048
resistor 0.9676 1685 1934 1703 1967
resistor 0.9676 175 1811 206 1832
resistor 0.9667 691 2057 753 2086
resistor 0.9658 1645 1646 1661 1684
resistor 0.9622 1028 2779 1038 2818
resistor 0.9616 1297 2767 1326 2787
resistor 0.9603 920 2541 958 2560
resistor 0.9599 177 1901 208 1918
resistor 0.9595 615 1825 651 1838
resistor 0.9593 3955 1680 3983 1695
resistor 0.9582 917 2377 948 2402
resistor 0.9578 373 1649 386 1683
resistor 0.9571 216 2006 231 2044
resistor 0.9564 553 2007 563 2046
resistor 0.9551 402 2571 443 2584
resistor 0.9546 981 1966 1022 2010
resistor 0.9536 1185 949 1206 982
resistor 0.9536 923 2700 958 2719
resistor 0.9518 790 1891 845 1940
resistor 0.9518 1751 949 1770 981
resistor 0.9516 1985 2011 2006 2048
resistor 0.9510 2631 1700 2648 1729
resistor 0.9505 1660 951 1680 981
resistor 0.9491 1067 1583 1098 1594
resistor 0.9471 1293 2379 1322 2405
resistor 0.9465 1609 1977 1640 1998
resistor 0.9460 995 2417 1028 2450
resistor 0.9456 406 2470 441 2488
resistor 0.9418 3509 2410 3546 2424
resistor 0.9416 3784 2699 3817 2718
resistor 0.9413 615 1674 651 1693
resistor 0.9410 1296 2692 1325 2707
resistor 0.9409 3982 2137 4013 2157
resistor 0.9403 2778 1693 2789 1730
resistor 0.9368 1743 2012 1758 2049
resistor 0.9344 617 1898 653 1914
resistor 0.9336 77 2461 117 2482
resistor 0.9328 374 2008 387 2047
resistor 0.9301 1670 1644 1689 1682
resistor 0.9276 3648 2609 3676 2620
resistor 0.9255 79 2611 108 2629
resistor 0.9255 615 1741 652 1758
resistor 0.9250 1613 1891 1639 1913
resistor 0.9233 1836 2011 1849 2048
resistor 0.9232 3009 2500 3043 2515
resistor 0.9197 385 1602 433 1625
resistor 0.9190 1295 2451 1324 2471
resistor 0.9187 2055 1820 2086 1838
resistor 0.9160 2055 1979 2094 1998
resistor 0.9119 176 1739 206 1759
resistor 0.9095 1611 1733 1641 1751
resistor 0.9086 2055 1890 2086 1910
resistor 0.9070 3095 2233 3124 2247
resistor 0.9044 1366 1972 1394 1988
resistor 0.9024 1984 1644 2005 1682
resistor 0.9019 3785 2564 3814 2583
resistor 0.8998 540 1739 553 1770
resistor 0.8892 306 2008 326 2049
resistor 0.8892 1040 1651 1073 1679
resistor 0.8887 788 1966 850 1998
resistor 0.8855 1132 1582 1165 1595
resistor 0.8836 761 1931 801 1956
resistor 0.8812 1738 1644 1755 1682
resistor 0.8786 1900 1645 1918 1682
resistor 0.8784 4041 2137 4081 2157
resistor 0.8720 554 1652 565 1681
resistor 0.8691 1814 1641 1831 1683
resistor 0.8682 720 926 751 941
resistor 0.8646 919 2451 947 2470
resistor 0.8507 1582 2087 1611 2105
resistor 0.8463 1120 2346 1139 2383
resistor 0.8348 1898 948 1925 981
resistor 0.8346 2056 1732 2085 1753
resistor 0.8228 620 1989 651 2002
resistor 0.8205 830 931 870 949
resistor 0.8037 912 2423 959 2451
resistor 0.7989 3222 2107 3252 2126
resistor 0.7919 2856 1882 2867 1917
resistor 0.7897 1809 2012 1828 2047
resistor 0.7871 4042 2037 4072 2057
resistor 0.7829 3144 2236 3173 2254
resistor 0.7828 2682 1874 2803 1930
resistor 0.7548 918 2473 958 2494
resistor 0.7541 3794 2463 3825 2483
resistor 0.7530 1255 2345 1276 2383
resistor 0.7429 3785 2500 3819 2533
resistor 0.7413 918 2768 959 2785
resistor 0.7348 1361 1836 1414 1893
resistor 0.7314 1177 2780 1195 2819
resistor 0.7087 1650 2011 1670 2049
resistor 0.6908 1333 1435 1363 1493
resistor 0.6691 3794 2658 3824 2677
resistor 0.6670 1283 1970 1340 1989
resistor 0.6543 917 2522 957 2543
resistor 0.6148 1967 2007 1987 2052
resistor 0.6031 3073 1653 3106 1672
resistor 0.4865 904 2620 952 2656
resistor 0.4576 1889 947 1911 983
resistor 0.3436 921 2760 958 2780
resistor 0.3238 658 1735 702 1762
capacitor 0.9945 1842 1727 1861 1781
capacitor 0.9923 1215 1445 1233 1481
capacitor 0.9923 1848 2403 1878 2423
capacitor 0.9919 1246 2217 1257 2264
capacitor 0.9899 851 2232 870 2285
capacitor 0.9896 3035 2265 3085 2286
capacitor 0.9882 1134 2639 1162 2661
capacitor 0.9881 1493 1523 1599 1572
capacitor 0.9870 792 1803 850 1862
capacitor 0.9870 1147 2226 1158 2254
capacitor 0.9858 1197 1890 1227 1918
capacitor 0.9856 2431 2628 2544 2669
capacitor 0.9850 249 2214 364 2264
capacitor 0.9842 994 2222 1016 2275
capacitor 0.9834 2424 2155 2530 2204
capacitor 0.9828 1561 2395 1678 2446
capacitor 0.9825 1193 2587 1222 2606
capacitor 0.9823 1514 1740 1559 1760
capacitor 0.9819 1798 2104 1845 2127
capacitor 0.9816 1521 1593 1571 1613
capacitor 0.9814 1315 1437 1327 1494
capacitor 0.9813 512 2275 544 2293
capacitor 0.9812 562 1267 670 1315
capacitor 0.9806 1919 2405 2025 2452
capacitor 0.9805 783 1208 889 1247
capacitor 0.9796 1324 2203 1344 2260
capacitor 0.9795 1945 2165 1996 2195
capacitor 0.9792 1764 1778 1786 1817
capacitor 0.9770 374 2097 432 2121
capacitor 0.9755 742 1518 762 1570
capacitor 0.9747 368 1920 388 1964
capacitor 0.9746 397 1712 454 1802
capacitor 0.9742 1682 2482 1801 2530
capacitor 0.9742 2983 2163 3034 2184
capacitor 0.9725 277 2155 306 2172
capacitor 0.9720 1031 2094 1069 2120
capacitor 0.9717 1772 2147 1876 2193
capacitor 0.9715 822 1568 862 1614
capacitor 0.9693 692 2002 737 2018
capacitor 0.9689 1847 1936 1859 1971
capacitor 0.9689 1385 2687 1491 2737
capacitor 0.9681 3075 1532 3192 1582
capacitor 0.9680 2445 2692 2551 2740
capacitor 0.9679 1372 1599 1414 1641
capacitor 0.9679 1018 2226 1129 2275
capacitor 0.9673 990 2586 1023 2605
capacitor 0.9669 829 2058 864 2077
capacitor 0.9665 2079 1375 2195 1423
capacitor 0.9663 3301 1187 3351 1215
capacitor 0.9662 1434 1865 1454 1900
capacitor 0.9659 832 2132 860 2147
capacitor 0.9645 341 1832 394 1856
capacitor 0.9645 1147 1957 1172 2017
capacitor 0.9644 1129 1724 1180 1779
capacitor 0.9635 347 962 376 981
capacitor 0.9625 1354 1753 1411 1801
capacitor 0.9614 3305 1362 3339 1384
capacitor 0.9604 879 1671 908 1711
capacitor 0.9601 1197 1699 1232 1730
capacitor 0.9596 1234 2069 1265 2092
capacitor 0.9585 346 1715 386 1781
capacitor 0.9573 1902 1855 1919 1887
capacitor 0.9562 1514 1672 1561 1692
capacitor 0.9554 1326 2006 1353 2021
capacitor 0.9540 692 2712 802 2760
capacitor 0.9539 3035 2284 3082 2312
capacitor 0.9535 1478 2137 1531 2156
capacitor 0.9534 1359 2129 1399 2146
capacitor 0.9534 1065 2511 1095 2532
capacitor 0.9527 1136 1681 1168 1723
capacitor 0.9526 3036 2532 3075 2551
capacitor 0.9521 1475 1998 1522 2029
capacitor 0.9506 712 1611 744 1631
capacitor 0.9498 1193 1817 1224 1839
capacitor 0.9497 594 1434 650 1455
capacitor 0.9493 1821 1572 1867 1600
capacitor 0.9483 2479 2238 2543 2261
capacitor 0.9483 1512 1939 1558 1959
capacitor 0.9481 1135 1564 1165 1575
capacitor 0.9471 1820 1556 1866 1577
capacitor 0.9466 1567 2334 1681 2375
capacitor 0.9465 2591 2638 2609 2689
capacitor 0.9464 1028 1741 1098 1790
capacitor 0.9462 1067 2524 1098 2550
capacitor 0.9458 3938 1762 3995 1783
capacitor 0.9457 664 2197 780 2253
capacitor 0.9425 3336 1595 3383 1622
capacitor 0.9420 2882 2067 2935 2086
capacitor 0.9419 1560 2127 1680 2177
capacitor 0.9416 1425 1520 1471 1540
capacitor 0.9415 560 1207 671 1247
capacitor 0.9394 3223 1196 3261 1215
capacitor 0.9371 1397 2293 1502 2333
capacitor 0.9353 1082 2293 1137 2322
capacitor 0.9353 1425 2256 1482 2288
capacitor 0.9348 1512 1438 1578 1471
capacitor 0.9325 1372 1540 1412 1575
capacitor 0.9315 1195 2606 1233 2621
capacitor 0.9313 317 1051 433 1098
capacitor 0.9307 3937 1836 4005 1860
capacitor 0.9287 3303 1442 3350 1463
capacitor 0.9278 1104 2522 1127 2575
capacitor 0.9276 952 2056 992 2080
capacitor 0.9262 554 1383 668 1425
capacitor 0.9255 1379 2056 1414 2072
capacitor 0.9234 688 1417 806 1461
capacitor 0.9204 1780 1829 1838 1851
capacitor 0.9191 1026 1961 1062 2007
capacitor 0.9188 1514 1808 1565 1839
capacitor 0.9138 609 1574 708 1612
capacitor 0.9117 1211 1598 1265 1629
capacitor 0.9104 2080 1425 2193 1474
capacitor 0.9095 1137 1905 1185 1980
capacitor 0.9083 1194 1742 1223 1783
capacitor 0.9078 277 2096 339 2122
capacitor 0.9076 1026 1918 1073 1972
capacitor 0.9059 966 1853 1041 1890
capacitor 0.9056 959 1912 1033 1951
capacitor 0.9053 881 1974 913 2016
capacitor 0.9042 524 2153 631 2206
capacitor 0.9039 980 2604 1031 2622
capacitor 0.9006 407 957 514 1011
capacitor 0.9002 882 2111 918 2135
capacitor 0.8983 395 1404 434 1419
capacitor 0.8979 1467 1855 1583 1898
capacitor 0.8979 1898 1781 1916 1820
capacitor 0.8976 1264 1747 1317 1808
capacitor 0.8971 1670 2778 1781 2827
capacitor 0.8970 393 1910 430 1969
capacitor 0.8931 1761 1286 1878 1335
capacitor 0.8917 2926 2136 2935 2167
capacitor 0.8903 1398 2215 1504 2260
capacitor 0.8895 1589 2232 1671 2270
capacitor 0.8886 2436 2571 2536 2610
capacitor 0.8877 585 2260 645 2297
capacitor 0.8863 3027 2601 3143 2642
capacitor 0.8832 2767 2626 2785 2659
capacitor 0.8825 1475 2068 1521 2087
capacitor 0.8822 402 1855 466 1915
capacitor 0.8821 2905 1989 3011 2036
capacitor 0.8810 814 1653 852 1677
capacitor 0.8802 3403 1194 3439 1212
capacitor 0.8780 939 2224 959 2277
capacitor 0.8760 191 1424 290 1474
capacitor 0.8734 1063 2605 1095 2632
capacitor 0.8707 4032 2640 4062 2659
capacitor 0.8696 2808 2127 2861 2147
capacitor 0.8692 3409 1523 3447 1541
capacitor 0.8683 726 2563 789 2607
capacitor 0.8658 1195 1965 1236 2002
capacitor 0.8651 3103 1484 3162 1503
capacitor 0.8640 3222 1445 3262 1464
capacitor 0.8628 1134 2509 1162 2533
capacitor 0.8610 206 1541 257 1561
capacitor 0.8605 949 1435 967 1494
capacitor 0.8593 3400 1363 3439 1384
capacitor 0.8536 1393 2079 1432 2097
capacitor 0.8536 1491 1323 1601 1373
capacitor 0.8522 2046 1316 2094 1336
capacitor 0.8520 693 1661 736 1676
capacitor 0.8518 2760 1880 2786 1918
capacitor 0.8514 3401 1443 3438 1464
capacitor 0.8510 1861 1830 1908 1848
capacitor 0.8504 2146 1956 2248 2005
capacitor 0.8495 1433 2444 1480 2462
capacitor 0.8448 699 2527 808 2572
capacitor 0.8431 2055 1293 2087 1308
capacitor 0.8385 2499 2383 2541 2403
capacitor 0.8368 692 1760 737 1785
capacitor 0.8358 1844 1856 1878 1897
capacitor 0.8325 69 1935 121 1957
capacitor 0.8313 1171 1620 1206 1644
capacitor 0.8287 930 1779 975 1818
capacitor 0.8278 2064 1031 2185 1077
capacitor 0.8277 1929 1523 2039 1570
capacitor 0.8256 2015 1028 2046 1039
capacitor 0.8223 1413 2638 1470 2659
capacitor 0.8175 1414 1433 1433 1492
capacitor 0.8052 1325 1913 1352 1934
capacitor 0.8014 1313 2136 1354 2161
capacitor 0.8010 2442 2522 2513 2551
capacitor 0.7976 16 1987 126 2037
capacitor 0.7964 780 1487 801 1534
capacitor 0.7959 1264 1892 1312 1920
capacitor 0.7930 3222 1365 3262 1385
capacitor 0.7903 780 1257 888 1305
capacitor 0.7869 68 1681 115 1705
capacitor 0.7811 203 1493 255 1515
capacitor 0.7656 1765 1852 1819 1893
capacitor 0.7610 1312 1680 1364 1727
capacitor 0.7601 1086 2115 1116 2137
capacitor 0.7322 498 2524 613 2571
capacitor 0.7220 860 1754 880 1788
capacitor 0.7218 68 1653 118 1673
capacitor 0.7134 3274 1633 3394 1679
capacitor 0.6955 1569 2181 1680 2237
capacitor 0.6877 839 2748 889 2768
capacitor 0.6733 3263 1120 3379 1158
capacitor 0.6600 2569 2117 2618 2145
capacitor 0.6514 1067 1253 1172 1299
capacitor 0.6507 2876 2035 2930 2067
capacitor 0.6461 2998 2372 3034 2401
capacitor 0.6420 1006 1778 1061 1811
capacitor 0.6325 1326 2116 1358 2136
capacitor 0.6225 1492 1238 1598 1288
capacitor 0.6057 700 2137 747 2156
capacitor 0.5838 1415 1819 1432 1852
capacitor 0.5615 1398 2135 1433 2155
capacitor 0.5593 1176 1442 1196 1492
capacitor 0.5250 1493 1465 1603 1515
capacitor 0.4983 70 1550 162 1647
capacitor 0.4801 1489 1256 1602 1308
capacitor 0.4013 1581 2279 1663 2324
capacitor 0.3593 932 1720 1010 1777
capacitor 0.3411 694 1818 742 1836
capacitor 0.3175 1272 1810 1322 1847
text 0.9910 1433 1404 1453 1462
text 0.9847 1048 2385 1069 2422
text 0.9846 3182 2235 3213 2253
text 0.9821 323 2147 363 2176
text 0.9810 1126 2176 1145 2202
text 0.9791 634 2154 672 2174
text 0.9790 731 1220 781 1248
text 0.9782 968 2697 1008 2717
text 0.9766 1670 1594 1690 1634
text 0.9748 3865 1760 3918 1789
text 0.9729 1441 2066 1474 2084
text 0.9706 1739 2067 1758 2104
text 0.9699 1997 1820 2045 1839
text 0.9697 2056 1345 2095 1374
text 0.9695 2055 2185 2105 2207
text 0.9681 415 2414 454 2444
text 0.9676 1164 941 1186 1000
text 0.9668 1114 2837 1135 2879
text 0.9665 2895 2118 2924 2168
text 0.9664 1453 1737 1491 1758
text 0.9660 1522 2313 1570 2343
text 0.9657 662 2849 692 2879
text 0.9655 652 2384 682 2413
text 0.9653 1977 961 2026 990
text 0.9649 2382 2719 2432 2740
text 0.9648 1214 1384 1245 1416
text 0.9642 1687 2639 1730 2660
text 0.9635 967 2444 999 2471
text 0.9631 2026 2167 2055 2205
text 0.9625 1512 2206 1561 2235
text 0.9616 1681 2142 1730 2163
text 0.9597 1204 2838 1224 2877
text 0.9591 654 2542 700 2562
text 0.9586 3063 1672 3114 1702
text 0.9579 1049 2176 1078 2203
text 0.9577 1670 2235 1709 2256
text 0.9575 2383 2640 2432 2670
text 0.9565 1720 2167 1768 2194
text 0.9564 1662 1816 1697 1838
text 0.9553 365 2226 415 2255
text 0.9550 812 2504 849 2523
text 0.9546 660 2502 702 2521
text 0.9533 1453 1582 1502 1602
text 0.9532 1691 2373 1729 2406
text 0.9518 1581 1435 1631 1455
text 0.9512 2036 2412 2085 2441
text 0.9497 3262 1682 3321 1711
text 0.9489 573 1579 594 1632
text 0.9489 208 2060 236 2105
text 0.9485 3272 2009 3389 2048
text 0.9484 2628 1986 2669 2024
text 0.9484 1671 1463 1712 1492
text 0.9482 2974 2628 3024 2648
text 0.9478 235 1585 261 1638
text 0.9473 1206 1267 1236 1307
text 0.9462 675 1395 721 1415
text 0.9420 267 839 314 861
text 0.9419 622 2258 670 2281
text 0.9412 502 1385 552 1411
text 0.9406 562 1739 600 1761
text 0.9401 653 2686 701 2709
text 0.9386 543 1908 563 1946
text 0.9385 1343 2207 1372 2265
text 0.9384 974 2830 998 2876
text 0.9372 880 1497 907 1542
text 0.9366 1213 2444 1237 2464
text 0.9342 158 2284 209 2312
text 0.9333 1187 2393 1207 2429
text 0.9326 2402 2137 2450 2156
text 0.9321 473 1950 493 1986
text 0.9314 3056 2000 3249 2052
text 0.9305 3766 792 3846 811
text 0.9297 3391 1543 3451 1570
text 0.9292 3994 1537 4032 1572
text 0.9281 762 1764 785 1811
text 0.9276 2134 1573 2174 1602
text 0.9275 3716 752 3833 783
text 0.9272 726 1470 771 1505
text 0.9263 3913 1672 3953 1692
text 0.9252 1997 1732 2045 1750
text 0.9241 888 2182 908 2228
text 0.9237 944 2178 1001 2219
text 0.9236 2737 2618 2768 2672
text 0.9221 1592 2722 1623 2758
text 0.9214 1117 2382 1137 2423
text 0.9203 583 2679 611 2710
text 0.9202 504 1698 522 1740
text 0.9193 324 1600 347 1650
text 0.9192 1263 2283 1292 2326
text 0.9188 552 2629 602 2657
text 0.9188 465 1705 484 1740
text 0.9185 628 1614 683 1645
text 0.9176 809 1511 833 1556
text 0.9175 218 1831 256 1852
text 0.9175 514 672 552 702
text 0.9175 276 1188 306 1225
text 0.9169 1581 2613 1622 2650
text 0.9166 3874 1840 3924 1868
text 0.9164 1898 1600 1918 1632
text 0.9160 2245 2236 2293 2265
text 0.9153 217 2463 265 2492
text 0.9153 2214 791 2254 821
text 0.9145 296 1216 352 1240
text 0.9142 2371 2539 2421 2569
text 0.9135 2589 2711 2609 2758
text 0.9099 957 1304 997 1325
text 0.9099 513 1544 543 1586
text 0.9098 236 2067 285 2108
text 0.9092 267 1059 316 1089
text 0.9083 3096 2532 3134 2551
text 0.9081 2657 2730 2688 2772
text 0.9078 1216 2720 1246 2748
text 0.9067 1603 1553 1649 1574
text 0.9063 3391 1466 3447 1494
text 0.9049 2362 2265 2411 2284
text 0.9043 0 1672 40 1701
text 0.9041 1569 2069 1607 2097
text 0.9039 1343 2605 1382 2629
text 0.9031 1414 2157 1452 2177
text 0.9024 1976 872 2025 901
text 0.9019 670 1898 711 1919
text 0.9001 840 2540 890 2563
text 0.8999 2068 1077 2113 1106
text 0.8965 1324 2718 1373 2741
text 0.8953 1661 1364 1717 1386
text 0.8947 524 1453 573 1483
text 0.8945 198 2443 227 2483
text 0.8942 1917 2246 1957 2273
text 0.8940 1738 1595 1764 1634
text 0.8936 564 1948 584 1988
text 0.8934 2460 2493 2501 2525
text 0.8928 1899 2049 1917 2086
text 0.8922 1491 2690 1541 2719
text 0.8920 727 2136 781 2158
text 0.8919 380 2670 431 2689
text 0.8909 405 2263 438 2295
text 0.8899 732 1968 780 1990
text 0.8894 88 1890 138 1909
text 0.8894 299 1843 335 1862
text 0.8890 2600 1948 2649 1970
text 0.8866 1617 2491 1680 2526
text 0.8862 1757 1257 1808 1285
text 0.8854 1545 1910 1592 1939
text 0.8849 741 1889 790 1916
text 0.8841 502 1259 551 1286
text 0.8831 3756 1613 3813 1643
text 0.8826 423 1704 445 1749
text 0.8815 484 1594 504 1642
text 0.8810 1457 1898 1490 1919
text 0.8779 2687 1831 2706 1870
text 0.8773 2925 2721 2954 2758
text 0.8771 1404 1544 1453 1566
text 0.8769 3994 1416 4032 1446
text 0.8768 1651 2067 1671 2107
text 0.8756 918 2329 947 2380
text 0.8752 3637 2580 3675 2600
text 0.8745 1690 2277 1729 2314
text 0.8743 326 2052 344 2090
text 0.8733 2769 1828 2787 1873
text 0.8731 287 958 334 979
text 0.8724 1757 1945 1777 1998
text 0.8706 7 2027 59 2063
text 0.8705 218 1739 256 1761
text 0.8677 208 1585 232 1634
text 0.8674 1222 1847 1278 1870
text 0.8645 3385 1384 3440 1414
text 0.8629 1023 2829 1047 2875
text 0.8627 1198 1188 1237 1218
text 0.8622 244 1948 275 1979
text 0.8614 2076 1482 2126 1502
text 0.8609 3202 1384 3252 1405
text 0.8596 515 1228 564 1247
text 0.8594 1345 2471 1381 2499
text 0.8592 1498 1293 1599 1342
text 0.8588 385 1377 444 1404
text 0.8579 464 2056 485 2086
text 0.8577 464 2177 512 2197
text 0.8560 668 1828 699 1847
text 0.8555 694 2859 732 2887
text 0.8554 3390 1209 3441 1236
text 0.8552 2193 1386 2244 1414
text 0.8548 1957 1030 2006 1050
text 0.8536 1985 1592 2005 1634
text 0.8534 1255 940 1275 999
text 0.8531 404 2343 452 2367
text 0.8512 1343 2680 1383 2702
text 0.8502 268 743 315 772
text 0.8494 1979 1956 1999 1979
text 0.8493 290 1485 325 1523
text 0.8485 117 1868 160 1897
text 0.8476 2848 1831 2874 1871
text 0.8466 315 1394 355 1424
text 0.8461 3749 722 3845 752
text 0.8458 1809 1594 1829 1628
text 0.8432 1738 2387 1784 2416
text 0.8429 1788 2403 1830 2431
text 0.8413 404 1622 435 1651
text 0.8403 3203 1466 3255 1488
text 0.8389 167 1405 216 1427
text 0.8388 2105 1553 2135 1586
text 0.8377 3223 2135 3264 2165
text 0.8368 1147 1442 1178 1483
text 0.8366 931 1383 958 1425
text 0.8347 822 2719 857 2741
text 0.8347 659 1976 700 1996
text 0.8268 4012 2661 4062 2680
text 0.8252 1662 1730 1699 1756
text 0.8235 714 1820 771 1842
text 0.8193 3784 2635 3824 2662
text 0.8190 1809 1697 1828 1733
text 0.8179 306 2066 326 2096
text 0.8175 1885 1713 1917 1742
text 0.8175 700 1295 747 1319
text 0.8165 1735 2819 1788 2847
text 0.8164 691 1641 739 1663
text 0.8159 2572 2120 2610 2203
text 0.8135 3153 2471 3193 2491
text 0.8133 1819 2690 1857 2719
text 0.8131 1342 2521 1372 2545
text 0.8130 1173 2574 1221 2592
text 0.8125 2627 2097 2668 2125
text 0.8123 552 1810 601 1831
text 0.8120 1325 2649 1372 2675
text 0.8116 1255 2391 1275 2428
text 0.8105 1688 1518 1728 1566
text 0.8072 1977 1495 2028 1523
text 0.8014 1176 2838 1196 2877
text 0.7987 2599 1692 2620 1740
text 0.7985 3731 684 3843 721
text 0.7963 2016 2463 2047 2493
text 0.7961 391 2127 445 2158
text 0.7956 1551 1977 1600 2006
text 0.7952 851 2321 890 2346
text 0.7890 2026 2483 2075 2513
text 0.7889 2995 2421 3034 2451
text 0.7866 1968 2038 1993 2080
text 0.7841 1007 1258 1055 1286
text 0.7833 1433 2134 1464 2158
text 0.7833 591 1348 639 1378
text 0.7799 1018 2298 1037 2335
text 0.7786 1382 2838 1422 2865
text 0.7761 2668 2135 2699 2166
text 0.7728 720 1379 749 1416
text 0.7675 1278 2174 1333 2210
text 0.7674 1420 2397 1482 2449
text 0.7655 2013 2277 2055 2319
text 0.7629 1342 2432 1383 2453
text 0.7571 392 2048 441 2101
text 0.7534 635 2661 673 2701
text 0.7531 3 1641 50 1670
text 0.7528 2651 2105 2698 2131
text 0.7512 1019 2178 1037 2205
text 0.7509 956 1388 998 1425
text 0.7500 2489 2363 2538 2386
text 0.7497 1825 2051 1853 2086
text 0.7491 1502 2636 1542 2663
text 0.7401 1859 2707 1905 2730
text 0.7393 1195 2176 1225 2207
text 0.7390 1333 2294 1385 2314
text 0.7382 3746 1494 3805 1523
text 0.7370 731 1267 780 1294
text 0.7353 1325 2453 1377 2474
text 0.7310 3133 2503 3164 2540
text 0.7310 1332 1497 1362 1535
text 0.7259 2976 2048 2997 2068
text 0.7086 1493 2661 1537 2687
text 0.7040 3054 2550 3094 2571
text 0.7036 781 1681 802 1703
text 0.7026 1345 2820 1386 2856
text 0.7021 2689 2749 2740 2779
text 0.6979 1719 942 1750 992
text 0.6937 1592 1248 1640 1276
text 0.6936 1015 2204 1083 2243
text 0.6924 297 1582 325 1632
text 0.6917 1330 2587 1363 2610
text 0.6907 776 1734 807 1782
text 0.6867 446 2272 494 2294
text 0.6823 2568 2087 2620 2115
text 0.6810 307 862 337 893
text 0.6794 71 2434 119 2462
text 0.6712 443 2133 484 2166
text 0.6702 130 1812 176 1844
text 0.6690 2966 1958 3014 1987
text 0.6613 940 2283 957 2323
text 0.6569 3209 1415 3260 1435
text 0.6524 2341 2442 2392 2472
text 0.6471 1888 1956 1908 1985
text 0.6463 623 2205 671 2227
text 0.6426 776 1826 810 1864
text 0.6415 307 1939 325 1997
text 0.6409 1492 940 1512 999
text 0.6386 1238 2612 1276 2632
text 0.6313 1097 2800 1116 2851
text 0.6112 1097 2391 1117 2431
text 0.5944 892 2680 946 2701
text 0.5923 1799 2125 1871 2153
text 0.5825 460 1010 522 1040
text 0.5710 779 1635 804 1671
text 0.5234 2995 2037 3024 2067
text 0.5204 1967 1592 1986 1631
text 0.5085 2992 2469 3035 2495
text 0.5038 682 2759 731 2779
text 0.5032 2925 2006 3007 2064
text 0.4949 1569 2435 1653 2483
text 0.4189 261 1729 309 1755
text 0.4078 1478 940 1503 995
text 0.4028 69 2591 117 2620
text 0.3975 1808 941 1828 992
text 0.3696 1950 1055 1998 1079
text 0.3531 632 1651 666 1674
text 0.3430 250 1448 312 1514
text 0.3208 467 2042 511 2074
text 0.3155 788 2236 826 2281
text 0.3105 444 2326 490 2356
text 0.3087 93 1967 150 1992
text 0.3020 2996 2048 3029 2122
text 0.3019 1243 2394 1272 2433
pins 0.9859 602 867 760 1014
pins 0.9843 1511 1099 1562 1159
pins 0.9783 69 1232 169 1478
pins 0.9694 3321 2365 3381 2464
pins 0.9692 839 862 1000 1018
pins 0.9581 2501 1555 2627 1651
pins 0.9562 732 1102 782 1159
pins 0.9562 176 319 226 376
pins 0.9483 7 812 257 992
pins 0.9481 3104 458 3162 895
pins 0.9468 1183 842 1969 949
pins 0.9465 30 2452 71 2493
pins 0.9450 790 397 859 562
pins 0.9428 385 398 453 565
pins 0.9422 60 1076 179 1185
pins 0.9400 74 1534 168 1644
pins 0.9380 1914 2571 2046 2612
pins 0.9360 3687 2372 3783 2724
pins 0.9349 2607 1742 2891 1830
pins 0.9316 1691 2097 1733 2144
pins 0.9300 3057 1001 3150 1426
pins 0.9286 613 743 662 791
pins 0.9267 2946 428 2995 484
pins 0.9216 2618 773 2669 831
pins 0.9204 3814 1939 3864 1997
pins 0.9169 2253 384 2322 554
pins 0.9125 1985 1098 2036 1147
pins 0.9087 1096 358 1145 416
pins 0.9049 1304 399 1374 563
pins 0.9026 3944 2023 3982 2163
pins 0.9023 1423 2460 1560 2617
pins 0.8926 3436 2698 3489 2759
pins 0.8908 3051 1592 3195 1643
pins 0.8896 18 2620 71 2660
pins 0.8865 1920 2313 2045 2374
pins 0.8801 2481 880 2623 979
pins 0.8798 2244 1572 2292 1612
pins 0.8741 2035 347 2092 406
pins 0.8666 3479 1008 3539 1769
pins 0.8532 108 2075 167 2128
pins 0.8495 1710 399 1779 564
pins 0.8430 3547 2403 3589 2444
pins 0.8385 4043 2028 4102 2168
pins 0.8354 2440 1740 2492 1789
pins 0.8323 3460 2402 3500 2442
pins 0.8217 4044 1000 4101 1758
pins 0.8214 2148 1733 2289 1875
pins 0.8164 21 1743 143 1864
pins 0.7950 315 2463 357 2590
pins 0.7895 601 2493 651 2541
pins 0.7724 3291 1001 3340 1058
pins 0.7718 3449 1939 3499 1997
pins 0.7454 1571 734 1630 784
pins 0.7153 2660 389 2728 551
pins 0.7015 455 2460 493 2589
pins 0.6695 1701 2394 1749 2453
pins 0.6466 1640 1487 1690 1543
pins 0.6452 118 2451 168 2499
pins 0.5940 534 1569 574 1614
component 0.9959 1371 1456 1393 1475
component 0.9941 911 2245 930 2267
component 0.9930 3110 2147 3179 2186
component 0.9922 879 1455 900 1476
component 0.9897 368 1444 432 1494
component 0.9820 1759 2327 1831 2373
component 0.9772 585 1504 661 1553
component 0.9767 849 1454 862 1483
component 0.9761 1484 2022 1504 2051
component 0.9754 1407 2777 1491 2827
component 0.9729 711 2059 732 2078
component 0.9654 267 2403 338 2451
component 0.9605 485 2321 570 2372
component 0.9602 1019 1342 1100 1385
component 0.9589 3887 1452 3970 1503
component 0.9573 1759 2234 1840 2285
component 0.9549 377 811 443 860
component 0.9533 1287 1225 1352 1272
component 0.9501 1493 2097 1511 2114
component 0.9493 2097 822 2183 871
component 0.9432 2728 2689 2808 2739
component 0.9406 2691 2251 2913 2555
component 0.9403 2184 1503 2253 1552
component 0.9401 324 1144 405 1188
component 0.9390 3899 1573 3971 1621
component 0.9382 1660 2574 1728 2621
component 0.9366 713 2434 785 2482
component 0.9348 2106 2119 2172 2167
component 0.9324 1751 1386 1836 1433
component 0.9291 346 1533 426 1581
component 0.9177 2184 1651 2253 1701
component 0.9100 2699 2041 2778 2096
component 0.9085 776 1328 864 1376
component 0.9078 2087 2236 2163 2283
component 0.9071 278 2304 365 2355
component 0.9043 2092 930 2163 991
component 0.8930 3085 2398 3135 2489
component 0.8927 1650 2676 1732 2727
component 0.8899 520 2085 595 2136
component 0.8797 385 702 475 753
component 0.8666 1408 2374 1482 2414
component 0.8401 503 2404 575 2451
component 0.8355 1285 1335 1354 1382
component 0.8282 2991 2677 3074 2729
component 0.8020 1889 2650 1967 2702
component 0.7990 712 2627 780 2681
component 0.7452 1764 1483 1837 1528
component 0.7331 2421 2385 2461 2461
component 0.7330 1899 2500 1975 2547
component 0.7185 713 2334 781 2381
component 0.7138 729 2805 801 2859
clock 0.7477 3069 2087 3214 2222
ic 0.9853 2551 2188 2984 2621
electrolytic 0.9734 648 2601 846 2690
electrolytic 0.9581 394 2689 597 2779
electrolytic 0.9552 329 683 528 770
electrolytic 0.9529 538 1483 729 1564
electrolytic 0.9497 312 1514 510 1601
electrolytic 0.9485 672 2777 866 2871
electrolytic 0.9444 648 2312 855 2393
electrolytic 0.9438 2038 2206 2238 2294
electrolytic 0.9436 1833 2478 2034 2562
electrolytic 0.9429 1598 2551 1805 2638
electrolytic 0.9370 1219 1317 1424 1394
electrolytic 0.9334 1837 2626 2032 2714
electrolytic 0.9245 2646 2021 2842 2113
electrolytic 0.9025 1225 1204 1420 1285
electrolytic 0.8983 2946 2654 3136 2750
electrolytic 0.8928 1599 2652 1804 2743
electrolytic 0.8608 734 1311 922 1396
electrolytic 0.8579 461 2384 652 2463
electrolytic 0.8510 2984 2067 3032 2157
electrolytic 0.7885 2401 2313 2479 2506
electrolytic 0.7684 2647 1921 2856 2005
electrolytic 0.7677 652 2417 849 2500
electrolytic 0.7665 2028 802 2228 891
electrolytic 0.6868 1710 1470 1902 1547
