connector 0.9844 831 303 1791 1144
connector 0.9776 801 1968 858 2027
connector 0.9678 3492 1438 3550 1493
connector 0.9663 2926 2611 2994 2672
connector 0.9661 660 314 711 373
connector 0.9650 3083 2010 3252 2184
connector 0.9642 2472 2247 2521 2296
connector 0.9641 49 441 228 713
connector 0.9640 3885 1404 4090 1965
connector 0.9616 3839 2303 4096 2556
connector 0.9608 649 1059 699 1106
connector 0.9594 374 352 475 698
connector 0.9558 1452 2197 1504 2255
connector 0.9550 3420 2238 3468 2293
connector 0.9534 1500 2059 1639 2152
connector 0.9503 2531 1890 2589 1938
connector 0.9350 3902 931 3963 983
connector 0.9328 1127 2531 1187 2589
connector 0.9286 1923 1264 1969 1313
connector 0.9206 981 2139 1028 2561
connector 0.9202 3312 2017 3477 2176
connector 0.9098 2066 1881 2126 1936
connector 0.8985 2546 556 2694 607
connector 0.8934 1816 1428 1876 1484
connector 0.8860 2410 1506 2464 1554
connector 0.8813 3303 1879 3359 1933
connector 0.8787 984 1617 1087 2052
connector 0.8614 3424 524 3480 572
connector 0.8500 1235 1223 1318 1310
connector 0.8494 2011 2611 2068 2665
connector 0.8016 937 1408 1081 1456
connector 0.7968 2136 2086 2271 2190
connector 0.7866 1633 1258 1681 1313
connector 0.7510 3847 2643 3894 2704
connector 0.7283 2363 911 2420 969
connector 0.6921 2352 612 2413 671
connector 0.6901 2372 2090 2909 2185
connector 0.5496 288 1051 346 1102
connector 0.4651 3299 1897 3366 1955
resistor 0.9920 2777 453 2806 471
resistor 0.9893 2069 1365 2085 1395
resistor 0.9893 3435 1082 3465 1107
resistor 0.9862 2777 648 2807 666
resistor 0.9859 3723 1366 3736 1396
resistor 0.9844 3567 1366 3586 1396
resistor 0.9843 3636 1365 3649 1398
resistor 0.9840 1548 1709 1582 1727
resistor 0.9808 3438 1354 3468 1369
resistor 0.9805 2775 363 2807 382
resistor 0.9800 2451 1238 2487 1262
resistor 0.9770 1915 506 1949 521
resistor 0.9766 2292 1364 2310 1396
resistor 0.9762 2026 1158 2054 1176
resistor 0.9748 3132 458 3161 474
resistor 0.9727 1918 731 1958 745
resistor 0.9723 3724 1020 3738 1051
resistor 0.9719 3436 1239 3467 1265
resistor 0.9706 2932 259 2945 297
resistor 0.9696 3134 604 3162 624
resistor 0.9673 2777 604 2807 621
resistor 0.9647 2846 259 2861 296
resistor 0.9641 1586 1692 1632 1711
resistor 0.9631 2774 296 2803 318
resistor 0.9614 2777 540 2808 554
resistor 0.9606 2135 1366 2153 1394
resistor 0.9605 2028 1247 2056 1268
resistor 0.9592 3567 1019 3582 1052
resistor 0.9555 2637 437 2672 455
resistor 0.9539 2219 1019 2238 1049
resistor 0.9523 2069 1018 2087 1049
resistor 0.9521 1935 1158 1969 1174
resistor 0.9478 3478 1364 3506 1396
resistor 0.9476 2221 1365 2238 1398
resistor 0.9464 2136 1018 2153 1049
resistor 0.9453 1310 2798 1344 2822
resistor 0.9425 3439 1327 3469 1344
resistor 0.9420 3084 260 3100 291
resistor 0.9409 3435 1170 3466 1187
resistor 0.9399 1540 1785 1582 1810
resistor 0.9389 3637 1017 3650 1049
resistor 0.9385 2641 527 2673 545
resistor 0.9375 2935 1979 2966 1996
resistor 0.9361 1650 1450 1758 1493
resistor 0.9358 3147 2801 3195 2824
resistor 0.9326 2017 1329 2059 1345
resistor 0.9315 2252 2811 2282 2827
resistor 0.9288 3013 258 3028 296
resistor 0.9288 2452 1357 2488 1376
resistor 0.9287 2454 1322 2488 1348
resistor 0.9280 2451 1158 2483 1177
resistor 0.9274 2379 1365 2394 1398
resistor 0.9207 2542 427 2571 447
resistor 0.9160 3811 1367 3827 1395
resistor 0.9155 673 942 710 960
resistor 0.9131 1366 1449 1454 1494
resistor 0.9129 3012 688 3026 721
resistor 0.9128 1829 1228 1864 1258
resistor 0.9121 2027 1088 2054 1107
resistor 0.9120 2374 1020 2391 1050
resistor 0.9097 3860 1163 3892 1188
resistor 0.9057 2451 1088 2488 1108
resistor 0.9053 674 872 710 892
resistor 0.9051 2851 690 2867 721
resistor 0.9042 3478 1016 3499 1057
resistor 0.8981 3865 1239 3894 1260
resistor 0.8935 3131 535 3162 554
resistor 0.8915 3856 1292 3897 1342
resistor 0.8798 3857 1088 3895 1111
resistor 0.8736 2292 1020 2313 1051
resistor 0.8715 1362 1583 1406 1600
resistor 0.8706 3808 1020 3822 1051
resistor 0.8656 3131 369 3162 387
resistor 0.8652 3917 1154 3956 1182
resistor 0.8638 3094 689 3115 722
resistor 0.8476 3598 2127 3626 2147
resistor 0.8365 3896 1246 3957 1272
resistor 0.8236 3849 824 3911 875
resistor 0.8231 2925 693 2937 722
resistor 0.8209 3999 1227 4052 1258
resistor 0.7979 2827 698 2847 735
resistor 0.7895 3551 1663 3593 1689
resistor 0.7871 2529 526 2570 547
resistor 0.7862 3786 1363 3805 1395
resistor 0.7861 3584 825 3661 872
resistor 0.7778 3786 1020 3806 1049
resistor 0.7491 2719 1969 2746 1988
resistor 0.7343 3864 1254 3935 1320
resistor 0.6840 2994 255 3016 291
resistor 0.6462 3075 683 3093 720
resistor 0.6271 4015 1151 4061 1176
resistor 0.6171 2204 1366 2224 1395
resistor 0.6075 2047 1364 2065 1393
resistor 0.5109 2046 1020 2065 1053
resistor 0.3969 2204 1020 2224 1050
resistor 0.3756 2917 688 2934 721
resistor 0.3334 3151 2784 3202 2811
resistor 0.3007 3471 1032 3489 1065
pads 0.9249 3610 880 3649 899
pads 0.9208 1827 1156 1866 1181
pads 0.9122 1296 1744 1331 1775
pads 0.8903 1918 1223 1968 1271
capacitor 0.9818 3807 1762 3855 1781
capacitor 0.9663 3451 2698 3507 2729
capacitor 0.9606 1281 1712 1340 1743
capacitor 0.9508 1621 2711 1677 2738
capacitor 0.9401 2941 1862 2959 1908
capacitor 0.9192 1541 2016 1598 2046
capacitor 0.8998 3547 1763 3599 1788
capacitor 0.8991 3084 1878 3108 1928
capacitor 0.8892 1217 1872 1245 1929
capacitor 0.8838 2861 1872 2889 1932
capacitor 0.8782 2551 2704 2611 2731
capacitor 0.8724 3970 1159 4013 1179
capacitor 0.8489 1223 1662 1292 1693
capacitor 0.8347 2579 526 2626 547
capacitor 0.7851 1529 1810 1575 1831
capacitor 0.7844 3548 1706 3595 1732
capacitor 0.7624 1866 1229 1916 1263
capacitor 0.7525 1553 2267 1600 2287
capacitor 0.7375 1222 1785 1251 1836
capacitor 0.6944 1711 2145 1760 2175
capacitor 0.5442 1710 2268 1759 2294
capacitor 0.4374 3551 1735 3591 1762
capacitor 0.3176 1206 1795 1243 1853
text 0.9896 1633 2164 1660 2192
text 0.9874 2707 445 2759 467
text 0.9855 3501 1761 3537 1781
text 0.9842 2706 535 2760 556
text 0.9825 3186 536 3232 556
text 0.9819 3188 361 3232 391
text 0.9809 3185 448 3232 468
text 0.9796 183 1051 206 1071
text 0.9795 1522 1604 1563 1623
text 0.9783 2410 1285 2441 1308
text 0.9776 2410 1215 2441 1245
text 0.9774 182 415 207 436
text 0.9767 3832 1296 3855 1320
text 0.9734 1511 2157 1557 2178
text 0.9731 2714 653 2762 675
text 0.9718 3921 2007 3937 2029
text 0.9688 2622 2708 2670 2729
text 0.9681 1073 1150 1098 1187
text 0.9676 3806 1413 3830 1462
text 0.9665 3566 961 3586 999
text 0.9653 3928 2232 3948 2258
text 0.9648 3089 2800 3131 2826
text 0.9630 2659 843 2681 863
text 0.9619 3348 2337 3390 2373
text 0.9611 3760 1851 3879 1889
text 0.9607 3180 606 3232 629
text 0.9598 3578 2375 3609 2404
text 0.9594 1204 1221 1235 1250
text 0.9593 3183 645 3232 664
text 0.9591 3500 1706 3537 1733
text 0.9588 3804 1633 3846 1656
text 0.9584 2222 963 2239 995
text 0.9580 2807 1811 2845 1847
text 0.9576 3892 1077 3939 1101
text 0.9575 275 831 315 1007
text 0.9565 2380 971 2405 1015
text 0.9563 2706 367 2758 387
text 0.9558 50 1054 70 1078
text 0.9552 1846 1670 1887 1710
text 0.9550 1944 595 2082 634
text 0.9547 3934 2294 3955 2322
text 0.9535 1297 1177 1329 1213
text 0.9514 1203 1604 1243 1630
text 0.9510 1199 1273 1232 1297
text 0.9510 2469 523 2520 544
text 0.9505 2855 837 2880 871
text 0.9483 1955 1087 2006 1109
text 0.9477 3187 2549 3221 2575
text 0.9459 3064 794 3332 831
text 0.9442 3113 2729 3144 2761
text 0.9437 3174 2451 3224 2492
text 0.9432 1741 2788 1789 2809
text 0.9428 3719 1417 3743 1467
text 0.9424 2074 1262 2095 1293
text 0.9416 2481 2298 2519 2323
text 0.9405 2864 199 2888 246
text 0.9400 11 727 58 771
text 0.9398 193 838 207 862
text 0.9395 3384 234 3655 323
text 0.9388 721 825 771 864
text 0.9366 3961 1231 4000 1268
text 0.9358 2965 1542 3004 1589
text 0.9352 2785 837 2808 871
text 0.9348 2263 2468 2313 2507
text 0.9346 2709 295 2758 319
text 0.9342 3193 296 3231 319
text 0.9342 2474 2426 2495 2446
text 0.9339 2926 846 2946 872
text 0.9339 2658 1820 2778 1851
text 0.9332 2707 605 2758 632
text 0.9329 1315 2453 1393 2501
text 0.9324 1679 2709 1730 2731
text 0.9321 3962 1081 4011 1107
text 0.9318 2854 735 2874 774
text 0.9305 3507 972 3538 1011
text 0.9305 4050 2504 4091 2567
text 0.9302 3362 2732 3392 2768
text 0.9301 1661 2274 1708 2297
text 0.9294 1255 2067 1324 2106
text 0.9292 3820 576 3908 615
text 0.9278 723 559 823 597
text 0.9269 2865 1830 2885 1869
text 0.9265 1044 2032 1074 2061
text 0.9262 3016 200 3037 249
text 0.9258 1039 1572 1075 1615
text 0.9241 1125 1333 1166 1370
text 0.9234 649 287 702 316
text 0.9230 3746 1987 3815 2025
text 0.9221 3864 1720 3885 1742
text 0.9218 3723 984 3742 1019
text 0.9201 2073 1414 2094 1453
text 0.9201 3498 1307 3518 1357
text 0.9197 2073 969 2094 1011
text 0.9193 949 1712 990 1743
text 0.9176 243 512 368 555
text 0.9171 1333 1774 1370 1809
text 0.9168 1954 355 2075 395
text 0.9168 2136 1416 2155 1452
text 0.9155 180 714 199 744
text 0.9150 3637 1418 3656 1468
text 0.9139 1964 1198 2006 1233
text 0.9132 634 1111 691 1139
text 0.9125 1506 1169 1540 1258
text 0.9123 2530 1847 2579 1878
text 0.9116 3954 843 4005 881
text 0.9111 4057 2231 4080 2267
text 0.9090 3843 2006 3864 2032
text 0.9078 1046 2352 1086 2503
text 0.9059 3301 1145 3321 1174
text 0.9042 3805 434 3917 473
text 0.9042 3310 1288 3346 1320
text 0.9037 3294 1237 3322 1266
text 0.9036 1565 2249 1598 2269
text 0.9031 2078 2134 2131 2173
text 0.9014 2360 583 2413 614
text 0.9010 3564 1418 3585 1465
text 0.8992 2927 734 2947 771
text 0.8952 533 861 658 900
text 0.8939 3293 1310 3321 1335
text 0.8932 4052 1145 4092 1171
text 0.8931 720 627 780 722
text 0.8923 2182 2051 2214 2085
text 0.8922 843 1336 1104 1377
text 0.8920 3265 1911 3304 1940
text 0.8918 3310 1851 3352 1873
text 0.8907 1437 1320 1467 1380
text 0.8907 664 473 831 548
text 0.8894 251 423 300 469
text 0.8891 2586 502 2636 535
text 0.8864 1849 2206 1901 2235
text 0.8861 949 1796 988 1828
text 0.8860 929 2237 978 2265
text 0.8855 3302 1083 3321 1112
text 0.8840 3367 1211 3418 1245
text 0.8838 3479 2018 3528 2055
text 0.8828 2352 879 2408 911
text 0.8815 3827 2233 3893 2272
text 0.8800 950 1840 987 1870
text 0.8797 1551 2422 1575 2447
text 0.8795 3906 962 3969 1013
text 0.8790 1625 1156 1648 1187
text 0.8787 1790 2146 1833 2176
text 0.8779 2942 1924 2967 1961
text 0.8776 3017 1808 3062 1845
text 0.8775 3802 847 3854 874
text 0.8762 3876 507 3936 546
text 0.8756 2314 910 2359 932
text 0.8753 3370 1164 3419 1188
text 0.8748 3636 2088 3687 2124
text 0.8746 1502 1303 1538 1369
text 0.8744 2924 201 2946 252
text 0.8743 1805 1583 1848 1612
text 0.8737 456 2623 685 2666
text 0.8702 1786 969 2043 1021
text 0.8698 3423 573 3478 601
text 0.8698 3804 959 3823 1005
text 0.8671 2225 1409 2246 1451
text 0.8661 435 712 453 733
text 0.8657 2627 2385 2679 2406
text 0.8644 1216 1544 1319 1585
text 0.8639 1087 1949 1127 1976
text 0.8637 1827 1393 1883 1425
text 0.8635 2307 1413 2330 1454
text 0.8628 3034 746 3057 792
text 0.8619 1136 1721 1179 1942
text 0.8612 2718 1949 2751 1976
text 0.8610 2667 2778 2716 2800
text 0.8608 3541 1633 3597 1664
text 0.8606 3304 987 3321 1027
text 0.8594 1432 1159 1467 1219
text 0.8565 238 640 276 691
text 0.8563 2815 199 2838 246
text 0.8561 2511 1159 2550 1179
text 0.8561 2937 2581 2995 2611
text 0.8554 3294 1462 3320 1482
text 0.8546 2472 455 2534 483
text 0.8542 2376 1411 2430 1469
text 0.8539 1764 1177 1826 1211
text 0.8537 3006 849 3028 871
text 0.8528 2445 207 2725 258
text 0.8527 3880 1370 3930 1397
text 0.8518 1284 2712 1335 2767
text 0.8516 3573 2108 3618 2133
text 0.8514 3444 1452 3499 1485
text 0.8510 2307 962 2330 1000
text 0.8506 2451 2738 2482 2768
text 0.8498 1325 2547 1365 2572
text 0.8479 3835 2698 3893 2729
text 0.8461 951 1950 989 1979
text 0.8439 2102 2076 2127 2113
text 0.8430 3860 2566 4087 2610
text 0.8422 2199 2806 2233 2829
text 0.8405 2695 836 2717 865
text 0.8397 2709 863 2732 882
text 0.8396 1567 1768 1620 1787
text 0.8389 3654 971 3676 1010
text 0.8360 3572 2775 3631 2807
text 0.8356 3833 1156 3856 1175
text 0.8354 1859 731 1908 751
text 0.8349 924 2182 979 2215
text 0.8346 1300 2810 1355 2839
text 0.8332 3876 334 3943 376
text 0.8306 3337 873 3379 911
text 0.8302 924 2508 975 2540
text 0.8301 545 713 752 754
text 0.8300 3837 1921 3883 1960
text 0.8276 905 2334 977 2364
text 0.8276 771 2627 1082 2847
text 0.8270 978 1297 1047 1334
text 0.8241 1864 501 1909 525
text 0.8223 1869 659 1899 682
text 0.8218 3821 2283 3866 2324
text 0.8217 3677 633 3741 675
text 0.8197 3163 838 3236 883
text 0.8182 3060 1778 3192 1831
text 0.8181 1217 1485 1254 1513
text 0.8174 2135 962 2155 1007
text 0.8167 1719 1274 1770 1315
text 0.8119 3102 725 3124 760
text 0.8113 279 1109 336 1138
text 0.8106 1523 2738 1561 2779
text 0.8100 3290 899 3319 953
text 0.8100 3311 1483 3331 1501
text 0.8099 3112 845 3136 872
text 0.8098 2629 579 2675 637
text 0.8096 77 718 95 745
text 0.8094 2511 604 2578 634
text 0.8093 934 1623 984 1652
text 0.8089 2007 2583 2066 2612
text 0.8079 1391 1161 1420 1219
text 0.8072 1246 2020 1349 2057
text 0.8070 20 675 42 704
text 0.8068 1630 1227 1676 1254
text 0.8059 2194 2354 2302 2394
text 0.8053 4050 2294 4073 2326
text 0.8050 813 1407 865 1444
text 0.8034 261 350 360 391
text 0.8029 1956 1127 2008 1158
text 0.8022 2843 2185 2905 2225
text 0.8021 1375 1639 1517 1728
text 0.8008 3990 2236 4043 2274
text 0.7999 1088 1986 1126 2014
text 0.7989 3083 201 3102 242
text 0.7984 4016 1225 4061 1251
text 0.7979 2352 651 2409 693
text 0.7975 2756 833 2780 867
text 0.7949 1238 1142 1268 1217
text 0.7948 2378 2177 2819 2225
text 0.7907 3708 1785 3758 1821
text 0.7904 1816 2027 1870 2065
text 0.7896 2055 1860 2118 1891
text 0.7895 1236 1425 1309 1468
text 0.7867 3787 973 3805 1016
text 0.7848 1225 1968 1263 1990
text 0.7843 1481 1941 1550 1977
text 0.7833 1868 1912 1912 1957
text 0.7828 980 2095 1030 2134
text 0.7826 3165 1890 3197 1919
text 0.7824 68 1132 118 1169
text 0.7802 1778 1155 1821 1182
text 0.7794 1087 1174 1107 1210
text 0.7783 1088 1712 1128 1742
text 0.7760 896 1897 969 1926
text 0.7748 4034 1078 4093 1107
text 0.7739 3795 2230 3854 2282
text 0.7735 2020 764 2075 793
text 0.7706 1234 1753 1282 1783
text 0.7702 3310 1374 3333 1394
text 0.7683 3895 2518 3961 2578
text 0.7670 2513 1310 2550 1339
text 0.7665 1574 1494 1622 1514
text 0.7647 1423 1414 1461 1444
text 0.7647 1960 1300 2012 1325
text 0.7634 130 2679 686 2719
text 0.7631 4020 1999 4033 2028
text 0.7624 2836 200 2857 248
text 0.7624 999 1556 1063 1593
text 0.7619 276 1031 339 1062
text 0.7597 3078 2190 3265 2244
text 0.7592 1261 2343 1367 2393
text 0.7582 2282 957 2304 996
text 0.7563 1967 1335 2023 1356
text 0.7561 975 2023 1026 2068
text 0.7552 2995 200 3015 247
text 0.7527 2922 2134 2950 2168
text 0.7496 2423 556 2489 596
text 0.7490 793 1941 851 1978
text 0.7487 3832 1245 3861 1266
text 0.7484 401 316 462 349
text 0.7474 923 2369 978 2408
text 0.7470 672 846 711 871
text 0.7448 4048 1241 4092 1266
text 0.7434 70 418 89 447
text 0.7434 1878 428 1907 456
text 0.7430 3626 963 3650 999
text 0.7422 2503 1193 2551 1224
text 0.7383 3294 1395 3322 1425
text 0.7381 1217 1381 1321 1427
text 0.7349 3450 2669 3497 2697
text 0.7326 2578 427 2632 456
text 0.7318 1473 2174 1513 2196
text 0.7285 3075 745 3093 777
text 0.7269 3243 832 3299 881
text 0.7267 1126 2511 1187 2541
text 0.7265 1405 1532 1446 1565
text 0.7261 403 269 552 307
text 0.7260 3419 2285 3469 2315
text 0.7219 2396 1460 2481 1505
text 0.7211 1089 1817 1125 1878
text 0.7179 3073 1831 3100 1860
text 0.7175 1709 1179 1759 1217
text 0.7169 969 1156 1019 1207
text 0.7165 53 841 73 869
text 0.7136 549 932 660 970
text 0.7135 1977 708 2026 742
text 0.7133 838 1610 889 1651
text 0.7124 1034 1462 1078 1535
text 0.7105 3118 1834 3158 1870
text 0.7084 4007 1311 4067 1342
text 0.7063 1799 1429 1828 1488
text 0.7060 1709 2383 1760 2407
text 0.7051 3240 2802 3274 2836
text 0.7050 3301 1963 3475 2011
text 0.7049 2402 446 2472 487
text 0.6995 108 822 168 861
text 0.6963 814 586 841 648
text 0.6929 3370 1078 3412 1103
text 0.6866 3211 1966 3250 2006
text 0.6858 2924 2084 2943 2117
text 0.6762 3905 901 3965 927
text 0.6737 3353 1296 3405 1355
text 0.6732 595 535 663 574
text 0.6722 915 1989 989 2020
text 0.6708 3686 907 3748 943
text 0.6701 945 1447 1026 1503
text 0.6690 3363 1222 3411 1266
text 0.6688 4018 1377 4088 1407
text 0.6688 909 2422 979 2453
text 0.6652 3312 1335 3352 1356
text 0.6618 2837 835 2857 870
text 0.6486 277 393 357 428
text 0.6466 904 2462 979 2491
text 0.6442 1763 1260 1831 1301
text 0.6438 2046 972 2066 1010
text 0.6420 1087 1760 1130 1792
text 0.6372 386 713 405 732
text 0.6307 1087 1627 1127 1660
text 0.6261 1621 1175 1664 1205
text 0.6249 957 1596 1015 1629
text 0.6214 1397 2810 1436 2844
text 0.6184 2204 1415 2223 1453
text 0.6140 4032 1342 4092 1372
text 0.6114 3866 1572 3889 1594
text 0.6079 640 761 842 810
text 0.6064 3549 1427 3567 1468
text 0.5986 381 315 434 347
text 0.5934 2046 1414 2066 1453
text 0.5893 2680 840 2697 870
text 0.5853 2125 963 2146 1003
text 0.5812 1242 1776 1293 1814
text 0.5713 3120 2354 3229 2394
text 0.5586 2283 1417 2305 1455
text 0.5509 3074 846 3094 869
text 0.5408 2837 739 2856 777
text 0.5386 1539 1670 1589 1692
text 0.5317 1795 2105 1847 2137
text 0.5232 1573 1731 1622 1752
text 0.5097 3699 852 3743 892
text 0.4910 2917 739 2935 773
text 0.4884 3786 1417 3805 1465
text 0.4875 1139 1201 1163 1240
text 0.4851 2512 1336 2552 1355
text 0.4674 2996 851 3019 871
text 0.4658 3550 958 3568 997
text 0.4507 3866 1585 3882 1610
text 0.4473 3466 971 3493 1008
text 0.4452 1988 513 2056 546
text 0.4377 1331 1166 1357 1219
text 0.3993 940 2117 1002 2167
text 0.3992 1245 1320 1274 1376
text 0.3983 3482 1490 3537 1527
text 0.3962 2854 1983 2880 2010
text 0.3920 3364 1099 3420 1130
text 0.3877 2917 2087 2938 2121
text 0.3817 1409 1349 1438 1401
text 0.3753 2012 980 2054 1017
text 0.3715 1020 1621 1064 1653
text 0.3686 3811 459 3884 497
text 0.3657 1491 1773 1540 1807
text 0.3624 277 319 382 357
text 0.3575 1012 1526 1066 1582
text 0.3532 2918 845 2934 873
text 0.3446 2204 964 2225 995
text 0.3417 2405 1096 2442 1126
text 0.3374 2916 1833 2936 1879
text 0.3354 267 411 349 449
text 0.3347 3707 965 3727 1004
text 0.3331 2998 860 3033 883
text 0.3308 1243 1372 1283 1423
text 0.3278 3840 1699 3887 1739
text 0.3225 2511 1090 2550 1109
text 0.3207 3861 1362 3898 1393
text 0.3197 1372 1343 1450 1399
text 0.3183 1871 649 1908 678
text 0.3152 2362 963 2383 1000
text 0.3144 3705 1417 3729 1464
text 0.3144 1266 1319 1336 1375
text 0.3136 4044 1287 4091 1320
text 0.3122 246 459 359 511
text 0.3086 927 2292 982 2362
text 0.3033 2060 1195 2090 1235
component 0.9877 2719 932 3202 1471
component 0.9847 1399 1462 1421 1476
component 0.9830 790 1483 841 1541
component 0.9723 1719 2097 1770 2128
component 0.9712 783 1725 838 1778
component 0.9700 1602 2767 1680 2826
component 0.9695 1475 1431 1565 1460
component 0.9677 2523 2769 2597 2818
component 0.9674 2994 1882 3051 1963
component 0.9655 88 880 156 947
component 0.9596 1714 2201 1769 2246
component 0.9590 1662 1742 1822 1941
component 0.9564 2775 1876 2837 1966
component 0.9510 1679 1462 1714 1486
component 0.9502 3668 1673 3739 1757
component 0.9397 1405 1632 1472 1694
component 0.9377 62 901 176 1034
component 0.9332 1603 2373 1674 2421
component 0.9256 2129 1184 2367 1263
component 0.9238 1285 1857 1333 1931
component 0.9138 2532 2383 2592 2424
component 0.9054 3608 473 3750 598
component 0.8926 3944 1603 4007 1774
component 0.8918 3441 2372 3498 2421
component 0.8873 2926 354 3013 578
component 0.8847 3433 2767 3509 2826
component 0.8824 3568 1162 3804 1240
component 0.8807 253 1186 278 1208
component 0.8778 3621 437 3672 474
component 0.8717 415 1186 444 1208
component 0.8194 642 2014 672 2078
component 0.7767 164 939 194 973
component 0.7388 1711 2037 1769 2067
component 0.7167 51 938 80 988
component 0.7024 144 971 182 1008
component 0.6476 155 890 185 942
component 0.6349 46 876 190 958
component 0.6173 376 1188 405 1207
component 0.5606 60 2028 98 2075
component 0.5455 1538 417 1627 504
component 0.5429 1463 1411 1569 1455
component 0.4390 142 877 175 926
component 0.3675 59 948 90 995
test 0.9900 2227 2570 2263 2609
test 0.9434 3897 688 3974 761
test 0.9358 1304 2572 1341 2610
test 0.8522 1255 1477 1298 1515
test 0.8403 3143 2570 3174 2614
test 0.8214 3945 2620 4014 2676
test 0.7805 1237 1592 1294 1633
test 0.6558 1245 2128 1287 2166
test 0.4100 1277 1493 1319 1531
led 0.9842 2320 2788 2369 2808
led 0.9600 723 940 771 964
led 0.9244 720 873 767 891
led 0.9139 1385 2780 1423 2811
led 0.9116 3637 2126 3688 2155
led 0.9115 1973 465 2022 488
led 0.9043 1441 1563 1493 1593
led 0.7913 3670 820 3713 847
led 0.7876 1977 689 2014 713
led 0.6851 3226 2779 3260 2817
clock 0.7752 2754 1848 2853 1992
ic 0.9707 1378 1762 1522 1949
ic 0.9401 2655 855 3297 1505
ic 0.9371 3535 1079 3835 1342
ic 0.9293 2097 1088 2401 1349
ic 0.8740 3638 1646 3768 1784
ic 0.8261 747 1695 876 1808
ic 0.8158 750 1452 888 1575
ic 0.7316 2846 318 3111 621
switch 0.9427 3588 436 3773 639
switch 0.8711 3763 2024 4097 2232
electrolytic 0.9013 2483 2366 2638 2434
electrolytic 0.8429 1668 1612 1866 1694
electrolytic 0.7484 1366 1607 1505 1702
electrolytic 0.4126 3412 2756 3547 2837
button 0.9651 3914 353 4062 504
button 0.9302 3914 522 4053 662
button 0.8832 2058 399 2203 556
button 0.8279 555 574 698 716
button 0.8271 2066 642 2207 794
transistor 0.9537 1907 653 1965 711
transistor 0.9243 1908 427 1961 486
transistor 0.8453 1352 1529 1411 1584
transistor 0.7569 1309 2715 1367 2778
transistor 0.6779 3590 776 3657 829
transistor 0.6552 3144 2729 3204 2789
transistor 0.6379 2250 2734 2302 2787
transistor 0.5227 3855 776 3931 827
jumper 0.9100 1359 1215 1397 1320
jumper 0.9050 1830 1257 1934 1319
jumper 0.8637 741 606 819 701
jumper 0.7956 1406 1216 1478 1327
jumper 0.7901 2270 2086 2328 2199
jumper 0.7289 3966 1256 4079 1313
inductor 0.9504 3807 1710 3855 1742
inductor 0.7891 3004 1544 3034 1604
inductor 0.6681 1688 2021 1802 2097
unknown 0.9901 1392 2461 1862 2720
unknown 0.9801 2320 2462 2788 2702
unknown 0.9607 3217 2461 3707 2718
potentiometer 0.6270 15 867 222 1058
display 0.9860 41 1144 702 2627
