connector 0.9601 1425 384 1661 505
connector 0.9502 498 386 735 510
connector 0.9397 2361 377 2611 505
resistor 0.9963 1385 951 1394 978
resistor 0.9955 947 2342 965 2379
resistor 0.9943 1116 2776 1125 2812
resistor 0.9927 2697 2142 2711 2178
resistor 0.9926 215 1645 229 1683
resistor 0.9923 484 2008 501 2045
resistor 0.9917 1038 2345 1045 2378
resistor 0.9915 1295 2541 1323 2561
resistor 0.9903 2725 1699 2737 1731
resistor 0.9901 1903 2010 1916 2047
resistor 0.9900 979 2778 998 2818
resistor 0.9871 1363 1948 1397 1971
resistor 0.9869 464 2010 475 2047
resistor 0.9864 923 2612 961 2632
resistor 0.9863 306 1644 316 1681
resistor 0.9841 1847 949 1859 979
resistor 0.9840 284 2007 298 2050
resistor 0.9820 1285 949 1296 980
resistor 0.9809 1114 2062 1141 2096
resistor 0.9803 1186 2344 1203 2380
resistor 0.9795 2055 1707 2092 1723
resistor 0.9794 1422 950 1432 980
resistor 0.9792 1201 2782 1216 2818
resistor 0.9781 1610 949 1630 980
resistor 0.9773 1522 949 1533 980
resistor 0.9765 1676 2008 1689 2047
resistor 0.9759 951 1648 996 1705
resistor 0.9755 1610 1819 1641 1837
resistor 0.9750 1185 949 1206 981
resistor 0.9744 1296 2611 1324 2628
resistor 0.9735 691 2057 753 2088
resistor 0.9701 923 2543 959 2561
resistor 0.9699 793 1895 843 1940
resistor 0.9695 176 1811 207 1833
resistor 0.9694 553 2007 563 2046
resistor 0.9686 1295 2770 1326 2790
resistor 0.9672 1028 2779 1037 2818
resistor 0.9649 615 1828 651 1841
resistor 0.9646 403 2570 445 2584
resistor 0.9641 3954 1677 3982 1692
resistor 0.9638 1661 950 1681 980
resistor 0.9637 1644 1646 1660 1682
resistor 0.9633 217 2006 233 2048
resistor 0.9630 1682 1933 1700 1964
resistor 0.9624 178 1899 208 1918
resistor 0.9613 2633 1697 2649 1728
resistor 0.9595 1066 1584 1098 1594
resistor 0.9583 1987 2010 2006 2047
resistor 0.9579 374 1649 386 1682
resistor 0.9575 917 2377 948 2402
resistor 0.9555 1752 949 1770 980
resistor 0.9554 925 2699 958 2718
resistor 0.9549 3786 2700 3818 2719
resistor 0.9540 613 1672 652 1691
resistor 0.9539 982 1966 1023 2007
resistor 0.9527 1611 1978 1641 1997
resistor 0.9524 1296 2696 1324 2711
resistor 0.9504 374 2008 387 2047
resistor 0.9465 406 2468 443 2485
resistor 0.9460 3983 2137 4013 2157
resistor 0.9452 3646 2608 3676 2621
resistor 0.9431 1294 2376 1321 2402
resistor 0.9429 3507 2409 3546 2423
resistor 0.9421 617 1898 652 1915
resistor 0.9417 1743 2011 1759 2047
resistor 0.9372 2777 1692 2789 1729
resistor 0.9370 77 2460 120 2483
resistor 0.9351 1610 1733 1639 1751
resistor 0.9313 1668 1643 1688 1682
resistor 0.9307 1836 2012 1849 2049
resistor 0.9287 996 2418 1028 2450
resistor 0.9280 1613 1891 1640 1913
resistor 0.9242 2056 1820 2086 1840
resistor 0.9224 78 2612 109 2630
resistor 0.9206 2055 1979 2093 1999
resistor 0.9168 763 1936 802 1961
resistor 0.9163 1135 1583 1166 1596
resistor 0.9149 2055 1890 2084 1910
resistor 0.9129 4042 2139 4081 2159
resistor 0.9126 3785 2563 3816 2583
resistor 0.9073 176 1742 205 1761
resistor 0.9063 385 1602 433 1623
resistor 0.9060 1900 1644 1917 1681
resistor 0.9008 614 1739 653 1756
resistor 0.8999 1041 1651 1078 1678
resistor 0.8981 721 929 749 944
resistor 0.8974 1739 1644 1756 1681
resistor 0.8951 3094 2231 3123 2246
resistor 0.8936 1296 2454 1324 2473
resistor 0.8917 1364 1972 1392 1987
resistor 0.8894 789 1966 847 1998
resistor 0.8893 3006 2501 3039 2515
resistor 0.8892 1813 1641 1831 1683
resistor 0.8795 1118 2346 1137 2383
resistor 0.8747 539 1739 553 1770
resistor 0.8630 921 2451 947 2471
resistor 0.8601 1581 2085 1610 2103
resistor 0.8575 306 2008 327 2049
resistor 0.8570 553 1649 563 1680
resistor 0.8433 830 931 870 950
resistor 0.8425 1985 1643 2006 1682
resistor 0.8197 1895 945 1922 982
resistor 0.8193 4042 2038 4072 2058
resistor 0.8182 3223 2109 3252 2128
resistor 0.8128 2682 1875 2799 1930
resistor 0.8080 2056 1732 2084 1752
resistor 0.8068 916 2425 960 2452
resistor 0.7977 1809 2012 1828 2048
resistor 0.7946 621 1987 650 2000
resistor 0.7930 3143 2235 3172 2254
resistor 0.7851 1255 2345 1275 2383
resistor 0.7794 1361 1836 1414 1889
resistor 0.7794 918 2768 960 2785
resistor 0.7788 919 2477 958 2498
resistor 0.7694 3784 2497 3821 2532
resistor 0.7676 2857 1882 2868 1917
resistor 0.7596 1333 1436 1362 1494
resistor 0.7527 3794 2460 3828 2482
resistor 0.7301 3073 1653 3104 1671
resistor 0.7296 1177 2780 1196 2818
resistor 0.7184 1651 2011 1670 2048
resistor 0.6723 3796 2659 3827 2678
resistor 0.6505 1285 1970 1339 1989
resistor 0.6156 920 2522 956 2543
resistor 0.5309 1966 2006 1988 2052
resistor 0.4600 909 2618 952 2653
resistor 0.3787 1889 945 1910 983
resistor 0.3526 657 1732 703 1761
capacitor 0.9939 1245 2216 1255 2262
capacitor 0.9931 1840 1726 1860 1780
capacitor 0.9927 1848 2402 1878 2423
capacitor 0.9914 3036 2266 3085 2285
capacitor 0.9906 1138 2637 1165 2661
capacitor 0.9904 796 1803 847 1859
capacitor 0.9895 1213 1445 1231 1482
capacitor 0.9881 1494 1524 1599 1571
capacitor 0.9875 851 2235 870 2286
capacitor 0.9866 2431 2629 2538 2669
capacitor 0.9862 1521 1593 1572 1613
capacitor 0.9861 1562 2394 1679 2443
capacitor 0.9860 2428 2157 2533 2205
capacitor 0.9839 1513 1740 1558 1759
capacitor 0.9832 1192 2585 1221 2604
capacitor 0.9830 1195 1890 1227 1918
capacitor 0.9824 251 2215 362 2262
capacitor 0.9812 781 1207 888 1246
capacitor 0.9809 741 1514 761 1573
capacitor 0.9808 513 2277 545 2295
capacitor 0.9805 1917 2401 2026 2452
capacitor 0.9799 1798 2104 1846 2127
capacitor 0.9795 690 2000 739 2017
capacitor 0.9794 1017 2225 1130 2275
capacitor 0.9791 563 1267 670 1314
capacitor 0.9787 993 2223 1014 2275
capacitor 0.9784 1948 2165 1996 2196
capacitor 0.9783 1326 2202 1345 2257
capacitor 0.9782 1769 1778 1789 1819
capacitor 0.9773 2985 2165 3033 2184
capacitor 0.9773 2438 2691 2550 2741
capacitor 0.9761 375 2097 433 2121
capacitor 0.9748 278 2152 305 2169
capacitor 0.9736 1770 2147 1879 2194
capacitor 0.9733 834 2134 859 2149
capacitor 0.9731 1315 1436 1327 1494
capacitor 0.9730 1683 2484 1799 2529
capacitor 0.9729 990 2586 1024 2605
capacitor 0.9726 1145 2226 1156 2254
capacitor 0.9721 346 1714 388 1788
capacitor 0.9717 3300 1188 3351 1215
capacitor 0.9709 395 1719 458 1810
capacitor 0.9706 3078 1531 3192 1582
capacitor 0.9703 1032 2093 1068 2119
capacitor 0.9692 1385 2688 1490 2736
capacitor 0.9676 822 1570 862 1615
capacitor 0.9667 692 2709 798 2759
capacitor 0.9666 1327 2006 1353 2020
capacitor 0.9665 369 1923 387 1965
capacitor 0.9656 1235 2073 1263 2097
capacitor 0.9639 1138 1691 1167 1729
capacitor 0.9639 878 1672 908 1710
capacitor 0.9623 1818 1570 1868 1599
capacitor 0.9621 344 1829 395 1855
capacitor 0.9619 831 2061 862 2079
capacitor 0.9618 1568 2335 1680 2373
capacitor 0.9615 1150 1960 1174 2017
capacitor 0.9608 1134 1728 1178 1779
capacitor 0.9604 3938 1760 3993 1781
capacitor 0.9604 1194 1698 1227 1732
capacitor 0.9590 1902 1855 1919 1888
capacitor 0.9588 1433 1867 1454 1903
capacitor 0.9571 596 1434 650 1454
capacitor 0.9571 1352 1759 1412 1810
capacitor 0.9570 1358 2129 1398 2146
capacitor 0.9566 3223 1197 3261 1218
capacitor 0.9565 347 960 376 981
capacitor 0.9562 2078 1373 2196 1425
capacitor 0.9555 2884 2068 2935 2089
capacitor 0.9554 561 1206 670 1248
capacitor 0.9550 1428 2258 1480 2286
capacitor 0.9532 1512 1672 1560 1691
capacitor 0.9528 1474 2000 1522 2031
capacitor 0.9523 1191 1817 1224 1840
capacitor 0.9519 1266 1748 1315 1807
capacitor 0.9512 1066 2512 1095 2533
capacitor 0.9510 1373 1597 1413 1636
capacitor 0.9509 1030 1742 1098 1790
capacitor 0.9504 3036 2283 3082 2313
capacitor 0.9499 1081 2292 1137 2321
capacitor 0.9477 1510 1941 1558 1960
capacitor 0.9471 2476 2235 2540 2259
capacitor 0.9469 1475 2136 1532 2156
capacitor 0.9468 2591 2639 2609 2688
capacitor 0.9456 1562 2127 1679 2175
capacitor 0.9438 1107 2520 1129 2574
capacitor 0.9435 1381 2055 1413 2071
capacitor 0.9420 316 1052 431 1098
capacitor 0.9414 3032 2531 3073 2550
capacitor 0.9414 1847 1931 1859 1967
capacitor 0.9411 1373 1545 1413 1581
capacitor 0.9410 3304 1444 3348 1463
capacitor 0.9409 1397 2294 1499 2333
capacitor 0.9395 712 1618 742 1637
capacitor 0.9385 687 1416 805 1459
capacitor 0.9382 2083 1424 2191 1473
capacitor 0.9369 969 1856 1043 1894
capacitor 0.9349 1423 1521 1470 1541
capacitor 0.9346 1026 1963 1064 2010
capacitor 0.9323 554 1385 668 1425
capacitor 0.9322 663 2197 778 2253
capacitor 0.9301 970 1913 1040 1952
capacitor 0.9296 3332 1596 3380 1623
capacitor 0.9287 3937 1837 4006 1861
capacitor 0.9285 1195 2605 1230 2620
capacitor 0.9261 1898 1781 1917 1821
capacitor 0.9260 1139 1910 1186 1983
capacitor 0.9258 1818 1552 1864 1573
capacitor 0.9252 608 1574 706 1611
capacitor 0.9250 1512 1432 1577 1466
capacitor 0.9243 1514 1808 1564 1838
capacitor 0.9236 3306 1365 3340 1386
capacitor 0.9235 1591 2234 1670 2269
capacitor 0.9227 402 957 515 1010
capacitor 0.9199 3026 2601 3144 2641
capacitor 0.9192 1193 1739 1223 1780
capacitor 0.9187 980 2605 1029 2622
capacitor 0.9182 1135 1564 1165 1575
capacitor 0.9179 1068 2526 1097 2551
capacitor 0.9152 585 2259 646 2297
capacitor 0.9115 525 2156 629 2205
capacitor 0.9101 2433 2573 2536 2611
capacitor 0.9100 1466 1856 1581 1899
capacitor 0.9100 950 2055 988 2077
capacitor 0.9076 1026 1922 1072 1968
capacitor 0.9038 3412 1519 3449 1538
capacitor 0.9030 1857 1829 1907 1846
capacitor 0.9025 190 1424 293 1472
capacitor 0.8999 1758 1285 1883 1337
capacitor 0.8983 939 2225 958 2277
capacitor 0.8982 3401 1369 3440 1390
capacitor 0.8976 278 2096 338 2122
capacitor 0.8973 1782 1829 1837 1851
capacitor 0.8970 1669 2778 1780 2828
capacitor 0.8955 3402 1197 3438 1214
capacitor 0.8936 394 1916 427 1975
capacitor 0.8931 1477 2068 1520 2087
capacitor 0.8920 3402 1440 3438 1462
capacitor 0.8918 1172 1620 1208 1644
capacitor 0.8914 1068 2605 1097 2631
capacitor 0.8903 3102 1483 3162 1502
capacitor 0.8903 4033 2640 4062 2659
capacitor 0.8897 2907 1988 3014 2036
capacitor 0.8879 2141 1958 2245 2006
capacitor 0.8865 781 1487 800 1534
capacitor 0.8849 3222 1447 3262 1467
capacitor 0.8849 880 1979 915 2025
capacitor 0.8828 395 1404 434 1418
capacitor 0.8816 404 1850 465 1914
capacitor 0.8766 2767 2629 2785 2663
capacitor 0.8758 1412 2638 1468 2659
capacitor 0.8753 1492 1325 1599 1374
capacitor 0.8694 1194 1966 1233 2006
capacitor 0.8665 1209 1598 1267 1632
capacitor 0.8661 207 1544 257 1563
capacitor 0.8619 698 2529 807 2573
capacitor 0.8583 692 1761 736 1785
capacitor 0.8582 2056 1297 2086 1314
capacitor 0.8580 1433 2444 1479 2462
capacitor 0.8515 948 1435 967 1493
capacitor 0.8513 1138 2510 1166 2535
capacitor 0.8508 931 1778 979 1817
capacitor 0.8461 18 1989 124 2036
capacitor 0.8455 1325 1911 1352 1933
capacitor 0.8441 2500 2384 2541 2403
capacitor 0.8420 2758 1880 2785 1919
capacitor 0.8419 729 2563 790 2605
capacitor 0.8406 1414 1436 1433 1496
capacitor 0.8397 1397 2218 1502 2260
capacitor 0.8391 2926 2135 2935 2168
capacitor 0.8381 1925 1525 2040 1572
capacitor 0.8326 2065 1029 2187 1078
capacitor 0.8308 2808 2127 2862 2147
capacitor 0.8290 880 2112 919 2136
capacitor 0.8249 2017 1027 2047 1037
capacitor 0.8235 693 1660 737 1676
capacitor 0.8216 3222 1363 3262 1384
capacitor 0.8216 1842 1860 1877 1902
capacitor 0.8173 68 1938 121 1960
capacitor 0.8126 2047 1316 2093 1336
capacitor 0.8115 205 1493 255 1515
capacitor 0.8095 1264 1893 1311 1920
capacitor 0.8055 819 1653 857 1678
capacitor 0.8025 1314 2134 1355 2160
capacitor 0.7928 2441 2522 2511 2551
capacitor 0.7873 1310 1683 1364 1730
capacitor 0.7869 1086 2116 1116 2137
capacitor 0.7812 70 1653 118 1672
capacitor 0.7668 1767 1859 1818 1900
capacitor 0.7659 1396 2078 1432 2096
capacitor 0.7646 3271 1633 3390 1679
capacitor 0.7618 839 2748 888 2768
capacitor 0.7592 496 2523 614 2570
capacitor 0.7347 70 1680 114 1703
capacitor 0.7295 2998 2372 3033 2402
capacitor 0.7228 2875 2036 2927 2066
capacitor 0.7107 782 1256 889 1304
capacitor 0.6939 1069 1246 1176 1296
capacitor 0.6938 1570 2182 1682 2234
capacitor 0.6917 3263 1119 3379 1158
capacitor 0.6604 1492 1237 1598 1287
capacitor 0.6481 1415 1819 1432 1851
capacitor 0.6470 861 1747 880 1779
capacitor 0.6463 1399 2136 1433 2155
capacitor 0.6363 1006 1776 1061 1808
capacitor 0.6196 700 2135 748 2155
capacitor 0.6092 1492 1464 1603 1515
capacitor 0.6064 1327 2117 1358 2137
capacitor 0.6005 2572 2117 2617 2145
capacitor 0.5833 1176 1444 1196 1493
capacitor 0.4328 1489 1259 1600 1312
capacitor 0.3494 983 2010 1028 2043
capacitor 0.3391 1300 2070 1346 2097
capacitor 0.3310 931 1720 1017 1777
capacitor 0.3144 932 1837 1028 1887
capacitor 0.3048 1581 2278 1662 2322
text 0.9920 1432 1404 1453 1462
text 0.9852 1049 2386 1070 2422
text 0.9851 1441 2068 1473 2085
text 0.9846 325 2146 364 2175
text 0.9838 3182 2234 3213 2254
text 0.9830 969 2698 1008 2718
text 0.9816 1127 2178 1146 2203
text 0.9812 633 2154 672 2174
text 0.9796 1739 2066 1760 2105
text 0.9783 2056 1346 2095 1376
text 0.9781 3865 1759 3916 1789
text 0.9779 1996 1820 2045 1841
text 0.9766 1671 2233 1711 2255
text 0.9764 728 1220 782 1248
text 0.9751 1453 1737 1489 1758
text 0.9730 1670 1592 1691 1630
text 0.9718 2382 2719 2431 2741
text 0.9716 1681 2147 1729 2168
text 0.9707 1164 941 1186 998
text 0.9701 1115 2837 1135 2876
text 0.9695 1689 2640 1729 2659
text 0.9694 1205 2838 1225 2878
text 0.9692 2054 2184 2104 2207
text 0.9689 1514 2207 1565 2236
text 0.9687 663 2849 692 2877
text 0.9677 414 2413 455 2443
text 0.9657 1660 1818 1697 1839
text 0.9655 1522 2315 1573 2344
text 0.9626 1345 2205 1374 2264
text 0.9622 653 2384 683 2414
text 0.9619 236 1581 260 1634
text 0.9602 1976 960 2026 989
text 0.9599 2028 2168 2055 2205
text 0.9597 2631 1992 2669 2033
text 0.9592 266 840 313 861
text 0.9590 1581 1434 1630 1455
text 0.9589 2381 2642 2432 2671
text 0.9583 1214 1384 1244 1415
text 0.9580 1719 2167 1769 2195
text 0.9551 659 2501 701 2523
text 0.9548 366 2225 414 2254
text 0.9542 880 1498 906 1543
text 0.9541 1206 1269 1236 1307
text 0.9536 208 2059 235 2106
text 0.9534 3064 1672 3112 1701
text 0.9531 3993 1536 4032 1573
text 0.9530 654 2687 702 2709
text 0.9522 573 1582 594 1635
text 0.9516 563 1736 602 1757
text 0.9506 2976 2631 3024 2651
text 0.9499 3273 2010 3388 2050
text 0.9489 1049 2175 1077 2203
text 0.9483 3262 1683 3321 1711
text 0.9480 967 2443 998 2471
text 0.9474 503 1385 552 1414
text 0.9464 971 2830 996 2875
text 0.9461 653 2542 700 2563
text 0.9460 503 1699 521 1740
text 0.9454 1456 1901 1491 1921
text 0.9445 1691 2373 1728 2405
text 0.9445 2895 2116 2925 2167
text 0.9439 3765 791 3844 811
text 0.9415 1582 2613 1622 2651
text 0.9412 1673 1464 1711 1494
text 0.9401 812 2505 849 2524
text 0.9391 3052 1999 3251 2049
text 0.9389 1452 1584 1502 1604
text 0.9378 888 2184 909 2228
text 0.9372 1186 2391 1205 2427
text 0.9360 2244 2237 2294 2265
text 0.9360 218 2464 265 2495
text 0.9356 674 1394 721 1415
text 0.9354 622 2259 669 2282
text 0.9352 277 1188 306 1226
text 0.9351 1592 2722 1621 2759
text 0.9346 544 1909 563 1949
text 0.9345 237 2069 283 2110
text 0.9328 515 673 551 703
text 0.9325 3914 1669 3954 1690
text 0.9321 1116 2384 1136 2424
text 0.9316 673 1898 713 1918
text 0.9316 2135 1573 2173 1603
text 0.9308 2402 2137 2450 2156
text 0.9298 473 1950 493 1987
text 0.9297 217 1829 257 1850
text 0.9293 3391 1543 3451 1571
text 0.9292 3390 1465 3449 1494
text 0.9289 2037 2409 2086 2437
text 0.9285 3711 753 3833 784
text 0.9283 523 1453 573 1483
text 0.9280 1917 2245 1957 2273
text 0.9278 0 1671 41 1700
text 0.9278 1217 2720 1246 2750
text 0.9273 3875 1841 3924 1869
text 0.9268 761 1761 785 1808
text 0.9267 629 1617 684 1648
text 0.9264 208 1583 233 1632
text 0.9256 2371 2541 2419 2572
text 0.9255 811 1511 833 1556
text 0.9251 1215 2444 1237 2464
text 0.9250 2463 2490 2502 2521
text 0.9247 1569 2069 1608 2097
text 0.9246 246 1948 275 1980
text 0.9219 158 2285 207 2314
text 0.9205 166 1404 214 1425
text 0.9202 2738 2618 2768 2670
text 0.9201 944 2172 999 2215
text 0.9187 1996 1732 2045 1751
text 0.9177 1414 2155 1450 2174
text 0.9172 3095 2532 3132 2553
text 0.9165 1491 2690 1540 2719
text 0.9164 582 2679 612 2711
text 0.9164 551 2628 603 2658
text 0.9161 2068 1077 2113 1107
text 0.9156 2598 1947 2647 1970
text 0.9154 1265 2284 1293 2329
text 0.9147 840 2541 889 2564
text 0.9146 1614 2490 1680 2524
text 0.9143 515 1546 543 1585
text 0.9131 723 1471 771 1505
text 0.9129 1897 1601 1917 1632
text 0.9124 324 1602 345 1649
text 0.9109 1976 872 2026 902
text 0.9104 297 1214 351 1238
text 0.9097 2214 793 2252 822
text 0.9085 1325 2719 1372 2741
text 0.9079 1344 2605 1382 2629
text 0.9075 405 2265 436 2296
text 0.9064 958 1304 998 1326
text 0.9062 564 1947 583 1988
text 0.9055 1691 1519 1727 1567
text 0.9043 1956 1030 2003 1050
text 0.9039 3636 2578 3675 2597
text 0.9033 2588 2710 2608 2760
text 0.9031 286 959 335 980
text 0.9021 2361 2265 2409 2287
text 0.9019 1499 1295 1598 1343
text 0.9010 327 2052 345 2091
text 0.9001 1789 2405 1829 2432
text 0.8985 465 1705 483 1740
text 0.8968 1759 1258 1807 1288
text 0.8962 267 1058 317 1088
text 0.8953 920 2333 948 2383
text 0.8950 1738 1592 1765 1632
text 0.8944 1220 1845 1278 1870
text 0.8938 219 1743 256 1763
text 0.8932 2688 1828 2708 1868
text 0.8914 89 1889 138 1909
text 0.8909 2655 2728 2686 2770
text 0.8904 1651 2066 1671 2107
text 0.8900 1601 1553 1651 1573
text 0.8890 3993 1415 4033 1445
text 0.8875 1544 1908 1592 1936
text 0.8874 403 1621 436 1651
text 0.8874 715 1821 770 1843
text 0.8858 197 2442 227 2482
text 0.8857 929 1383 958 1424
text 0.8840 733 1968 780 1990
text 0.8812 743 1889 789 1915
text 0.8793 299 1842 335 1861
text 0.8779 483 1595 504 1641
text 0.8777 3755 1611 3813 1641
text 0.8773 2848 1830 2875 1869
text 0.8770 2769 1823 2787 1867
text 0.8760 514 1227 563 1247
text 0.8759 3204 1384 3252 1404
text 0.8754 1757 1947 1777 1997
text 0.8745 419 1701 442 1746
text 0.8730 8 2026 57 2062
text 0.8726 1404 1543 1451 1564
text 0.8725 1195 1190 1236 1218
text 0.8721 465 2177 514 2197
text 0.8707 727 2135 782 2157
text 0.8706 1898 2048 1916 2086
text 0.8697 820 2719 856 2740
text 0.8690 2105 1551 2135 1584
text 0.8679 662 1978 702 1998
text 0.8660 1342 2521 1371 2546
text 0.8633 385 1378 443 1405
text 0.8621 693 2858 734 2887
text 0.8593 1659 1730 1697 1755
text 0.8592 1344 2471 1379 2498
text 0.8582 3749 723 3845 753
text 0.8574 1343 2681 1383 2702
text 0.8569 666 1824 699 1845
text 0.8565 464 2057 485 2087
text 0.8556 384 2669 432 2690
text 0.8536 1551 1978 1601 2006
text 0.8535 1739 2820 1789 2849
text 0.8531 118 1869 159 1898
text 0.8525 3204 1461 3254 1483
text 0.8524 2571 2136 2608 2204
text 0.8498 851 2321 890 2346
text 0.8482 1985 1591 2005 1635
text 0.8470 2078 1484 2127 1504
text 0.8463 1173 2575 1222 2591
text 0.8463 1146 1443 1177 1482
text 0.8461 3385 1386 3440 1416
text 0.8445 2926 2719 2954 2757
text 0.8426 315 1393 355 1424
text 0.8419 1022 2829 1047 2875
text 0.8412 2648 2106 2698 2133
text 0.8410 1255 939 1275 999
text 0.8407 1279 2176 1331 2213
text 0.8396 1820 2690 1859 2719
text 0.8393 1741 2390 1788 2417
text 0.8386 1885 1714 1917 1742
text 0.8386 3222 2138 3263 2171
text 0.8381 290 1485 325 1523
text 0.8375 406 2343 453 2367
text 0.8340 3389 1208 3441 1236
text 0.8324 395 2126 443 2158
text 0.8297 2191 1385 2243 1414
text 0.8285 1255 2395 1274 2430
text 0.8278 2599 1691 2620 1743
text 0.8264 721 1377 750 1415
text 0.8228 4012 2660 4061 2680
text 0.8220 1978 1958 1998 1980
text 0.8220 1809 1591 1829 1627
text 0.8219 1808 1703 1829 1739
text 0.8215 3784 2634 3826 2660
text 0.8151 3730 684 3841 722
text 0.8148 692 1644 737 1664
text 0.8146 3053 2552 3095 2573
text 0.8120 2026 2483 2075 2513
text 0.8117 1324 2651 1372 2677
text 0.8114 634 2659 672 2699
text 0.8102 732 1267 781 1296
text 0.8002 1385 2839 1425 2867
text 0.7952 3154 2469 3196 2490
text 0.7945 2687 2749 2735 2779
text 0.7897 502 1257 552 1286
text 0.7888 1006 1257 1057 1286
text 0.7876 2995 2421 3034 2450
text 0.7874 1018 2302 1037 2341
text 0.7866 552 1810 604 1830
text 0.7821 306 2066 326 2097
text 0.7793 1324 2452 1375 2472
text 0.7776 1434 2133 1464 2156
text 0.7774 1968 2038 1993 2079
text 0.7750 1658 1365 1714 1387
text 0.7741 1019 2176 1038 2204
text 0.7738 701 1294 750 1319
text 0.7731 2016 2462 2048 2494
text 0.7715 3747 1494 3805 1523
text 0.7711 1690 2276 1730 2315
text 0.7689 2 1638 48 1670
text 0.7678 1334 2294 1384 2314
text 0.7659 781 1681 801 1703
text 0.7640 1176 2838 1196 2878
text 0.7618 1501 2634 1541 2661
text 0.7598 1345 2818 1384 2854
text 0.7573 3134 2505 3164 2539
text 0.7566 1826 2050 1851 2084
text 0.7543 393 2045 442 2098
text 0.7487 590 1343 639 1372
text 0.7481 2669 2136 2699 2166
text 0.7470 1975 1496 2025 1524
text 0.7467 2625 2099 2668 2129
text 0.7454 1330 2589 1364 2612
text 0.7407 1493 2661 1539 2688
text 0.7350 1417 2394 1481 2446
text 0.7254 958 1386 997 1426
text 0.7239 776 1734 807 1780
text 0.7229 940 2285 958 2324
text 0.7219 2570 2087 2620 2115
text 0.7190 264 743 315 774
text 0.7185 2012 2278 2055 2318
text 0.7100 307 865 336 893
text 0.7062 1723 940 1751 992
text 0.7049 2974 2048 2994 2069
text 0.7007 448 2273 494 2295
text 0.7000 1888 1957 1908 1985
text 0.6978 1332 1496 1363 1534
text 0.6906 1197 2179 1226 2210
text 0.6892 1859 2706 1907 2730
text 0.6854 307 1941 326 1997
text 0.6841 3211 1415 3260 1435
text 0.6811 1592 1249 1640 1276
text 0.6797 1012 2204 1081 2243
text 0.6737 463 1009 524 1039
text 0.6700 298 1581 325 1632
text 0.6675 1342 2433 1382 2453
text 0.6634 2968 1958 3015 1988
text 0.6559 446 2131 485 2166
text 0.6455 1492 938 1512 999
text 0.6453 2491 2363 2540 2387
text 0.6413 1802 2125 1871 2153
text 0.6181 780 1637 803 1672
text 0.6179 1097 2800 1117 2851
text 0.6109 130 1811 176 1844
text 0.6091 777 1828 808 1865
text 0.6039 2341 2442 2393 2471
text 0.6036 623 2205 671 2227
text 0.5980 1097 2392 1117 2431
text 0.5815 895 2680 946 2701
text 0.5772 1237 2610 1276 2631
text 0.5703 1967 1592 1987 1633
text 0.5664 683 2759 731 2779
text 0.5478 2926 2002 3005 2061
text 0.5427 2995 2038 3023 2066
text 0.5417 67 2592 118 2621
text 0.5379 70 2432 116 2464
text 0.5349 2992 2471 3034 2497
text 0.4710 1570 2434 1654 2481
text 0.3756 1949 1051 1999 1077
text 0.3678 792 2240 830 2285
text 0.3617 1478 939 1503 993
text 0.3409 639 1650 677 1675
text 0.3381 1808 943 1829 991
text 0.3347 257 1730 304 1754
text 0.3326 246 1457 308 1523
text 0.3119 1243 2394 1270 2432
text 0.3095 914 1385 949 1425
text 0.3080 224 1946 259 1979
text 0.3040 1330 2426 1360 2449
text 0.3032 810 2538 869 2561
text 0.3027 91 1967 150 1992
text 0.3007 465 2042 507 2074
pins 0.9859 602 868 761 1015
pins 0.9857 1511 1098 1561 1156
pins 0.9847 68 1230 167 1485
pins 0.9695 844 862 998 1019
pins 0.9666 3321 2363 3380 2464
pins 0.9658 176 317 226 375
pins 0.9641 11 811 258 991
pins 0.9640 732 1099 782 1155
pins 0.9570 2603 1744 2890 1831
pins 0.9492 3104 459 3162 881
pins 0.9490 30 2451 70 2493
pins 0.9487 3812 1939 3862 1998
pins 0.9480 1183 842 1969 948
pins 0.9476 386 399 454 567
pins 0.9444 3055 1004 3153 1426
pins 0.9442 2499 1552 2629 1650
pins 0.9384 3686 2372 3785 2722
pins 0.9371 1690 2095 1733 2144
pins 0.9360 59 1078 179 1187
pins 0.9307 790 395 859 566
pins 0.9305 73 1535 167 1643
pins 0.9262 612 742 662 791
pins 0.9220 3435 2700 3488 2759
pins 0.9213 3943 2019 3985 2164
pins 0.9209 1914 2573 2045 2613
pins 0.9208 1985 1100 2035 1149
pins 0.9200 1424 2459 1559 2617
pins 0.9178 2253 384 2322 553
pins 0.9157 3052 1592 3196 1642
pins 0.9119 2618 775 2668 831
pins 0.9117 1097 357 1146 416
pins 0.9023 1918 2313 2047 2371
pins 0.9020 3480 1026 3539 1759
pins 0.8936 2944 426 2994 485
pins 0.8908 20 2620 68 2659
pins 0.8812 2480 882 2620 980
pins 0.8785 2245 1572 2291 1610
pins 0.8764 1304 397 1375 562
pins 0.8598 17 1739 146 1872
pins 0.8443 2035 347 2093 406
pins 0.8380 4044 1009 4102 1761
pins 0.8372 2146 1731 2290 1876
pins 0.8353 3460 2402 3501 2443
pins 0.8335 315 2461 357 2590
pins 0.8322 3549 2401 3589 2442
pins 0.8319 2440 1741 2489 1791
pins 0.8212 109 2077 168 2129
pins 0.8185 3450 1938 3497 1995
pins 0.7865 1710 397 1779 567
pins 0.7824 1570 732 1629 781
pins 0.7679 4042 2028 4105 2170
pins 0.7664 605 2492 651 2542
pins 0.7023 1700 2395 1749 2453
pins 0.6932 454 2460 495 2589
pins 0.6877 3291 1000 3341 1059
pins 0.6826 1640 1487 1689 1542
pins 0.6713 2659 388 2728 553
pins 0.6534 114 2450 167 2498
pins 0.6323 534 1570 575 1614
component 0.9971 1374 1456 1394 1474
component 0.9938 911 2245 929 2266
component 0.9926 881 1455 901 1475
component 0.9909 367 1445 433 1494
component 0.9906 3108 2146 3181 2188
component 0.9877 851 1454 862 1481
component 0.9810 1407 2779 1490 2828
component 0.9807 586 1503 661 1552
component 0.9759 1759 2326 1834 2374
component 0.9748 1483 2020 1504 2047
component 0.9738 711 2057 730 2075
component 0.9722 265 2402 335 2449
component 0.9696 2729 2691 2808 2740
component 0.9686 486 2322 571 2372
component 0.9670 1759 2232 1839 2285
component 0.9648 1016 1341 1099 1386
component 0.9598 376 811 445 861
component 0.9549 1661 2574 1729 2620
component 0.9544 2184 1504 2253 1552
component 0.9511 3885 1450 3971 1503
component 0.9489 326 1145 403 1187
component 0.9476 2094 822 2185 871
component 0.9465 2689 2250 2912 2553
component 0.9428 1286 1223 1354 1272
component 0.9369 712 2434 784 2482
component 0.9368 2106 2119 2171 2167
component 0.9317 3898 1574 3971 1622
component 0.9303 2085 2235 2164 2283
component 0.9298 3084 2397 3133 2487
component 0.9293 346 1534 424 1582
component 0.9280 1492 2099 1512 2117
component 0.9259 1748 1384 1835 1433
component 0.9180 2185 1651 2254 1701
component 0.9103 2091 929 2163 990
component 0.9047 1650 2678 1731 2728
component 0.9038 522 2087 595 2138
component 0.8985 772 1327 864 1376
component 0.8880 1410 2372 1484 2413
component 0.8864 277 2303 366 2355
component 0.8763 2699 2041 2782 2100
component 0.8610 385 703 474 754
component 0.8233 1284 1334 1354 1383
component 0.8195 1888 2650 1966 2702
component 0.8140 503 2405 578 2452
component 0.7983 2993 2679 3074 2731
component 0.7977 1897 2499 1977 2548
component 0.7854 1767 1485 1836 1527
component 0.7847 711 2334 782 2382
component 0.7694 712 2627 779 2680
component 0.7646 730 2807 799 2858
component 0.7365 2422 2383 2462 2458
clock 0.7776 3069 2088 3213 2226
ic 0.9877 2552 2185 2986 2620
electrolytic 0.9678 648 2601 844 2690
electrolytic 0.9627 538 1483 728 1564
electrolytic 0.9599 395 2690 598 2778
electrolytic 0.9559 1831 2477 2037 2563
electrolytic 0.9529 329 685 525 771
electrolytic 0.9503 2646 2023 2843 2114
electrolytic 0.9490 1596 2550 1805 2639
electrolytic 0.9484 316 1514 510 1602
electrolytic 0.9457 649 2312 856 2395
electrolytic 0.9430 1221 1317 1422 1394
electrolytic 0.9420 673 2777 866 2872
electrolytic 0.9415 2034 2205 2242 2295
electrolytic 0.9352 1835 2625 2032 2716
electrolytic 0.9132 1594 2653 1806 2743
electrolytic 0.9045 2985 2065 3034 2157
electrolytic 0.8853 2946 2656 3137 2751
electrolytic 0.8645 460 2383 654 2463
electrolytic 0.8618 1228 1203 1418 1285
electrolytic 0.8600 726 1309 920 1396
electrolytic 0.8179 2403 2310 2480 2508
electrolytic 0.8043 651 2417 850 2501
electrolytic 0.7722 2025 803 2230 893
electrolytic 0.7550 2643 1920 2858 2008
electrolytic 0.7349 1710 1470 1901 1547
