connector 0.9911 2315 298 3274 1145
connector 0.9685 3627 330 3725 699
connector 0.9683 553 1439 610 1496
connector 0.9627 3877 445 4052 714
connector 0.9614 3241 1971 3301 2027
connector 0.9609 1637 1504 1690 1555
connector 0.9607 2421 1258 2472 1314
connector 0.9600 3073 2133 3119 2526
connector 0.9585 741 1879 800 1938
connector 0.9582 631 2235 681 2294
connector 0.9575 1512 1889 1573 1937
connector 0.9555 0 1413 214 1968
connector 0.9509 1106 2610 1174 2669
connector 0.9467 2035 2609 2086 2657
connector 0.9442 3399 1059 3449 1109
connector 0.9438 854 2010 1017 2186
connector 0.9328 625 2017 789 2174
connector 0.9296 3 2302 254 2554
connector 0.9277 3015 1631 3113 2033
connector 0.9229 2789 1220 2866 1314
connector 0.9119 2464 2059 2604 2149
connector 0.9114 1973 1878 2036 1939
connector 0.8921 1580 2247 1631 2295
connector 0.8884 2599 2195 2650 2253
connector 0.8812 2224 1424 2280 1488
connector 0.8809 1420 555 1553 602
connector 0.8776 1679 911 1744 969
connector 0.8641 3389 318 3440 377
connector 0.8522 2917 2534 2973 2592
connector 0.8492 2133 1262 2175 1316
connector 0.8328 1851 2089 1965 2187
connector 0.8097 3758 1048 3823 1106
connector 0.7972 1692 612 1750 673
connector 0.7868 136 929 200 985
connector 0.7806 72 1181 189 1237
connector 0.7684 3020 1406 3165 1459
connector 0.7154 1190 2088 1737 2187
connector 0.6966 132 1266 176 1319
connector 0.6690 623 526 680 576
connector 0.6561 206 2635 256 2704
resistor 0.9962 454 1365 465 1396
resistor 0.9921 2145 731 2184 747
resistor 0.9912 2461 1692 2510 1712
resistor 0.9900 1294 606 1323 625
resistor 0.9900 603 1363 620 1394
resistor 0.9899 543 1366 554 1395
resistor 0.9897 1879 1366 1897 1396
resistor 0.9893 1797 1363 1812 1396
resistor 0.9892 384 1366 395 1396
resistor 0.9875 1799 1019 1812 1048
resistor 0.9873 1293 455 1323 470
resistor 0.9871 1296 369 1324 388
resistor 0.9869 1718 1357 1738 1398
resistor 0.9868 1150 261 1164 299
resistor 0.9852 299 1020 316 1049
resistor 0.9849 203 1084 235 1108
resistor 0.9844 1947 1366 1965 1397
resistor 0.9816 602 1020 620 1057
resistor 0.9810 1615 1242 1650 1263
resistor 0.9788 1294 540 1324 555
resistor 0.9786 1088 255 1103 290
resistor 0.9786 299 1366 315 1395
resistor 0.9774 2132 1156 2162 1181
resistor 0.9756 1947 1018 1966 1052
resistor 0.9751 1723 1019 1740 1051
resistor 0.9747 939 605 968 625
resistor 0.9730 541 1020 553 1052
resistor 0.9728 1613 1088 1649 1107
resistor 0.9706 2242 1243 2275 1264
resistor 0.9689 1241 260 1256 296
resistor 0.9684 2043 1151 2076 1186
resistor 0.9682 1296 296 1323 317
resistor 0.9675 1876 1019 1897 1049
resistor 0.9670 361 1019 374 1049
resistor 0.9668 2150 502 2188 519
resistor 0.9627 451 1020 464 1049
resistor 0.9618 1534 434 1559 453
resistor 0.9587 1610 1159 1649 1177
resistor 0.9548 202 824 237 863
resistor 0.9528 1617 1359 1650 1378
resistor 0.9514 2038 1365 2055 1396
resistor 0.9463 2309 2095 2411 2144
resistor 0.9436 936 445 970 469
resistor 0.9430 634 1086 662 1104
resistor 0.9416 2036 1018 2054 1048
resistor 0.9344 1077 687 1091 722
resistor 0.9340 2519 1702 2552 1727
resistor 0.9282 939 363 969 381
resistor 0.9266 938 538 967 556
resistor 0.9210 1292 646 1323 666
resistor 0.9206 211 1241 237 1259
resistor 0.9143 1613 1328 1651 1346
resistor 0.9130 2045 1244 2075 1267
resistor 0.9128 1424 526 1463 544
resistor 0.9053 2044 1083 2074 1111
resistor 0.9049 632 1353 663 1368
resistor 0.9012 474 2128 511 2147
resistor 0.9002 632 1240 661 1260
resistor 0.8966 207 1163 236 1185
resistor 0.8920 2044 1320 2073 1345
resistor 0.8919 1540 526 1572 544
resistor 0.8853 2758 2798 2788 2819
resistor 0.8837 1136 1977 1162 1991
resistor 0.8754 935 275 968 315
resistor 0.8729 908 2785 963 2818
resistor 0.8599 1808 2791 1852 2811
resistor 0.8542 2699 1590 2728 1609
resistor 0.8435 3392 941 3428 960
resistor 0.8409 1250 700 1266 733
resistor 0.8399 938 652 967 669
resistor 0.8384 1167 694 1177 723
resistor 0.8376 632 1325 661 1344
resistor 0.8296 2342 1446 2447 1493
resistor 0.8169 1232 694 1249 722
resistor 0.8136 1009 694 1027 723
resistor 0.8110 45 1150 92 1172
resistor 0.8093 631 1173 663 1187
resistor 0.8092 429 823 495 862
resistor 0.8090 996 263 1020 309
resistor 0.8088 1814 2810 1849 2832
resistor 0.8011 48 1226 100 1260
resistor 0.8010 3391 871 3430 889
resistor 0.7899 148 1156 176 1180
resistor 0.7694 1967 1363 1986 1395
resistor 0.7503 1355 1969 1382 1988
resistor 0.7318 1427 432 1462 457
resistor 0.7234 145 1244 180 1269
resistor 0.7230 211 1327 237 1345
resistor 0.7108 454 846 501 875
resistor 0.7047 939 389 968 413
resistor 0.7034 2519 1787 2551 1810
resistor 0.6976 1176 259 1196 296
resistor 0.6694 227 1366 247 1396
resistor 0.6237 1098 693 1115 722
resistor 0.5907 386 1019 404 1050
resistor 0.3247 1730 1364 1748 1398
resistor 0.3191 463 1365 492 1399
resistor 0.3168 1807 1361 1830 1397
resistor 0.3066 1967 1019 1987 1056
pads 0.9340 2233 1161 2272 1178
pads 0.9204 2131 1230 2181 1268
pads 0.9139 2768 1742 2809 1771
pads 0.8545 458 881 491 901
capacitor 0.9696 98 1154 135 1170
capacitor 0.9660 1143 1862 1165 1910
capacitor 0.9611 244 1760 292 1781
capacitor 0.9567 1218 1878 1235 1926
capacitor 0.9526 598 2698 653 2727
capacitor 0.9466 506 1707 552 1742
capacitor 0.9433 999 1882 1018 1930
capacitor 0.9336 2423 2709 2482 2738
capacitor 0.9106 2510 2019 2559 2049
capacitor 0.9027 504 1764 552 1790
capacitor 0.8862 2857 1782 2876 1839
capacitor 0.8738 2500 2265 2548 2286
capacitor 0.8683 2854 1872 2886 1929
capacitor 0.8585 2759 1716 2811 1741
capacitor 0.8394 2336 2147 2389 2176
capacitor 0.8312 2318 2231 2407 2293
capacitor 0.8306 1494 2700 1550 2727
capacitor 0.8212 938 1888 949 1918
capacitor 0.7924 2524 1811 2574 1832
capacitor 0.7624 1471 524 1521 545
capacitor 0.7197 2532 1766 2568 1793
capacitor 0.6308 2187 1234 2230 1261
capacitor 0.3441 2524 1713 2564 1744
capacitor 0.3313 2857 1791 2886 1872
text 0.9870 2393 2274 2440 2294
text 0.9832 870 445 918 466
text 0.9813 2541 1604 2580 1623
text 0.9807 356 968 378 1011
text 0.9790 224 1851 347 1889
text 0.9783 1047 746 1068 789
text 0.9775 374 1413 396 1464
text 0.9774 1344 444 1390 470
text 0.9766 297 1418 315 1461
text 0.9726 445 1416 466 1465
text 0.9709 1432 2708 1482 2728
text 0.9692 3115 1711 3151 1744
text 0.9688 561 1760 601 1783
text 0.9677 3031 2031 3057 2058
text 0.9663 3905 714 3924 743
text 0.9661 3113 1842 3154 1871
text 0.9660 1343 603 1393 633
text 0.9649 1946 1416 1968 1453
text 0.9645 3114 1623 3160 1652
text 0.9640 870 644 916 662
text 0.9628 248 1301 268 1336
text 0.9628 3338 823 3377 860
text 0.9603 956 2728 988 2759
text 0.9595 3885 1048 3909 1071
text 0.9595 2373 2708 2422 2729
text 0.9577 2541 2155 2589 2177
text 0.9570 1344 366 1391 391
text 0.9568 1519 1850 1572 1879
text 0.9567 3412 1109 3471 1139
text 0.9546 535 961 553 1000
text 0.9545 2234 2029 2283 2065
text 0.9539 4043 724 4090 771
text 0.9536 2313 2787 2363 2808
text 0.9515 1791 1416 1817 1454
text 0.9504 869 605 919 626
text 0.9502 2197 504 2243 524
text 0.9497 2640 1168 2668 1214
text 0.9474 3894 414 3925 441
text 0.9473 1345 513 1394 539
text 0.9472 449 230 740 322
text 0.9464 2868 1276 2895 1297
text 0.9464 2023 358 2152 396
text 0.9454 970 2800 1017 2826
text 0.9454 1245 199 1264 246
text 0.9449 2198 734 2242 754
text 0.9440 3826 642 3864 690
text 0.9432 564 1704 607 1730
text 0.9427 1157 724 1177 771
text 0.9413 19 2232 43 2275
text 0.9410 1794 951 1819 994
text 0.9405 1155 202 1174 246
text 0.9404 2438 2168 2471 2197
text 0.9392 1427 2383 1473 2405
text 0.9384 2983 1335 3248 1374
text 0.9384 247 1239 268 1268
text 0.9378 1741 908 1787 931
text 0.9377 712 2337 751 2373
text 0.9377 10 1353 79 1404
text 0.9357 775 1149 792 1189
text 0.9357 1583 2296 1621 2326
text 0.9355 2855 1603 2896 1623
text 0.9353 1319 835 1343 869
text 0.9348 869 361 909 384
text 0.9346 844 840 865 868
text 0.9338 2035 1415 2055 1453
text 0.9335 156 2234 175 2256
text 0.9324 712 2731 741 2770
text 0.9324 1426 585 1470 633
text 0.9324 2311 1179 2392 1216
text 0.9323 2216 1394 2270 1426
text 0.9322 1948 962 1966 1006
text 0.9304 3015 2351 3054 2511
text 0.9297 139 1319 179 1346
text 0.9291 415 2091 464 2125
text 0.9281 3112 1792 3154 1824
text 0.9280 3113 1447 3160 1504
text 0.9280 1855 961 1877 1001
text 0.9270 2709 2460 2785 2501
text 0.9270 750 1849 790 1870
text 0.9268 2006 1265 2027 1287
text 0.9267 491 2374 524 2403
text 0.9259 775 1226 792 1262
text 0.9258 2769 1384 2889 1430
text 0.9257 1040 1813 1087 1850
text 0.9255 3545 268 3698 308
text 0.9253 781 1003 792 1030
text 0.9253 186 437 298 476
text 0.9242 868 297 908 318
text 0.9240 879 2551 918 2582
text 0.9234 1083 199 1106 248
text 0.9234 1662 1284 1689 1308
text 0.9233 170 1359 219 1398
text 0.9232 1605 2424 1630 2447
text 0.9220 790 1141 802 1177
text 0.9217 2743 1166 2768 1213
text 0.9190 1324 1819 1442 1850
text 0.9173 1215 1829 1237 1871
text 0.9167 3250 1939 3310 1979
text 0.9165 3888 837 3904 860
text 0.9164 9 1139 50 1173
text 0.9150 994 1827 1026 1864
text 0.9148 219 1918 266 1958
text 0.9148 256 1631 296 1655
text 0.9138 1346 294 1392 319
text 0.9136 2778 1543 2887 1581
text 0.9123 2215 1672 2253 1711
text 0.9118 167 505 228 545
text 0.9116 791 993 800 1022
text 0.9072 3765 1109 3826 1138
text 0.9061 997 199 1019 237
text 0.9056 2975 1948 3014 1976
text 0.9046 553 976 583 1005
text 0.9040 3677 705 3716 734
text 0.9038 1290 2177 1734 2225
text 0.9014 791 1068 799 1091
text 0.9004 2036 969 2056 1008
text 0.9003 1193 2188 1258 2226
text 0.8998 825 2810 860 2840
text 0.8987 3022 1453 3062 1541
text 0.8977 4014 718 4030 742
text 0.8975 3374 714 3557 754
text 0.8974 238 2007 263 2031
text 0.8964 908 1782 1041 1827
text 0.8962 2054 969 2324 1014
text 0.8961 535 1422 554 1464
text 0.8961 791 914 802 943
text 0.8952 3421 2621 3645 2669
text 0.8951 1878 1414 1897 1454
text 0.8946 1403 848 1423 871
text 0.8940 1076 848 1099 872
text 0.8939 58 2235 105 2272
text 0.8936 100 833 149 880
text 0.8920 139 963 194 1017
text 0.8917 0 1079 68 1108
text 0.8917 759 790 1050 835
text 0.8910 879 2453 928 2493
text 0.8888 1011 742 1028 777
text 0.8883 2777 1177 2806 1216
text 0.8883 800 1911 840 1941
text 0.8874 3030 1590 3071 1629
text 0.8870 212 891 487 937
text 0.8868 2868 1230 2896 1258
text 0.8856 682 1231 731 1259
text 0.8851 1580 522 1630 547
text 0.8847 771 1383 792 1425
text 0.8843 683 1166 731 1186
text 0.8842 1353 1950 1382 1971
text 0.8833 1986 1859 2046 1891
text 0.8831 1165 2137 1183 2170
text 0.8824 574 2017 621 2053
text 0.8801 2072 1131 2125 1198
text 0.8798 287 1988 356 2027
text 0.8790 1245 829 1266 866
text 0.8789 3442 862 3566 901
text 0.8778 583 1308 603 1348
text 0.8776 2481 1769 2528 1794
text 0.8767 189 574 288 614
text 0.8743 1273 734 1293 784
text 0.8742 209 2618 267 2645
text 0.8742 11 2560 268 2611
text 0.8723 2028 595 2155 632
text 0.8720 3784 829 3823 1020
text 0.8710 90 1079 141 1108
text 0.8700 2975 1859 3014 1888
text 0.8696 2975 1712 3014 1742
text 0.8692 622 574 681 603
text 0.8679 4059 673 4083 706
text 0.8673 1638 1458 1707 1498
text 0.8672 3935 823 4000 860
text 0.8670 2077 1307 2127 1339
text 0.8663 620 495 680 526
text 0.8656 2054 1017 2099 1055
text 0.8649 2070 1238 2123 1268
text 0.8642 2829 1691 2877 1716
text 0.8639 1960 2135 2020 2174
text 0.8618 1622 2736 1652 2766
text 0.8611 1384 2776 1433 2799
text 0.8608 3274 551 3378 593
text 0.8605 2785 2730 2827 2778
text 0.8602 770 1475 790 1505
text 0.8588 157 2008 175 2031
text 0.8569 247 844 299 875
text 0.8560 3115 1899 3200 1930
text 0.8554 1163 2091 1180 2120
text 0.8549 2778 2066 2847 2106
text 0.8547 695 1078 730 1099
text 0.8537 382 409 475 447
text 0.8533 157 338 225 376
text 0.8525 3330 607 3385 697
text 0.8519 1702 967 1734 1018
text 0.8518 237 2287 285 2327
text 0.8502 761 901 790 930
text 0.8495 1686 1409 1730 1480
text 0.8473 503 1631 563 1662
text 0.8473 2529 2421 2551 2446
text 0.8463 1550 1308 1592 1336
text 0.8460 1788 2462 1838 2503
text 0.8447 3002 1143 3025 1192
text 0.8446 7 1214 65 1257
text 0.8440 2343 2383 2394 2407
text 0.8431 2451 1147 2470 1178
text 0.8428 3068 2098 3122 2131
text 0.8425 2934 1336 2974 1373
text 0.8413 447 962 474 999
text 0.8398 1265 203 1285 251
text 0.8396 860 517 909 546
text 0.8382 1610 557 1681 594
text 0.8365 216 1718 236 1744
text 0.8365 345 1779 399 1820
text 0.8355 781 1393 809 1415
text 0.8348 3739 515 3854 555
text 0.8343 36 2293 52 2315
text 0.8343 2818 2162 2857 2198
text 0.8336 2540 2738 2578 2777
text 0.8330 2728 1772 2768 1811
text 0.8325 1153 839 1179 871
text 0.8320 2975 1764 3016 1792
text 0.8314 1106 2581 1166 2612
text 0.8312 2551 1940 2618 1978
text 0.8303 1659 1219 1691 1247
text 0.8301 85 1220 142 1277
text 0.8299 1134 1930 1158 1974
text 0.8275 3253 564 3297 653
text 0.8263 3270 478 3431 554
text 0.8263 2251 1582 2294 1611
text 0.8257 868 532 913 558
text 0.8257 1424 842 1445 862
text 0.8238 1330 653 1381 675
text 0.8236 227 965 247 1010
text 0.8231 293 971 318 1016
text 0.8220 1254 329 1279 359
text 0.8205 3128 2420 3190 2453
text 0.8171 3092 2006 3144 2046
text 0.8168 2593 2176 2630 2199
text 0.8165 3398 288 3450 318
text 0.8148 3983 1128 4032 1170
text 0.8126 612 1458 663 1485
text 0.8115 1797 2354 1908 2394
text 0.8112 2790 2773 2833 2798
text 0.8106 1688 586 1738 615
text 0.8075 1177 202 1195 241
text 0.8063 17 2504 51 2577
text 0.8048 2762 1689 2817 1735
text 0.8034 3123 2188 3184 2218
text 0.8010 2032 761 2087 791
text 0.7992 632 2286 685 2315
text 0.7982 1469 441 1527 476
text 0.7975 2576 1314 2611 1362
text 0.7973 11 1285 89 1352
text 0.7965 3404 2679 3973 2718
text 0.7955 136 902 196 931
text 0.7947 385 961 406 1001
text 0.7940 1728 961 1751 997
text 0.7938 2086 709 2128 743
text 0.7937 1004 844 1027 875
text 0.7935 3385 841 3428 869
text 0.7912 1565 442 1632 478
text 0.7901 1383 210 1637 257
text 0.7896 1550 1154 1596 1179
text 0.7891 49 1995 79 2028
text 0.7885 3740 344 3838 386
text 0.7880 3120 1987 3194 2017
text 0.7872 2976 1988 3014 2015
text 0.7871 3645 314 3697 347
text 0.7859 2738 2549 2776 2576
text 0.7842 1693 649 1749 695
text 0.7815 2205 2205 2253 2234
text 0.7766 2625 1329 2652 1376
text 0.7766 3123 2233 3159 2267
text 0.7760 1883 2057 1915 2086
text 0.7758 4030 1049 4056 1074
text 0.7740 2335 1277 2377 1316
text 0.7739 2481 1494 2532 1514
text 0.7730 228 1415 246 1459
text 0.7724 890 836 945 880
text 0.7722 246 1160 268 1191
text 0.7710 1548 1196 1599 1219
text 0.7706 772 1074 795 1107
text 0.7699 2555 1205 2588 1256
text 0.7699 254 2227 310 2267
text 0.7695 789 1202 803 1230
text 0.7694 3054 1296 3125 1335
text 0.7693 3445 931 3549 970
text 0.7689 781 1314 809 1336
text 0.7681 4012 418 4033 448
text 0.7671 697 1320 750 1346
text 0.7667 1257 1810 1294 1850
text 0.7663 3123 2322 3203 2369
text 0.7655 850 1969 890 2010
text 0.7649 3799 424 3839 474
text 0.7647 772 1301 793 1337
text 0.7646 2203 667 2233 687
text 0.7644 2957 1806 3015 1856
text 0.7618 1974 2088 2005 2129
text 0.7610 4031 837 4048 865
text 0.7607 3741 389 3829 429
text 0.7601 210 2697 267 2728
text 0.7567 1094 1543 1134 1593
text 0.7561 3269 763 3450 809
text 0.7552 3034 1554 3104 1592
text 0.7551 840 2188 1031 2245
text 0.7547 3231 1405 3290 1446
text 0.7540 149 2294 168 2323
text 0.7506 3083 1158 3134 1205
text 0.7498 2282 1156 2322 1178
text 0.7485 879 2354 985 2393
text 0.7485 355 634 421 672
text 0.7455 2777 1317 2858 1375
text 0.7454 3211 1615 3261 1654
text 0.7449 1332 533 1389 556
text 0.7417 209 2234 276 2273
text 0.7415 681 1308 731 1333
text 0.7415 1860 2110 1954 2202
text 0.7392 1529 605 1592 631
text 0.7337 2518 1310 2565 1345
text 0.7332 482 2109 534 2135
text 0.7311 1967 970 1987 1000
text 0.7295 603 2669 649 2699
text 0.7288 2847 1483 2882 1513
text 0.7278 2016 525 2077 565
text 0.7253 2274 1276 2319 1315
text 0.7250 782 1247 810 1266
text 0.7242 1345 630 1392 651
text 0.7221 3098 1945 3146 1980
text 0.7220 3121 2143 3162 2186
text 0.7215 2515 1228 2558 1267
text 0.7214 2252 2107 2308 2134
text 0.7211 2166 410 2227 466
text 0.7195 2777 1754 2869 1797
text 0.7186 1098 731 1115 778
text 0.7171 617 1960 789 2006
text 0.7157 2230 1249 2301 1306
text 0.7151 495 845 550 873
text 0.7148 2976 1624 3014 1662
text 0.7117 380 773 453 814
text 0.7116 2571 1650 2743 1734
text 0.7061 2743 2021 2855 2062
text 0.7054 475 2778 519 2806
text 0.7030 2038 2582 2097 2611
text 0.7028 2785 1425 2874 1464
text 0.6976 2640 1417 2679 1444
text 0.6959 1364 862 1395 881
text 0.6906 781 1463 809 1483
text 0.6888 2417 1228 2472 1255
text 0.6866 2833 1968 2885 1991
text 0.6861 3017 2626 3324 2853
text 0.6856 2181 1912 2232 1959
text 0.6845 3124 2463 3202 2492
text 0.6836 2270 1425 2306 1492
text 0.6815 217 1572 235 1595
text 0.6786 3126 2513 3172 2541
text 0.6735 1730 1416 1749 1453
text 0.6712 3764 1028 3827 1061
text 0.6652 674 1348 732 1377
text 0.6597 1631 445 1698 483
text 0.6592 3391 338 3449 408
text 0.6585 2729 2344 2836 2393
text 0.6559 2316 1421 2395 1467
text 0.6536 78 2516 163 2585
text 0.6534 3438 534 3509 575
text 0.6493 1551 1336 1592 1356
text 0.6442 2499 2248 2530 2271
text 0.6416 2914 2510 2974 2541
text 0.6362 2090 1336 2136 1357
text 0.6318 1878 964 1909 998
text 0.6291 2837 1148 2866 1211
text 0.6191 2518 1829 2572 1854
text 0.5903 1967 1416 1986 1447
text 0.5902 1335 852 1353 871
text 0.5898 1561 1060 1611 1092
text 0.5890 1167 836 1196 865
text 0.5862 1329 268 1385 297
text 0.5859 2997 1178 3029 1205
text 0.5792 346 854 404 890
text 0.5784 1253 848 1284 875
text 0.5722 1017 200 1038 248
text 0.5704 2668 2816 2700 2845
text 0.5601 2456 1174 2483 1206
text 0.5517 3130 2504 3182 2533
text 0.5252 2918 2536 2979 2603
text 0.5248 1562 1147 1619 1181
text 0.5036 1256 201 1276 250
text 0.4521 1016 845 1042 873
text 0.4439 1561 1218 1613 1265
text 0.4304 2947 1782 3006 1836
text 0.4040 1548 1178 1597 1198
text 0.3942 198 1556 226 1585
text 0.3633 512 1421 550 1475
text 0.3604 1824 1418 1851 1452
text 0.3560 2656 2821 2693 2849
text 0.3537 142 1066 187 1113
text 0.3432 2976 1974 3011 2003
text 0.3428 1479 425 1528 455
text 0.3352 2972 1930 3014 1966
text 0.3158 208 1419 231 1462
text 0.3142 695 1358 740 1384
text 0.3121 3130 2230 3175 2255
text 0.3116 1885 1416 1916 1453
text 0.3099 219 1708 244 1735
text 0.3025 1216 737 1258 780
text 0.3011 1018 740 1042 785
text 0.3010 2039 518 2121 551
text 0.3005 2545 1562 2615 1591
component 0.9906 1050 1884 1107 1969
component 0.9904 3260 1722 3316 1777
component 0.9869 2286 1742 2443 1936
component 0.9842 3261 1485 3309 1544
component 0.9841 902 930 1379 1473
component 0.9794 2422 2768 2504 2823
component 0.9736 383 460 473 603
component 0.9725 2433 2376 2500 2422
component 0.9645 1264 1877 1322 1964
component 0.9561 3825 1188 3854 1208
component 0.9560 2382 1463 2420 1486
component 0.9479 1509 2382 1573 2422
component 0.9422 2340 2106 2370 2131
component 0.9399 2330 2192 2390 2246
component 0.9349 3952 877 4012 938
component 0.9311 3907 942 3934 977
component 0.9099 1089 345 1173 583
component 0.9099 3919 881 4033 1043
component 0.8906 2536 1425 2625 1462
component 0.8852 2628 1632 2692 1693
component 0.8803 1727 1171 1973 1264
component 0.8762 587 2768 666 2826
component 0.8475 603 2372 665 2422
component 0.8423 3918 892 3946 923
component 0.8408 3657 1187 3684 1207
component 0.8401 2770 1855 2816 1932
component 0.8389 2678 1458 2700 1476
component 0.8303 2333 2032 2389 2069
component 0.8267 292 1161 539 1240
component 0.8267 96 1601 156 1781
component 0.8250 1503 2768 1585 2822
component 0.8150 424 436 474 469
component 0.8114 362 1663 419 1756
component 0.8105 3428 2024 3458 2075
component 0.7865 2466 417 2571 504
component 0.6056 4001 2028 4041 2074
component 0.5912 4027 938 4052 968
component 0.5656 3697 1187 3726 1207
component 0.3417 4016 890 4050 941
component 0.3287 16 2049 337 2198
component 0.3170 4013 940 4053 987
test 0.9552 1838 2572 1880 2612
test 0.9406 2804 1474 2845 1513
test 0.8846 2807 1593 2857 1630
test 0.8392 2818 2124 2853 2165
test 0.8320 923 2571 959 2609
test 0.7906 126 692 206 763
test 0.7898 91 2619 157 2681
test 0.7616 2756 2572 2798 2611
led 0.9450 2615 1561 2659 1590
led 0.9414 415 2128 466 2155
led 0.9273 2083 694 2123 719
led 0.9144 3331 941 3380 963
led 0.8952 117 808 179 855
led 0.8355 2078 465 2126 488
led 0.8125 1729 2788 1773 2811
led 0.8085 2677 2779 2718 2810
led 0.8017 841 2776 878 2807
led 0.6397 3335 868 3382 890
led 0.3153 1747 2801 1792 2821
clock 0.7593 1247 1849 1341 1991
clock 0.4249 1031 1873 1117 1997
ic 0.9656 2579 1767 2714 1952
ic 0.9548 811 880 1441 1521
ic 0.9354 1694 1085 2006 1339
ic 0.9258 324 1646 472 1786
ic 0.8991 3210 1451 3354 1581
ic 0.8837 3215 1687 3354 1813
ic 0.8493 264 1069 569 1333
ic 0.6941 988 317 1252 620
switch 0.8676 329 437 514 632
switch 0.7977 0 2030 358 2232
electrolytic 0.9029 1466 2365 1618 2435
electrolytic 0.8992 1445 2747 1637 2839
electrolytic 0.7904 2228 1612 2427 1689
electrolytic 0.7837 533 2751 734 2842
electrolytic 0.6955 2561 1612 2747 1698
button 0.9766 48 525 187 663
button 0.9763 44 355 186 507
button 0.8139 3400 572 3544 714
button 0.7785 1901 643 2035 791
button 0.7132 1899 409 2039 555
transistor 0.9407 2137 657 2195 710
transistor 0.8439 2741 2718 2797 2777
transistor 0.8433 2136 430 2191 485
transistor 0.8315 2686 1531 2745 1582
transistor 0.6970 904 2723 961 2786
transistor 0.6823 1799 2729 1859 2789
jumper 0.9479 2733 1218 2774 1325
jumper 0.9182 2650 1217 2700 1319
jumper 0.9068 3285 598 3360 704
jumper 0.8783 18 1255 114 1317
jumper 0.8768 1782 2084 1829 2196
jumper 0.8261 2159 1253 2277 1319
inductor 0.8877 239 1712 295 1743
inductor 0.7605 1067 1544 1098 1601
inductor 0.3200 2299 2020 2424 2080
unknown 0.9814 1312 2463 1779 2703
unknown 0.9749 2243 2461 2708 2720
unknown 0.9232 395 2462 883 2719
potentiometer 0.6708 3875 864 4074 1052
display 0.9871 3400 1150 4065 2625
