connector 0.9521 1490 2501 1739 2620
connector 0.9504 3362 2493 3601 2610
connector 0.9502 2439 2492 2680 2610
resistor 0.9981 3596 960 3616 991
resistor 0.9943 3447 996 3479 1016
resistor 0.9941 3805 961 3814 999
resistor 0.9940 3671 1377 3702 1398
resistor 0.9929 2780 532 2807 544
resistor 0.9919 3541 961 3550 999
resistor 0.9908 3052 624 3062 654
resistor 0.9906 3646 961 3656 991
resistor 0.9906 2011 1270 2044 1288
resistor 0.9899 1057 486 1097 504
resistor 0.9899 2776 374 2805 387
resistor 0.9899 2461 1157 2491 1178
resistor 0.9895 2779 440 2807 457
resistor 0.9894 2460 1298 2489 1318
resistor 0.9883 2897 621 2913 651
resistor 0.9880 2495 890 2520 912
resistor 0.9851 2017 1161 2045 1179
resistor 0.9847 2961 911 2984 941
resistor 0.9837 2757 2017 2767 2057
resistor 0.9837 2116 960 2135 990
resistor 0.9832 277 326 305 337
resistor 0.9831 3004 1387 3040 1417
resistor 0.9828 2460 1252 2488 1267
resistor 0.9826 3657 515 3696 527
resistor 0.9820 3062 178 3072 218
resistor 0.9804 979 753 1009 765
resistor 0.9799 2194 2018 2204 2057
resistor 0.9790 3103 1292 3149 1352
resistor 0.9786 2433 959 2451 988
resistor 0.9777 2460 1091 2490 1109
resistor 0.9776 2778 280 2807 297
resistor 0.9757 3540 1225 3558 1257
resistor 0.9755 2806 2017 2818 2058
resistor 0.9755 2906 176 2924 220
resistor 0.9727 1414 1267 1423 1305
resistor 0.9723 3894 1173 3925 1186
resistor 0.9719 2995 179 3004 220
resistor 0.9716 277 515 306 526
resistor 0.9710 2473 2017 2492 2057
resistor 0.9710 3874 1316 3890 1354
resistor 0.9707 2183 960 2194 989
resistor 0.9704 1234 1089 1245 1118
resistor 0.9701 2185 1328 2203 1356
resistor 0.9699 2329 2017 2349 2057
resistor 0.9692 2343 1324 2361 1356
resistor 0.9685 3101 180 3120 221
resistor 0.9681 2669 2016 2679 2056
resistor 0.9681 2124 1325 2135 1355
resistor 0.9678 3717 961 3726 993
resistor 0.9661 3895 1247 3922 1262
resistor 0.9652 3351 2058 3382 2069
resistor 0.9644 3449 1086 3478 1100
resistor 0.9643 3658 419 3697 436
resistor 0.9642 2459 1002 2490 1019
resistor 0.9632 117 1306 148 1325
resistor 0.9622 2777 212 2807 229
resistor 0.9611 2283 2018 2293 2057
resistor 0.9592 2896 2020 2915 2059
resistor 0.9586 2439 1318 2452 1356
resistor 0.9585 3898 1085 3925 1101
resistor 0.9583 3449 1166 3490 1188
resistor 0.9580 2273 1318 2294 1356
resistor 0.9566 3150 596 3181 615
resistor 0.9564 2688 1108 2728 1150
resistor 0.9556 3144 376 3182 397
resistor 0.9509 3983 523 4023 541
resistor 0.9506 3865 959 3884 991
resistor 0.9471 2393 1038 2415 1074
resistor 0.9457 1314 1267 1325 1306
resistor 0.9456 3994 367 4025 388
resistor 0.9449 3806 1318 3816 1357
resistor 0.9425 2008 1007 2046 1022
resistor 0.9417 1453 1266 1473 1307
resistor 0.9407 2699 1025 2740 1068
resistor 0.9388 2420 2018 2440 2059
resistor 0.9387 2572 2018 2584 2057
resistor 0.9374 2936 1396 2966 1421
resistor 0.9368 3350 920 3409 951
resistor 0.9339 3140 624 3156 655
resistor 0.9334 3257 1076 3312 1112
resistor 0.9303 18 843 58 862
resistor 0.9280 3448 1214 3490 1242
resistor 0.9262 2985 623 3003 651
resistor 0.9191 3538 1317 3549 1352
resistor 0.9169 2273 961 2292 991
resistor 0.9123 3247 984 3311 1031
resistor 0.9114 2827 623 2847 653
resistor 0.9112 2009 1090 2047 1108
resistor 0.9096 3073 556 3104 576
resistor 0.9054 2875 842 2901 883
resistor 0.9002 552 575 591 595
resistor 0.9000 3014 1310 3057 1354
resistor 0.8980 3716 1314 3727 1355
resistor 0.8979 89 850 118 862
resistor 0.8942 287 279 314 297
resistor 0.8915 3148 526 3179 546
resistor 0.8878 3450 1132 3479 1148
resistor 0.8787 3450 1238 3477 1260
resistor 0.8735 286 461 316 476
resistor 0.8717 3144 213 3184 233
resistor 0.8702 2342 957 2353 991
resistor 0.8674 2362 961 2382 990
resistor 0.8650 2776 591 2807 610
resistor 0.8634 2836 178 2857 217
resistor 0.8629 1389 820 1406 857
resistor 0.8619 2015 1256 2047 1267
resistor 0.8571 3295 1043 3333 1071
resistor 0.8502 3448 1300 3490 1327
resistor 0.8439 2884 863 2914 898
resistor 0.8377 424 379 454 399
resistor 0.8333 930 745 958 765
resistor 0.8293 3450 1289 3478 1311
resistor 0.8288 3144 457 3183 476
resistor 0.8262 851 871 879 891
resistor 0.8102 2204 961 2224 990
resistor 0.8069 3230 1506 3261 1566
resistor 0.8005 2521 2017 2540 2058
resistor 0.7971 1357 1042 1415 1123
resistor 0.7894 2684 992 2740 1034
resistor 0.7810 1255 1077 1276 1119
resistor 0.7711 30 941 59 961
resistor 0.7696 3234 2057 3270 2071
resistor 0.7490 965 1337 1026 1359
resistor 0.7074 3138 281 3174 302
resistor 0.6504 3075 996 3093 1029
resistor 0.6416 3074 626 3093 655
capacitor 0.9959 3692 1210 3707 1268
capacitor 0.9922 2306 476 2418 515
capacitor 0.9919 2907 1507 2925 1561
capacitor 0.9907 652 1456 690 1476
capacitor 0.9904 2543 1236 2587 1257
capacitor 0.9896 3134 1514 3153 1565
capacitor 0.9894 1562 328 1672 376
capacitor 0.9879 2796 1086 2833 1109
capacitor 0.9874 1067 596 1096 615
capacitor 0.9866 2941 747 2958 781
capacitor 0.9861 2235 1197 2269 1271
capacitor 0.9848 3487 438 3607 475
capacitor 0.9835 1550 257 1661 306
capacitor 0.9830 2631 339 2689 357
capacitor 0.9827 2532 1387 2578 1406
capacitor 0.9827 2184 1190 2195 1219
capacitor 0.9822 2934 976 2946 1012
capacitor 0.9809 2754 743 2768 794
capacitor 0.9807 3431 1752 3536 1799
capacitor 0.9797 3689 1033 3710 1080
capacitor 0.9796 662 1543 700 1564
capacitor 0.9786 2670 1147 2687 1179
capacitor 0.9779 2934 1280 2945 1311
capacitor 0.9776 3588 1989 3694 2036
capacitor 0.9774 2879 399 2906 415
capacitor 0.9773 2077 546 2183 593
capacitor 0.9772 2502 1433 2609 1474
capacitor 0.9763 2774 1512 2791 1565
capacitor 0.9760 724 1838 839 1888
capacitor 0.9757 3132 1079 3165 1108
capacitor 0.9757 3040 979 3075 1033
capacitor 0.9756 3302 240 3410 288
capacitor 0.9747 2016 1692 2045 1702
capacitor 0.9744 2879 1214 2925 1269
capacitor 0.9741 3341 1436 3359 1486
capacitor 0.9738 1908 1583 2025 1631
capacitor 0.9737 2570 851 2629 869
capacitor 0.9734 2579 920 2627 942
capacitor 0.9733 3260 1150 3309 1193
capacitor 0.9732 3715 1185 3768 1285
capacitor 0.9732 3299 427 3403 475
capacitor 0.9731 1911 1522 2026 1571
capacitor 0.9727 3116 993 3144 1023
capacitor 0.9724 2423 564 2539 613
capacitor 0.9722 3005 380 3035 397
capacitor 0.9711 2949 1214 2969 1258
capacitor 0.9707 3212 1749 3324 1800
capacitor 0.9705 1092 972 1206 1020
capacitor 0.9699 3242 915 3290 945
capacitor 0.9696 3323 753 3438 803
capacitor 0.9695 2523 1107 2633 1148
capacitor 0.9661 2876 1085 2906 1109
capacitor 0.9657 2059 1426 2176 1473
capacitor 0.9651 2945 1038 2962 1075
capacitor 0.9644 2451 743 2521 780
capacitor 0.9635 3796 827 3825 842
capacitor 0.9602 2613 259 2718 306
capacitor 0.9578 3090 1192 3160 1270
capacitor 0.9572 3242 852 3271 875
capacitor 0.9570 2312 1181 2333 1218
capacitor 0.9557 3179 980 3222 1014
capacitor 0.9546 108 1218 158 1240
capacitor 0.9533 2877 1161 2905 1180
capacitor 0.9529 2896 1366 2924 1391
capacitor 0.9527 1166 911 1216 933
capacitor 0.9527 2968 675 3020 706
capacitor 0.9527 2597 664 2709 702
capacitor 0.9514 2720 1193 2753 1237
capacitor 0.9510 2973 424 2996 477
capacitor 0.9500 660 1790 701 1810
capacitor 0.9498 2669 1514 2689 1565
capacitor 0.9495 2422 822 2541 872
capacitor 0.9493 3005 447 3032 465
capacitor 0.9483 3042 880 3076 906
capacitor 0.9477 1923 1929 2036 1978
capacitor 0.9466 2717 973 2776 1002
capacitor 0.9466 2222 583 2253 598
capacitor 0.9452 2845 736 2870 790
capacitor 0.9450 3726 2019 3756 2037
capacitor 0.9445 3710 1029 3774 1086
capacitor 0.9443 3241 1322 3284 1349
capacitor 0.9425 3984 1298 4030 1317
capacitor 0.9414 2533 1542 2587 1565
capacitor 0.9403 1167 830 1178 860
capacitor 0.9400 2224 802 2337 849
capacitor 0.9398 1325 1078 1345 1118
capacitor 0.9391 2234 1394 2268 1425
capacitor 0.9387 3261 725 3280 771
capacitor 0.9372 2892 995 2913 1028
capacitor 0.9363 3184 1264 3240 1309
capacitor 0.9351 2797 1232 2835 1260
capacitor 0.9351 2421 623 2533 674
capacitor 0.9349 764 1617 791 1638
capacitor 0.9349 3429 1574 3542 1622
capacitor 0.9337 3969 962 4082 1011
capacitor 0.9329 3158 1185 3238 1271
capacitor 0.9324 3302 1534 3420 1582
capacitor 0.9318 3736 742 3856 784
capacitor 0.9310 2934 341 2970 407
capacitor 0.9307 3363 1368 3390 1386
capacitor 0.9304 2630 1452 2679 1477
capacitor 0.9303 1562 599 1604 624
capacitor 0.9301 3088 726 3114 788
capacitor 0.9298 750 1790 800 1810
capacitor 0.9291 2982 723 3085 772
capacitor 0.9289 2230 1432 2339 1509
capacitor 0.9283 3701 1097 3792 1163
capacitor 0.9277 3668 1900 3784 1950
capacitor 0.9254 2621 711 2678 737
capacitor 0.9253 38 348 67 361
capacitor 0.9247 3450 1544 3511 1563
capacitor 0.9247 2241 1035 2262 1074
capacitor 0.9243 1029 447 1067 465
capacitor 0.9230 3208 239 3258 266
capacitor 0.9224 2538 1307 2589 1328
capacitor 0.9220 3364 980 3410 999
capacitor 0.9218 2321 180 2430 229
capacitor 0.9213 841 1611 880 1632
capacitor 0.9212 1067 812 1116 833
capacitor 0.9212 1570 792 1680 842
capacitor 0.9196 3981 1040 4032 1059
capacitor 0.9195 839 1542 879 1562
capacitor 0.9192 3360 1313 3403 1348
capacitor 0.9183 2107 804 2155 832
capacitor 0.9177 3667 1583 3705 1602
capacitor 0.9165 2686 1416 2731 1457
capacitor 0.9157 913 1426 1027 1472
capacitor 0.9141 839 1791 881 1810
capacitor 0.9137 2257 871 2303 904
capacitor 0.9120 3807 1533 3914 1573
capacitor 0.9085 2887 1255 2928 1297
capacitor 0.9077 1324 338 1333 368
capacitor 0.9068 3634 1091 3666 1141
capacitor 0.9063 958 357 1078 396
capacitor 0.9027 3354 851 3402 871
capacitor 0.9014 3627 1164 3638 1196
capacitor 0.8993 2938 1423 2967 1439
capacitor 0.8989 2580 980 2631 1000
capacitor 0.8987 2836 902 2864 935
capacitor 0.8978 3279 1441 3326 1520
capacitor 0.8963 1604 452 1663 486
capacitor 0.8956 2191 1103 2214 1152
capacitor 0.8950 2601 744 2707 780
capacitor 0.8938 2225 1672 2341 1721
capacitor 0.8934 3242 1394 3280 1417
capacitor 0.8921 2927 1702 3034 1751
capacitor 0.8920 2242 1090 2298 1156
capacitor 0.8909 2872 375 2904 394
capacitor 0.8903 3060 1108 3095 1150
capacitor 0.8895 2692 920 2745 951
capacitor 0.8871 3671 881 3736 906
capacitor 0.8866 3470 791 3578 840
capacitor 0.8856 1168 941 1225 960
capacitor 0.8852 2707 851 2738 872
capacitor 0.8848 3042 1042 3082 1085
capacitor 0.8830 2936 461 2969 493
capacitor 0.8763 3362 1216 3409 1234
capacitor 0.8763 2194 1154 2245 1180
capacitor 0.8747 1850 998 1957 1047
capacitor 0.8728 3389 1386 3500 1434
capacitor 0.8702 2716 1293 2779 1334
capacitor 0.8695 1016 724 1066 745
capacitor 0.8693 3116 916 3154 946
capacitor 0.8648 3226 1424 3266 1484
capacitor 0.8640 3214 1701 3322 1749
capacitor 0.8620 2055 1953 2101 1974
capacitor 0.8619 3433 1693 3535 1730
capacitor 0.8590 2665 894 2733 928
capacitor 0.8553 662 1613 701 1631
capacitor 0.8552 2525 1573 2590 1600
capacitor 0.8492 3469 703 3547 729
capacitor 0.8463 3471 735 3576 780
capacitor 0.8450 2684 1364 2734 1444
capacitor 0.8446 2542 1035 2588 1054
capacitor 0.8385 3018 1175 3098 1262
capacitor 0.8329 3555 704 3608 724
capacitor 0.8301 1237 851 1295 871
capacitor 0.8282 3700 1137 3761 1169
capacitor 0.8279 3002 474 3035 494
capacitor 0.8213 1492 308 1512 357
capacitor 0.8209 3362 1267 3410 1293
capacitor 0.8186 1560 749 1607 772
capacitor 0.8184 3065 1068 3093 1093
capacitor 0.8176 2290 1099 2331 1141
capacitor 0.8108 2838 1373 2855 1401
capacitor 0.8108 3813 1494 3892 1523
capacitor 0.8095 3233 722 3251 771
capacitor 0.8084 78 1154 187 1206
capacitor 0.8048 3180 862 3222 893
capacitor 0.7968 2268 1158 2322 1181
capacitor 0.7850 3849 1434 3893 1457
capacitor 0.7832 3043 1188 3097 1242
capacitor 0.7812 722 1376 760 1396
capacitor 0.7748 2619 536 2670 558
capacitor 0.7727 3351 1179 3406 1202
capacitor 0.7669 2748 852 2777 871
capacitor 0.7641 3083 393 3113 407
capacitor 0.7585 2426 685 2535 732
capacitor 0.7574 753 1543 790 1558
capacitor 0.7538 1486 861 1532 881
capacitor 0.7534 939 1493 997 1514
capacitor 0.7522 1017 693 1070 713
capacitor 0.7514 2742 1057 2778 1089
capacitor 0.7505 3072 379 3104 398
capacitor 0.7199 2995 407 3045 425
capacitor 0.7197 2505 1710 2606 1760
capacitor 0.7099 3775 882 3818 904
capacitor 0.7092 3493 367 3600 411
capacitor 0.6920 2500 1632 2606 1671
capacitor 0.6901 3453 1651 3522 1673
capacitor 0.6900 2425 770 2531 818
capacitor 0.6802 2984 877 3017 921
capacitor 0.6707 1564 389 1670 430
capacitor 0.6409 709 1314 822 1366
capacitor 0.5757 2826 1215 2876 1267
capacitor 0.5402 3787 801 3826 820
capacitor 0.4620 3319 741 3427 782
capacitor 0.3585 2563 784 2613 807
capacitor 0.3183 3309 393 3390 424
text 0.9911 3430 823 3469 842
text 0.9876 2630 916 2659 942
text 0.9875 2056 1158 2105 1177
text 0.9869 3102 527 3134 550
text 0.9866 2382 1613 2441 1642
text 0.9859 3737 831 3776 854
text 0.9843 2401 1157 2441 1179
text 0.9830 3836 895 3867 930
text 0.9829 3103 1674 3144 1702
text 0.9828 3094 280 3135 305
text 0.9824 3058 799 3084 826
text 0.9823 1147 249 1177 280
text 0.9819 2186 1369 2205 1404
text 0.9813 3606 1021 3627 1059
text 0.9799 1077 348 1126 378
text 0.9792 2540 773 2591 794
text 0.9762 3659 1254 3678 1300
text 0.9758 2866 1692 2895 1733
text 0.9754 3322 1760 3371 1781
text 0.9754 3796 1449 3835 1480
text 0.9741 3109 789 3155 831
text 0.9741 968 444 1006 466
text 0.9725 2344 899 2363 931
text 0.9724 2075 2009 2125 2038
text 0.9703 2958 120 2982 161
text 0.9696 2530 663 2579 685
text 0.9693 2341 1368 2362 1406
text 0.9681 2075 2096 2124 2126
text 0.9678 988 1306 1038 1326
text 0.9674 3747 1582 3785 1602
text 0.9670 2857 257 2886 281
text 0.9665 1680 436 1729 458
text 0.9659 2481 345 2519 384
text 0.9657 3864 888 3892 945
text 0.9656 3026 575 3052 616
text 0.9654 859 950 1050 1000
text 0.9647 2452 1427 2499 1455
text 0.9632 3755 1354 3778 1405
text 0.9626 2561 336 2600 357
text 0.9621 2899 574 2918 611
text 0.9615 2857 1582 2886 1620
text 0.9600 2100 1020 2127 1051
text 0.9596 2609 1081 2650 1110
text 0.9586 3684 912 3706 960
text 0.9586 1671 336 1720 358
text 0.9579 1671 258 1721 287
text 0.9578 3244 256 3283 278
text 0.9565 3244 1220 3315 1255
text 0.9563 4062 1297 4102 1326
text 0.9553 2907 127 2926 163
text 0.9539 2046 1376 2066 1415
text 0.9528 3617 1263 3636 1297
text 0.9521 3824 1020 3853 1049
text 0.9519 3777 900 3797 934
text 0.9519 1432 980 1471 1009
text 0.9516 3352 1593 3379 1624
text 0.9512 2949 801 2978 831
text 0.9510 2926 1512 2954 1553
text 0.9508 3096 357 3134 378
text 0.9505 3420 585 3450 623
text 0.9500 3539 1058 3558 1090
text 0.9497 3422 1353 3469 1384
text 0.9484 2609 1238 2649 1267
text 0.9469 3875 525 3904 556
text 0.9465 889 744 919 771
text 0.9462 1689 713 1738 742
text 0.9454 183 1214 233 1245
text 0.9449 1040 743 1089 770
text 0.9445 1849 2177 1889 2215
text 0.9444 3190 772 3212 821
text 0.9444 3363 1000 3399 1022
text 0.9444 3846 1366 3865 1414
text 0.9436 2116 1377 2135 1414
text 0.9435 2472 1544 2521 1573
text 0.9430 3865 1466 3906 1495
text 0.9426 2388 742 2432 770
text 0.9424 2016 565 2067 585
text 0.9421 3412 121 3441 157
text 0.9419 2184 911 2204 960
text 0.9418 3309 839 3348 857
text 0.9416 3894 684 3943 712
text 0.9414 3489 286 3518 325
text 0.9413 426 398 465 428
text 0.9408 1013 426 1047 447
text 0.9407 2865 533 2886 557
text 0.9395 3648 555 3688 584
text 0.9388 2145 723 2185 752
text 0.9386 2058 1245 2106 1274
text 0.9378 2510 1069 2559 1091
text 0.9369 3191 1464 3223 1503
text 0.9350 2056 508 2085 543
text 0.9339 3110 578 3145 609
text 0.9328 2807 801 2830 822
text 0.9324 2640 845 2672 873
text 0.9315 781 1287 843 1317
text 0.9309 2313 149 2362 178
text 0.9301 3784 2225 3836 2254
text 0.9294 3648 633 3697 658
text 0.9293 1510 792 1531 826
text 0.9278 912 505 948 525
text 0.9271 2718 436 2758 458
text 0.9259 3203 456 3242 482
text 0.9243 3104 1581 3143 1616
text 0.9238 2720 375 2757 396
text 0.9234 3786 1910 3835 1939
text 0.9220 2401 1246 2441 1266
text 0.9211 2006 1633 2046 1654
text 0.9208 3205 522 3239 557
text 0.9195 2374 829 2422 851
text 0.9193 3707 902 3725 940
text 0.9193 3558 1416 3587 1455
text 0.9182 255 2185 335 2205
text 0.9179 3667 308 3716 328
text 0.9175 3597 1357 3618 1406
text 0.9160 3922 1033 3974 1060
text 0.9159 2392 1513 2431 1534
text 0.9154 3498 343 3547 381
text 0.9150 177 1137 228 1158
text 0.9135 2721 685 2766 711
text 0.9126 2736 642 2784 661
text 0.9115 3796 1780 3825 1810
text 0.9111 3747 1761 3806 1790
text 0.9103 2076 1472 2123 1506
text 0.9101 2481 248 2511 277
text 0.9099 3101 123 3123 166
text 0.9093 2830 1291 2864 1324
text 0.9091 3836 517 3884 537
text 0.9088 1038 671 1086 695
text 0.9086 3052 125 3080 171
text 0.9077 3333 1158 3392 1178
text 0.9064 3211 649 3252 683
text 0.9064 1481 891 1541 912
text 0.9057 3863 1366 3894 1414
text 0.9052 2727 256 2778 280
text 0.9051 1998 791 2044 812
text 0.9049 1920 972 1966 1007
text 0.9048 3371 121 3409 140
text 0.9043 3400 287 3450 309
text 0.9040 2986 574 3004 615
text 0.9026 2116 792 2164 813
text 0.9016 1707 527 1759 555
text 0.8981 2293 1721 2341 1742
text 0.8978 968 1464 1027 1507
text 0.8973 296 1474 356 1504
text 0.8970 3400 474 3441 507
text 0.8970 711 950 832 990
text 0.8962 1601 473 1642 504
text 0.8922 2274 902 2293 941
text 0.8917 2115 920 2135 959
text 0.8914 2096 1949 2146 1977
text 0.8914 2499 1678 2547 1701
text 0.8912 2829 1137 2866 1159
text 0.8910 3884 1583 3933 1604
text 0.8900 1650 840 1699 860
text 0.8890 3616 833 3647 866
text 0.8889 1334 1257 1354 1317
text 0.8871 1810 741 1859 762
text 0.8866 2304 1424 2350 1454
text 0.8859 1333 330 1364 387
text 0.8846 2372 602 2411 636
text 0.8844 3545 1585 3596 1612
text 0.8842 3321 1711 3372 1731
text 0.8820 701 1393 738 1415
text 0.8798 286 1365 348 1394
text 0.8793 2747 605 2778 634
text 0.8785 3843 1235 3885 1258
text 0.8777 424 297 465 328
text 0.8776 2501 1000 2550 1020
text 0.8774 286 441 327 465
text 0.8771 3252 477 3292 506
text 0.8764 3390 404 3413 430
text 0.8763 2325 586 2362 614
text 0.8755 2865 1780 2904 1809
text 0.8754 801 1889 860 1918
text 0.8746 1979 1495 2026 1513
text 0.8744 3618 921 3638 942
text 0.8707 740 1514 800 1534
text 0.8699 3674 843 3715 872
text 0.8694 3194 547 3242 575
text 0.8693 3198 365 3241 395
text 0.8693 2678 135 2719 160
text 0.8675 1175 829 1205 880
text 0.8664 2332 802 2383 831
text 0.8658 1857 1592 1907 1613
text 0.8641 1926 1406 1967 1425
text 0.8638 3331 1500 3376 1526
text 0.8634 662 1591 721 1614
text 0.8632 3766 1987 3826 2008
text 0.8622 3547 2295 3589 2333
text 0.8615 2025 485 2075 515
text 0.8609 3547 1712 3599 1741
text 0.8600 3043 1711 3094 1741
text 0.8598 3684 743 3735 773
text 0.8582 2834 796 2866 822
text 0.8547 1453 1031 1501 1059
text 0.8546 3381 1583 3431 1603
text 0.8539 3400 438 3447 466
text 0.8499 1225 1136 1255 1177
text 0.8496 286 257 326 278
text 0.8487 2561 286 2608 309
text 0.8485 2352 2008 2382 2061
text 0.8484 2836 677 2857 724
text 0.8480 2718 503 2756 526
text 0.8461 2633 977 2667 1000
text 0.8451 3201 296 3241 328
text 0.8438 257 2253 358 2275
text 0.8415 2357 909 2392 937
text 0.8410 2421 478 2470 505
text 0.8404 2045 912 2075 951
text 0.8403 3427 772 3479 803
text 0.8397 2242 279 2282 318
text 0.8383 3332 1059 3371 1081
text 0.8381 3836 1125 3874 1145
text 0.8356 3579 1958 3638 1988
text 0.8329 2719 297 2758 324
text 0.8320 3262 2070 3282 2088
text 0.8314 68 1425 108 1464
text 0.8308 1966 1267 1994 1305
text 0.8298 2274 572 2313 594
text 0.8291 3617 1367 3647 1407
text 0.8260 2826 1503 2858 1568
text 0.8259 2412 1368 2434 1404
text 0.8256 1255 1130 1275 1169
text 0.8238 850 1517 899 1542
text 0.8230 38 319 89 337
text 0.8220 3538 1750 3587 1779
text 0.8212 821 789 869 827
text 0.8211 3668 704 3702 741
text 0.8209 3765 2109 3795 2137
text 0.8181 2205 1366 2223 1406
text 0.8168 2736 524 2777 545
text 0.8158 3269 1395 3339 1424
text 0.8155 3844 1150 3885 1170
text 0.8146 1615 744 1657 771
text 0.8103 1107 931 1125 959
text 0.8102 2837 129 2856 171
text 0.8092 3518 476 3567 496
text 0.8090 148 1306 188 1326
text 0.8078 2986 792 3015 819
text 0.8077 2916 576 2935 615
text 0.8076 2371 343 2421 370
text 0.8072 3766 2017 3816 2041
text 0.8048 2648 1437 2698 1464
text 0.8030 1363 219 1410 247
text 0.8026 2722 544 2758 570
text 0.8011 3786 1259 3805 1296
text 0.7996 1392 1128 1411 1178
text 0.7971 2978 751 3023 793
text 0.7928 2916 2007 2935 2059
text 0.7911 2597 1398 2648 1425
text 0.7886 3590 800 3637 826
text 0.7885 2725 327 2778 344
text 0.7844 1404 831 1433 871
text 0.7832 748 1631 809 1654
text 0.7830 2438 2009 2467 2067
text 0.7823 2830 400 2864 418
text 0.7822 4042 940 4093 969
text 0.7822 3387 1089 3427 1108
text 0.7802 3469 950 3489 1000
text 0.7750 2432 873 2471 897
text 0.7740 3549 1188 3567 1227
text 0.7731 2372 693 2411 722
text 0.7728 2648 790 2699 813
text 0.7714 2828 378 2867 398
text 0.7696 1314 1128 1336 1180
text 0.7683 1335 1129 1354 1179
text 0.7671 2465 1732 2516 1751
text 0.7653 1492 239 1512 288
text 0.7651 2720 149 2758 180
text 0.7622 1434 882 1472 908
text 0.7621 2265 545 2312 575
text 0.7578 3941 1058 3997 1082
text 0.7507 3152 620 3196 673
text 0.7488 1967 1416 1997 1455
text 0.7456 3984 387 4032 407
text 0.7395 3939 1108 3983 1130
text 0.7394 2046 674 2118 723
text 0.7384 68 1554 107 1583
text 0.7355 2491 535 2539 555
text 0.7331 3430 299 3469 337
text 0.7322 3777 1368 3806 1415
text 0.7313 2363 1368 2382 1406
text 0.7234 3983 545 4031 565
text 0.7234 839 842 880 872
text 0.7194 1412 239 1443 268
text 0.7154 255 2284 365 2314
text 0.7088 3143 1584 3172 1621
text 0.7061 3786 2136 3835 2156
text 0.7059 3946 1001 4014 1039
text 0.7059 2193 1019 2214 1042
text 0.7058 1986 1897 2034 1921
text 0.7047 849 1591 898 1613
text 0.7019 263 2215 391 2243
text 0.7007 158 1257 196 1277
text 0.6952 3926 1160 3972 1187
text 0.6893 2728 455 2778 475
text 0.6806 3467 1348 3501 1403
text 0.6804 3497 1169 3545 1197
text 0.6797 3313 1086 3360 1108
text 0.6777 2751 585 2788 610
text 0.6654 3866 1415 3915 1435
text 0.6545 2195 268 2243 299
text 0.6406 2740 1560 2860 1630
text 0.5995 1405 871 1454 892
text 0.5928 1573 543 1620 574
text 0.5645 4052 1336 4102 1357
text 0.5601 1079 940 1109 960
text 0.5200 938 458 969 497
text 0.5031 3948 1100 4012 1117
text 0.3977 2701 141 2737 168
text 0.3244 1060 788 1098 810
text 0.3182 2053 698 2085 728
text 0.3147 3572 719 3635 747
pins 0.9849 3933 1513 4034 1772
pins 0.9781 3104 1991 3259 2146
pins 0.9713 3240 2434 3311 2610
pins 0.9684 3339 1986 3497 2135
pins 0.9679 2540 1850 2589 1900
pins 0.9636 3924 1819 4044 1926
pins 0.9628 3647 2435 3715 2601
pins 0.9613 3845 2007 4093 2183
pins 0.9612 3320 1851 3370 1899
pins 0.9599 3933 1366 4036 1464
pins 0.9580 1106 2522 1156 2572
pins 0.9525 2065 1849 2114 1898
pins 0.9512 720 536 781 633
pins 0.9488 3953 1128 4091 1266
pins 0.9470 317 268 416 642
pins 0.9466 1434 2166 1484 2225
pins 0.9459 2955 2591 3005 2640
pins 0.9412 2728 2433 2797 2598
pins 0.9394 1484 2029 1620 2124
pins 0.9352 948 1575 1047 2009
pins 0.9312 566 1253 623 1996
pins 0.9203 2057 635 2183 684
pins 0.9150 2126 2056 2917 2157
pins 0.9131 514 555 555 595
pins 0.9101 236 1009 288 1060
pins 0.9094 940 2107 998 2542
pins 0.9070 116 828 160 969
pins 0.9052 898 1357 1049 1405
pins 0.9029 4032 339 4083 388
pins 0.8901 4032 508 4072 556
pins 0.8834 613 248 662 297
pins 0.8830 1808 1131 1956 1266
pins 0.8814 1612 1209 1660 1266
pins 0.8773 2366 860 2412 901
pins 0.8756 1468 1354 1603 1444
pins 0.8723 3524 1366 3568 1436
pins 0.8713 2412 1464 2461 1515
pins 0.8602 2322 2433 2392 2601
pins 0.8599 3439 2206 3489 2254
pins 0.8590 3746 406 3785 537
pins 0.8553 3935 871 3991 926
pins 0.8538 1779 2441 1848 2609
pins 0.8495 3875 2630 3925 2680
pins 0.8489 3943 336 3983 387
pins 0.8392 1372 2441 1442 2608
pins 0.8382 2353 554 2402 602
pins 0.8381 1207 1171 1495 1256
pins 0.8314 2006 2592 2066 2652
pins 0.8150 2055 388 2184 438
pins 0.8119 3609 409 3646 529
pins 0.8119 2540 387 2681 536
pins 0.7852 0 844 46 975
pins 0.7737 0 1253 58 2000
pins 0.7593 3933 506 3984 555
pins 0.7583 603 556 642 604
pins 0.7085 602 1000 652 1059
pins 0.7037 2471 2213 2530 2276
pins 0.7036 761 1950 810 2006
pins 0.6927 1809 1385 1859 1436
pins 0.6633 3449 466 3499 506
component 0.9991 2708 1525 2727 1545
component 0.9929 3203 1524 3222 1544
component 0.9912 920 812 998 860
component 0.9901 3510 863 3574 911
component 0.9874 2995 1613 3080 1661
component 0.9853 129 1375 207 1424
component 0.9851 1325 901 1399 950
component 0.9841 1917 2136 2006 2176
component 0.9801 2806 754 2837 783
component 0.9782 3241 1524 3251 1546
component 0.9778 2609 169 2694 219
component 0.9754 3304 151 3368 198
component 0.9750 3657 2137 3726 2185
component 0.9747 3173 731 3194 753
component 0.9733 3679 1415 3761 1464
component 0.9732 1845 1445 1916 1493
component 0.9718 969 520 1018 597
component 0.9709 3735 641 3826 701
component 0.9706 3322 517 3389 565
component 0.9675 2747 1732 2814 1770
component 0.9667 2749 1622 2815 1661
component 0.9648 3666 1506 3736 1554
component 0.9633 1184 447 1415 750
component 0.9575 2616 585 2688 634
component 0.9573 3627 2250 3714 2297
component 0.9555 2264 713 2344 765
component 0.9543 1936 2017 2007 2067
component 0.9496 1293 257 1374 307
component 0.9462 130 1493 218 1543
component 0.9459 1939 723 2019 771
component 0.9441 1926 831 1996 880
component 0.9422 3566 239 3638 288
component 0.9384 1849 1305 1917 1354
component 0.9349 3372 923 3391 942
component 0.9340 3447 1454 3517 1505
component 0.9237 2262 625 2338 673
component 0.9216 3693 1811 3773 1859
component 0.9155 3764 545 3835 595
component 0.9104 1031 269 1105 315
component 0.9100 2137 304 2214 357
component 0.9062 2126 458 2203 505
component 0.9035 3319 317 3388 367
component 0.8996 1641 536 1680 624
component 0.8975 3528 626 3618 683
component 0.8951 3321 619 3389 665
component 0.8717 2370 271 2452 327
component 0.8637 3530 546 3598 594
component 0.8583 2590 885 2609 912
component 0.8487 2373 378 2442 427
component 0.8129 3239 1621 3324 1671
component 0.7817 2600 951 2618 970
component 0.7734 2261 1475 2331 1523
component 0.7434 1312 1009 1381 1071
component 0.6842 2262 1573 2351 1622
clock 0.7359 889 769 1034 907
ic 0.9840 1118 375 1551 810
electrolytic 0.9835 3246 307 3446 399
electrolytic 0.9796 3499 219 3705 307
electrolytic 0.9706 3374 1434 3567 1524
electrolytic 0.9599 2296 367 2502 450
electrolytic 0.9592 3242 605 3452 693
electrolytic 0.9578 2551 574 2751 660
electrolytic 0.9575 2182 614 2387 702
electrolytic 0.9551 2183 704 2386 786
electrolytic 0.9491 958 258 1164 345
electrolytic 0.9404 3591 1405 3786 1482
electrolytic 0.9381 3246 497 3447 588
electrolytic 0.9340 2295 259 2498 347
electrolytic 0.9325 3688 534 3884 624
electrolytic 0.9252 1865 704 2065 790
electrolytic 0.9243 3184 1605 3371 1690
electrolytic 0.9208 2070 288 2264 376
electrolytic 0.9172 3452 535 3646 623
electrolytic 0.8758 1068 844 1115 939
electrolytic 0.8714 3449 621 3653 702
electrolytic 0.8662 2186 1553 2387 1640
electrolytic 0.7885 2067 440 2269 526
electrolytic 0.7494 1622 483 1700 701
electrolytic 0.7481 2181 1456 2387 1540
electrolytic 0.7014 3606 1791 3811 1881
