connector 0.9919 2318 303 3267 1144
connector 0.9748 553 1437 611 1491
connector 0.9730 3242 1970 3300 2025
connector 0.9672 1638 1504 1694 1556
connector 0.9663 3628 337 3725 703
connector 0.9650 3876 444 4052 714
connector 0.9646 2421 1259 2472 1315
connector 0.9646 3073 2127 3119 2548
connector 0.9638 0 1415 212 1970
connector 0.9595 1105 2610 1173 2666
connector 0.9554 3400 1057 3450 1107
connector 0.9504 632 2239 681 2292
connector 0.9412 737 1878 802 1939
connector 0.9407 852 2008 1019 2186
connector 0.9365 1510 1893 1574 1937
connector 0.9309 3015 1628 3113 2034
connector 0.9296 2600 2193 2650 2246
connector 0.9289 2034 2607 2084 2655
connector 0.9281 1974 1880 2038 1939
connector 0.9253 626 2020 788 2175
connector 0.9216 2468 2065 2604 2148
connector 0.9053 12 2302 254 2554
connector 0.9029 1414 556 1559 604
connector 0.9013 1580 2247 1632 2295
connector 0.8923 2222 1421 2278 1488
connector 0.8721 2787 1221 2867 1313
connector 0.8622 3390 321 3443 382
connector 0.8587 2916 2535 2971 2591
connector 0.8526 1679 910 1742 969
connector 0.8332 2131 1265 2174 1320
connector 0.8075 3758 1047 3823 1107
connector 0.8042 70 1182 190 1236
connector 0.7856 137 927 199 985
connector 0.7852 3018 1406 3171 1460
connector 0.7817 1694 610 1751 673
connector 0.7327 1185 2088 1745 2188
connector 0.6932 133 1264 175 1311
connector 0.6906 205 2636 257 2704
connector 0.5900 1857 2089 1963 2191
connector 0.4359 622 525 680 576
resistor 0.9958 456 1365 467 1395
resistor 0.9922 2145 731 2185 748
resistor 0.9906 543 1365 554 1395
resistor 0.9904 1798 1362 1812 1395
resistor 0.9896 1295 604 1323 624
resistor 0.9894 384 1365 395 1396
resistor 0.9890 2462 1692 2513 1713
resistor 0.9890 1878 1365 1896 1396
resistor 0.9874 1151 261 1164 299
resistor 0.9866 604 1363 622 1393
resistor 0.9864 1799 1019 1812 1048
resistor 0.9861 1294 456 1323 471
resistor 0.9855 1947 1366 1965 1397
resistor 0.9854 1719 1358 1739 1397
resistor 0.9838 1296 370 1323 388
resistor 0.9836 299 1020 316 1049
resistor 0.9834 203 1083 237 1107
resistor 0.9822 299 1366 315 1394
resistor 0.9796 600 1020 619 1058
resistor 0.9788 939 605 968 624
resistor 0.9784 1613 1088 1648 1108
resistor 0.9783 1616 1242 1651 1264
resistor 0.9782 1948 1019 1966 1052
resistor 0.9781 1089 255 1103 291
resistor 0.9772 1293 539 1324 555
resistor 0.9733 2133 1157 2162 1181
resistor 0.9727 541 1020 553 1052
resistor 0.9717 1243 261 1257 297
resistor 0.9695 2042 1153 2076 1188
resistor 0.9688 2241 1242 2274 1263
resistor 0.9673 1722 1019 1739 1051
resistor 0.9669 362 1020 375 1049
resistor 0.9663 1296 296 1323 317
resistor 0.9638 1534 434 1560 454
resistor 0.9634 2151 504 2188 521
resistor 0.9586 1875 1019 1896 1049
resistor 0.9584 1616 1361 1648 1381
resistor 0.9579 451 1020 464 1049
resistor 0.9532 1609 1159 1650 1177
resistor 0.9493 2312 2097 2410 2144
resistor 0.9491 204 825 238 866
resistor 0.9481 2039 1366 2056 1397
resistor 0.9402 936 447 970 469
resistor 0.9394 1076 687 1089 722
resistor 0.9381 939 537 968 555
resistor 0.9357 2037 1018 2055 1049
resistor 0.9350 1293 648 1324 669
resistor 0.9339 940 364 971 381
resistor 0.9255 633 1086 661 1104
resistor 0.9245 209 1242 236 1259
resistor 0.9205 1424 527 1462 545
resistor 0.9156 2518 1699 2553 1725
resistor 0.9155 633 1353 663 1367
resistor 0.9145 2045 1245 2074 1267
resistor 0.9090 474 2128 512 2147
resistor 0.9054 2044 1084 2073 1111
resistor 0.9028 1613 1328 1653 1348
resistor 0.9011 1539 526 1572 544
resistor 0.8997 632 1243 660 1263
resistor 0.8965 206 1164 235 1185
resistor 0.8963 3394 942 3430 959
resistor 0.8859 936 275 968 315
resistor 0.8813 1138 1977 1166 1993
resistor 0.8805 2757 2798 2787 2819
resistor 0.8667 2044 1321 2072 1346
resistor 0.8624 1168 694 1178 723
resistor 0.8621 904 2785 962 2818
resistor 0.8553 2342 1448 2445 1494
resistor 0.8469 632 1174 663 1188
resistor 0.8463 1250 700 1266 733
resistor 0.8440 938 654 968 671
resistor 0.8422 43 1151 92 1173
resistor 0.8357 2700 1590 2730 1609
resistor 0.8343 634 1326 662 1344
resistor 0.8214 1814 2809 1849 2831
resistor 0.8124 1234 693 1250 722
resistor 0.8118 1809 2791 1851 2812
resistor 0.8066 1007 694 1026 722
resistor 0.8045 426 825 493 865
resistor 0.8012 996 262 1021 308
resistor 0.7927 148 1156 178 1180
resistor 0.7883 1427 432 1460 456
resistor 0.7835 47 1228 101 1261
resistor 0.7659 211 1326 236 1345
resistor 0.7591 1967 1364 1986 1395
resistor 0.7562 452 845 503 874
resistor 0.7296 939 389 969 413
resistor 0.7270 1356 1968 1382 1988
resistor 0.7234 3394 874 3433 891
resistor 0.7186 144 1244 181 1269
resistor 0.6821 1176 258 1196 295
resistor 0.6603 2518 1788 2551 1811
resistor 0.6549 227 1366 247 1393
resistor 0.6366 1098 694 1115 722
resistor 0.6175 386 1020 404 1050
resistor 0.3333 1806 1019 1832 1052
resistor 0.3299 1887 1017 1909 1055
resistor 0.3245 1731 1364 1748 1398
resistor 0.3217 1808 1361 1830 1397
resistor 0.3182 2526 1714 2569 1744
resistor 0.3175 1967 1019 1988 1055
resistor 0.3145 1729 1020 1750 1054
resistor 0.3065 462 1365 491 1400
pads 0.9307 2769 1743 2807 1770
pads 0.9272 2232 1161 2271 1177
pads 0.9235 2130 1228 2181 1264
pads 0.8634 457 882 493 902
capacitor 0.9666 1144 1861 1166 1910
capacitor 0.9660 246 1757 293 1778
capacitor 0.9649 99 1154 139 1171
capacitor 0.9588 597 2698 654 2726
capacitor 0.9552 1218 1877 1236 1927
capacitor 0.9388 2423 2709 2483 2739
capacitor 0.9345 999 1879 1018 1930
capacitor 0.9297 507 1706 553 1741
capacitor 0.9228 2510 2020 2555 2048
capacitor 0.9034 2857 1780 2877 1840
capacitor 0.9015 505 1765 553 1791
capacitor 0.9003 2856 1874 2884 1925
capacitor 0.8869 2498 2267 2549 2288
capacitor 0.8619 2335 2146 2391 2173
capacitor 0.8584 2758 1716 2810 1742
capacitor 0.8338 937 1888 948 1918
capacitor 0.8258 1494 2700 1551 2728
capacitor 0.8035 2324 2232 2404 2291
capacitor 0.7793 2523 1811 2572 1832
capacitor 0.7644 2534 1769 2571 1795
capacitor 0.7414 1471 524 1521 545
capacitor 0.6809 2188 1233 2230 1258
capacitor 0.3090 2855 1793 2885 1874
text 0.9871 2393 2274 2441 2294
text 0.9814 355 968 377 1011
text 0.9810 374 1413 395 1463
text 0.9807 869 446 919 466
text 0.9792 1343 446 1389 471
text 0.9786 2542 1606 2581 1624
text 0.9779 1047 747 1068 789
text 0.9757 229 1850 347 1888
text 0.9752 297 1417 316 1460
text 0.9720 562 1761 601 1783
text 0.9706 445 1416 467 1464
text 0.9702 3114 1710 3152 1741
text 0.9678 1344 603 1393 633
text 0.9669 1430 2708 1481 2728
text 0.9647 2541 2155 2589 2176
text 0.9641 956 2730 989 2761
text 0.9632 869 643 916 661
text 0.9630 3338 824 3378 860
text 0.9623 3911 715 3935 746
text 0.9622 1946 1416 1967 1453
text 0.9595 3412 1110 3472 1139
text 0.9585 1344 365 1391 390
text 0.9583 3031 2030 3055 2060
text 0.9582 2373 2707 2420 2729
text 0.9575 3112 1843 3153 1874
text 0.9560 3117 1621 3162 1652
text 0.9551 844 839 864 868
text 0.9548 247 1298 267 1333
text 0.9536 1346 518 1394 543
text 0.9526 534 960 553 1001
text 0.9520 3885 1047 3909 1070
text 0.9520 2234 2028 2284 2067
text 0.9519 1520 1848 1573 1878
text 0.9515 2314 2787 2363 2808
text 0.9489 2856 1603 2896 1624
text 0.9479 169 1360 219 1399
text 0.9462 1319 836 1343 869
text 0.9458 4042 721 4090 768
text 0.9451 451 231 742 323
text 0.9447 2639 1169 2668 1215
text 0.9446 1790 1417 1817 1452
text 0.9445 3893 414 3925 440
text 0.9444 2867 1274 2895 1295
text 0.9441 3825 642 3864 689
text 0.9414 1157 724 1178 772
text 0.9412 2024 359 2150 396
text 0.9409 869 605 920 625
text 0.9404 1426 2383 1472 2407
text 0.9403 1246 199 1263 245
text 0.9391 712 2732 740 2772
text 0.9385 19 2233 42 2277
text 0.9379 1949 959 1968 1003
text 0.9375 2436 2167 2471 2194
text 0.9361 1156 203 1175 246
text 0.9359 2199 733 2241 752
text 0.9359 563 1705 606 1730
text 0.9357 711 2334 756 2368
text 0.9350 1792 948 1817 995
text 0.9346 868 362 910 385
text 0.9335 968 2798 1017 2823
text 0.9333 1583 2297 1621 2327
text 0.9330 1083 200 1105 248
text 0.9330 824 2808 858 2839
text 0.9324 3112 1790 3153 1822
text 0.9318 791 1143 803 1178
text 0.9316 1213 1827 1235 1868
text 0.9315 3016 2357 3055 2511
text 0.9313 2005 1267 2028 1289
text 0.9304 2312 1180 2392 1217
text 0.9297 492 2377 524 2403
text 0.9292 2218 1390 2276 1424
text 0.9288 246 1240 267 1269
text 0.9287 2985 1334 3247 1375
text 0.9278 880 2550 920 2580
text 0.9274 869 298 909 318
text 0.9256 157 2236 176 2257
text 0.9255 1663 1284 1690 1309
text 0.9232 780 1002 791 1030
text 0.9231 2036 1416 2056 1452
text 0.9218 1345 294 1392 319
text 0.9217 8 1354 81 1406
text 0.9212 2705 2460 2784 2502
text 0.9208 1741 908 1784 931
text 0.9205 776 1225 792 1264
text 0.9203 168 506 229 545
text 0.9203 2770 1383 2887 1432
text 0.9187 9 1136 52 1171
text 0.9184 1328 1818 1439 1848
text 0.9183 3109 1452 3159 1509
text 0.9181 1158 2137 1180 2171
text 0.9169 2034 968 2055 1006
text 0.9166 4009 719 4027 742
text 0.9164 192 573 288 614
text 0.9159 1854 960 1877 1001
text 0.9152 772 791 1040 837
text 0.9130 791 1067 800 1091
text 0.9120 185 436 298 474
text 0.9120 1039 1813 1085 1849
text 0.9103 791 909 802 938
text 0.9091 2743 1166 2768 1216
text 0.9079 3547 265 3695 308
text 0.9073 799 1910 840 1939
text 0.9070 778 1145 792 1187
text 0.9060 791 993 800 1022
text 0.9056 995 1825 1026 1861
text 0.9037 3418 2621 3646 2669
text 0.9031 3374 712 3557 754
text 0.9030 239 2008 264 2033
text 0.9010 218 1916 267 1956
text 0.9010 139 1318 178 1345
text 0.9003 3677 705 3715 733
text 0.8992 3887 839 3905 862
text 0.8987 1076 849 1099 872
text 0.8986 1425 583 1473 632
text 0.8985 140 965 193 1019
text 0.8983 2780 1543 2888 1581
text 0.8977 1605 2426 1630 2449
text 0.8972 619 492 678 523
text 0.8963 2867 1228 2898 1256
text 0.8961 3023 1450 3063 1543
text 0.8960 3766 1108 3825 1137
text 0.8958 1386 2780 1434 2803
text 0.8955 2779 2067 2844 2104
text 0.8955 2976 1947 3014 1976
text 0.8954 1622 2733 1653 2762
text 0.8953 997 201 1020 238
text 0.8953 684 1167 731 1186
text 0.8944 4059 673 4083 705
text 0.8934 1292 2176 1740 2227
text 0.8933 3251 1940 3311 1979
text 0.8910 2785 2730 2826 2779
text 0.8907 584 1308 605 1347
text 0.8904 59 2236 104 2271
text 0.8904 2073 1239 2124 1267
text 0.8900 2195 506 2242 525
text 0.8895 578 2019 624 2055
text 0.8889 2779 1177 2808 1217
text 0.8884 1273 730 1293 779
text 0.8881 412 2090 464 2123
text 0.8880 695 1080 731 1099
text 0.8878 286 1988 355 2028
text 0.8872 552 977 581 1006
text 0.8870 100 833 147 880
text 0.8863 1878 1414 1897 1454
text 0.8861 1 1079 70 1108
text 0.8853 1403 848 1424 872
text 0.8844 1245 829 1266 865
text 0.8791 1106 2580 1162 2611
text 0.8776 771 1379 793 1427
text 0.8773 1352 1947 1382 1969
text 0.8773 1702 967 1732 1017
text 0.8768 685 1232 730 1259
text 0.8746 3030 1590 3071 1630
text 0.8741 2055 1020 2100 1058
text 0.8740 218 891 486 937
text 0.8728 535 1422 554 1463
text 0.8725 255 1632 295 1656
text 0.8721 880 2453 928 2491
text 0.8714 1638 1460 1704 1497
text 0.8714 3446 865 3565 904
text 0.8706 2057 969 2319 1013
text 0.8703 3935 823 3994 859
text 0.8693 447 962 474 999
text 0.8692 2210 2203 2258 2235
text 0.8676 2974 1711 3015 1741
text 0.8665 2216 1671 2253 1710
text 0.8651 2540 2736 2578 2776
text 0.8645 2077 1311 2127 1342
text 0.8644 2828 1694 2876 1719
text 0.8641 906 1781 1045 1828
text 0.8636 3115 1900 3199 1930
text 0.8630 3784 831 3822 1021
text 0.8618 248 845 299 875
text 0.8615 1580 520 1624 545
text 0.8598 2344 2384 2393 2407
text 0.8593 2728 1771 2767 1811
text 0.8586 1010 744 1027 780
text 0.8583 2027 597 2154 634
text 0.8581 772 1473 790 1506
text 0.8551 209 2619 266 2647
text 0.8550 160 339 224 377
text 0.8529 1134 1928 1157 1972
text 0.8520 2073 1129 2127 1195
text 0.8507 25 2294 44 2317
text 0.8495 8 1216 67 1257
text 0.8489 860 515 911 544
text 0.8486 158 2012 176 2035
text 0.8483 2 2562 271 2611
text 0.8476 751 1847 792 1869
text 0.8463 2974 1859 3013 1889
text 0.8462 1160 2093 1179 2120
text 0.8450 382 410 473 448
text 0.8442 89 1078 142 1109
text 0.8442 2030 763 2086 793
text 0.8428 236 2286 287 2325
text 0.8417 48 1999 78 2032
text 0.8414 1205 2187 1257 2227
text 0.8412 3272 550 3381 594
text 0.8409 622 575 680 605
text 0.8401 2483 1768 2529 1793
text 0.8395 3332 608 3386 698
text 0.8376 1423 843 1445 863
text 0.8371 2579 1316 2612 1361
text 0.8371 1608 558 1679 595
text 0.8370 1659 1219 1690 1247
text 0.8362 216 1717 236 1744
text 0.8361 2250 1586 2291 1612
text 0.8355 1265 202 1285 251
text 0.8348 3739 515 3854 555
text 0.8329 2933 1334 2973 1375
text 0.8320 137 902 193 930
text 0.8316 1792 2463 1836 2504
text 0.8315 2815 2160 2857 2196
text 0.8289 294 971 318 1017
text 0.8269 1154 838 1181 870
text 0.8263 343 1779 401 1821
text 0.8259 11 1286 89 1355
text 0.8238 2625 1331 2650 1378
text 0.8229 2338 1277 2378 1316
text 0.8191 3068 2098 3121 2131
text 0.8190 868 532 914 557
text 0.8127 1177 202 1195 242
text 0.8124 2976 1992 3015 2019
text 0.8123 3002 1143 3025 1193
text 0.8122 3122 2322 3205 2369
text 0.8108 81 1216 141 1269
text 0.8103 3251 561 3296 647
text 0.8098 2791 2774 2833 2800
text 0.8097 3398 290 3451 319
text 0.8072 1684 1411 1730 1478
text 0.8060 3267 474 3433 551
text 0.8058 2451 1145 2470 1177
text 0.8057 385 961 405 1001
text 0.8055 3094 2004 3140 2043
text 0.8046 2554 1940 2617 1976
text 0.8034 1254 328 1279 358
text 0.8030 226 964 247 1010
text 0.8018 781 1394 809 1415
text 0.8014 693 1320 742 1344
text 0.8014 3984 1130 4032 1169
text 0.8001 851 1969 890 2011
text 0.8001 3645 319 3699 353
text 0.7986 2556 1205 2590 1254
text 0.7979 1003 842 1027 874
text 0.7979 2592 2173 2630 2197
text 0.7978 3384 843 3432 869
text 0.7962 1689 585 1738 616
text 0.7944 4013 417 4033 448
text 0.7941 1550 1302 1593 1330
text 0.7940 1331 654 1380 676
text 0.7936 613 1460 663 1486
text 0.7934 2779 1316 2858 1375
text 0.7927 246 1159 268 1191
text 0.7925 3394 2679 3983 2720
text 0.7920 4031 837 4048 865
text 0.7912 502 1630 562 1660
text 0.7910 1548 1196 1600 1220
text 0.7907 2974 1765 3015 1794
text 0.7840 2762 1688 2817 1734
text 0.7836 3740 343 3838 384
text 0.7833 2955 1804 3015 1856
text 0.7819 3127 2421 3191 2453
text 0.7810 1798 2354 1907 2393
text 0.7800 1728 960 1751 998
text 0.7786 3122 1987 3192 2018
text 0.7783 2013 524 2079 567
text 0.7782 789 1204 803 1233
text 0.7772 1961 2130 2031 2171
text 0.7739 356 633 422 673
text 0.7720 3447 931 3559 970
text 0.7699 1567 443 1635 479
text 0.7696 1694 651 1750 697
text 0.7694 228 1415 246 1457
text 0.7688 1467 440 1525 476
text 0.7669 477 2778 519 2807
text 0.7661 2282 1157 2322 1178
text 0.7660 781 1313 808 1335
text 0.7637 149 2295 168 2324
text 0.7626 1385 209 1639 256
text 0.7603 2086 704 2129 740
text 0.7595 3124 2231 3160 2269
text 0.7569 2204 664 2234 684
text 0.7569 2482 1494 2534 1514
text 0.7561 1257 1810 1297 1850
text 0.7534 1882 2055 1916 2082
text 0.7521 3801 425 3841 473
text 0.7518 3034 1553 3105 1592
text 0.7487 1976 2094 2007 2131
text 0.7474 2739 2548 2776 2575
text 0.7474 376 774 446 813
text 0.7471 1967 968 1987 999
text 0.7471 3228 1405 3292 1446
text 0.7458 208 2235 282 2274
text 0.7424 2839 1970 2889 1995
text 0.7422 2230 1254 2300 1309
text 0.7418 250 2229 310 2269
text 0.7385 18 2507 54 2579
text 0.7374 3053 1296 3123 1334
text 0.7355 1528 606 1592 632
text 0.7343 3021 2627 3322 2852
text 0.7337 1345 633 1391 653
text 0.7328 210 2697 266 2728
text 0.7326 891 836 948 880
text 0.7310 3124 2184 3186 2217
text 0.7270 1094 1542 1135 1594
text 0.7256 2788 1425 2874 1463
text 0.7248 1988 1859 2053 1891
text 0.7239 2255 2105 2307 2134
text 0.7209 1551 1155 1597 1181
text 0.7194 2974 1624 3015 1661
text 0.7187 1098 731 1115 779
text 0.7187 604 2670 649 2698
text 0.7172 2273 1275 2318 1315
text 0.7172 4030 1048 4055 1073
text 0.7151 3743 389 3830 430
text 0.7143 1857 2114 1951 2213
text 0.7129 832 2187 1039 2246
text 0.7125 3272 762 3460 810
text 0.7074 772 1300 793 1336
text 0.7048 771 1074 795 1108
text 0.7015 3126 2513 3172 2541
text 0.6996 682 1309 730 1333
text 0.6988 2038 2581 2095 2611
text 0.6983 2640 1414 2680 1443
text 0.6957 2570 1648 2745 1734
text 0.6952 3212 1614 3261 1654
text 0.6945 628 2284 681 2314
text 0.6943 2495 2246 2528 2269
text 0.6942 3390 336 3449 407
text 0.6898 484 2110 534 2136
text 0.6883 2182 1912 2231 1955
text 0.6870 1730 1416 1750 1452
text 0.6863 2845 1482 2880 1512
text 0.6839 3084 1158 3134 1205
text 0.6836 781 1462 809 1482
text 0.6833 760 901 791 934
text 0.6816 1329 532 1383 556
text 0.6813 2528 2422 2551 2449
text 0.6811 3118 2141 3159 2190
text 0.6809 782 1246 810 1266
text 0.6809 2270 1423 2306 1489
text 0.6800 1368 862 1401 881
text 0.6796 2419 1228 2473 1255
text 0.6790 2520 1309 2566 1345
text 0.6787 77 2516 156 2584
text 0.6712 2163 409 2227 472
text 0.6679 2776 1755 2865 1796
text 0.6651 3099 1944 3147 1979
text 0.6609 2735 2022 2847 2063
text 0.6559 882 2355 981 2393
text 0.6531 2090 1336 2135 1358
text 0.6507 2730 2345 2837 2393
text 0.6504 2517 1229 2559 1267
text 0.6423 3764 1030 3827 1063
text 0.6370 2916 2510 2974 2540
text 0.6331 1552 1336 1592 1356
text 0.6278 1167 835 1196 864
text 0.6277 1631 445 1698 482
text 0.6270 345 855 403 889
text 0.6269 1878 961 1908 997
text 0.6235 492 844 547 872
text 0.6145 620 1962 791 2007
text 0.6108 3435 535 3510 574
text 0.6104 1562 1055 1611 1088
text 0.6056 2517 1828 2570 1853
text 0.6000 3124 2460 3202 2490
text 0.5843 1967 1416 1987 1447
text 0.5838 1018 201 1038 248
text 0.5754 2836 1147 2868 1212
text 0.5740 2459 1175 2485 1208
text 0.5712 676 1348 734 1377
text 0.5683 3130 2503 3180 2533
text 0.5671 2667 2815 2700 2845
text 0.5495 1335 852 1353 873
text 0.5475 1255 848 1287 875
text 0.5459 1563 1146 1619 1180
text 0.5413 2312 1420 2394 1468
text 0.5371 1330 268 1385 296
text 0.5371 2997 1179 3029 1207
text 0.5255 3106 2295 3178 2363
text 0.5050 220 1572 238 1596
text 0.4952 1256 201 1275 250
text 0.4583 1016 845 1041 873
text 0.4432 2948 1779 3007 1835
text 0.4187 1547 1178 1597 1198
text 0.4139 1172 2172 1206 2212
text 0.4062 209 1425 232 1470
text 0.4000 1560 1218 1612 1266
text 0.3948 1647 1495 1711 1561
text 0.3920 2547 2446 2582 2469
text 0.3908 2917 2535 2978 2602
text 0.3843 141 1066 186 1113
text 0.3638 197 1553 230 1586
text 0.3570 617 2294 670 2321
text 0.3542 156 1548 194 1582
text 0.3536 156 2550 229 2638
text 0.3494 2971 1929 3015 1967
text 0.3493 1826 1418 1854 1451
text 0.3453 219 1707 244 1735
text 0.3433 517 1422 554 1473
text 0.3369 220 1736 237 1763
text 0.3171 1547 1321 1590 1354
text 0.3126 2542 1561 2614 1591
text 0.3107 628 2198 685 2226
text 0.3105 990 862 1013 881
text 0.3086 3133 2229 3176 2256
text 0.3084 2827 1980 2886 2007
text 0.3016 1216 735 1258 778
text 0.3010 148 2238 170 2263
text 0.3002 2043 1413 2068 1458
component 0.9914 3260 1723 3316 1776
component 0.9890 1047 1879 1109 1973
component 0.9852 3262 1485 3308 1544
component 0.9851 2286 1742 2444 1935
component 0.9838 900 929 1380 1475
component 0.9794 2421 2768 2505 2824
component 0.9769 1265 1876 1321 1963
component 0.9766 386 460 476 604
component 0.9742 2434 2378 2496 2420
component 0.9612 3826 1188 3852 1208
component 0.9568 1511 2382 1572 2421
component 0.9521 2381 1463 2419 1486
component 0.9449 3953 877 4013 939
component 0.9259 2333 2193 2389 2242
component 0.9221 2342 2106 2372 2130
component 0.9186 1090 341 1174 587
component 0.9128 3906 942 3935 978
component 0.9064 3917 880 4034 1046
component 0.8888 587 2768 666 2825
component 0.8873 1727 1172 1975 1263
component 0.8792 2629 1632 2692 1693
component 0.8718 2538 1425 2625 1460
component 0.8555 3656 1188 3683 1207
component 0.8500 3917 895 3947 929
component 0.8320 2333 2034 2390 2069
component 0.8251 3428 2022 3458 2075
component 0.8217 94 1604 152 1781
component 0.8197 2678 1460 2700 1477
component 0.8155 426 436 476 468
component 0.8097 292 1162 531 1240
component 0.7986 2770 1853 2817 1934
component 0.7906 604 2370 663 2423
component 0.7883 1502 2768 1585 2822
component 0.7876 363 1665 418 1754
component 0.6904 2466 416 2573 506
component 0.6214 4002 2029 4041 2075
component 0.6210 4027 939 4052 968
component 0.5828 3696 1188 3726 1208
component 0.3404 4016 892 4050 944
component 0.3182 4013 940 4053 987
test 0.9534 1839 2573 1880 2611
test 0.9353 2804 1475 2845 1513
test 0.8914 2808 1593 2857 1630
test 0.8859 2816 2122 2853 2163
test 0.8384 922 2573 959 2610
test 0.8131 126 693 207 762
test 0.7981 2755 2571 2797 2612
test 0.7762 90 2618 157 2680
led 0.9435 2614 1561 2657 1591
led 0.9360 416 2126 465 2156
led 0.9058 3332 941 3377 962
led 0.8917 117 809 179 855
led 0.8761 2081 695 2120 721
led 0.8397 2676 2778 2720 2808
led 0.8234 2078 465 2128 489
led 0.8020 839 2778 878 2810
led 0.7825 1729 2788 1768 2811
led 0.7272 3333 869 3382 892
led 0.3469 1754 2804 1797 2824
clock 0.7638 1246 1848 1341 1990
clock 0.4984 1027 1868 1119 2000
ic 0.9668 2580 1763 2715 1951
ic 0.9555 811 882 1440 1522
ic 0.9329 1694 1085 2008 1340
ic 0.9290 327 1645 470 1787
ic 0.8846 3210 1450 3354 1581
ic 0.8826 3214 1686 3353 1813
ic 0.8511 259 1065 567 1338
ic 0.6579 990 317 1252 619
switch 0.8876 330 437 517 631
switch 0.6421 0 2032 356 2230
electrolytic 0.9071 1467 2366 1618 2433
electrolytic 0.9023 1445 2745 1638 2840
electrolytic 0.8026 534 2751 733 2842
electrolytic 0.7403 2229 1611 2424 1691
electrolytic 0.6807 2561 1611 2745 1699
button 0.9780 44 351 189 505
button 0.9759 47 525 189 664
button 0.8300 3402 573 3543 712
button 0.7624 1897 413 2040 557
button 0.7284 1902 645 2034 790
transistor 0.9444 2134 654 2192 713
transistor 0.8650 2686 1532 2746 1583
transistor 0.8482 2134 424 2192 483
transistor 0.8352 2742 2718 2795 2779
transistor 0.7097 907 2726 962 2786
transistor 0.6771 1801 2729 1859 2789
jumper 0.9304 2733 1216 2774 1325
jumper 0.9145 2648 1217 2700 1319
jumper 0.9071 3285 598 3360 705
jumper 0.8889 1780 2086 1830 2196
jumper 0.8723 19 1254 114 1314
jumper 0.8056 2159 1250 2280 1316
inductor 0.9017 241 1709 294 1741
inductor 0.8136 1069 1543 1098 1601
unknown 0.9833 1310 2462 1777 2703
unknown 0.9723 2242 2460 2708 2720
unknown 0.9245 396 2462 881 2719
potentiometer 0.6901 3874 863 4073 1054
display 0.9851 3400 1151 4064 2621
