connector 0.9834 829 302 1792 1148
connector 0.9758 802 1969 859 2029
connector 0.9738 3886 1404 4090 1965
connector 0.9687 652 1058 701 1106
connector 0.9664 659 315 712 375
connector 0.9634 2473 2247 2521 2296
connector 0.9632 50 443 227 713
connector 0.9631 3491 1439 3547 1493
connector 0.9619 2926 2611 2993 2671
connector 0.9606 1451 2196 1504 2253
connector 0.9587 3420 2237 3468 2293
connector 0.9587 3842 2306 4099 2557
connector 0.9586 3082 2009 3252 2184
connector 0.9585 374 348 475 695
connector 0.9472 2531 1889 2589 1938
connector 0.9427 1498 2055 1639 2152
connector 0.9417 1127 2533 1187 2589
connector 0.9357 3311 2016 3477 2175
connector 0.9356 1923 1263 1968 1312
connector 0.9348 3901 931 3963 987
connector 0.9332 981 2141 1028 2557
connector 0.9061 2548 555 2693 604
connector 0.9015 2065 1880 2124 1938
connector 0.8997 3423 524 3480 572
connector 0.8991 3303 1878 3359 1935
connector 0.8863 985 1620 1086 2049
connector 0.8765 1816 1428 1876 1483
connector 0.8689 2410 1506 2464 1555
connector 0.8618 2016 2611 2068 2660
connector 0.8401 1631 1257 1681 1314
connector 0.8254 1234 1225 1316 1308
connector 0.8048 2137 2089 2271 2187
connector 0.8023 938 1407 1083 1457
connector 0.7770 3846 2642 3894 2707
connector 0.7282 2367 2089 2910 2186
connector 0.7249 2353 611 2414 671
connector 0.7067 2363 910 2421 970
connector 0.5900 287 1048 346 1104
connector 0.4832 3299 1897 3365 1957
resistor 0.9928 2778 453 2807 470
resistor 0.9905 2070 1364 2086 1395
resistor 0.9896 3436 1082 3465 1108
resistor 0.9873 3723 1366 3736 1394
resistor 0.9866 3568 1365 3586 1395
resistor 0.9864 1548 1707 1581 1724
resistor 0.9837 3441 1353 3469 1368
resistor 0.9835 3636 1365 3649 1397
resistor 0.9834 2777 647 2807 664
resistor 0.9808 2775 365 2807 383
resistor 0.9808 2451 1238 2487 1262
resistor 0.9787 1918 732 1957 745
resistor 0.9777 2292 1364 2310 1396
resistor 0.9769 3725 1020 3738 1052
resistor 0.9767 1915 505 1949 521
resistor 0.9756 2028 1159 2055 1176
resistor 0.9734 3439 1237 3468 1263
resistor 0.9711 3134 457 3163 474
resistor 0.9708 2932 260 2946 297
resistor 0.9692 2777 604 2807 621
resistor 0.9667 2846 258 2860 296
resistor 0.9645 3568 1020 3582 1052
resistor 0.9635 2774 296 2803 318
resistor 0.9626 2778 540 2809 554
resistor 0.9625 1587 1693 1633 1711
resistor 0.9622 2135 1366 2153 1395
resistor 0.9619 2028 1248 2056 1268
resistor 0.9618 3135 605 3162 624
resistor 0.9565 3478 1363 3505 1395
resistor 0.9565 2638 436 2673 454
resistor 0.9550 2221 1019 2240 1049
resistor 0.9531 1936 1160 1969 1178
resistor 0.9526 2136 1019 2153 1050
resistor 0.9475 1312 2796 1345 2819
resistor 0.9454 2070 1018 2087 1048
resistor 0.9447 3637 1016 3650 1050
resistor 0.9441 2223 1366 2240 1398
resistor 0.9439 3147 2799 3193 2822
resistor 0.9403 2253 2813 2284 2827
resistor 0.9390 2935 1978 2964 1995
resistor 0.9388 1651 1450 1758 1493
resistor 0.9385 2017 1329 2059 1346
resistor 0.9384 3083 259 3100 290
resistor 0.9376 3436 1170 3467 1187
resistor 0.9368 1540 1786 1582 1811
resistor 0.9355 3014 259 3029 296
resistor 0.9351 2642 527 2674 545
resistor 0.9349 3441 1327 3470 1344
resistor 0.9331 672 942 709 960
resistor 0.9312 2451 1357 2488 1375
resistor 0.9292 2378 1365 2393 1397
resistor 0.9290 2452 1158 2482 1176
resistor 0.9286 3812 1367 3828 1394
resistor 0.9279 3860 1164 3892 1188
resistor 0.9218 2454 1323 2488 1349
resistor 0.9188 3865 1239 3894 1259
resistor 0.9178 2374 1019 2391 1050
resistor 0.9174 2541 432 2570 451
resistor 0.9166 2452 1088 2486 1108
resistor 0.9132 1362 1585 1407 1602
resistor 0.9076 1826 1231 1859 1260
resistor 0.9058 3012 689 3026 722
resistor 0.9055 3477 1016 3499 1057
resistor 0.9013 1363 1449 1455 1495
resistor 0.8930 3857 1297 3896 1344
resistor 0.8910 673 871 710 892
resistor 0.8889 2026 1090 2054 1108
resistor 0.8878 3132 367 3163 385
resistor 0.8821 3131 536 3163 554
resistor 0.8779 3808 1020 3822 1050
resistor 0.8765 2851 692 2867 721
resistor 0.8744 3858 1088 3894 1110
resistor 0.8715 2292 1019 2312 1051
resistor 0.8701 3917 1155 3957 1183
resistor 0.8664 3092 690 3113 721
resistor 0.8555 3597 2127 3626 2146
resistor 0.8499 2828 698 2847 735
resistor 0.8337 3849 824 3909 875
resistor 0.8251 3891 1246 3953 1273
resistor 0.8225 3999 1230 4051 1260
resistor 0.8043 3551 1662 3593 1687
resistor 0.7921 2530 526 2569 547
resistor 0.7808 3786 1019 3806 1049
resistor 0.7785 2925 694 2936 722
resistor 0.7722 3786 1364 3805 1395
resistor 0.7635 3584 826 3662 873
resistor 0.7360 3863 1255 3933 1319
resistor 0.7207 2994 256 3015 291
resistor 0.6719 2720 1969 2747 1988
resistor 0.6361 4014 1151 4063 1175
resistor 0.6175 2204 1366 2224 1395
resistor 0.5817 2047 1363 2065 1393
resistor 0.5603 3075 683 3093 721
resistor 0.5448 2046 1020 2065 1052
resistor 0.4154 2204 1020 2224 1050
resistor 0.3906 2917 689 2934 722
resistor 0.3152 3148 2782 3199 2809
pads 0.9261 1828 1158 1867 1181
pads 0.9247 3609 880 3649 899
pads 0.9238 1296 1742 1331 1773
pads 0.7540 1918 1224 1968 1271
capacitor 0.9804 3806 1762 3856 1781
capacitor 0.9668 3451 2701 3507 2729
capacitor 0.9629 1282 1711 1340 1742
capacitor 0.9568 1622 2711 1677 2739
capacitor 0.9483 2940 1862 2958 1907
capacitor 0.9180 2863 1872 2888 1931
capacitor 0.9051 3968 1160 4012 1180
capacitor 0.8941 1216 1872 1245 1931
capacitor 0.8899 3548 1763 3598 1788
capacitor 0.8730 2551 2703 2611 2730
capacitor 0.8561 1223 1661 1292 1693
capacitor 0.8368 3084 1878 3107 1929
capacitor 0.8336 1541 2017 1594 2047
capacitor 0.8027 2579 526 2627 547
capacitor 0.7857 3549 1707 3594 1733
capacitor 0.7801 1552 2265 1601 2285
capacitor 0.7758 1531 1810 1577 1831
capacitor 0.7730 1868 1228 1916 1262
capacitor 0.7335 1223 1786 1252 1837
capacitor 0.7199 1711 2146 1760 2176
capacitor 0.5872 1711 2269 1758 2295
capacitor 0.4772 3551 1735 3591 1761
text 0.9900 1632 2165 1661 2194
text 0.9882 3501 1761 3538 1782
text 0.9878 3188 535 3231 555
text 0.9875 2707 445 2760 467
text 0.9849 3190 360 3232 389
text 0.9844 2707 535 2760 556
text 0.9835 185 1050 207 1071
text 0.9809 3184 447 3233 468
text 0.9805 1522 1604 1564 1623
text 0.9803 3835 1294 3855 1318
text 0.9781 180 416 206 437
text 0.9761 2410 1216 2441 1245
text 0.9760 2412 1286 2441 1308
text 0.9740 1512 2158 1558 2178
text 0.9735 3921 2007 3938 2029
text 0.9733 2714 652 2761 674
text 0.9722 3089 2801 3131 2827
text 0.9702 2620 2708 2669 2729
text 0.9698 1074 1148 1099 1184
text 0.9690 3804 1635 3848 1656
text 0.9674 3923 2233 3944 2256
text 0.9671 3184 645 3232 664
text 0.9659 3500 1704 3538 1731
text 0.9627 3566 962 3586 1000
text 0.9626 3576 2374 3608 2403
text 0.9625 3760 1851 3880 1889
text 0.9617 2708 366 2757 386
text 0.9610 2660 842 2681 863
text 0.9607 1955 1088 2007 1109
text 0.9603 1202 1276 1234 1299
text 0.9602 3897 1077 3942 1101
text 0.9600 3349 2336 3390 2374
text 0.9599 2854 837 2879 872
text 0.9590 3807 1413 3832 1462
text 0.9574 1946 595 2079 634
text 0.9569 3933 2295 3954 2323
text 0.9566 2379 970 2403 1015
text 0.9551 3112 2730 3143 2760
text 0.9547 1847 1670 1887 1711
text 0.9546 2807 1810 2845 1849
text 0.9543 2222 961 2239 994
text 0.9534 3718 1416 3743 1466
text 0.9531 3182 606 3232 630
text 0.9530 1205 1228 1235 1257
text 0.9519 2076 1263 2096 1293
text 0.9519 2782 837 2807 871
text 0.9499 278 829 317 1010
text 0.9496 3963 1233 3998 1267
text 0.9481 2468 523 2520 545
text 0.9479 11 726 57 771
text 0.9469 1661 2274 1708 2298
text 0.9469 3058 793 3334 829
text 0.9468 2469 2424 2491 2444
text 0.9453 1295 1178 1327 1215
text 0.9445 1042 2032 1071 2059
text 0.9445 3360 2732 3391 2768
text 0.9442 1504 1182 1536 1266
text 0.9414 2484 2297 2521 2324
text 0.9411 1205 1601 1245 1628
text 0.9405 1740 2788 1789 2808
text 0.9398 2864 198 2888 246
text 0.9395 721 822 771 863
text 0.9394 1040 1574 1077 1614
text 0.9394 3194 296 3233 319
text 0.9387 3806 434 3916 474
text 0.9386 2263 2464 2313 2501
text 0.9369 2657 1821 2776 1851
text 0.9364 3503 973 3534 1011
text 0.9364 3962 1081 4013 1106
text 0.9357 3574 2777 3629 2806
text 0.9353 2927 846 2945 872
text 0.9348 2708 296 2758 319
text 0.9345 1255 2067 1325 2106
text 0.9330 2853 736 2874 774
text 0.9326 3185 2551 3221 2577
text 0.9321 1963 1198 2003 1233
text 0.9316 3377 234 3655 324
text 0.9314 648 288 701 316
text 0.9305 3174 2453 3222 2491
text 0.9300 1679 2709 1730 2731
text 0.9288 4057 2232 4080 2265
text 0.9286 2708 606 2759 632
text 0.9285 2867 1829 2888 1870
text 0.9283 3953 842 4005 880
text 0.9276 2965 1542 3004 1591
text 0.9270 194 840 209 863
text 0.9268 3292 1313 3320 1337
text 0.9265 1313 2453 1392 2501
text 0.9252 3724 984 3743 1019
text 0.9249 1793 971 2044 1021
text 0.9244 3262 1912 3303 1940
text 0.9243 3016 200 3037 249
text 0.9243 3498 1308 3518 1356
text 0.9221 3745 1986 3816 2026
text 0.9217 243 513 368 554
text 0.9216 1951 354 2075 395
text 0.9211 949 1711 990 1743
text 0.9200 2072 968 2094 1010
text 0.9197 3309 1850 3352 1872
text 0.9195 2135 1416 2155 1453
text 0.9180 3301 1081 3321 1111
text 0.9145 2072 1415 2094 1453
text 0.9138 180 714 199 743
text 0.9133 718 629 779 720
text 0.9127 3820 576 3912 614
text 0.9123 3017 1811 3062 1849
text 0.9115 4048 2509 4092 2569
text 0.9112 724 558 824 598
text 0.9075 2360 583 2414 613
text 0.9070 843 1336 1105 1376
text 0.9059 2183 2055 2215 2086
text 0.9057 2529 1849 2580 1879
text 0.9053 3292 1238 3322 1267
text 0.9051 533 861 659 901
text 0.9050 2585 502 2636 534
text 0.9049 52 1047 71 1069
text 0.9046 1427 1162 1459 1216
text 0.9037 633 1109 692 1136
text 0.9036 3865 1720 3885 1743
text 0.9031 3300 1154 3321 1182
text 0.9023 3636 1416 3656 1467
text 0.9018 3828 2232 3892 2273
text 0.9014 1548 2422 1573 2445
text 0.9012 1047 2350 1086 2509
text 0.9008 3843 2003 3864 2029
text 0.8997 1333 1773 1370 1809
text 0.8973 2941 1936 2967 1970
text 0.8967 3565 1418 3586 1464
text 0.8962 2352 880 2410 912
text 0.8962 1442 1321 1473 1375
text 0.8962 1791 2146 1833 2175
text 0.8937 3880 1371 3929 1397
text 0.8929 1630 1146 1649 1177
text 0.8924 3479 2019 3528 2056
text 0.8924 3309 1289 3343 1323
text 0.8915 3572 2106 3619 2130
text 0.8910 1126 1337 1166 1375
text 0.8909 252 425 298 470
text 0.8907 3369 1211 3418 1244
text 0.8888 459 2622 684 2666
text 0.8885 3370 1163 3419 1188
text 0.8863 1214 1543 1321 1584
text 0.8862 3637 2089 3687 2125
text 0.8856 3801 847 3855 873
text 0.8852 1087 1948 1127 1977
text 0.8848 2629 2383 2679 2404
text 0.8841 2926 732 2945 769
text 0.8839 2926 200 2948 252
text 0.8837 929 2238 980 2265
text 0.8810 949 1839 987 1870
text 0.8810 1805 1583 1848 1612
text 0.8795 1564 2246 1598 2266
text 0.8788 949 1796 988 1829
text 0.8781 3304 988 3321 1029
text 0.8774 2718 1948 2750 1975
text 0.8774 2815 200 2837 247
text 0.8763 1862 502 1910 525
text 0.8762 3443 1453 3498 1484
text 0.8756 4051 1144 4092 1169
text 0.8752 665 478 829 551
text 0.8747 2697 834 2718 864
text 0.8733 977 1296 1049 1334
text 0.8731 3874 506 3934 544
text 0.8722 434 711 453 733
text 0.8716 1869 663 1898 685
text 0.8711 3292 1464 3320 1482
text 0.8689 2078 2138 2134 2176
text 0.8684 2510 1159 2551 1180
text 0.8659 2448 208 2724 259
text 0.8648 3420 574 3479 602
text 0.8647 2667 2777 2716 2799
text 0.8630 3033 745 3057 792
text 0.8619 2105 2088 2129 2130
text 0.8618 1847 2206 1898 2235
text 0.8612 1393 1163 1420 1218
text 0.8604 1138 1722 1180 1937
text 0.8596 2936 2580 2995 2610
text 0.8587 3338 873 3378 911
text 0.8580 1763 1177 1827 1213
text 0.8577 3877 335 3945 377
text 0.8575 3005 849 3028 872
text 0.8569 2307 962 2329 1000
text 0.8566 2378 1410 2431 1465
text 0.8561 264 347 356 387
text 0.8554 2471 455 2534 484
text 0.8551 237 641 275 692
text 0.8524 3836 2698 3893 2729
text 0.8524 3804 954 3823 1000
text 0.8520 3540 1633 3597 1664
text 0.8515 1956 1126 2003 1157
text 0.8514 3992 2236 4043 2273
text 0.8513 3834 1920 3884 1958
text 0.8510 1827 1392 1885 1426
text 0.8505 2199 2807 2233 2829
text 0.8492 2452 2739 2482 2768
text 0.8490 2312 910 2360 932
text 0.8469 3904 958 3968 1012
text 0.8469 924 2185 979 2216
text 0.8468 903 2333 977 2365
text 0.8463 277 1110 336 1138
text 0.8458 951 1950 989 1979
text 0.8456 1327 2549 1365 2573
text 0.8446 1284 2712 1336 2761
text 0.8416 2224 1409 2245 1451
text 0.8413 1499 1306 1535 1368
text 0.8396 3060 1779 3194 1829
text 0.8393 1861 732 1907 752
text 0.8379 2309 1413 2331 1454
text 0.8352 1234 1422 1310 1464
text 0.8346 3817 2282 3865 2324
text 0.8315 1630 1228 1675 1256
text 0.8307 1720 1274 1768 1315
text 0.8280 1867 1911 1914 1956
text 0.8255 1088 1987 1127 2015
text 0.8254 1567 1768 1621 1787
text 0.8253 3844 2563 4097 2611
text 0.8231 1300 2810 1354 2840
text 0.8231 1817 2027 1868 2067
text 0.8226 1779 1155 1820 1182
text 0.8226 3100 730 3123 764
text 0.8226 922 2509 977 2541
text 0.8219 3708 1783 3758 1820
text 0.8219 1244 2018 1352 2056
text 0.8218 2629 580 2674 636
text 0.8211 4034 1079 4094 1107
text 0.8199 3161 1890 3190 1918
text 0.8193 3654 970 3676 1009
text 0.8162 2841 2186 2902 2224
text 0.8135 3787 973 3805 1015
text 0.8133 1214 1485 1255 1513
text 0.8132 3166 838 3238 881
text 0.8131 3677 634 3743 673
text 0.8129 2352 652 2410 695
text 0.8125 3290 895 3321 955
text 0.8100 979 2095 1029 2134
text 0.8088 4017 1227 4062 1252
text 0.8087 1376 1644 1516 1730
text 0.8076 2055 1859 2117 1890
text 0.8072 2135 962 2155 1007
text 0.8068 3311 1485 3330 1503
text 0.8050 935 1622 986 1652
text 0.8041 1708 2383 1759 2406
text 0.8016 814 1407 868 1444
text 0.7990 3110 845 3134 872
text 0.7987 772 2628 1081 2847
text 0.7985 897 1898 971 1927
text 0.7977 1423 1417 1461 1445
text 0.7967 968 1158 1018 1207
text 0.7950 2008 2582 2067 2611
text 0.7943 1524 2740 1561 2780
text 0.7925 4048 2293 4070 2324
text 0.7919 1482 1942 1552 1978
text 0.7901 2510 605 2577 635
text 0.7889 2836 200 2857 248
text 0.7874 1222 1968 1262 1991
text 0.7863 1218 1386 1323 1432
text 0.7852 2513 1308 2550 1338
text 0.7849 402 269 554 308
text 0.7849 2377 2177 2814 2226
text 0.7839 3084 200 3102 242
text 0.7839 68 1131 118 1169
text 0.7839 277 1028 339 1059
text 0.7828 2017 763 2074 794
text 0.7821 547 713 743 753
text 0.7815 1086 1178 1107 1208
text 0.7803 1233 1144 1266 1216
text 0.7789 76 717 95 743
text 0.7775 3293 1398 3322 1428
text 0.7770 2707 862 2731 881
text 0.7768 2199 2355 2303 2393
text 0.7735 1571 1494 1619 1514
text 0.7722 20 676 41 705
text 0.7721 3120 1832 3158 1868
text 0.7679 2756 833 2780 866
text 0.7668 3310 1376 3332 1396
text 0.7660 3834 1156 3855 1176
text 0.7649 1966 1335 2022 1356
text 0.7639 70 417 89 446
text 0.7620 793 1941 851 1978
text 0.7596 3370 1079 3412 1103
text 0.7583 2995 200 3014 247
text 0.7579 3833 1245 3860 1268
text 0.7579 3795 2229 3852 2283
text 0.7574 400 316 461 351
text 0.7558 3625 963 3651 999
text 0.7536 2922 2132 2951 2168
text 0.7533 1033 1460 1076 1537
text 0.7526 3419 2285 3470 2315
text 0.7522 1960 1296 2013 1322
text 0.7516 814 583 841 650
text 0.7515 4019 1997 4033 2027
text 0.7513 903 2462 979 2492
text 0.7507 2396 1460 2478 1503
text 0.7503 1976 708 2026 741
text 0.7494 1406 1533 1446 1564
text 0.7493 2423 556 2490 596
text 0.7492 2282 956 2304 996
text 0.7484 975 2023 1027 2069
text 0.7481 1126 2511 1187 2542
text 0.7472 4047 1242 4092 1266
text 0.7468 548 931 661 971
text 0.7468 1088 1714 1127 1743
text 0.7467 1234 1754 1282 1784
text 0.7459 4007 1312 4067 1342
text 0.7439 2503 1193 2551 1224
text 0.7436 2925 2090 2943 2125
text 0.7427 595 535 662 574
text 0.7389 3237 2806 3273 2839
text 0.7353 671 844 711 871
text 0.7335 53 840 73 869
text 0.7310 924 2369 977 2406
text 0.7285 1878 426 1907 454
text 0.7244 3893 2511 3962 2577
text 0.7213 1089 1820 1125 1880
text 0.7209 909 2422 979 2454
text 0.7183 1474 2175 1513 2197
text 0.7157 996 1555 1065 1594
text 0.7157 1709 1178 1759 1218
text 0.7144 3242 832 3300 880
text 0.7142 108 822 168 861
text 0.7106 3075 744 3093 775
text 0.7096 2401 445 2473 487
text 0.7095 3451 2670 3496 2698
text 0.7085 3687 907 3747 943
text 0.7083 1798 1429 1829 1485
text 0.7070 3904 902 3965 927
text 0.7060 129 2679 682 2719
text 0.7055 4017 1377 4089 1409
text 0.7040 3355 1290 3405 1352
text 0.6974 2579 425 2631 453
text 0.6954 945 1447 1029 1506
text 0.6926 838 1612 890 1653
text 0.6906 914 1988 990 2018
text 0.6871 3302 1963 3479 2009
text 0.6861 3076 2190 3265 2246
text 0.6846 1264 2343 1372 2393
text 0.6736 3311 1335 3350 1356
text 0.6722 277 393 357 428
text 0.6659 955 1593 1015 1627
text 0.6601 2046 972 2066 1009
text 0.6574 1620 1175 1661 1206
text 0.6517 386 713 405 732
text 0.6507 1766 1257 1832 1300
text 0.6500 1397 2813 1436 2845
text 0.6492 381 316 433 348
text 0.6485 3072 1830 3100 1861
text 0.6479 646 763 841 808
text 0.6412 2204 1415 2224 1453
text 0.6393 3211 1968 3251 2007
text 0.6334 1797 2106 1847 2136
text 0.6292 3549 1426 3568 1465
text 0.6192 1087 1760 1130 1792
text 0.6189 3364 1227 3412 1270
text 0.6181 2283 1417 2305 1455
text 0.6048 4028 1341 4091 1373
text 0.6039 2125 963 2147 1003
text 0.5934 1087 1626 1127 1659
text 0.5925 3117 2353 3224 2394
text 0.5913 2680 839 2697 869
text 0.5906 2046 1414 2065 1454
text 0.5888 1242 1776 1293 1814
text 0.5819 2837 835 2857 870
text 0.5790 3786 1416 3806 1465
text 0.5616 1573 1731 1622 1752
text 0.5571 3865 1572 3889 1593
text 0.5394 2838 739 2856 778
text 0.5381 3074 846 3094 869
text 0.5353 1333 1168 1355 1218
text 0.5320 1539 1670 1590 1692
text 0.5291 1246 1319 1272 1372
text 0.5261 3699 852 3743 891
text 0.4992 3550 959 3568 997
text 0.4727 2512 1336 2554 1355
text 0.4672 2996 852 3019 872
text 0.4628 2917 739 2936 773
text 0.4399 3466 972 3494 1010
text 0.3850 3482 1490 3539 1526
text 0.3780 940 2120 1002 2168
text 0.3725 1995 512 2066 545
text 0.3623 2204 963 2226 994
text 0.3591 3866 1583 3882 1608
text 0.3588 3364 1103 3420 1134
text 0.3570 2511 1089 2550 1109
text 0.3490 2998 860 3032 883
text 0.3416 1017 1620 1061 1652
text 0.3331 1488 1313 1518 1361
text 0.3330 2916 1829 2937 1877
text 0.3298 3707 965 3727 1004
text 0.3270 246 461 358 512
text 0.3262 268 410 349 448
text 0.3258 2407 1096 2442 1126
text 0.3212 1490 1774 1540 1808
text 0.3192 2035 1420 2068 1462
text 0.3162 2063 1120 2088 1147
text 0.3154 2918 845 2934 873
text 0.3143 2917 2093 2937 2129
text 0.3141 3864 1556 3886 1587
text 0.3073 2993 754 3019 794
text 0.3030 3705 1416 3729 1463
text 0.3024 284 333 377 371
component 0.9901 2719 934 3201 1470
component 0.9848 790 1483 840 1541
component 0.9841 1397 1463 1422 1476
component 0.9743 1718 2097 1771 2128
component 0.9722 784 1724 837 1779
component 0.9677 1476 1429 1569 1460
component 0.9675 1601 2768 1680 2828
component 0.9674 2523 2768 2597 2818
component 0.9650 88 880 153 944
component 0.9635 2779 1878 2840 1964
component 0.9614 1664 1746 1821 1940
component 0.9599 2993 1881 3052 1965
component 0.9574 3670 1675 3738 1755
component 0.9480 1683 1462 1716 1486
component 0.9457 1712 2199 1771 2246
component 0.9366 63 901 173 1035
component 0.9320 3610 473 3748 593
component 0.9284 1285 1857 1332 1931
component 0.9243 1606 2375 1674 2420
component 0.9157 1405 1634 1472 1693
component 0.9127 3441 2372 3499 2421
component 0.9117 2925 346 3014 586
component 0.9087 2531 2382 2594 2423
component 0.9036 3434 2766 3509 2828
component 0.9028 2127 1185 2367 1264
component 0.8852 3624 437 3673 472
component 0.8821 3568 1161 3804 1236
component 0.8777 415 1186 444 1208
component 0.8697 3943 1602 4008 1777
component 0.8512 256 1184 283 1207
component 0.8277 642 2013 672 2079
component 0.8057 166 939 196 972
component 0.7775 1712 2038 1769 2066
component 0.7637 50 939 80 988
component 0.6898 144 970 183 1007
component 0.6328 376 1187 405 1206
component 0.6301 48 876 188 956
component 0.6242 155 890 185 940
component 0.5994 60 2026 98 2076
component 0.5620 1537 417 1629 505
component 0.4167 142 876 175 926
component 0.3442 59 949 90 998
component 0.3147 59 903 90 946
test 0.9888 2225 2571 2264 2610
test 0.9308 1303 2572 1341 2609
test 0.9289 3896 691 3972 761
test 0.8553 3143 2570 3175 2615
test 0.8447 1255 1477 1296 1515
test 0.7955 3945 2620 4014 2678
test 0.7833 1238 1592 1292 1631
test 0.7279 1245 2127 1287 2167
led 0.9816 2322 2789 2370 2809
led 0.9554 724 940 772 964
led 0.9258 1385 2779 1422 2808
led 0.9252 1974 466 2023 487
led 0.9078 3637 2127 3686 2155
led 0.8910 723 871 770 890
led 0.8903 1443 1564 1495 1593
led 0.7936 3668 820 3713 847
led 0.7788 3226 2779 3261 2816
led 0.6984 1978 692 2015 713
clock 0.7718 2756 1848 2856 1991
ic 0.9681 1379 1763 1523 1950
ic 0.9455 2654 855 3297 1506
ic 0.9273 2096 1086 2401 1353
ic 0.9257 3533 1074 3837 1342
ic 0.8751 3638 1646 3770 1784
ic 0.8197 747 1695 875 1809
ic 0.8056 750 1452 889 1575
ic 0.7485 2847 318 3111 621
switch 0.9349 3586 433 3774 635
switch 0.8476 3762 2023 4097 2233
electrolytic 0.9039 2483 2366 2642 2434
electrolytic 0.8457 1671 1613 1868 1692
electrolytic 0.7376 1367 1609 1506 1700
electrolytic 0.3930 3412 2753 3547 2838
button 0.9655 3913 356 4062 504
button 0.9382 3914 523 4052 665
button 0.8964 2057 410 2200 555
button 0.8601 554 573 699 715
button 0.8074 2066 642 2206 793
transistor 0.9353 1906 654 1965 714
transistor 0.9247 1908 426 1962 485
transistor 0.8387 1354 1532 1411 1584
transistor 0.7530 1308 2717 1365 2776
transistor 0.7113 3590 775 3658 828
transistor 0.6807 2246 2733 2302 2789
transistor 0.6635 3145 2729 3203 2790
transistor 0.6104 3856 774 3931 827
jumper 0.9191 1830 1258 1934 1319
jumper 0.9139 1363 1214 1400 1321
jumper 0.8672 741 607 820 699
jumper 0.8212 1405 1214 1474 1324
jumper 0.8072 2271 2085 2326 2196
jumper 0.6800 3968 1257 4078 1310
inductor 0.9492 3806 1712 3857 1742
inductor 0.8222 3004 1543 3035 1603
inductor 0.6872 1689 2022 1802 2097
unknown 0.9892 1392 2461 1861 2720
unknown 0.9810 2320 2461 2789 2701
unknown 0.9684 3219 2462 3705 2719
potentiometer 0.6235 13 868 223 1059
display 0.9863 38 1139 704 2624
