connector 0.9853 1607 228 3243 384
connector 0.9789 108 686 477 1274
connector 0.9778 3181 1205 3232 1258
connector 0.9745 1043 2865 1096 2924
connector 0.9729 1233 1869 1371 2008
connector 0.9715 1237 2649 1371 2797
connector 0.9637 2868 1601 3003 1740
connector 0.9627 1238 1628 1374 1778
connector 0.9598 1235 2423 1373 2566
connector 0.9588 1732 993 1791 1048
connector 0.9487 445 2088 592 2841
connector 0.9481 2539 1660 2599 1718
connector 0.9449 2866 1829 3001 1971
connector 0.9420 749 2093 889 2870
connector 0.9402 3488 591 3523 647
connector 0.9366 2048 1574 2104 1625
connector 0.9313 1027 1891 1074 1955
connector 0.9256 2145 1602 2204 1659
connector 0.9136 3467 2086 3608 2852
connector 0.9098 2252 1664 2312 1720
connector 0.9073 3214 2087 3358 2828
connector 0.8902 2334 1663 2387 1723
connector 0.8872 2767 2839 2820 2891
connector 0.8776 3420 915 3806 1032
connector 0.8520 272 1929 364 1989
connector 0.8287 2611 1661 2669 1716
connector 0.8223 1680 1136 1739 1178
connector 0.8105 2471 1658 2530 1729
connector 0.8072 2946 2165 3013 2222
connector 0.7795 2403 1669 2464 1720
connector 0.7612 2253 2759 2313 2863
connector 0.7566 3532 574 3843 765
resistor 0.9885 3589 1064 3613 1110
resistor 0.9789 3340 1803 3378 1859
resistor 0.9707 1205 1831 1226 1862
resistor 0.9685 2397 1368 2432 1435
resistor 0.9662 1672 1466 1707 1504
resistor 0.9621 3066 979 3084 1027
resistor 0.9411 2263 1402 2296 1460
resistor 0.9409 2962 987 2992 1038
resistor 0.9285 3660 862 3681 899
resistor 0.9272 1947 1701 1974 1741
resistor 0.9222 2243 1988 2284 2010
resistor 0.9108 2272 2237 2283 2275
resistor 0.9096 3662 1064 3701 1113
resistor 0.9094 2221 1899 2260 1935
resistor 0.9081 2143 1977 2191 1997
resistor 0.9046 2092 1767 2116 1806
resistor 0.9025 2157 2625 2209 2685
resistor 0.8992 1203 1782 1227 1821
resistor 0.8912 2051 1106 2085 1122
resistor 0.8763 2221 2653 2289 2691
resistor 0.8668 2056 1088 2086 1106
resistor 0.8661 717 1621 752 1679
resistor 0.8637 3588 1318 3614 1356
resistor 0.8636 1745 2681 1805 2752
resistor 0.8615 1036 1421 1074 1438
resistor 0.8526 1769 1015 1811 1068
resistor 0.8432 2157 1907 2206 1930
resistor 0.8416 1943 1151 1968 1191
resistor 0.8396 3509 941 3543 1030
resistor 0.8301 2564 930 2602 949
resistor 0.8298 1876 2889 1898 2944
resistor 0.8091 2082 1948 2131 1978
resistor 0.8071 2295 2099 2317 2154
resistor 0.7936 2160 1993 2231 2017
resistor 0.7740 3389 1909 3428 1968
resistor 0.7618 2084 1974 2125 1990
resistor 0.7083 2377 1396 2409 1457
resistor 0.6863 3589 1455 3647 1497
resistor 0.6809 2375 1312 2399 1357
resistor 0.6663 2124 1908 2154 1930
resistor 0.6587 3552 935 3637 1043
resistor 0.6560 1650 1463 1678 1499
resistor 0.6444 2029 2641 2092 2692
resistor 0.6298 2042 913 2088 947
resistor 0.6295 3715 964 3757 1046
resistor 0.6117 3310 1582 3348 1631
resistor 0.5733 3714 862 3732 895
resistor 0.5362 2273 2073 2303 2118
resistor 0.3101 3270 1913 3334 1959
pads 0.9752 2803 1806 2825 1861
pads 0.9671 717 1745 757 1814
pads 0.9616 1584 1512 1870 1704
pads 0.9601 1596 2157 1622 2209
pads 0.9571 1623 2452 1644 2492
pads 0.9570 1560 2186 1572 2220
pads 0.9522 1561 2253 1581 2286
pads 0.9495 1591 2236 1634 2293
pads 0.9479 1864 2621 1890 2655
pads 0.9455 1346 2583 1395 2630
pads 0.9433 726 1673 761 1732
pads 0.9414 1700 1314 1723 1356
pads 0.9379 3733 1012 3768 1100
pads 0.9241 1580 2311 1642 2392
pads 0.9092 1985 2632 2046 2684
pads 0.8970 1748 1459 1775 1504
pads 0.8856 1590 2044 1614 2096
pads 0.8846 1862 2675 1895 2719
pads 0.8744 1000 1421 1028 1437
pads 0.8720 1592 2363 1644 2462
pads 0.8646 1561 2292 1582 2333
pads 0.8207 2805 1712 2830 1786
pads 0.7915 1908 2638 1966 2695
pads 0.5906 1575 2299 1614 2369
pads 0.3036 1931 2684 1994 2724
emi 0.8924 818 1829 898 1872
emi 0.8689 664 1814 742 1860
emi 0.8081 3391 1742 3432 1816
emi 0.7152 663 1887 745 1962
capacitor 0.9875 3434 1762 3461 1810
capacitor 0.9855 1765 2950 1782 3000
capacitor 0.9833 2000 1937 2033 1994
capacitor 0.9723 1701 2946 1723 2995
capacitor 0.9654 1839 2965 1861 3002
capacitor 0.9620 744 1890 772 1929
capacitor 0.9607 2223 783 2252 834
capacitor 0.9591 796 1799 844 1822
capacitor 0.9588 2258 1556 2285 1618
capacitor 0.9576 2470 792 2493 835
capacitor 0.9549 2293 803 2313 843
capacitor 0.9471 1633 2946 1652 2996
capacitor 0.9463 2332 1306 2353 1355
capacitor 0.9454 2080 2639 2121 2678
capacitor 0.9390 749 1814 773 1858
capacitor 0.9376 2035 2935 2057 2969
capacitor 0.9340 1934 1940 1956 1988
capacitor 0.9305 3323 1546 3363 1581
capacitor 0.9284 3441 1674 3471 1732
capacitor 0.9278 485 1763 513 1791
capacitor 0.9255 2465 1322 2490 1375
capacitor 0.9199 2153 1306 2176 1344
capacitor 0.9131 2273 1309 2298 1365
capacitor 0.9126 323 1791 375 1819
capacitor 0.9113 3731 1495 3775 1591
capacitor 0.9108 2559 1217 2599 1244
capacitor 0.9044 2414 1558 2444 1619
capacitor 0.9034 2185 2861 2230 2889
capacitor 0.8961 2560 1135 2592 1160
capacitor 0.8919 2343 1549 2372 1593
capacitor 0.8903 1434 2900 1455 2937
capacitor 0.8878 3442 1543 3471 1591
capacitor 0.8707 632 1903 690 1989
capacitor 0.8655 711 1518 762 1587
capacitor 0.8439 2568 1088 2604 1111
capacitor 0.8332 1922 1012 1968 1055
capacitor 0.8315 2035 1197 2084 1224
capacitor 0.8259 2582 988 2610 1009
capacitor 0.8253 2065 891 2096 918
capacitor 0.8135 1790 2758 1818 2818
capacitor 0.8128 3283 1704 3305 1752
capacitor 0.7990 2142 2846 2194 2883
capacitor 0.7882 2060 993 2091 1016
capacitor 0.7826 2035 2841 2055 2874
capacitor 0.7384 2113 2627 2161 2679
capacitor 0.7287 2378 1553 2426 1603
capacitor 0.7051 418 1753 482 1791
capacitor 0.7046 3668 1939 3729 1977
capacitor 0.6970 3559 1877 3636 1930
capacitor 0.6910 2021 965 2072 993
capacitor 0.6899 2093 2777 2137 2840
capacitor 0.6869 1982 2796 2035 2845
capacitor 0.6723 852 1763 891 1798
capacitor 0.6629 2193 2635 2259 2671
capacitor 0.6344 611 1891 631 1926
capacitor 0.6135 2588 1162 2642 1196
capacitor 0.5957 2038 1766 2076 1816
capacitor 0.5807 68 1840 91 1877
capacitor 0.5774 3667 1905 3716 1937
capacitor 0.4834 2037 976 2085 1005
capacitor 0.3509 821 1784 880 1808
capacitor 0.3384 2204 784 2228 833
capacitor 0.3126 3318 1526 3369 1561
capacitor 0.3062 1732 2948 1748 2997
text 0.9882 988 1890 1018 1957
text 0.9789 1761 1276 1799 1354
text 0.9769 1991 1770 2016 1820
text 0.9749 405 2144 446 2175
text 0.9733 3351 1723 3400 1787
text 0.9713 3270 1838 3313 1906
text 0.9703 3421 2402 3457 2433
text 0.9696 3519 1172 3552 1274
text 0.9693 413 2777 433 2808
text 0.9690 3419 2479 3452 2510
text 0.9674 2074 198 2104 238
text 0.9614 2154 1660 2196 1732
text 0.9591 796 1824 859 1871
text 0.9586 2393 198 2422 229
text 0.9569 2391 386 2422 416
text 0.9563 1541 1640 1581 1709
text 0.9552 2006 1551 2046 1631
text 0.9545 1520 2712 1551 2782
text 0.9539 1977 1144 2027 1177
text 0.9501 1207 1465 1237 1493
text 0.9477 721 2778 741 2806
text 0.9466 3359 2394 3391 2422
text 0.9457 3501 1009 3531 1076
text 0.9393 904 2776 924 2811
text 0.9391 3641 1471 3676 1587
text 0.9390 3806 732 3847 754
text 0.9389 2470 721 2502 782
text 0.9361 3113 1425 3153 1502
text 0.9358 3805 574 3844 594
text 0.9355 2795 189 2830 239
text 0.9353 1551 2410 1578 2462
text 0.9347 1287 1839 1331 1863
text 0.9339 3114 189 3152 235
text 0.9332 603 2137 632 2166
text 0.9328 2955 1185 3005 1385
text 0.9322 2480 1719 2520 1799
text 0.9314 2619 1718 2657 1790
text 0.9310 2145 758 2181 840
text 0.9284 3120 384 3149 436
text 0.9275 284 634 442 683
text 0.9267 3083 2284 3133 2716
text 0.9257 2550 1719 2587 1791
text 0.9252 2224 2928 2263 2978
text 0.9247 876 1533 933 1567
text 0.9227 887 1771 909 1800
text 0.9215 2718 2709 2760 2783
text 0.9206 1599 1718 1632 1742
text 0.9206 3054 1216 3102 1388
text 0.9199 404 2504 444 2533
text 0.9180 2084 685 2119 760
text 0.9180 593 2776 620 2809
text 0.9173 785 1939 860 1999
text 0.9151 1980 910 2041 947
text 0.9146 1285 2620 1324 2649
text 0.9120 475 1385 513 1406
text 0.9115 627 1804 688 1862
text 0.9103 3172 2031 3204 2112
text 0.9100 2948 2455 2997 2649
text 0.9094 1284 2385 1333 2415
text 0.9083 1365 141 1408 311
text 0.9082 2038 1928 2090 1960
text 0.9081 3004 2157 3034 2228
text 0.9080 434 1755 471 1799
text 0.9070 1283 1602 1335 1632
text 0.9066 1611 1274 1650 1357
text 0.9066 2076 2691 2130 2755
text 0.9065 1670 1968 1699 2017
text 0.9063 2953 2228 2994 2292
text 0.9053 254 1759 292 1829
text 0.9049 3094 590 3202 752
text 0.9007 909 2136 941 2167
text 0.8979 3171 2471 3202 2503
text 0.8964 2341 1363 2370 1422
text 0.8963 1186 2828 1215 2877
text 0.8959 3489 1819 3528 1846
text 0.8949 407 2423 445 2451
text 0.8948 1671 378 1710 452
text 0.8930 1619 946 1666 1050
text 0.8916 3663 1112 3712 1131
text 0.8912 2708 870 2738 904
text 0.8907 3191 1829 3215 1857
text 0.8903 1562 2099 1584 2157
text 0.8902 3242 1186 3281 1268
text 0.8888 3778 1019 3815 1100
text 0.8867 900 2423 938 2452
text 0.8863 3434 2022 3465 2104
text 0.8842 1621 1455 1651 1503
text 0.8788 1860 1858 1897 1908
text 0.8766 3171 2396 3201 2432
text 0.8753 1550 1540 1581 1565
text 0.8746 1263 2827 1284 2877
text 0.8745 3033 1627 3083 1914
text 0.8728 2813 1904 2856 1959
text 0.8724 711 2503 743 2534
text 0.8712 898 2500 938 2531
text 0.8707 2532 1283 2571 1359
text 0.8695 1106 1582 1185 1620
text 0.8679 1671 593 1719 911
text 0.8677 3680 1313 3709 1338
text 0.8647 3014 1133 3054 1218
text 0.8644 2293 712 2317 778
text 0.8642 3360 2474 3398 2505
text 0.8641 483 879 511 902
text 0.8616 3289 1575 3311 1623
text 0.8610 2797 382 2827 427
text 0.8597 2220 1872 2280 1900
text 0.8596 3486 1647 3565 1708
text 0.8593 2413 1720 2453 1798
text 0.8588 2471 2326 2521 2777
text 0.8582 3131 1185 3176 1255
text 0.8577 2746 2137 2914 2648
text 0.8556 1971 2674 2033 2725
text 0.8514 473 1070 504 1090
text 0.8504 2632 977 2688 1008
text 0.8461 2026 198 2056 228
text 0.8454 385 1273 424 1335
text 0.8448 1393 2640 1460 2681
text 0.8447 3170 852 3216 1057
text 0.8447 2589 2223 2678 2528
text 0.8445 1186 2737 1225 2780
text 0.8398 2326 2883 2364 2948
text 0.8395 3617 1829 3648 1871
text 0.8383 3737 1590 3778 1675
text 0.8373 238 1840 267 1888
text 0.8368 1870 1654 1894 1697
text 0.8362 1826 953 1919 1001
text 0.8356 1876 2935 1909 2985
text 0.8355 2176 447 2621 506
text 0.8335 3559 1113 3589 1128
text 0.8333 3359 2748 3387 2779
text 0.8330 730 1457 772 1488
text 0.8314 3479 765 3519 830
text 0.8303 3490 1602 3558 1672
text 0.8287 2165 1870 2228 1898
text 0.8275 2293 1433 2323 1505
text 0.8270 2225 2881 2273 2922
text 0.8267 3614 2473 3646 2507
text 0.8260 1572 644 1623 912
text 0.8192 1127 1837 1203 1878
text 0.8188 3306 147 3499 399
text 0.8187 3484 742 3532 790
text 0.8180 1868 1527 1896 1578
text 0.8174 2762 1663 2805 1780
text 0.8170 3616 2117 3636 2145
text 0.8166 1008 2850 1037 2917
text 0.8141 683 1603 722 1634
text 0.8136 2888 657 2936 740
text 0.8106 1325 361 1393 486
text 0.8077 3745 1116 3807 1381
text 0.8077 2304 2105 2333 2180
text 0.7998 1966 1227 2001 1257
text 0.7978 900 2829 936 2876
text 0.7969 2255 1720 2300 1799
text 0.7968 2200 724 2231 784
text 0.7966 2298 1603 2332 1672
text 0.7934 3418 2758 3448 2798
text 0.7931 1917 1278 1955 1357
text 0.7923 695 1592 730 1630
text 0.7922 1186 2480 1226 2532
text 0.7900 2097 1690 2125 1772
text 0.7894 1621 683 1670 922
text 0.7885 132 1585 184 1611
text 0.7885 593 2829 633 2878
text 0.7878 1096 1414 1145 1443
text 0.7867 3439 2126 3460 2156
text 0.7856 2145 2746 2214 2849
text 0.7854 2564 895 2622 926
text 0.7840 1777 2650 1809 2713
text 0.7836 1351 2823 1379 2878
text 0.7803 3795 918 3814 960
text 0.7744 1658 2896 1688 2948
text 0.7731 3726 1884 3764 1918
text 0.7723 2806 926 2868 1202
text 0.7719 922 1712 960 1742
text 0.7715 2816 1585 2857 1667
text 0.7713 2155 2680 2215 2755
text 0.7711 1671 1080 1702 1128
text 0.7706 2076 379 2104 417
text 0.7676 603 2501 632 2530
text 0.7672 3610 782 3730 831
text 0.7671 3163 2759 3199 2791
text 0.7664 1797 1043 1830 1088
text 0.7655 1713 948 1739 1008
text 0.7639 3369 939 3415 1016
text 0.7628 1728 1455 1758 1503
text 0.7627 1885 2811 1954 2839
text 0.7616 1914 974 1975 1024
text 0.7613 2343 1718 2381 1790
text 0.7591 2263 2652 2327 2683
text 0.7570 3370 907 3411 956
text 0.7568 1788 418 1855 445
text 0.7555 3609 2395 3649 2424
text 0.7547 3211 739 3250 1109
text 0.7538 407 1967 443 2003
text 0.7531 1167 1966 1206 2017
text 0.7511 3450 573 3489 675
text 0.7494 2689 1015 2757 1049
text 0.7479 2115 2695 2198 2740
text 0.7449 1124 1781 1203 1822
text 0.7448 1187 1708 1224 1760
text 0.7437 3292 1547 3322 1585
text 0.7434 2918 1137 2956 1217
text 0.7430 711 2421 741 2454
text 0.7419 1978 1848 2009 1886
text 0.7407 1733 2892 1759 2947
text 0.7398 1976 1058 2030 1089
text 0.7377 947 2319 989 2719
text 0.7365 3667 1594 3748 1680
text 0.7362 603 2419 633 2455
text 0.7281 1743 1080 1789 1141
text 0.7261 1969 1073 2034 1103
text 0.7202 1127 2462 1176 2764
text 0.7193 1895 1513 1946 1643
text 0.7144 3638 824 3709 900
text 0.7096 3354 2111 3381 2146
text 0.7080 935 2018 977 2071
text 0.7057 859 1937 880 1998
text 0.7050 391 1876 425 1940
text 0.7003 2709 1769 2802 1808
text 0.7000 2292 2243 2320 2318
text 0.7000 2256 2870 2303 2926
text 0.6982 1101 2828 1143 2911
text 0.6960 1976 939 2026 968
text 0.6959 3154 1836 3172 1869
text 0.6923 701 2135 730 2165
text 0.6883 2262 713 2289 784
text 0.6881 1080 1890 1118 1957
text 0.6879 2441 198 2470 229
text 0.6870 1726 403 1770 442
text 0.6863 1394 1722 1442 1932
text 0.6860 3795 962 3814 1002
text 0.6848 2124 1296 2153 1346
text 0.6826 1729 198 1758 218
text 0.6778 2413 2303 2470 2779
text 0.6776 3704 1032 3732 1116
text 0.6753 2830 2732 2955 2788
text 0.6710 3559 1828 3611 1880
text 0.6708 2615 1127 2686 1171
text 0.6696 2916 1562 2968 1593
text 0.6659 1788 1215 1818 1252
text 0.6576 2200 2687 2232 2745
text 0.6574 2186 1978 2252 2010
text 0.6499 3304 829 3355 1105
text 0.6492 2518 2404 2559 2749
text 0.6399 1389 2522 1462 2588
text 0.6382 2036 385 2065 415
text 0.6331 3470 1533 3502 1581
text 0.6324 537 1750 597 1813
text 0.6321 1753 1789 1850 1893
text 0.6269 2355 1602 2382 1667
text 0.6258 2579 695 2620 795
text 0.6235 466 1485 493 1523
text 0.6234 2827 2821 2950 2877
text 0.6162 1809 1226 1836 1259
text 0.6043 3547 1010 3575 1085
text 0.6008 1561 2056 1592 2107
text 0.5992 2915 1799 2962 1831
text 0.5968 3628 2749 3647 2779
text 0.5958 1096 2853 1134 2935
text 0.5947 1409 2564 1467 2639
text 0.5937 3617 1328 3647 1395
text 0.5935 1334 2828 1354 2887
text 0.5866 2757 2906 2789 2977
text 0.5673 2029 1852 2075 1890
text 0.5665 2755 189 2786 241
text 0.5526 2441 1402 2461 1465
text 0.5421 918 1413 969 1446
text 0.5411 1893 2673 1978 2712
text 0.5356 2751 388 2786 434
text 0.5279 2223 1316 2261 1380
text 0.5219 2264 2678 2325 2719
text 0.5178 1650 2117 1670 2168
text 0.5087 1413 2886 1438 2933
text 0.5046 601 1973 646 2011
text 0.4879 2210 2681 2255 2759
text 0.4652 2554 1226 2630 1270
text 0.4316 301 1763 352 1800
text 0.4216 1966 1900 1999 1975
text 0.4081 2267 1970 2322 2010
text 0.3882 3786 963 3808 1008
text 0.3767 3688 1058 3730 1119
text 0.3645 1801 1215 1827 1251
text 0.3606 2284 2246 2307 2313
text 0.3545 1800 1033 1849 1063
text 0.3421 1923 1178 1961 1211
text 0.3366 2046 1983 2111 2006
text 0.3291 3609 1318 3638 1382
text 0.3283 2277 2882 2313 2942
text 0.3257 2054 2894 2100 2961
text 0.3194 1711 384 1756 457
text 0.3191 1355 2562 1434 2611
text 0.3153 1569 2946 1596 3005
text 0.3043 1574 942 1634 1043
text 0.3002 2824 2780 2966 2850
pins 0.9365 677 1267 1105 1367
pins 0.6278 3685 1492 3762 1591
component 0.9945 1828 1303 1889 1394
component 0.9922 1821 1097 1892 1189
component 0.9894 3191 1790 3203 1810
component 0.9869 3491 1896 3540 1920
component 0.9861 182 1891 202 1968
component 0.9859 1985 1305 2054 1393
component 0.9779 771 1537 817 1589
component 0.9777 682 1706 710 1740
component 0.9761 3583 1148 3742 1305
component 0.9745 3241 1772 3264 1818
component 0.9719 2618 1030 2658 1057
component 0.9707 3533 1558 3558 1585
component 0.9704 3322 1659 3342 1688
component 0.9692 570 1773 596 1815
component 0.9660 3293 1920 3311 1942
component 0.9580 3320 1592 3340 1632
component 0.9577 898 1654 922 1674
component 0.9562 114 1877 166 1976
component 0.9537 1591 2757 1694 2836
component 0.9505 2087 777 2115 820
component 0.9491 671 1744 716 1779
component 0.9488 1829 2172 2134 2481
component 0.9487 3575 1550 3606 1585
component 0.9400 1877 1776 1965 1842
component 0.9350 318 1528 412 1704
component 0.9288 3608 1464 3627 1485
component 0.9223 2189 922 2415 1227
component 0.9144 2038 1822 2074 1850
component 0.9139 3452 1456 3474 1493
component 0.9107 980 72 1151 130
component 0.8985 110 1655 178 1833
component 0.8906 3412 1844 3448 1888
component 0.8800 2594 1331 2678 1437
component 0.8771 555 1668 592 1701
component 0.8669 1941 2856 1975 2883
component 0.8658 3708 1805 3756 1849
component 0.8566 1844 1001 1886 1030
component 0.8439 171 1649 203 1797
component 0.8322 3400 1931 3419 1953
component 0.8279 3349 1453 3380 1488
component 0.8002 551 1610 611 1657
component 0.7917 156 1672 194 1829
component 0.7834 93 1607 192 1658
component 0.7791 2045 2778 2067 2822
component 0.7224 1046 1473 1147 1542
component 0.7056 2660 726 2717 813
component 0.6927 871 51 919 81
component 0.6185 680 52 732 82
component 0.6060 768 1582 821 1613
component 0.5477 942 1653 959 1671
component 0.4329 100 1616 156 1667
component 0.3322 718 47 784 82
test 0.9885 1764 743 1907 899
test 0.9341 665 1581 694 1621
test 0.9133 570 1959 606 1998
test 0.7206 3638 1828 3668 1893
test 0.6894 3569 1573 3633 1617
led 0.8270 2953 1039 3005 1153
led 0.7211 3052 1047 3102 1155
clock 0.8689 1790 1070 1926 1213
clock 0.8521 1846 1756 1998 1863
clock 0.8409 272 1449 462 1778
ic 0.9904 1680 2028 2266 2625
ic 0.9812 2098 846 2550 1302
ic 0.9167 402 1802 607 1998
ic 0.9034 826 1696 889 1764
ic 0.8240 3446 1614 3523 1667
ic 0.8046 3340 1444 3421 1502
ic 0.7376 3586 1888 3657 1947
ic 0.7305 3429 1447 3499 1506
switch 0.9495 64 1863 226 2001
switch 0.8161 64 1635 231 1854
electrolytic 0.9436 1916 2850 2015 2886
electrolytic 0.8826 2009 2705 2107 2752
electrolytic 0.8806 1027 1453 1191 1571
electrolytic 0.8300 2571 1293 2703 1471
electrolytic 0.8271 465 1651 533 1742
electrolytic 0.8239 2622 694 2739 870
electrolytic 0.8216 1960 1257 2078 1441
electrolytic 0.7862 757 1490 854 1633
electrolytic 0.7756 1800 1261 1921 1438
electrolytic 0.7621 1560 2737 1731 2857
electrolytic 0.7049 3517 1454 3569 1544
electrolytic 0.6953 2589 1017 2686 1067
electrolytic 0.6186 3390 1822 3451 1909
electrolytic 0.3264 3683 1786 3772 1875
button 0.9456 2945 616 3081 763
button 0.8840 69 1465 249 1578
transistor 0.9497 495 1468 708 1577
transistor 0.8133 898 1555 969 1617
transistor 0.7877 3321 1903 3379 1958
jumper 0.9798 1678 1176 1740 1288
jumper 0.9699 3116 941 3173 1051
jumper 0.9342 2767 2740 2829 2848
jumper 0.8795 2176 2756 2232 2856
inductor 0.8563 3382 1556 3441 1622
inductor 0.8422 3488 1672 3608 1816
inductor 0.7872 3223 1750 3273 1843
inductor 0.7261 3390 1663 3439 1742
inductor 0.6760 2181 2929 2221 2985
unknown 0.9759 2085 2834 2114 2887
zener 0.6674 3308 1731 3366 1801
display 0.9870 448 22 1285 1424
