connector 0.9818 840 229 2496 383
connector 0.9742 2727 1631 2868 1784
connector 0.9719 2731 2421 2867 2564
connector 0.9708 2729 1868 2866 2008
connector 0.9641 2733 2650 2865 2795
connector 0.9593 1100 1604 1234 1741
connector 0.9541 3627 686 3994 1275
connector 0.9516 3006 2869 3064 2933
connector 0.9382 496 2091 635 2827
connector 0.9301 3212 2088 3353 2845
connector 0.9301 1432 1660 1491 1719
connector 0.9283 2000 1572 2057 1622
connector 0.9224 869 1207 920 1255
connector 0.9202 3506 2095 3656 2852
connector 0.9142 1636 1670 1696 1721
connector 0.9067 2325 996 2377 1051
connector 0.9048 1790 1663 1850 1719
connector 0.8917 577 567 621 653
connector 0.8883 1096 1832 1237 1969
connector 0.8870 740 2083 891 2839
connector 0.8819 1090 2162 1156 2222
connector 0.8679 1895 1602 1954 1662
connector 0.8595 1284 2845 1335 2893
connector 0.8465 258 576 570 764
connector 0.8424 3027 1898 3080 1949
connector 0.8363 1571 1660 1631 1730
connector 0.8280 3738 1930 3835 1988
connector 0.8216 1793 2758 1845 2865
connector 0.7985 1716 1663 1765 1719
connector 0.7596 1504 1660 1561 1719
connector 0.7071 316 909 673 1029
connector 0.6711 2359 1141 2419 1182
resistor 0.9950 2401 1466 2426 1505
resistor 0.9921 723 1809 760 1857
resistor 0.9728 487 1056 525 1110
resistor 0.9687 2014 1080 2047 1103
resistor 0.9641 1668 1368 1706 1439
resistor 0.9481 1113 950 1159 1031
resistor 0.9469 3030 1423 3068 1435
resistor 0.9468 1983 1774 2007 1804
resistor 0.9391 393 1025 456 1116
resistor 0.9317 2873 1784 2894 1820
resistor 0.9295 2110 1708 2135 1742
resistor 0.9222 2011 928 2059 953
resistor 0.9180 2135 1143 2165 1194
resistor 0.9156 412 853 441 907
resistor 0.9086 1826 1403 1843 1453
resistor 0.8993 2872 1829 2898 1867
resistor 0.8973 1789 1398 1818 1454
resistor 0.8966 2003 2634 2055 2689
resistor 0.8958 544 1545 575 1600
resistor 0.8903 2254 2676 2293 2725
resistor 0.8871 1931 1907 1978 1935
resistor 0.8792 1890 2633 1983 2699
resistor 0.8781 1839 1894 1886 1925
resistor 0.8639 1702 1317 1724 1357
resistor 0.8560 482 1315 513 1353
resistor 0.8544 1846 2663 1905 2696
resistor 0.8529 2307 1019 2361 1060
resistor 0.8502 1918 1977 1957 1999
resistor 0.8408 1787 2097 1814 2149
resistor 0.8391 2371 1093 2412 1139
resistor 0.8330 2018 1103 2056 1120
resistor 0.8292 1818 1969 1884 2006
resistor 0.8099 1500 930 1533 949
resistor 0.8025 456 1457 509 1495
resistor 0.7688 3350 1633 3385 1668
resistor 0.7673 1800 2069 1829 2113
resistor 0.7642 371 862 394 923
resistor 0.7608 1713 1404 1733 1445
resistor 0.7437 2171 2888 2216 2935
resistor 0.7173 1972 1970 2023 1998
resistor 0.6943 1855 1987 1910 2019
resistor 0.6883 972 942 1026 1041
resistor 0.6821 557 957 604 1040
resistor 0.6635 332 936 392 1040
resistor 0.6446 1964 1933 2008 1967
resistor 0.6399 1818 2231 1831 2277
resistor 0.6298 490 927 558 1047
resistor 0.5671 781 1902 821 1956
resistor 0.3228 398 902 471 1046
pads 0.9858 2467 2314 2513 2384
pads 0.9835 2075 2641 2117 2680
pads 0.9793 2469 2243 2489 2281
pads 0.9765 3333 1689 3380 1729
pads 0.9697 335 1031 374 1099
pads 0.9675 2478 2144 2503 2201
pads 0.9625 2378 1314 2403 1356
pads 0.9467 1273 1811 1301 1861
pads 0.9437 2235 1512 2518 1702
pads 0.9419 2469 2400 2506 2464
pads 0.9401 2334 1467 2358 1504
pads 0.9003 2154 2640 2192 2684
pads 0.8973 3342 1766 3382 1816
pads 0.8541 2496 2060 2519 2108
pads 0.8219 1274 1715 1308 1791
pads 0.8183 2706 2580 2757 2632
pads 0.8126 2458 2435 2480 2495
pads 0.7851 2530 2184 2553 2223
pads 0.7700 2208 2610 2241 2657
pads 0.7081 2521 2255 2540 2286
pads 0.6317 2195 2676 2239 2734
pads 0.6040 2518 2299 2544 2341
pads 0.5609 3068 1421 3105 1437
pads 0.3598 3076 1418 3131 1438
pads 0.3248 2521 2177 2543 2220
pads 0.3186 2686 2592 2729 2631
emi 0.9390 669 1743 712 1819
emi 0.9095 3362 1820 3440 1867
emi 0.8845 3201 1826 3289 1869
emi 0.6239 3365 1887 3441 1956
capacitor 0.9842 2243 2966 2266 3002
capacitor 0.9842 1603 795 1621 829
capacitor 0.9751 1923 1303 1940 1336
capacitor 0.9733 1607 1321 1631 1383
capacitor 0.9695 1956 2844 1976 2880
capacitor 0.9680 736 1547 781 1574
capacitor 0.9608 796 1684 823 1761
capacitor 0.9590 2379 2948 2399 2995
capacitor 0.9576 3263 1801 3310 1822
capacitor 0.9449 3330 1813 3348 1859
capacitor 0.9410 1747 1307 1780 1360
capacitor 0.9355 3332 1887 3377 1932
capacitor 0.9291 1865 782 1897 839
capacitor 0.9262 2144 1941 2164 1987
capacitor 0.9259 1507 1137 1542 1163
capacitor 0.9242 2094 2817 2125 2845
capacitor 0.9186 1787 797 1807 842
capacitor 0.9182 3437 1903 3473 1986
capacitor 0.9156 2315 2952 2338 2997
capacitor 0.9113 1664 1556 1698 1618
capacitor 0.8945 3596 1760 3622 1792
capacitor 0.8941 3726 1790 3786 1818
capacitor 0.8900 4003 1604 4033 1653
capacitor 0.8829 2018 1194 2065 1214
capacitor 0.8739 2065 1943 2094 1998
capacitor 0.8728 3338 1550 3389 1584
capacitor 0.8652 376 1924 436 1978
capacitor 0.8608 1507 1224 1551 1247
capacitor 0.8532 615 1502 663 1546
capacitor 0.8387 2451 2949 2469 2995
capacitor 0.8373 627 1540 685 1592
capacitor 0.8290 2644 2896 2660 2936
capacitor 0.8034 3388 1776 3443 1809
capacitor 0.7945 455 1502 505 1555
capacitor 0.7939 4011 1841 4033 1884
capacitor 0.7938 489 1885 546 1939
capacitor 0.7905 3215 1762 3256 1796
capacitor 0.7873 3392 1691 3429 1729
capacitor 0.7746 1501 1089 1534 1114
capacitor 0.7706 1699 1554 1725 1599
capacitor 0.7685 2281 2762 2311 2826
capacitor 0.7663 3666 1771 3734 1818
capacitor 0.7599 1816 1556 1849 1633
capacitor 0.7504 2004 970 2052 1008
capacitor 0.7491 1871 2860 1914 2899
capacitor 0.7359 1930 2735 1984 2841
capacitor 0.7275 1492 990 1523 1008
capacitor 0.7015 1448 1155 1510 1196
capacitor 0.6942 2142 1015 2209 1050
capacitor 0.6937 1746 1553 1768 1584
capacitor 0.6649 1912 2617 1995 2671
capacitor 0.6584 3618 1755 3646 1790
capacitor 0.6533 1731 1552 1750 1585
capacitor 0.6367 2019 957 2072 991
capacitor 0.6254 3469 1888 3490 1931
capacitor 0.5846 2057 2915 2084 2969
capacitor 0.5466 3310 1695 3342 1741
capacitor 0.4629 1808 782 1836 839
capacitor 0.3811 1572 797 1592 839
text 0.9806 644 2401 679 2431
text 0.9794 1682 197 1709 230
text 0.9786 3656 2145 3695 2175
text 0.9770 2077 1072 2129 1099
text 0.9769 3836 1843 3864 1888
text 0.9761 3668 2780 3687 2809
text 0.9744 1909 1660 1947 1730
text 0.9686 1997 198 2026 237
text 0.9673 820 1190 860 1268
text 0.9663 3359 2778 3380 2808
text 0.9652 2305 1278 2344 1355
text 0.9645 555 1147 603 1286
text 0.9623 2400 1969 2431 2018
text 0.9603 1918 762 1957 840
text 0.9549 3185 1767 3214 1802
text 0.9549 2093 1846 2117 1871
text 0.9518 3591 1383 3629 1407
text 0.9513 255 573 295 594
text 0.9500 3173 2777 3199 2811
text 0.9494 3591 879 3618 902
text 0.9493 645 2481 683 2509
text 0.9458 2541 2328 2582 2369
text 0.9446 573 744 619 811
text 0.9438 426 1466 457 1583
text 0.9435 1681 385 1710 416
text 0.9435 572 1818 622 1841
text 0.9434 2817 2830 2838 2881
text 0.9429 2052 1554 2095 1633
text 0.9427 2391 376 2426 455
text 0.9420 2868 1463 2898 1493
text 0.9390 2243 2893 2271 2942
text 0.9352 3280 1825 3325 1876
text 0.9343 1987 678 2018 763
text 0.9336 601 147 799 392
text 0.9332 898 2028 929 2106
text 0.9321 949 385 979 439
text 0.9319 898 2396 927 2435
text 0.9315 967 2290 1018 2714
text 0.9311 2769 1840 2817 1864
text 0.9310 1769 1601 1796 1671
text 0.9308 3655 2504 3696 2534
text 0.9304 1035 934 1072 1031
text 0.9294 570 1011 603 1076
text 0.9288 1601 721 1633 781
text 0.9270 2157 1510 2204 1637
text 0.9249 2967 2859 3003 2939
text 0.9246 1275 190 1308 241
text 0.9243 2873 2481 2913 2531
text 0.9238 2149 989 2189 1026
text 0.9232 1512 1717 1552 1789
text 0.9229 1578 2322 1627 2767
text 0.9175 2100 1228 2134 1261
text 0.9171 1286 384 1331 433
text 0.9157 2894 1841 2976 1879
text 0.9157 1838 2928 1875 2979
text 0.9156 2549 2715 2581 2784
text 0.9145 1018 1631 1068 1929
text 0.9135 3485 2782 3506 2815
text 0.9132 286 955 306 1002
text 0.9123 1067 2152 1098 2228
text 0.9121 3657 2420 3695 2452
text 0.9115 1840 2887 1874 2937
text 0.9104 3598 1070 3627 1090
text 0.9092 1877 1868 1940 1896
text 0.9091 2546 2234 2576 2277
text 0.9072 2147 2809 2202 2838
text 0.9069 516 1858 548 1879
text 0.9060 2449 1275 2490 1354
text 0.9055 3188 1530 3226 1573
text 0.9046 899 2473 927 2502
text 0.9043 1096 1187 1147 1382
text 0.9019 3435 1802 3477 1858
text 0.9008 2957 1418 3004 1444
text 0.9006 2770 1602 2825 1632
text 0.9004 3220 1939 3245 1996
text 0.9001 2697 141 2739 306
text 0.9001 1360 868 1397 902
text 0.8992 2079 1150 2127 1178
text 0.8974 2381 589 2432 910
text 0.8963 1521 1279 1565 1362
text 0.8956 3360 2422 3390 2453
text 0.8954 2136 1680 2164 1740
text 0.8949 1632 197 1661 228
text 0.8919 1581 1721 1621 1797
text 0.8918 1739 2885 1776 2943
text 0.8893 2245 424 2309 447
text 0.8892 1995 1923 2053 1961
text 0.8885 1245 1911 1286 1961
text 0.8884 2311 1078 2360 1145
text 0.8858 1148 1138 1189 1217
text 0.8847 2057 909 2116 935
text 0.8845 949 191 988 239
text 0.8815 2639 2640 2707 2681
text 0.8812 296 1117 354 1382
text 0.8787 3329 1465 3370 1510
text 0.8772 342 1887 376 1919
text 0.8763 3673 1274 3716 1332
text 0.8740 3082 1888 3111 1960
text 0.8713 257 731 296 753
text 0.8713 3380 1613 3411 1638
text 0.8710 3163 2502 3204 2530
text 0.8705 2773 2622 2819 2650
text 0.8700 1105 2449 1155 2654
text 0.8697 650 2762 682 2799
text 0.8654 2194 1212 2225 1238
text 0.8651 2146 1279 2183 1357
text 0.8650 2520 1540 2549 1563
text 0.8613 1781 2240 1810 2309
text 0.8586 3657 632 3814 682
text 0.8572 2483 948 2531 1050
text 0.8568 1107 2225 1148 2295
text 0.8560 1895 2684 1969 2753
text 0.8539 636 2021 668 2098
text 0.8532 1846 2690 1891 2751
text 0.8521 1245 1584 1286 1661
text 0.8508 2769 2383 2815 2415
text 0.8487 1721 1604 1752 1662
text 0.8485 3840 1756 3865 1806
text 0.8455 1425 2225 1510 2527
text 0.8454 948 1421 987 1502
text 0.8436 584 764 623 831
text 0.8416 3147 1712 3184 1742
text 0.8412 1488 900 1541 926
text 0.8400 1160 656 1213 733
text 0.8387 394 1310 432 1342
text 0.8377 1441 1720 1481 1788
text 0.8375 2127 1048 2181 1075
text 0.8351 2748 2830 2769 2881
text 0.8347 1314 2909 1344 2978
text 0.8345 2876 2735 2915 2779
text 0.8336 719 2112 743 2146
text 0.8335 1786 713 1814 780
text 0.8332 3123 2015 3162 2067
text 0.8329 2065 2672 2124 2732
text 0.8315 799 1859 834 1903
text 0.8315 682 960 729 1000
text 0.8311 3163 2422 3202 2453
text 0.8310 2522 1638 2560 1710
text 0.8281 1146 2726 1280 2789
text 0.8271 998 1221 1048 1386
text 0.8268 1737 1360 1767 1427
text 0.8266 2411 2897 2442 2945
text 0.8264 3647 1761 3699 1809
text 0.8254 640 2127 660 2156
text 0.8243 1296 1770 1397 1810
text 0.8238 2481 630 2530 915
text 0.8221 376 782 495 829
text 0.8190 2892 1781 2977 1820
text 0.8150 1139 1562 1187 1593
text 0.8125 2028 380 2065 415
text 0.8118 492 1105 539 1130
text 0.8113 3693 1881 3716 1920
text 0.8113 886 841 929 1069
text 0.8111 2259 1227 2293 1258
text 0.8103 2081 1774 2107 1816
text 0.8102 3360 2503 3391 2531
text 0.8088 1768 2114 1798 2178
text 0.8079 1484 691 1522 792
text 0.8078 1976 1696 2013 1769
text 0.8068 899 592 1007 753
text 0.8055 2890 2825 2916 2877
text 0.8038 323 1585 380 1653
text 0.8009 3468 2416 3496 2446
text 0.7995 3247 1936 3341 2001
text 0.7987 711 2395 742 2424
text 0.7985 2470 1713 2502 1742
text 0.7974 900 2760 939 2789
text 0.7973 3162 2136 3191 2166
text 0.7959 2339 399 2375 429
text 0.7932 408 1919 455 1993
text 0.7922 2987 1893 3024 1955
text 0.7920 2343 197 2373 219
text 0.7889 2075 938 2131 969
text 0.7878 702 2473 740 2504
text 0.7866 2451 1454 2472 1504
text 0.7859 1137 1799 1189 1829
text 0.7850 883 1828 920 1858
text 0.7827 3369 2137 3400 2167
text 0.7810 1543 2400 1581 2772
text 0.7809 285 919 304 960
text 0.7804 789 1594 811 1626
text 0.7796 1348 1018 1416 1049
text 0.7783 1189 2119 1348 2658
text 0.7780 558 1564 643 1636
text 0.7725 1868 716 1900 785
text 0.7722 1046 1136 1086 1217
text 0.7719 751 846 798 1102
text 0.7702 2925 2469 2979 2764
text 0.7687 571 1679 634 1732
text 0.7679 400 1113 438 1134
text 0.7672 3468 2137 3501 2165
text 0.7667 2876 1709 2915 1758
text 0.7638 3360 1840 3426 1890
text 0.7626 2346 2897 2372 2946
text 0.7612 930 1181 968 1262
text 0.7573 2048 2844 2089 2904
text 0.7571 2517 2411 2546 2461
text 0.7571 3466 2503 3500 2531
text 0.7552 2896 1968 2937 2018
text 0.7517 2203 1541 2237 1574
text 0.7509 1295 1660 1345 1774
text 0.7487 2329 2730 2365 2782
text 0.7475 2710 355 2776 488
text 0.7454 1965 820 1996 879
text 0.7434 3061 2851 3094 2914
text 0.7431 2262 1045 2304 1069
text 0.7426 3647 1975 3683 2005
text 0.7406 1484 1237 1556 1264
text 0.7403 2645 2532 2709 2589
text 0.7376 1472 448 1936 505
text 0.7344 1637 1393 1659 1466
text 0.7338 699 1748 733 1814
text 0.7325 2917 1579 2992 1622
text 0.7321 1852 1319 1877 1374
text 0.7296 1403 982 1461 1008
text 0.7249 1569 721 1600 786
text 0.7239 3112 2333 3153 2703
text 0.7224 2044 198 2074 230
text 0.7201 2280 1211 2309 1243
text 0.7199 1642 384 1670 415
text 0.7198 1379 1157 1452 1198
text 0.7191 454 2470 485 2502
text 0.7187 3469 1758 3568 1818
text 0.7162 1808 714 1840 784
text 0.7153 2659 1719 2706 1935
text 0.7148 363 1593 437 1684
text 0.7147 1984 2678 2067 2746
text 0.7132 1235 913 1296 1206
text 0.7124 2390 1079 2430 1130
text 0.7110 1344 2707 1381 2784
text 0.7097 454 2397 497 2427
text 0.6993 2088 989 2145 1017
text 0.6967 2285 2762 2323 2846
text 0.6957 1649 1717 1687 1798
text 0.6956 690 909 735 955
text 0.6937 396 818 470 896
text 0.6879 1726 711 1757 786
text 0.6877 2431 2114 2452 2168
text 0.6871 1817 1869 1872 1901
text 0.6870 847 755 897 1116
text 0.6856 2122 2671 2188 2711
text 0.6838 455 2750 474 2779
text 0.6773 3608 1484 3637 1524
text 0.6743 777 1764 805 1826
text 0.6706 3782 1775 3815 1822
text 0.6669 1801 1721 1846 1801
text 0.6643 780 1552 801 1578
text 0.6633 3164 2828 3202 2878
text 0.6623 1399 1053 1469 1092
text 0.6563 459 1057 492 1129
text 0.6558 1776 2648 1839 2678
text 0.6537 613 572 652 671
text 0.6533 464 2111 484 2147
text 0.6491 455 1831 484 1879
text 0.6489 2196 2938 2223 2991
text 0.6457 3695 1769 3745 1804
text 0.6437 466 1602 567 1656
text 0.6415 714 2748 741 2779
text 0.6412 707 1590 809 1656
text 0.6400 617 1740 662 1831
text 0.6391 2252 1790 2342 1888
text 0.6322 2430 946 2480 1050
text 0.6269 2645 2562 2695 2636
text 0.6179 1836 2611 1908 2645
text 0.6174 2199 1864 2234 1905
text 0.6121 3314 1892 3386 1956
text 0.6100 2211 1648 2232 1691
text 0.6082 411 1582 479 1708
text 0.5908 1978 2608 2078 2675
text 0.5798 2292 2650 2323 2713
text 0.5735 1720 1719 1762 1791
text 0.5708 2520 2101 2542 2151
text 0.5613 3460 1975 3500 2006
text 0.5503 1142 2820 1271 2880
text 0.5492 857 1747 890 1825
text 0.5488 454 1325 484 1393
text 0.5472 288 1007 320 1091
text 0.5447 3471 2830 3507 2876
text 0.5400 2432 694 2487 908
text 0.5317 2043 1767 2070 1816
text 0.5275 2509 2058 2540 2109
text 0.4728 1775 2681 1832 2711
text 0.4441 362 1022 405 1100
text 0.4244 2911 2835 2945 2904
text 0.4234 2204 1660 2225 1712
text 0.4116 781 1684 808 1742
text 0.4032 1314 386 1355 435
text 0.3774 641 1824 701 1899
text 0.3765 2164 1206 2198 1253
text 0.3734 2111 2635 2162 2683
text 0.3531 702 2399 734 2429
text 0.3499 700 1818 733 1888
text 0.3492 3304 1743 3343 1799
text 0.3474 2492 2398 2537 2462
text 0.3425 2697 2838 2724 2890
text 0.3367 781 1591 803 1624
text 0.3301 704 2752 735 2790
text 0.3298 2434 2240 2461 2290
text 0.3227 1347 1046 1412 1079
text 0.3180 1140 2759 1261 2833
text 0.3090 2273 1028 2318 1067
pins 0.9455 2991 1266 3427 1365
pins 0.9224 332 1450 421 1587
component 0.9903 3507 1780 3528 1810
component 0.9898 2214 1304 2273 1393
component 0.9890 757 1662 785 1698
component 0.9868 2408 2760 2505 2837
component 0.9862 564 1893 610 1926
component 0.9843 890 1780 909 1809
component 0.9840 3236 1648 3277 1685
component 0.9837 2208 1091 2282 1176
component 0.9827 2134 1782 2222 1841
component 0.9818 1968 2174 2278 2481
component 0.9778 684 1930 702 1951
component 0.9769 2047 1306 2116 1395
component 0.9751 357 1142 518 1306
component 0.9750 1987 779 2012 819
component 0.9696 3908 1884 3976 1982
component 0.9686 3903 1667 3985 1834
component 0.9669 3178 1651 3200 1676
component 0.9651 346 1803 396 1846
component 0.9637 840 1775 869 1820
component 0.9618 3967 1891 3986 1968
component 0.9616 3408 1698 3427 1746
component 0.9611 1679 913 1920 1226
component 0.9610 3683 1525 3785 1718
component 0.9555 1422 1331 1503 1434
component 0.9518 719 1455 745 1494
component 0.9512 3280 1524 3334 1588
component 0.9356 792 1917 810 1940
component 0.9322 1446 1026 1483 1049
component 0.9285 2213 998 2254 1028
component 0.9180 2032 2779 2056 2817
component 0.9159 730 1593 780 1647
component 0.9133 629 1453 654 1494
component 0.9064 2943 68 3124 129
component 0.9047 2025 1821 2065 1849
component 0.8979 3498 1613 3554 1681
component 0.8923 3410 1742 3438 1774
component 0.8822 651 1839 691 1887
component 0.8656 475 1466 493 1488
component 0.8527 3142 1652 3162 1673
component 0.8431 3513 1665 3547 1705
component 0.8245 3185 54 3234 82
component 0.8206 2959 1478 3053 1545
component 0.8166 2123 2857 2149 2894
component 0.8020 487 1549 527 1586
component 0.7973 3919 1606 3974 1654
component 0.7969 3969 1654 3995 1834
component 0.7220 543 1549 563 1584
component 0.7080 1384 726 1453 817
component 0.7038 3369 49 3420 81
component 0.6024 3280 1583 3331 1619
test 0.9654 2193 744 2340 903
test 0.8948 434 1822 463 1879
test 0.8094 461 1561 533 1606
test 0.8032 3493 1958 3526 1999
test 0.7998 3408 1578 3439 1620
led 0.8440 1098 1042 1147 1157
led 0.8121 999 1049 1047 1160
clock 0.9162 3635 1460 3833 1781
clock 0.8911 2176 1069 2310 1205
clock 0.8249 2104 1762 2255 1860
ic 0.9895 1834 2019 2426 2622
ic 0.9877 1552 856 1994 1285
ic 0.8583 610 1445 671 1508
ic 0.8214 3488 1807 3694 1993
ic 0.8089 582 1602 662 1662
ic 0.8084 2019 2767 2068 2825
ic 0.7610 688 1444 760 1513
ic 0.5532 3218 1692 3274 1759
ic 0.4992 448 1889 513 1946
switch 0.9168 3859 1865 4032 2000
switch 0.7102 3860 1637 4028 1860
electrolytic 0.9165 1996 2710 2093 2752
electrolytic 0.8667 3567 1653 3635 1749
electrolytic 0.8501 1399 1289 1525 1472
electrolytic 0.8279 2186 1257 2304 1442
electrolytic 0.8070 2905 1452 3088 1570
electrolytic 0.7946 3248 1493 3356 1634
electrolytic 0.7943 2186 983 2281 1039
electrolytic 0.7668 2023 1254 2145 1445
electrolytic 0.6402 1364 683 1488 869
electrolytic 0.6356 2373 2735 2543 2862
electrolytic 0.5946 538 1440 595 1551
electrolytic 0.3141 542 1877 634 1954
button 0.9730 3855 1458 4035 1580
button 0.9374 1021 619 1159 763
transistor 0.8642 721 1897 781 1960
transistor 0.8567 3388 1455 3608 1581
transistor 0.6108 3141 1556 3208 1619
jumper 0.9062 1275 2738 1335 2847
jumper 0.8892 2363 1178 2420 1287
jumper 0.8328 1874 2758 1929 2855
jumper 0.6496 929 939 984 1048
inductor 0.9118 663 1649 712 1737
inductor 0.8811 658 1551 718 1619
inductor 0.8706 492 1673 622 1816
inductor 0.5680 1876 2923 1907 2984
unknown 0.9720 1985 2829 2015 2890
zener 0.8632 731 1729 785 1801
display 0.9858 2818 10 3647 1395
