connector 0.9794 836 230 2505 385
connector 0.9725 2730 1868 2866 2008
connector 0.9711 2725 1632 2868 1785
connector 0.9705 2727 2425 2868 2564
connector 0.9635 2731 2649 2865 2794
connector 0.9582 1100 1602 1236 1744
connector 0.9530 870 1206 919 1256
connector 0.9519 3007 2865 3059 2927
connector 0.9489 496 2098 633 2820
connector 0.9469 3631 685 3993 1270
connector 0.9313 3508 2080 3658 2860
connector 0.9297 3214 2086 3356 2846
connector 0.9246 576 569 622 659
connector 0.9175 2320 1000 2373 1048
connector 0.9152 2002 1571 2057 1624
connector 0.9129 1432 1661 1492 1722
connector 0.8946 1792 1660 1848 1721
connector 0.8871 1896 1604 1954 1665
connector 0.8845 739 2087 891 2832
connector 0.8789 1283 2845 1333 2895
connector 0.8783 1638 1668 1695 1720
connector 0.8675 1094 1832 1237 1969
connector 0.8426 1717 1662 1766 1719
connector 0.8361 1089 2164 1154 2224
connector 0.8292 1571 1660 1628 1731
connector 0.8225 3025 1898 3081 1950
connector 0.8139 3734 1928 3837 1989
connector 0.7944 257 573 571 764
connector 0.7577 1503 1662 1562 1722
connector 0.7405 1793 2759 1847 2868
connector 0.6471 2360 1137 2420 1179
connector 0.6333 303 910 676 1031
resistor 0.9952 2398 1465 2423 1502
resistor 0.9916 722 1809 759 1858
resistor 0.9671 489 1055 530 1110
resistor 0.9638 2015 1081 2048 1104
resistor 0.9444 392 1024 453 1115
resistor 0.9436 1668 1367 1706 1436
resistor 0.9369 1114 949 1157 1030
resistor 0.9351 1985 1778 2010 1809
resistor 0.9316 2006 928 2054 951
resistor 0.9315 1921 1978 1958 1999
resistor 0.9268 3030 1424 3068 1436
resistor 0.9256 2875 1782 2897 1820
resistor 0.9168 2134 1146 2162 1193
resistor 0.9159 1783 2099 1813 2148
resistor 0.9072 1930 1906 1975 1932
resistor 0.9047 1790 1399 1817 1456
resistor 0.8987 2111 1712 2135 1743
resistor 0.8944 2002 2634 2053 2688
resistor 0.8926 547 1548 576 1599
resistor 0.8901 1826 1403 1841 1453
resistor 0.8763 2874 1826 2899 1862
resistor 0.8723 484 1315 513 1352
resistor 0.8689 2307 1022 2360 1064
resistor 0.8682 410 854 438 904
resistor 0.8670 1703 1317 1724 1357
resistor 0.8616 1893 2635 1985 2700
resistor 0.8609 1840 1892 1885 1925
resistor 0.8524 2017 1104 2056 1120
resistor 0.8345 2369 1098 2411 1145
resistor 0.8339 2255 2677 2291 2723
resistor 0.8279 1849 2660 1906 2693
resistor 0.8267 454 1454 510 1494
resistor 0.8112 1714 1406 1733 1445
resistor 0.8025 1819 1968 1885 2008
resistor 0.7958 1502 931 1533 950
resistor 0.7748 1978 1971 2030 1997
resistor 0.7538 370 857 394 916
resistor 0.7477 1854 1989 1908 2021
resistor 0.7404 3350 1633 3386 1667
resistor 0.7269 2166 2885 2216 2939
resistor 0.6935 1799 2072 1828 2117
resistor 0.6795 556 963 603 1041
resistor 0.6595 330 934 395 1044
resistor 0.6520 1818 2237 1832 2281
resistor 0.6232 489 931 556 1048
resistor 0.6181 975 946 1030 1044
resistor 0.5958 782 1901 822 1955
resistor 0.5483 1967 1933 2009 1965
resistor 0.3190 394 907 469 1047
pads 0.9863 2077 2641 2117 2679
pads 0.9848 2469 2243 2490 2283
pads 0.9796 3336 1691 3376 1732
pads 0.9758 2467 2313 2514 2385
pads 0.9752 2476 2145 2500 2199
pads 0.9638 336 1028 378 1105
pads 0.9603 2379 1315 2402 1355
pads 0.9551 2333 1464 2358 1504
pads 0.9442 2477 2406 2511 2463
pads 0.9361 1272 1811 1298 1860
pads 0.9359 2239 1514 2518 1701
pads 0.9042 2152 2640 2193 2687
pads 0.8929 2494 2053 2516 2101
pads 0.8917 3341 1762 3380 1816
pads 0.8730 2458 2434 2480 2491
pads 0.8605 2708 2583 2761 2629
pads 0.8011 1272 1716 1305 1789
pads 0.7982 2212 2618 2242 2662
pads 0.7782 2530 2182 2552 2221
pads 0.6837 2519 2303 2544 2342
pads 0.6748 2522 2254 2539 2286
pads 0.6118 2196 2680 2236 2738
pads 0.5688 3070 1425 3105 1439
pads 0.3609 2521 2177 2542 2220
pads 0.3359 3082 1420 3139 1438
emi 0.9288 671 1749 712 1822
emi 0.8957 3365 1821 3438 1869
emi 0.8579 3203 1827 3287 1870
emi 0.6951 3366 1890 3439 1955
capacitor 0.9878 2238 2967 2261 3001
capacitor 0.9795 1923 1303 1941 1335
capacitor 0.9782 1604 798 1623 831
capacitor 0.9717 798 1680 824 1759
capacitor 0.9685 1606 1319 1632 1380
capacitor 0.9651 2145 1941 2166 1986
capacitor 0.9593 738 1552 780 1580
capacitor 0.9582 1957 2845 1976 2884
capacitor 0.9576 2380 2949 2401 2998
capacitor 0.9524 1746 1307 1778 1360
capacitor 0.9488 1668 1555 1701 1614
capacitor 0.9438 3263 1799 3310 1821
capacitor 0.9394 3330 1811 3349 1860
capacitor 0.9333 1512 1134 1544 1160
capacitor 0.9304 3331 1887 3377 1930
capacitor 0.9292 2092 2819 2122 2844
capacitor 0.9281 3434 1904 3473 1984
capacitor 0.9198 2311 2954 2334 2998
capacitor 0.9128 2066 1941 2095 2000
capacitor 0.9106 1866 781 1897 838
capacitor 0.9004 3339 1554 3385 1585
capacitor 0.8988 1791 794 1810 841
capacitor 0.8946 4006 1604 4034 1655
capacitor 0.8800 3725 1789 3784 1820
capacitor 0.8786 2017 1194 2065 1215
capacitor 0.8668 614 1505 662 1550
capacitor 0.8618 3598 1761 3623 1793
capacitor 0.8550 2452 2953 2472 2995
capacitor 0.8521 456 1506 506 1554
capacitor 0.8442 381 1917 439 1972
capacitor 0.8408 1509 1217 1547 1238
capacitor 0.8315 1817 1554 1848 1630
capacitor 0.8294 3388 1778 3444 1812
capacitor 0.8243 627 1543 685 1597
capacitor 0.8107 3392 1687 3428 1726
capacitor 0.7695 1502 1090 1537 1115
capacitor 0.7596 1746 1553 1766 1585
capacitor 0.7587 490 1884 549 1940
capacitor 0.7446 1867 2860 1916 2900
capacitor 0.7394 3214 1758 3256 1795
capacitor 0.7263 4011 1838 4032 1885
capacitor 0.7239 1930 2736 1985 2841
capacitor 0.7184 1710 1553 1735 1597
capacitor 0.7122 2649 2897 2665 2939
capacitor 0.7055 3670 1772 3733 1819
capacitor 0.6868 2021 959 2071 991
capacitor 0.6802 1914 2614 1994 2668
capacitor 0.6784 1491 991 1524 1009
capacitor 0.6780 1452 1157 1510 1197
capacitor 0.6743 2006 971 2053 1008
capacitor 0.6396 2281 2763 2313 2824
capacitor 0.6306 3618 1753 3647 1787
capacitor 0.6072 2142 1014 2207 1052
capacitor 0.5845 3468 1891 3491 1932
capacitor 0.5765 2055 2920 2079 2968
capacitor 0.5543 1731 1550 1749 1584
capacitor 0.5285 3310 1696 3340 1742
capacitor 0.4811 1808 783 1834 838
capacitor 0.4177 1571 794 1593 837
capacitor 0.3689 1503 969 1530 989
capacitor 0.3115 3480 1837 3498 1885
text 0.9755 3657 2145 3696 2175
text 0.9754 1994 198 2024 236
text 0.9737 643 2403 680 2432
text 0.9725 1681 198 1708 229
text 0.9711 2304 1277 2342 1354
text 0.9710 3665 2778 3685 2809
text 0.9705 3838 1843 3866 1887
text 0.9701 2093 1843 2118 1869
text 0.9701 3360 2779 3379 2810
text 0.9685 820 1189 861 1267
text 0.9667 2075 1073 2130 1101
text 0.9663 2549 2232 2579 2276
text 0.9615 1921 762 1956 839
text 0.9600 554 1155 601 1285
text 0.9598 1907 1662 1944 1730
text 0.9581 3175 2777 3200 2814
text 0.9556 2401 1969 2429 2019
text 0.9521 3589 1384 3628 1408
text 0.9478 571 1012 605 1078
text 0.9477 645 2484 681 2513
text 0.9472 2816 2829 2837 2879
text 0.9471 572 744 616 808
text 0.9457 254 575 293 596
text 0.9449 2544 2328 2582 2368
text 0.9448 422 1465 455 1583
text 0.9422 1680 388 1708 419
text 0.9410 2054 1553 2094 1632
text 0.9402 1600 724 1630 779
text 0.9385 3657 2500 3697 2531
text 0.9334 2768 1840 2816 1864
text 0.9330 3589 879 3617 902
text 0.9327 573 1818 625 1845
text 0.9317 2393 379 2429 453
text 0.9308 2641 2642 2707 2680
text 0.9276 2102 1228 2135 1260
text 0.9263 2452 1275 2491 1355
text 0.9248 3485 2779 3505 2813
text 0.9247 600 149 796 396
text 0.9236 1768 1602 1796 1674
text 0.9233 1513 1721 1551 1789
text 0.9223 899 2029 929 2107
text 0.9178 3188 1769 3220 1806
text 0.9172 1277 187 1308 237
text 0.9171 2549 2713 2583 2779
text 0.9160 285 955 305 1002
text 0.9148 2150 992 2190 1027
text 0.9142 3331 1460 3368 1508
text 0.9138 2079 1149 2131 1176
text 0.9131 2157 1509 2204 1638
text 0.9123 343 1888 377 1921
text 0.9111 2875 2484 2915 2531
text 0.9110 516 1859 547 1882
text 0.9105 898 2395 928 2435
text 0.9082 3282 1831 3325 1881
text 0.9072 968 2295 1017 2710
text 0.9061 2244 425 2310 447
text 0.9051 2000 1927 2055 1963
text 0.9049 1579 2329 1627 2761
text 0.9042 1987 677 2017 761
text 0.9038 2312 1079 2361 1146
text 0.9035 3600 1069 3628 1089
text 0.9028 2969 2856 3006 2936
text 0.9026 1525 1281 1568 1361
text 0.9017 1018 1629 1067 1925
text 0.9006 2899 1840 2975 1878
text 0.8989 3433 1801 3477 1860
text 0.8986 3218 1936 3244 1998
text 0.8978 2381 596 2431 914
text 0.8958 948 385 976 436
text 0.8921 1287 385 1331 433
text 0.8898 1034 933 1071 1030
text 0.8884 1145 1138 1186 1218
text 0.8883 2147 2809 2203 2840
text 0.8866 3188 1538 3223 1578
text 0.8865 1096 1186 1146 1381
text 0.8853 1874 1869 1935 1898
text 0.8847 1363 868 1398 899
text 0.8843 1066 2153 1097 2227
text 0.8808 1844 2930 1885 2981
text 0.8798 1632 200 1660 231
text 0.8781 1246 1911 1286 1958
text 0.8777 2244 2897 2272 2944
text 0.8756 1897 2684 1970 2753
text 0.8748 2770 1601 2826 1633
text 0.8746 2955 1416 3006 1444
text 0.8734 2080 1773 2107 1816
text 0.8728 1841 2885 1877 2939
text 0.8721 2774 2620 2819 2649
text 0.8697 2055 910 2116 934
text 0.8664 1582 1723 1622 1800
text 0.8651 2874 2735 2914 2778
text 0.8646 296 1107 354 1381
text 0.8638 3360 2424 3391 2455
text 0.8631 3652 1761 3700 1807
text 0.8621 3083 1882 3113 1959
text 0.8619 1739 1357 1768 1421
text 0.8604 948 192 987 239
text 0.8596 2696 144 2738 299
text 0.8594 3124 2015 3160 2066
text 0.8580 2145 1280 2183 1358
text 0.8580 899 2472 928 2502
text 0.8575 2770 2380 2816 2412
text 0.8571 2520 1541 2550 1564
text 0.8566 1424 2230 1511 2524
text 0.8564 3146 1713 3184 1741
text 0.8560 3674 1272 3716 1333
text 0.8546 1107 2434 1160 2663
text 0.8538 256 731 296 752
text 0.8537 638 2024 670 2098
text 0.8533 2192 1218 2225 1243
text 0.8528 3659 2423 3697 2456
text 0.8526 1737 2886 1781 2948
text 0.8494 1246 1584 1286 1656
text 0.8482 2867 1465 2896 1495
text 0.8474 2481 952 2529 1048
text 0.8458 2136 1685 2163 1740
text 0.8447 1442 1721 1483 1788
text 0.8441 654 2759 683 2795
text 0.8414 3655 633 3811 683
text 0.8392 799 1860 833 1901
text 0.8381 2748 2829 2771 2879
text 0.8335 1353 1019 1417 1050
text 0.8317 1491 903 1539 928
text 0.8308 1148 2729 1281 2786
text 0.8290 375 784 490 833
text 0.8267 3841 1754 3867 1808
text 0.8256 1137 1562 1186 1591
text 0.8239 3360 2501 3391 2529
text 0.8224 1787 714 1814 780
text 0.8221 3163 2422 3201 2453
text 0.8216 680 960 730 999
text 0.8212 1106 2226 1147 2293
text 0.8198 286 920 305 958
text 0.8172 885 1829 918 1856
text 0.8159 583 764 621 832
text 0.8147 642 2127 662 2156
text 0.8133 3380 1613 3410 1638
text 0.8131 580 1675 634 1719
text 0.8127 2886 2825 2913 2878
text 0.8108 1847 2690 1892 2750
text 0.8099 1779 2240 1809 2309
text 0.8092 902 2760 940 2790
text 0.8060 2894 1781 2975 1819
text 0.8033 999 1220 1047 1384
text 0.8033 886 843 929 1072
text 0.8032 2342 197 2371 219
text 0.8026 3467 2136 3499 2165
text 0.8013 394 1310 430 1343
text 0.7992 3692 1882 3716 1919
text 0.7987 500 1107 544 1131
text 0.7982 2067 2669 2125 2731
text 0.7936 1979 1700 2017 1766
text 0.7934 2122 1048 2174 1077
text 0.7914 947 1423 987 1501
text 0.7914 1160 656 1212 733
text 0.7912 2915 1581 2992 1623
text 0.7885 2282 2765 2324 2839
text 0.7882 1763 2119 1796 2180
text 0.7868 3163 2502 3204 2532
text 0.7868 2028 381 2064 414
text 0.7865 1195 2131 1349 2637
text 0.7847 2878 1711 2917 1758
text 0.7845 3162 2134 3193 2164
text 0.7833 1853 1319 1877 1375
text 0.7825 2328 2731 2364 2781
text 0.7823 2478 639 2528 912
text 0.7813 901 594 1006 751
text 0.7802 3469 2413 3500 2446
text 0.7794 788 1594 813 1627
text 0.7791 3246 1935 3341 2001
text 0.7779 1048 1138 1086 1218
text 0.7768 402 1916 451 1986
text 0.7763 1484 691 1523 785
text 0.7743 2897 1969 2936 2018
text 0.7738 719 2112 743 2145
text 0.7720 1314 2906 1344 2974
text 0.7694 1543 2406 1581 2778
text 0.7670 2707 353 2772 495
text 0.7655 2522 1639 2560 1710
text 0.7648 2412 2897 2444 2946
text 0.7642 1345 2706 1384 2786
text 0.7637 2094 992 2146 1018
text 0.7633 2078 940 2132 968
text 0.7583 556 1573 642 1649
text 0.7564 699 1750 732 1816
text 0.7544 2344 2895 2373 2946
text 0.7527 1297 1770 1395 1809
text 0.7513 2050 2843 2092 2906
text 0.7510 2393 1077 2433 1129
text 0.7508 3467 2501 3500 2530
text 0.7507 702 2472 739 2502
text 0.7500 930 1179 968 1260
text 0.7491 2260 1228 2293 1259
text 0.7454 3646 1977 3684 2006
text 0.7443 751 851 799 1096
text 0.7432 711 2395 740 2424
text 0.7412 400 1112 438 1135
text 0.7409 2517 2417 2545 2462
text 0.7377 1412 981 1473 1007
text 0.7335 1483 1237 1551 1264
text 0.7329 1721 1598 1752 1657
text 0.7328 1965 824 1994 880
text 0.7304 2643 2535 2710 2590
text 0.7292 1978 2680 2066 2749
text 0.7290 3360 1842 3424 1892
text 0.7275 2926 2478 2977 2759
text 0.7264 2988 1892 3025 1957
text 0.7263 3370 2136 3400 2166
text 0.7252 402 822 469 900
text 0.7239 455 2397 495 2427
text 0.7200 326 1583 380 1653
text 0.7188 1651 1717 1690 1797
text 0.7185 1134 1798 1185 1830
text 0.7179 364 1591 434 1681
text 0.7161 3114 2327 3154 2706
text 0.7145 2659 1728 2705 1930
text 0.7134 1295 1662 1345 1775
text 0.7132 3697 1768 3745 1802
text 0.7087 2344 400 2376 428
text 0.7083 2203 1541 2234 1575
text 0.7041 2122 2672 2190 2710
text 0.7001 3063 2853 3093 2917
text 0.7000 3470 1759 3565 1820
text 0.6978 1640 1398 1661 1468
text 0.6975 2467 1714 2501 1742
text 0.6974 2212 1647 2233 1692
text 0.6974 1380 1156 1452 1196
text 0.6966 847 742 897 1130
text 0.6953 1819 1867 1875 1901
text 0.6949 1808 716 1838 782
text 0.6920 2279 1212 2310 1242
text 0.6907 1867 719 1898 786
text 0.6895 2451 1453 2472 1503
text 0.6894 1236 912 1295 1209
text 0.6856 776 1767 807 1829
text 0.6795 1476 447 1919 506
text 0.6787 3781 1773 3814 1823
text 0.6757 1642 384 1669 417
text 0.6711 2642 2562 2695 2636
text 0.6701 2044 199 2074 229
text 0.6697 454 2470 486 2503
text 0.6626 456 1058 495 1128
text 0.6531 1781 2654 1839 2686
text 0.6524 1400 1065 1472 1106
text 0.6495 1726 712 1757 785
text 0.6483 1833 2610 1907 2641
text 0.6478 690 911 736 954
text 0.6477 3610 1484 3639 1524
text 0.6465 3471 2828 3505 2876
text 0.6461 2263 1045 2303 1069
text 0.6447 712 2750 740 2778
text 0.6396 467 1603 568 1659
text 0.6377 1799 1722 1847 1799
text 0.6371 1720 1724 1765 1791
text 0.6330 465 2112 484 2146
text 0.6282 2293 2653 2322 2712
text 0.6259 618 1744 665 1832
text 0.6249 2430 948 2480 1047
text 0.6237 1981 2610 2078 2672
text 0.6229 2431 2117 2451 2168
text 0.6146 2249 1789 2344 1890
text 0.6118 3309 1893 3375 1959
text 0.6088 455 2750 474 2779
text 0.6058 1569 723 1600 782
text 0.6017 409 1582 478 1705
text 0.6006 613 571 652 672
text 0.5996 2198 1866 2235 1908
text 0.5904 706 1577 813 1647
text 0.5860 3167 2828 3202 2875
text 0.5780 781 1550 801 1574
text 0.5755 3461 1977 3498 2006
text 0.5745 1148 2818 1274 2880
text 0.5686 2520 2101 2542 2149
text 0.5672 2911 2836 2945 2904
text 0.5515 858 1752 887 1825
text 0.5337 2433 692 2487 907
text 0.5269 287 1005 320 1086
text 0.5184 2508 2057 2539 2110
text 0.5167 455 1835 484 1883
text 0.5165 455 1325 484 1391
text 0.4932 2043 1764 2071 1815
text 0.4925 2197 2936 2223 2996
text 0.4903 1778 2680 1831 2708
text 0.4636 1313 386 1354 435
text 0.4628 2044 2853 2075 2907
text 0.4378 358 1021 404 1103
text 0.4366 782 1681 809 1740
text 0.4126 2202 2884 2226 2932
text 0.3973 2496 2404 2539 2462
text 0.3930 2204 1660 2225 1712
text 0.3867 2175 2812 2225 2851
text 0.3867 3304 1741 3343 1796
text 0.3705 2162 1212 2199 1257
text 0.3685 637 1824 697 1900
text 0.3499 1137 2770 1265 2846
text 0.3467 2130 2686 2212 2726
text 0.3408 699 1816 732 1888
text 0.3404 2194 2904 2216 2971
text 0.3378 2126 1691 2155 1747
text 0.3304 3156 1481 3199 1506
text 0.3163 1302 189 1333 240
text 0.3159 1457 1256 1512 1290
text 0.3118 2270 1216 2303 1247
text 0.3113 2435 2237 2461 2287
text 0.3113 2049 898 2115 927
text 0.3102 2720 2836 2749 2889
text 0.3018 2274 1027 2317 1069
pins 0.9483 3000 1266 3419 1363
pins 0.9288 331 1452 416 1592
component 0.9886 3506 1782 3527 1811
component 0.9883 2409 2761 2504 2837
component 0.9883 2213 1305 2273 1393
component 0.9869 565 1894 609 1925
component 0.9852 1970 2172 2276 2479
component 0.9819 754 1658 787 1700
component 0.9810 2046 1307 2115 1393
component 0.9764 357 1143 519 1302
component 0.9762 2135 1781 2224 1843
component 0.9754 3235 1645 3278 1687
component 0.9749 683 1929 702 1948
component 0.9733 2208 1089 2286 1178
component 0.9729 3407 1697 3427 1745
component 0.9685 840 1775 870 1818
component 0.9666 3907 1882 3979 1980
component 0.9646 1987 779 2014 819
component 0.9625 890 1781 909 1810
component 0.9605 3181 1650 3202 1677
component 0.9601 3900 1665 3986 1834
component 0.9581 3683 1520 3787 1717
component 0.9581 730 1589 778 1639
component 0.9576 3966 1889 3986 1966
component 0.9476 3280 1525 3337 1589
component 0.9466 792 1916 811 1938
component 0.9431 345 1802 395 1846
component 0.9399 1444 1028 1481 1053
component 0.9380 2216 1000 2255 1028
component 0.9368 1419 1329 1504 1434
component 0.9332 717 1452 744 1493
component 0.9325 1683 910 1921 1228
component 0.9191 631 1451 657 1494
component 0.9118 3413 1748 3444 1781
component 0.9097 3502 1612 3555 1679
component 0.9064 2028 2779 2054 2822
component 0.8911 2024 1820 2066 1848
component 0.8910 651 1840 692 1886
component 0.8715 2936 65 3130 130
component 0.8547 474 1464 493 1486
component 0.8293 3185 52 3237 81
component 0.8248 3514 1668 3550 1708
component 0.8198 3971 1656 3994 1834
component 0.7989 3143 1651 3162 1673
component 0.7914 3916 1607 3974 1661
component 0.7847 2123 2851 2149 2888
component 0.7431 3370 52 3418 82
component 0.7352 2958 1476 3055 1545
component 0.7229 491 1547 532 1583
component 0.7078 1384 726 1453 819
component 0.6799 543 1553 564 1586
component 0.5817 3283 1582 3333 1618
test 0.9573 2194 745 2344 898
test 0.8997 3407 1576 3441 1617
test 0.8883 432 1830 461 1883
test 0.8352 465 1560 533 1609
test 0.8185 3498 1959 3528 1998
led 0.8506 999 1051 1046 1157
led 0.7863 1098 1041 1144 1155
clock 0.9180 3637 1456 3833 1778
clock 0.8891 2176 1070 2312 1205
clock 0.7889 2106 1761 2254 1862
ic 0.9910 1836 2020 2428 2622
ic 0.9850 1554 856 1996 1285
ic 0.8735 609 1443 675 1508
ic 0.8517 3488 1806 3694 1994
ic 0.7845 2020 2766 2067 2826
ic 0.7379 690 1442 761 1509
ic 0.7221 581 1601 663 1663
ic 0.5499 448 1888 512 1945
ic 0.5071 3218 1686 3275 1761
switch 0.9262 3858 1861 4034 1998
switch 0.7133 3858 1638 4029 1858
electrolytic 0.9135 1997 2710 2094 2751
electrolytic 0.8529 2185 1257 2305 1442
electrolytic 0.8464 1397 1289 1526 1471
electrolytic 0.8258 3566 1657 3635 1751
electrolytic 0.8194 2905 1452 3088 1568
electrolytic 0.7916 3247 1494 3357 1631
electrolytic 0.7830 2022 1256 2144 1444
electrolytic 0.7669 2185 984 2284 1040
electrolytic 0.7064 1365 684 1485 872
electrolytic 0.6124 2375 2735 2541 2863
electrolytic 0.5773 541 1442 594 1547
button 0.9803 3853 1458 4036 1581
button 0.9275 1017 620 1157 759
transistor 0.9144 3387 1454 3610 1580
transistor 0.8627 718 1898 781 1960
transistor 0.6153 3141 1560 3211 1616
jumper 0.9086 2363 1179 2421 1287
jumper 0.8915 1274 2740 1333 2844
jumper 0.7840 1873 2758 1933 2855
jumper 0.6522 928 943 986 1049
inductor 0.9063 665 1651 713 1740
inductor 0.8672 652 1552 714 1620
inductor 0.8382 492 1673 622 1816
inductor 0.6169 1876 2923 1909 2981
inductor 0.3641 1901 2913 1944 2967
unknown 0.9660 1986 2830 2016 2892
zener 0.8296 734 1731 790 1802
display 0.9827 2815 37 3660 1419
