connector 0.8897 3824 1796 3937 1949
resistor 0.9882 580 204 600 243
resistor 0.9818 797 204 815 244
resistor 0.9794 693 197 714 242
resistor 0.9739 1646 1755 1692 1824
resistor 0.9671 1389 1823 1452 1858
resistor 0.9665 1639 1945 1686 2004
resistor 0.9660 1720 1803 1779 1900
resistor 0.9648 1783 1954 1812 2019
resistor 0.9560 901 205 914 241
resistor 0.9481 1574 1976 1615 2049
resistor 0.9292 1550 1901 1606 1958
resistor 0.9119 1626 1796 1690 1894
resistor 0.8984 1565 1793 1627 1881
resistor 0.8976 1686 1717 1762 1835
resistor 0.8970 1576 1772 1614 1826
resistor 0.8914 1773 1786 1816 1866
resistor 0.8866 1733 1946 1774 2028
resistor 0.8669 3696 529 3738 564
resistor 0.8481 3523 1352 3534 1379
resistor 0.8439 1708 1868 1781 1976
resistor 0.5938 1683 1968 1706 2017
resistor 0.3025 83 1596 139 1665
capacitor 0.9734 673 210 691 248
capacitor 0.9723 2089 1998 2118 2059
capacitor 0.9687 1558 1651 1588 1713
capacitor 0.9395 1704 1650 1732 1706
capacitor 0.9358 2744 1380 2763 1411
capacitor 0.9292 1668 1641 1689 1690
capacitor 0.9097 1690 2022 1719 2074
capacitor 0.8415 1835 1735 1868 1792
capacitor 0.8321 1771 1656 1792 1708
capacitor 0.8247 1623 1890 1695 1987
capacitor 0.7947 2036 2005 2057 2064
capacitor 0.5937 1608 1641 1627 1694
text 0.9616 1549 2057 1579 2120
text 0.9554 1865 1927 1894 1958
text 0.9505 1646 2177 1674 2239
text 0.9487 1397 1998 1427 2064
text 0.9476 3484 1272 3513 1340
text 0.9426 654 1051 702 1128
text 0.9424 1647 2053 1676 2114
text 0.9337 1869 1735 1896 1777
text 0.9245 1318 1929 1346 1961
text 0.9145 1701 2179 1724 2238
text 0.9058 807 1049 847 1121
text 0.8994 1349 1997 1377 2057
text 0.8969 1509 1804 1539 1872
text 0.8952 2772 1352 2800 1422
text 0.8879 1096 1852 1126 1946
text 0.8859 1475 2006 1501 2066
text 0.8848 2079 1919 2117 1980
text 0.8832 1770 2177 1796 2236
text 0.8761 1474 1866 1503 1926
text 0.8724 1503 1759 1539 1798
text 0.8707 1585 1573 1619 1640
text 0.8638 1665 1574 1692 1640
text 0.8574 794 885 874 973
text 0.8523 1732 2102 1764 2157
text 0.8496 2252 2198 2280 2227
text 0.8143 1359 2100 1387 2130
text 0.8105 1376 1620 1415 1720
text 0.8086 1126 2139 1165 2240
text 0.7927 1770 1724 1809 1797
text 0.7761 755 217 779 282
text 0.7415 1864 1705 1895 1738
text 0.7296 1311 1824 1377 1858
text 0.7230 1683 2075 1713 2123
text 0.7149 1840 1808 1868 1872
text 0.6992 1300 1838 1370 1869
text 0.6971 914 201 942 274
text 0.6911 1454 2003 1472 2069
text 0.6588 672 875 702 967
text 0.6579 2291 2008 2331 2101
text 0.6568 1925 2140 1965 2238
text 0.6438 1600 1983 1642 2046
text 0.6432 1572 1891 1630 1941
text 0.6318 1599 1729 1626 1785
text 0.5866 597 194 626 264
text 0.5647 1759 1722 1787 1787
text 0.5525 1819 1925 1860 1982
text 0.5517 1373 1996 1403 2061
text 0.3700 1685 2180 1705 2234
text 0.3391 1605 1584 1632 1645
text 0.3299 1762 2177 1783 2236
text 0.3101 1372 1838 1461 1891
pins 0.9910 2766 179 3014 579
pins 0.9903 3590 813 3724 1005
pins 0.9888 2013 843 2258 1208
pins 0.9872 1934 1227 1992 1342
pins 0.9835 2476 839 2718 1211
pins 0.9826 219 833 459 1199
pins 0.9816 1588 835 1828 1202
pins 0.9814 3187 1159 3244 1303
pins 0.9805 3388 733 3447 829
pins 0.9795 2252 715 2299 818
pins 0.9792 3091 257 3276 425
pins 0.9789 1481 658 1540 715
pins 0.9782 1328 698 1377 809
pins 0.9773 614 697 672 793
pins 0.9739 3023 1155 3079 1576
pins 0.9691 1030 1235 1088 1353
pins 0.9683 1807 704 1866 811
pins 0.9675 3347 194 3499 243
pins 0.9626 2859 803 2916 869
pins 0.9613 1125 830 1369 1197
pins 0.9598 2387 1235 2436 1331
pins 0.9592 317 520 376 578
pins 0.9514 223 1392 291 1492
pins 0.9446 2685 715 2754 823
pins 0.9404 1502 1229 1558 1331
pins 0.9391 2183 1649 2272 1785
pins 0.9176 973 2134 1031 2188
pins 0.9104 2126 2200 2245 2240
pins 0.9096 3676 600 3726 648
pins 0.9019 434 704 492 810
pins 0.8925 3307 396 3636 466
pins 0.8864 3581 1167 3629 1206
pins 0.8823 1616 1515 1665 1562
pins 0.8593 1927 1786 2025 1843
pins 0.8405 820 1309 926 1379
pins 0.8381 3360 1083 3420 1149
component 0.9955 104 1621 115 1647
component 0.9931 1219 2121 1307 2188
component 0.9900 105 1852 115 1883
component 0.9823 1175 1948 1267 2023
component 0.9809 104 1766 115 1795
component 0.9718 1444 1620 1517 1709
component 0.9326 1889 2010 1952 2100
component 0.8104 2200 2054 2269 2148
test 0.9527 657 986 716 1041
test 0.7830 793 973 858 1038
electrolytic 0.8945 1859 1964 1983 2143
electrolytic 0.8483 1424 1570 1542 1758
electrolytic 0.8341 1174 2088 1353 2218
electrolytic 0.7873 2179 2015 2293 2188
electrolytic 0.6955 1134 1917 1311 2051
