connector 0.8707 55 1799 175 1943
resistor 0.9822 2310 1954 2366 2022
resistor 0.9780 2229 1789 2304 1906
resistor 0.9777 3285 206 3305 246
resistor 0.9689 271 527 298 562
resistor 0.9632 2573 1829 2613 1857
resistor 0.9613 3182 205 3204 245
resistor 0.9581 2402 1883 2447 1937
resistor 0.9569 3083 206 3110 251
resistor 0.9559 2325 1748 2383 1832
resistor 0.9410 2186 1794 2221 1855
resistor 0.9407 2308 1789 2375 1889
resistor 0.9366 2237 1705 2313 1838
resistor 0.9138 3397 207 3411 246
resistor 0.8891 2190 1948 2221 2009
resistor 0.8797 2245 1946 2285 2043
resistor 0.8790 2217 1889 2306 1992
resistor 0.7643 460 1347 482 1377
resistor 0.3248 3848 1604 3906 1665
resistor 0.3061 2176 1892 2214 1982
capacitor 0.9808 2267 1659 2289 1707
capacitor 0.9763 1877 1995 1904 2055
capacitor 0.9763 2407 1643 2435 1706
capacitor 0.9738 2213 1666 2226 1710
capacitor 0.9476 2394 1961 2438 2040
capacitor 0.9216 2128 1736 2154 1792
capacitor 0.9184 2308 1633 2344 1695
capacitor 0.8880 2278 2013 2305 2084
capacitor 0.8758 2406 1800 2443 1858
capacitor 0.8616 1934 2005 1958 2064
capacitor 0.8094 1231 1381 1250 1410
capacitor 0.7620 3303 210 3323 250
text 0.9744 2647 1928 2677 1957
text 0.9605 3327 224 3349 275
text 0.9550 2203 1726 2232 1782
text 0.9451 2129 1805 2156 1871
text 0.9420 1877 1923 1916 1978
text 0.9389 2417 2053 2447 2119
text 0.9309 479 1275 508 1345
text 0.9252 1194 1353 1223 1417
text 0.9234 3051 204 3080 271
text 0.9229 1713 2199 1742 2228
text 0.9210 2631 1850 2691 1874
text 0.9149 2292 2179 2317 2237
text 0.9047 2320 2179 2348 2238
text 0.8958 2413 1572 2447 1642
text 0.8894 2031 2143 2069 2237
text 0.8870 2581 1621 2620 1715
text 0.8854 2196 2179 2224 2240
text 0.8801 3290 1053 3336 1130
text 0.8745 2588 1995 2617 2062
text 0.8635 2312 2060 2347 2124
text 0.8521 2518 2006 2545 2068
text 0.8502 3146 1050 3188 1118
text 0.8391 3292 887 3321 965
text 0.8313 2395 1744 2434 1814
text 0.8068 2100 1703 2131 1755
text 0.8035 2455 1756 2495 1792
text 0.7883 2618 1999 2645 2061
text 0.7842 2105 1926 2140 1971
text 0.7575 2233 2093 2261 2159
text 0.7527 2868 1854 2897 1946
text 0.7522 2512 1803 2581 1843
text 0.7459 2355 1721 2406 1806
text 0.7430 2300 1576 2329 1635
text 0.7392 2496 1870 2524 1926
text 0.7306 2364 1886 2419 1957
text 0.7240 1666 2006 1704 2097
text 0.6913 3116 895 3206 978
text 0.6884 2451 1799 2483 1859
text 0.6530 2831 2137 2869 2237
text 0.6271 2223 2179 2244 2236
text 0.6063 3213 213 3244 279
text 0.6050 2130 1997 2164 2076
text 0.5920 2211 1990 2246 2059
text 0.5748 2608 2099 2638 2132
text 0.4951 2374 1572 2403 1641
text 0.4734 2136 1921 2165 1974
text 0.4146 2602 1823 2666 1849
text 0.3634 2468 1796 2512 1859
text 0.3269 2141 1886 2172 1960
text 0.3179 3381 203 3400 252
text 0.3109 2145 1808 2169 1867
text 0.3003 2454 1869 2477 1930
pins 0.9941 272 811 403 1001
pins 0.9915 1269 840 1518 1211
pins 0.9868 2168 834 2405 1206
pins 0.9849 2629 834 2867 1195
pins 0.9848 1736 837 1984 1206
pins 0.9830 3533 834 3769 1201
pins 0.9809 3323 695 3382 795
pins 0.9808 723 255 904 426
pins 0.9798 494 195 647 244
pins 0.9772 2002 1228 2059 1342
pins 0.9765 1694 716 1743 821
pins 0.9747 1560 1236 1609 1334
pins 0.9721 2329 1516 2378 1563
pins 0.9702 2908 1235 2965 1350
pins 0.9691 2617 696 2667 812
pins 0.9676 751 1160 809 1300
pins 0.9665 988 177 1229 561
pins 0.9663 548 737 605 831
pins 0.9661 1750 2198 1881 2237
pins 0.9643 3705 1393 3773 1495
pins 0.9640 1078 802 1137 870
pins 0.9616 914 1155 973 1579
pins 0.9606 1239 717 1307 821
pins 0.9571 1716 1652 1807 1783
pins 0.9452 2964 2132 3022 2188
pins 0.9448 3070 1311 3178 1378
pins 0.9082 3500 706 3562 812
pins 0.9015 2463 660 2515 716
pins 0.8815 2130 709 2185 811
pins 0.8714 3622 526 3678 581
pins 0.8586 269 603 318 647
pins 0.8516 362 1167 414 1208
pins 0.8450 2435 1227 2494 1332
pins 0.8392 360 398 682 467
pins 0.7995 577 1092 633 1148
pins 0.7341 1964 1789 2066 1843
component 0.9911 3880 1620 3891 1650
component 0.9903 3879 1851 3888 1881
component 0.9896 2694 2122 2780 2186
component 0.9813 2735 1948 2825 2025
component 0.9654 2478 1617 2551 1710
component 0.9640 3880 1760 3890 1789
component 0.9574 1725 2055 1793 2151
component 0.9310 2040 2011 2104 2100
test 0.9144 3137 974 3204 1042
test 0.7999 3274 980 3339 1042
electrolytic 0.9156 2011 1960 2137 2155
electrolytic 0.9085 2670 1921 2858 2042
electrolytic 0.8667 2649 2092 2823 2220
electrolytic 0.8497 2455 1571 2570 1755
electrolytic 0.8307 1698 2019 1817 2179
