connector 0.9933 1893 1464 2825 2318
connector 0.9189 138 1819 253 2140
resistor 0.9750 2013 196 2041 240
resistor 0.9743 2094 982 2128 1034
resistor 0.9710 2311 1057 2341 1080
resistor 0.9663 2094 196 2121 240
resistor 0.9647 2176 1029 2204 1050
resistor 0.9578 2179 148 2214 206
resistor 0.9390 1901 995 1940 1035
resistor 0.9385 2180 987 2217 1024
resistor 0.9189 2247 981 2293 1012
resistor 0.8997 1957 203 1975 240
resistor 0.7729 2342 909 2372 923
resistor 0.7300 2124 988 2164 1027
resistor 0.6319 1954 988 1986 1036
pads 0.9950 1630 642 1647 684
pads 0.9912 1627 781 1641 820
pads 0.9904 1601 482 1616 515
pads 0.9875 1626 859 1643 900
pads 0.9861 1640 701 1652 731
pads 0.9729 1678 271 1711 319
pads 0.9680 1671 719 1681 751
pads 0.9659 1662 538 1679 573
pads 0.9573 1631 395 1661 484
pads 0.9528 1630 538 1646 574
pads 0.9498 1661 665 1681 705
pads 0.8977 1660 483 1673 520
pads 0.8478 1668 334 1692 374
pads 0.7894 1661 447 1679 478
pads 0.7143 1651 920 1670 958
pads 0.6926 1651 624 1670 659
capacitor 0.9925 1689 1051 1700 1085
capacitor 0.9912 1844 489 1866 527
capacitor 0.9895 2393 977 2420 997
capacitor 0.9886 1994 274 2016 325
capacitor 0.9863 2165 886 2185 921
capacitor 0.9856 2007 980 2029 1038
capacitor 0.9838 1768 981 1797 1039
capacitor 0.9784 1838 260 1867 316
capacitor 0.9755 1989 774 2017 820
capacitor 0.9673 2471 811 2510 824
capacitor 0.9671 3172 2513 3201 2573
capacitor 0.9667 1968 542 2048 655
capacitor 0.9638 2165 492 2187 530
capacitor 0.9636 1915 266 1936 317
capacitor 0.9609 2244 893 2257 921
capacitor 0.9594 2055 628 2118 716
capacitor 0.9587 1893 714 1968 813
capacitor 0.9543 2054 717 2116 807
capacitor 0.9539 1975 701 2048 781
capacitor 0.9528 2098 413 2118 456
capacitor 0.9517 2332 280 2351 309
capacitor 0.9495 2340 505 2351 534
capacitor 0.9490 2156 243 2187 264
capacitor 0.9453 1905 423 1920 466
capacitor 0.9449 2639 812 2678 824
capacitor 0.9447 1902 541 1976 616
capacitor 0.9445 1512 665 1541 683
capacitor 0.9435 1397 605 1453 624
capacitor 0.9421 2067 310 2104 329
capacitor 0.9356 1467 711 1503 731
capacitor 0.9348 2055 511 2132 652
capacitor 0.9301 3144 2521 3163 2571
capacitor 0.9265 1783 2519 1821 2577
capacitor 0.9226 1740 249 1789 315
capacitor 0.9198 1549 970 1601 990
capacitor 0.9184 1500 388 1530 407
capacitor 0.9153 2451 339 2490 359
capacitor 0.9121 1819 766 1863 829
capacitor 0.9015 1828 708 1865 766
capacitor 0.9000 2450 577 2495 609
capacitor 0.8970 1472 465 1504 486
capacitor 0.8937 1901 786 1949 849
capacitor 0.8930 2085 247 2118 268
capacitor 0.8916 2186 124 2213 166
capacitor 0.8741 1243 871 1297 891
capacitor 0.8739 2549 814 2600 834
capacitor 0.8715 2033 377 2057 424
capacitor 0.8690 2348 967 2371 1021
capacitor 0.8669 2386 268 2440 297
capacitor 0.8620 1827 556 1854 600
capacitor 0.8611 1975 629 2062 725
capacitor 0.8592 2114 884 2133 913
capacitor 0.8565 1775 467 1809 505
capacitor 0.8450 2342 595 2386 615
capacitor 0.8448 1899 624 1990 702
capacitor 0.8430 2389 867 2433 891
capacitor 0.8427 1605 379 1658 406
capacitor 0.8410 1314 555 1363 575
capacitor 0.8382 1849 646 1908 666
capacitor 0.8358 1395 644 1452 672
capacitor 0.8345 1561 905 1595 940
capacitor 0.8303 3081 2803 3122 2859
capacitor 0.8213 1314 732 1378 763
capacitor 0.8202 1895 493 1987 533
capacitor 0.8192 2038 801 2091 843
capacitor 0.8158 2335 665 2391 691
capacitor 0.8127 1462 298 1484 326
capacitor 0.8123 2438 215 2475 240
capacitor 0.8097 1246 831 1293 851
capacitor 0.8080 2365 299 2459 369
capacitor 0.8056 2517 355 2575 378
capacitor 0.7999 2272 296 2307 319
capacitor 0.7874 2144 782 2175 803
capacitor 0.7861 2138 704 2181 740
capacitor 0.7851 2342 397 2391 415
capacitor 0.7784 2073 773 2127 836
capacitor 0.7679 1998 480 2056 541
capacitor 0.7664 2042 979 2072 1039
capacitor 0.7570 1808 979 1829 1027
capacitor 0.7485 2391 1020 2421 1040
capacitor 0.7352 2333 623 2387 654
capacitor 0.7057 1808 822 1850 870
capacitor 0.7019 2343 322 2468 383
capacitor 0.6831 1728 2522 1757 2581
capacitor 0.6742 2123 640 2167 667
capacitor 0.6719 1785 510 1828 547
capacitor 0.6660 2344 347 2391 374
capacitor 0.6608 1729 257 1761 317
capacitor 0.6604 3142 2799 3173 2855
capacitor 0.6604 2343 703 2389 723
capacitor 0.6371 1967 409 1987 444
capacitor 0.5931 1777 782 1828 805
capacitor 0.5750 1883 567 1991 626
capacitor 0.5701 1997 719 2069 772
capacitor 0.3994 2439 330 2475 359
capacitor 0.3257 2333 706 2400 733
capacitor 0.3135 2325 390 2375 421
capacitor 0.3079 2331 315 2375 344
text 0.9831 1760 181 1787 238
text 0.9812 1538 699 1562 767
text 0.9805 1529 467 1559 494
text 0.9754 2312 1136 2343 1167
text 0.9627 1661 811 1678 853
text 0.9600 1223 54 1262 149
text 0.9576 3102 2434 3133 2491
text 0.9504 316 2364 425 2590
text 0.9427 1457 8 1484 41
text 0.9424 1479 189 1582 228
text 0.9376 1995 898 2016 925
text 0.9335 1748 89 1776 147
text 0.9311 1830 90 1851 152
text 0.9270 1769 644 1806 663
text 0.9246 1381 504 1418 537
text 0.9211 1849 1447 1888 1522
text 0.9147 3103 2712 3135 2778
text 0.9129 2163 634 2210 669
text 0.9102 1866 975 1894 1029
text 0.9083 2619 380 2658 485
text 0.8969 1166 822 1226 850
text 0.8897 2530 1051 2569 1147
text 0.8896 2412 468 2446 497
text 0.8874 2353 287 2396 309
text 0.8799 1758 2427 1794 2502
text 0.8774 1441 733 1510 762
text 0.8727 1375 961 1481 998
text 0.8653 2328 880 2391 900
text 0.8651 1697 2533 1729 2592
text 0.8625 1426 408 1481 447
text 0.8619 2077 1038 2146 1070
text 0.8546 1710 192 1739 249
text 0.8446 1423 1040 1461 1150
text 0.8430 2213 1040 2284 1069
text 0.8343 1158 871 1217 900
text 0.8296 1948 1029 1976 1093
text 0.8292 1530 795 1564 844
text 0.8282 1806 873 1844 901
text 0.8276 1488 644 1540 662
text 0.8146 2354 425 2394 445
text 0.8140 2481 525 2548 545
text 0.8136 2595 55 2628 155
text 0.8127 1484 814 1521 842
text 0.8123 2387 825 2451 860
text 0.8116 1412 375 1479 406
text 0.8061 2006 1082 2038 1119
text 0.8052 2234 218 2277 262
text 0.8043 1958 1196 1996 1289
text 0.7977 2427 717 2488 746
text 0.7917 1789 1064 1827 1139
text 0.7905 1650 588 1671 625
text 0.7830 2490 587 2549 624
text 0.7792 2274 121 2297 187
text 0.7767 2001 365 2028 413
text 0.7766 525 2613 602 2690
text 0.7764 2178 270 2228 290
text 0.7709 2125 108 2148 148
text 0.7661 2197 632 2250 652
text 0.7564 1324 989 1354 1029
text 0.7456 1619 354 1669 376
text 0.7451 1539 874 1575 924
text 0.7411 2423 624 2489 658
text 0.7397 1537 544 1567 573
text 0.7370 2205 881 2223 919
text 0.7362 2558 770 2617 802
text 0.7358 1805 251 1837 318
text 0.7343 1800 91 1828 148
text 0.7336 3784 2589 3852 2650
text 0.7314 2346 556 2402 584
text 0.7302 1724 642 1766 663
text 0.7274 2027 70 2066 158
text 0.7269 2406 386 2445 417
text 0.7266 2362 110 2391 140
text 0.7261 1097 1002 1134 1112
text 0.7175 3172 2413 3200 2481
text 0.7151 1650 713 1671 752
text 0.7138 1306 763 1370 792
text 0.7090 1649 1028 1680 1075
text 0.6816 2464 771 2528 802
text 0.6681 2045 248 2083 271
text 0.6536 2035 1073 2068 1118
text 0.6499 2273 1151 2314 1250
text 0.6429 2264 995 2328 1040
text 0.6234 1572 796 1591 833
text 0.6088 3073 2712 3102 2776
text 0.5721 1968 367 1985 407
text 0.5720 1799 2440 1828 2512
text 0.5656 2450 300 2504 328
text 0.4731 1380 452 1454 484
text 0.3431 1722 184 1748 244
text 0.3406 2217 629 2272 649
text 0.3323 1776 601 1808 623
pins 0.9908 374 1862 472 2123
pins 0.9863 3025 2248 3063 2372
pins 0.9824 3627 1691 3752 1868
pins 0.9727 712 1586 1127 1679
pins 0.9648 1701 1700 1758 1852
pins 0.9620 2304 122 2351 207
pins 0.9586 3222 1741 3270 1790
pins 0.9488 1750 1940 1797 1996
pins 0.9436 3152 1961 3203 2055
pins 0.9426 2223 120 2261 206
pins 0.9402 1048 1030 1087 1081
pins 0.9385 2271 1268 2715 1315
pins 0.9369 3464 2001 3820 2095
pins 0.9319 2084 1364 2126 1415
pins 0.9191 2816 98 2866 236
pins 0.8535 2183 1325 2232 1375
pins 0.8361 2994 775 3042 820
pins 0.8270 1078 51 1124 87
component 0.9876 2489 408 2588 478
component 0.9875 2463 69 2556 148
component 0.9785 188 1157 207 1184
component 0.9770 1507 1045 1602 1118
component 0.9666 1305 24 1403 99
component 0.9650 1354 860 1460 931
component 0.9594 186 1020 207 1049
component 0.9428 2025 1166 2093 1255
component 0.9405 188 1257 207 1287
component 0.9229 2174 1168 2244 1261
component 0.9168 1176 1008 1269 1079
component 0.8971 1520 260 1618 330
component 0.7990 2522 2092 2665 2195
component 0.7913 2406 1078 2502 1159
electrolytic 0.9350 2352 1050 2531 1176
electrolytic 0.8924 2146 1116 2274 1307
electrolytic 0.8605 1262 0 1452 124
electrolytic 0.8443 1136 986 1322 1106
electrolytic 0.8289 2004 1119 2117 1298
electrolytic 0.8215 1455 1016 1650 1148
electrolytic 0.8161 2423 46 2593 171
electrolytic 0.6922 1318 835 1500 959
electrolytic 0.6832 2452 386 2631 508
electrolytic 0.4541 1517 252 1646 348
