connector 0.8489 57 293 171 450
resistor 0.9925 3283 1996 3300 2031
resistor 0.9811 3078 1987 3105 2026
resistor 0.9799 2247 405 2289 479
resistor 0.9666 2310 238 2356 284
resistor 0.9599 278 1675 299 1706
resistor 0.9574 2341 404 2385 458
resistor 0.9515 2314 346 2363 427
resistor 0.9412 2576 386 2614 411
resistor 0.9356 2242 199 2291 295
resistor 0.9326 2193 377 2226 441
resistor 0.9291 3183 1996 3200 2037
resistor 0.9198 2411 293 2449 335
resistor 0.9194 2176 204 2215 287
resistor 0.9072 462 858 473 889
resistor 0.9010 3398 1995 3409 2033
resistor 0.8618 2231 335 2303 448
resistor 0.8538 2218 232 2305 379
resistor 0.3171 2182 247 2235 338
capacitor 0.9903 2273 531 2291 563
capacitor 0.9893 1879 186 1906 243
capacitor 0.9847 2309 540 2338 594
capacitor 0.9805 2409 534 2435 590
capacitor 0.9651 2425 379 2444 425
capacitor 0.9456 2215 534 2225 562
capacitor 0.9388 2275 159 2302 212
capacitor 0.9376 1933 171 1960 240
capacitor 0.8924 2127 441 2156 505
capacitor 0.8699 1233 831 1249 861
capacitor 0.8560 2393 209 2436 282
capacitor 0.7019 3302 1990 3324 2032
capacitor 0.3381 2301 542 2322 596
text 0.9790 479 904 508 962
text 0.9693 2647 283 2676 312
text 0.9662 2589 170 2616 240
text 0.9650 2416 117 2442 174
text 0.9626 1194 815 1223 878
text 0.9579 2203 448 2232 516
text 0.9566 1715 14 1744 43
text 0.9442 3326 1956 3352 2012
text 0.9405 3290 1114 3337 1185
text 0.9336 2633 360 2696 390
text 0.9320 1878 253 1915 322
text 0.9255 2321 1 2348 58
text 0.9242 2300 600 2329 665
text 0.9237 3054 1965 3079 2024
text 0.9200 2127 372 2156 438
text 0.9151 2620 176 2647 239
text 0.9063 2322 114 2352 184
text 0.9043 2106 514 2132 538
text 0.8973 2453 447 2498 478
text 0.8945 3147 1123 3185 1189
text 0.8790 2392 430 2418 488
text 0.8677 2415 599 2444 667
text 0.8653 2366 297 2420 353
text 0.8542 3122 1263 3205 1352
text 0.8462 2099 261 2128 314
text 0.8425 2521 168 2544 235
text 0.8374 2190 2 2217 58
text 0.8274 2031 6 2073 90
text 0.8269 2611 112 2640 143
text 0.8242 2868 293 2898 388
text 0.8201 1667 140 1704 234
text 0.8144 2287 3 2316 60
text 0.7976 2497 312 2525 376
text 0.7925 2361 458 2401 513
text 0.7659 2232 74 2261 139
text 0.7639 2223 3 2244 60
text 0.7475 2512 387 2585 438
text 0.7342 2581 519 2618 617
text 0.7226 3292 1276 3321 1360
text 0.6968 2831 5 2869 97
text 0.6511 2454 379 2484 444
text 0.6347 3214 1951 3245 2015
text 0.6063 2133 165 2165 234
text 0.5982 2212 178 2243 244
text 0.5700 2374 599 2405 669
text 0.5666 2138 258 2165 318
text 0.3132 2221 71 2246 137
text 0.3045 2620 367 2694 402
pins 0.9897 725 1815 900 1985
pins 0.9883 1270 1029 1520 1397
pins 0.9878 1733 1032 1978 1391
pins 0.9872 2629 1043 2869 1409
pins 0.9839 269 1236 402 1419
pins 0.9833 984 1658 1236 2052
pins 0.9826 2163 1031 2407 1397
pins 0.9826 3526 1047 3769 1405
pins 0.9796 915 656 972 1081
pins 0.9795 3320 1440 3379 1544
pins 0.9793 1709 462 1807 592
pins 0.9774 550 1402 607 1505
pins 0.9766 1694 1420 1743 1524
pins 0.9742 749 928 809 1082
pins 0.9723 2908 890 2963 1003
pins 0.9713 487 1995 643 2044
pins 0.9664 1242 1419 1307 1524
pins 0.9594 2618 1431 2666 1543
pins 0.9568 2965 51 3022 107
pins 0.9567 3501 1423 3560 1535
pins 0.9499 1080 1370 1134 1436
pins 0.9482 2129 1429 2184 1532
pins 0.9478 2330 675 2377 723
pins 0.9469 2003 900 2057 1005
pins 0.9381 1560 896 1608 1004
pins 0.9377 364 1775 682 1840
pins 0.9332 3073 861 3174 925
pins 0.9282 3706 748 3774 841
pins 0.9146 2453 1515 2511 1582
pins 0.9114 268 1590 317 1639
pins 0.9107 576 1092 633 1150
pins 0.9023 1752 2 1874 32
pins 0.9009 3619 1658 3678 1716
pins 0.8764 2435 909 2494 1012
pins 0.8401 364 1028 411 1072
pins 0.7716 1951 393 2072 449
component 0.9924 3880 449 3890 477
component 0.9889 3880 580 3889 609
component 0.9841 2732 215 2821 285
component 0.9784 3880 349 3891 385
component 0.9659 2694 43 2783 109
component 0.9486 1724 88 1789 185
component 0.9429 2474 523 2550 621
component 0.9195 2041 133 2106 230
test 0.9283 3279 1201 3345 1260
test 0.8962 3138 1197 3206 1263
electrolytic 0.9164 2013 81 2136 282
electrolytic 0.8960 1699 47 1814 226
electrolytic 0.8828 2454 487 2571 655
electrolytic 0.8385 2672 196 2856 311
electrolytic 0.7148 2649 13 2825 141
