connector 0.9792 1230 1869 1371 2010
connector 0.9769 107 689 476 1276
connector 0.9768 1601 228 3245 384
connector 0.9738 3181 1207 3231 1257
connector 0.9709 1232 2649 1373 2802
connector 0.9661 2867 1600 3003 1742
connector 0.9641 1234 1633 1373 1781
connector 0.9640 1043 2862 1096 2923
connector 0.9610 1234 2422 1372 2565
connector 0.9529 445 2099 591 2826
connector 0.9526 3487 592 3521 645
connector 0.9503 2864 1830 3002 1970
connector 0.9490 748 2087 890 2873
connector 0.9424 1728 994 1786 1049
connector 0.9396 2539 1661 2597 1720
connector 0.9296 2046 1574 2104 1624
connector 0.9256 2145 1603 2201 1665
connector 0.9163 1029 1892 1076 1955
connector 0.9130 3210 2089 3354 2824
connector 0.8936 3428 912 3800 1034
connector 0.8928 3468 2081 3607 2856
connector 0.8823 2767 2840 2818 2891
connector 0.8734 2332 1660 2384 1721
connector 0.8708 272 1930 365 1990
connector 0.8423 2473 1662 2529 1729
connector 0.8254 2610 1661 2668 1716
connector 0.8201 2255 1660 2311 1719
connector 0.8097 1679 1136 1739 1176
connector 0.8000 2947 2166 3013 2222
connector 0.7887 2253 2758 2311 2861
connector 0.7629 3535 575 3846 767
connector 0.7338 2400 1667 2461 1720
resistor 0.9884 3590 1069 3613 1109
resistor 0.9699 3067 982 3084 1027
resistor 0.9697 1205 1829 1225 1861
resistor 0.9647 3341 1803 3379 1858
resistor 0.9635 1673 1466 1706 1503
resistor 0.9624 2396 1366 2431 1432
resistor 0.9589 2263 1407 2296 1464
resistor 0.9352 2964 989 2993 1038
resistor 0.9340 2156 2625 2208 2688
resistor 0.9255 2143 1977 2189 1997
resistor 0.9206 3659 861 3680 898
resistor 0.9115 2246 1990 2286 2010
resistor 0.9115 3664 1066 3703 1113
resistor 0.9111 2052 1104 2087 1120
resistor 0.9058 2056 1086 2088 1104
resistor 0.8993 2272 2239 2283 2275
resistor 0.8974 2221 1903 2260 1938
resistor 0.8898 2221 2657 2286 2693
resistor 0.8867 2089 1764 2114 1803
resistor 0.8844 1745 2681 1809 2751
resistor 0.8812 1950 1708 1976 1742
resistor 0.8745 3589 1319 3614 1356
resistor 0.8742 1770 1015 1809 1066
resistor 0.8733 1203 1780 1228 1821
resistor 0.8613 2087 1950 2131 1977
resistor 0.8601 717 1622 751 1679
resistor 0.8551 2569 931 2604 951
resistor 0.8392 2297 2099 2317 2149
resistor 0.8368 2156 1909 2205 1932
resistor 0.8295 1035 1421 1072 1439
resistor 0.8105 1875 2884 1898 2944
resistor 0.8100 3507 943 3540 1029
resistor 0.8032 1945 1154 1970 1191
resistor 0.7885 2376 1309 2400 1354
resistor 0.7697 3390 1909 3428 1966
resistor 0.7634 2164 1994 2229 2017
resistor 0.7168 2086 1974 2128 1989
resistor 0.6942 1651 1463 1677 1498
resistor 0.6844 2377 1397 2407 1456
resistor 0.6824 2030 2639 2090 2690
resistor 0.6817 2124 1910 2155 1931
resistor 0.6694 3718 963 3757 1041
resistor 0.6688 3550 932 3639 1043
resistor 0.6620 3589 1456 3646 1496
resistor 0.6381 3715 863 3732 898
resistor 0.5841 3311 1582 3349 1627
resistor 0.5673 2042 913 2086 948
resistor 0.5034 2273 2061 2303 2104
pads 0.9776 2806 1810 2827 1859
pads 0.9752 719 1748 760 1814
pads 0.9640 1600 2159 1626 2210
pads 0.9601 1585 1512 1870 1705
pads 0.9546 1592 2239 1631 2292
pads 0.9507 3733 1016 3767 1099
pads 0.9494 1624 2453 1645 2491
pads 0.9457 1560 2181 1572 2218
pads 0.9456 1560 2250 1580 2283
pads 0.9454 1863 2620 1887 2656
pads 0.9371 1581 2311 1640 2390
pads 0.9334 1702 1315 1724 1355
pads 0.9297 1985 2632 2046 2686
pads 0.9206 1346 2583 1394 2630
pads 0.9143 1750 1460 1776 1504
pads 0.9097 723 1673 757 1730
pads 0.9020 1860 2676 1894 2722
pads 0.8956 1599 2373 1649 2469
pads 0.8733 1563 2295 1582 2334
pads 0.8700 1589 2052 1610 2100
pads 0.8544 1001 1421 1029 1437
pads 0.8213 2805 1713 2831 1781
pads 0.7901 1909 2640 1967 2695
pads 0.6076 1569 2299 1606 2366
pads 0.3412 1918 2631 1997 2684
emi 0.8668 817 1829 898 1871
emi 0.8274 3391 1745 3431 1817
emi 0.8216 666 1812 742 1859
emi 0.6982 665 1885 744 1958
capacitor 0.9825 3434 1764 3461 1812
capacitor 0.9821 1764 2950 1781 3000
capacitor 0.9812 2004 1936 2036 1993
capacitor 0.9740 1700 2946 1722 2994
capacitor 0.9711 796 1799 842 1823
capacitor 0.9691 746 1890 770 1929
capacitor 0.9585 2260 1556 2285 1614
capacitor 0.9583 1840 2963 1862 3002
capacitor 0.9561 2335 1304 2355 1353
capacitor 0.9482 3439 1672 3470 1732
capacitor 0.9439 2219 782 2249 832
capacitor 0.9434 1633 2947 1651 2997
capacitor 0.9428 2472 794 2496 837
capacitor 0.9418 1937 1940 1958 1986
capacitor 0.9415 2079 2635 2124 2675
capacitor 0.9406 2293 804 2313 843
capacitor 0.9404 485 1762 514 1791
capacitor 0.9273 2034 2931 2057 2965
capacitor 0.9258 2271 1309 2299 1363
capacitor 0.9253 3323 1549 3362 1582
capacitor 0.9225 2557 1216 2597 1243
capacitor 0.9216 750 1811 774 1858
capacitor 0.9199 3731 1497 3774 1591
capacitor 0.9196 2466 1322 2490 1376
capacitor 0.9053 1439 2900 1461 2939
capacitor 0.9043 2156 1307 2180 1344
capacitor 0.9036 2413 1560 2443 1616
capacitor 0.8971 324 1791 376 1818
capacitor 0.8926 2559 1135 2591 1159
capacitor 0.8866 2183 2864 2229 2894
capacitor 0.8757 631 1902 687 1988
capacitor 0.8736 2344 1548 2372 1592
capacitor 0.8701 2067 993 2099 1014
capacitor 0.8640 2579 987 2608 1008
capacitor 0.8562 711 1518 762 1585
capacitor 0.8501 3281 1707 3303 1752
capacitor 0.8498 3441 1544 3469 1591
capacitor 0.8439 2063 892 2095 918
capacitor 0.8417 1923 1016 1968 1055
capacitor 0.8335 2569 1087 2604 1110
capacitor 0.8238 2144 2842 2197 2881
capacitor 0.8012 2033 2842 2054 2879
capacitor 0.7848 1792 2757 1819 2818
capacitor 0.7624 3556 1877 3632 1928
capacitor 0.7532 2021 965 2072 992
capacitor 0.7427 2036 1195 2084 1221
capacitor 0.7213 2091 2777 2132 2833
capacitor 0.7083 1983 2794 2037 2847
capacitor 0.7015 425 1751 484 1788
capacitor 0.6860 2112 2623 2162 2679
capacitor 0.6851 3665 1938 3730 1979
capacitor 0.6797 853 1763 891 1798
capacitor 0.6750 612 1892 632 1925
capacitor 0.6630 2374 1553 2423 1603
capacitor 0.6496 2037 1762 2076 1812
capacitor 0.6418 2193 2635 2254 2669
capacitor 0.5986 69 1839 90 1878
capacitor 0.5909 3666 1897 3717 1931
capacitor 0.5812 2587 1162 2640 1195
capacitor 0.3830 2038 977 2087 1006
capacitor 0.3446 1732 2950 1748 2998
capacitor 0.3284 2585 1128 2624 1156
capacitor 0.3251 2204 783 2229 830
capacitor 0.3022 819 1783 881 1809
text 0.9825 987 1889 1018 1958
text 0.9825 1993 1771 2016 1819
text 0.9777 405 2146 445 2176
text 0.9767 1761 1276 1798 1354
text 0.9730 3351 1725 3401 1786
text 0.9715 3270 1838 3312 1905
text 0.9700 3420 2403 3457 2433
text 0.9695 2393 199 2422 229
text 0.9685 416 2779 436 2809
text 0.9676 2075 199 2105 240
text 0.9676 3518 1175 3549 1271
text 0.9632 1541 1642 1579 1712
text 0.9569 1522 2712 1552 2779
text 0.9546 2007 1553 2046 1630
text 0.9543 797 1824 858 1871
text 0.9528 3421 2481 3452 2512
text 0.9507 2390 387 2421 418
text 0.9489 3641 1471 3676 1587
text 0.9480 3500 1009 3529 1076
text 0.9475 2147 761 2182 841
text 0.9396 2154 1663 2195 1728
text 0.9393 3804 573 3843 594
text 0.9392 721 2780 740 2809
text 0.9388 594 2776 619 2808
text 0.9374 1976 1147 2023 1178
text 0.9358 2956 1186 3005 1386
text 0.9350 1288 1839 1331 1862
text 0.9345 3806 734 3846 756
text 0.9334 3358 2394 3390 2423
text 0.9329 902 2775 922 2810
text 0.9326 3114 1425 3154 1503
text 0.9321 785 1938 858 1999
text 0.9305 887 1774 908 1804
text 0.9301 603 2136 632 2164
text 0.9296 2341 1366 2370 1424
text 0.9283 1550 2412 1579 2461
text 0.9277 286 635 441 683
text 0.9258 1284 1602 1333 1632
text 0.9253 1207 1465 1236 1494
text 0.9233 1980 910 2038 948
text 0.9221 2470 723 2501 783
text 0.9200 2479 1719 2519 1797
text 0.9196 1187 2827 1216 2876
text 0.9190 3084 2287 3133 2708
text 0.9189 3053 1212 3103 1386
text 0.9179 2948 2450 2996 2659
text 0.9176 2620 1718 2657 1787
text 0.9166 1597 1717 1631 1742
text 0.9153 2799 189 2832 239
text 0.9151 2226 2927 2265 2978
text 0.9140 2716 2711 2756 2786
text 0.9119 404 2503 444 2532
text 0.9116 875 1532 935 1568
text 0.9109 475 1385 514 1406
text 0.9100 3124 385 3152 436
text 0.9086 437 1753 473 1798
text 0.9081 3190 1831 3214 1857
text 0.9079 3490 1819 3528 1847
text 0.9069 2082 684 2117 761
text 0.9065 909 2137 938 2165
text 0.9061 627 1804 690 1859
text 0.9058 3242 1188 3281 1267
text 0.9058 3664 1113 3712 1131
text 0.9048 3004 2156 3033 2227
text 0.9048 3092 590 3204 750
text 0.9044 3113 189 3152 234
text 0.9034 3778 1019 3815 1098
text 0.9031 2551 1719 2588 1788
text 0.9028 255 1757 293 1831
text 0.9027 1286 2621 1323 2650
text 0.9025 1671 380 1711 455
text 0.9007 1610 1278 1650 1357
text 0.8978 1264 2826 1286 2877
text 0.8949 407 2423 445 2453
text 0.8940 1621 947 1666 1050
text 0.8923 1622 1455 1651 1502
text 0.8875 3172 2029 3203 2107
text 0.8831 2531 1283 2570 1357
text 0.8830 2798 385 2828 427
text 0.8820 2039 1927 2092 1958
text 0.8803 2814 1906 2856 1957
text 0.8782 2073 2695 2129 2761
text 0.8781 3014 1137 3052 1217
text 0.8777 483 879 512 903
text 0.8773 1361 147 1406 310
text 0.8770 2955 2228 2994 2294
text 0.8745 2224 1870 2283 1900
text 0.8702 1671 1969 1699 2017
text 0.8682 3033 1630 3083 1911
text 0.8669 3737 1588 3778 1671
text 0.8664 2412 1721 2453 1797
text 0.8660 711 2503 741 2534
text 0.8656 3484 1645 3563 1704
text 0.8655 898 2502 939 2531
text 0.8643 1871 1652 1893 1692
text 0.8620 3289 1575 3311 1622
text 0.8613 1562 2095 1583 2156
text 0.8610 1860 1859 1898 1908
text 0.8596 1108 1584 1184 1621
text 0.8589 1281 2383 1334 2413
text 0.8586 1185 2737 1226 2779
text 0.8582 2630 979 2688 1009
text 0.8573 3485 741 3532 790
text 0.8558 3559 1113 3588 1128
text 0.8546 3170 855 3216 1054
text 0.8529 3131 1186 3176 1256
text 0.8526 1097 1414 1147 1443
text 0.8523 3745 1107 3807 1379
text 0.8505 1877 2936 1909 2987
text 0.8491 3492 1602 3558 1670
text 0.8490 1550 1541 1581 1566
text 0.8484 2590 2225 2677 2528
text 0.8476 1673 595 1719 907
text 0.8474 3171 2399 3200 2437
text 0.8469 2293 713 2316 780
text 0.8469 902 2425 939 2453
text 0.8466 2473 2323 2524 2785
text 0.8456 2709 872 2737 906
text 0.8437 1392 2640 1460 2680
text 0.8425 1918 1278 1956 1356
text 0.8415 1916 976 1973 1022
text 0.8408 1354 2824 1383 2881
text 0.8387 3680 1314 3709 1338
text 0.8385 685 1605 722 1636
text 0.8384 2028 197 2056 228
text 0.8379 1660 2896 1690 2948
text 0.8375 1979 1850 2009 1889
text 0.8372 729 1458 771 1490
text 0.8366 3359 2472 3396 2502
text 0.8356 3436 2025 3464 2104
text 0.8308 473 1068 502 1088
text 0.8307 1971 2673 2034 2725
text 0.8267 1324 351 1394 484
text 0.8254 2748 2132 2918 2650
text 0.8213 1868 1527 1897 1577
text 0.8212 2763 1663 2807 1778
text 0.8204 3361 2749 3390 2778
text 0.8199 2164 1870 2225 1899
text 0.8196 3615 1829 3647 1871
text 0.8195 1572 648 1622 905
text 0.8171 2323 2883 2359 2947
text 0.8166 2224 2880 2273 2923
text 0.8166 711 2422 741 2455
text 0.8138 2190 448 2620 506
text 0.8124 238 1839 267 1886
text 0.8107 1130 1837 1205 1878
text 0.8085 1007 2848 1038 2917
text 0.8051 3304 149 3500 400
text 0.8037 696 1594 728 1632
text 0.8027 385 1275 424 1336
text 0.8023 3172 2472 3202 2505
text 0.7995 131 1584 185 1609
text 0.7992 3615 2472 3646 2505
text 0.7988 1668 1079 1700 1128
text 0.7963 2141 2752 2214 2854
text 0.7933 2816 1586 2857 1665
text 0.7920 593 2829 631 2877
text 0.7915 3420 2758 3449 2794
text 0.7906 3370 943 3415 1018
text 0.7889 2265 2650 2326 2682
text 0.7888 2302 1606 2337 1672
text 0.7876 1798 1044 1830 1087
text 0.7860 1778 2651 1811 2713
text 0.7854 1129 2469 1177 2761
text 0.7850 3795 919 3814 961
text 0.7834 2095 1697 2123 1767
text 0.7831 3440 2125 3461 2156
text 0.7818 2159 2679 2216 2754
text 0.7817 1828 957 1920 1005
text 0.7817 1622 694 1670 915
text 0.7806 2078 379 2107 417
text 0.7796 2291 1436 2322 1507
text 0.7790 3617 2116 3636 2145
text 0.7765 407 1967 445 2003
text 0.7764 3295 1547 3323 1583
text 0.7705 2303 2108 2333 2179
text 0.7700 2918 1138 2957 1218
text 0.7695 2827 2732 2956 2788
text 0.7690 922 1711 960 1743
text 0.7686 3726 1884 3764 1917
text 0.7678 2109 2698 2175 2741
text 0.7607 3479 765 3519 829
text 0.7596 1885 2812 1956 2840
text 0.7592 2264 713 2291 784
text 0.7573 1728 1455 1757 1502
text 0.7558 3165 2759 3200 2789
text 0.7529 1187 1709 1226 1759
text 0.7522 3616 782 3736 833
text 0.7504 602 2418 632 2454
text 0.7468 2253 1721 2300 1799
text 0.7458 2124 1298 2153 1345
text 0.7455 602 2496 632 2527
text 0.7454 1711 947 1739 1009
text 0.7445 2257 2871 2304 2927
text 0.7387 860 1936 879 1998
text 0.7379 3369 909 3411 956
text 0.7370 2689 1017 2755 1050
text 0.7345 393 1881 427 1940
text 0.7344 1789 420 1856 447
text 0.7343 1894 1513 1944 1642
text 0.7337 2806 923 2868 1200
text 0.7312 3796 960 3814 999
text 0.7305 1167 1967 1206 2018
text 0.7293 1975 1059 2027 1088
text 0.7282 3557 1829 3612 1880
text 0.7282 1732 2894 1758 2946
text 0.7281 2342 1720 2381 1787
text 0.7281 1967 1072 2030 1100
text 0.7262 1966 1229 1999 1260
text 0.7249 1743 1080 1788 1142
text 0.7247 1128 1780 1204 1820
text 0.7235 2200 2689 2234 2746
text 0.7217 3213 741 3251 1109
text 0.7215 949 2322 988 2716
text 0.7199 2200 722 2233 782
text 0.7198 3609 2392 3649 2423
text 0.7195 1102 2831 1144 2912
text 0.7183 1079 1889 1116 1954
text 0.7166 2709 1772 2803 1809
text 0.7163 1415 2562 1469 2635
text 0.7102 2615 1129 2681 1170
text 0.7091 3666 1594 3747 1679
text 0.7078 1186 2481 1224 2533
text 0.7056 1394 1720 1442 1931
text 0.7007 2035 387 2063 418
text 0.6998 2294 2246 2321 2317
text 0.6983 2188 1978 2248 2009
text 0.6951 1789 1214 1818 1253
text 0.6933 1728 405 1773 444
text 0.6878 3451 577 3489 674
text 0.6842 3153 1838 3173 1869
text 0.6753 2888 654 2935 739
text 0.6742 3637 825 3710 903
text 0.6732 2441 198 2471 228
text 0.6708 936 2017 977 2071
text 0.6594 2916 1799 2963 1831
text 0.6583 1977 939 2031 969
text 0.6577 2518 2403 2559 2756
text 0.6522 3705 1032 3732 1117
text 0.6514 1730 196 1758 216
text 0.6506 2917 1561 2967 1593
text 0.6487 901 2827 937 2876
text 0.6476 701 2136 730 2165
text 0.6412 2412 2302 2471 2780
text 0.6380 2441 1402 2461 1465
text 0.6316 1392 2523 1462 2589
text 0.6307 3627 2749 3648 2778
text 0.6296 2826 2821 2949 2879
text 0.6292 1334 2828 1354 2889
text 0.6269 1561 2057 1591 2110
text 0.6198 3352 2112 3380 2146
text 0.6198 538 1750 593 1811
text 0.6119 3470 1532 3503 1579
text 0.6082 2355 1602 2382 1663
text 0.6074 1892 2673 1980 2711
text 0.6050 1756 1791 1849 1891
text 0.6048 2567 897 2620 926
text 0.5988 1096 2855 1134 2935
text 0.5960 3305 838 3353 1107
text 0.5941 2263 2681 2325 2719
text 0.5896 3547 1013 3576 1082
text 0.5889 2217 1317 2255 1383
text 0.5819 2580 696 2619 793
text 0.5803 2026 1851 2076 1890
text 0.5725 466 1484 494 1524
text 0.5641 2756 2906 2787 2977
text 0.5632 1809 1227 1836 1259
text 0.5524 918 1414 968 1446
text 0.5484 3617 1327 3647 1395
text 0.5374 2752 389 2785 435
text 0.5372 2758 188 2787 240
text 0.5078 601 1976 646 2015
text 0.5028 1650 2117 1670 2167
text 0.4936 1413 2887 1439 2937
text 0.4698 2555 1227 2630 1271
text 0.4568 2208 2676 2258 2759
text 0.4466 302 1763 354 1800
text 0.4310 1965 1901 1996 1976
text 0.3914 2267 1969 2322 2012
text 0.3819 3786 962 3808 1006
text 0.3518 3351 2755 3385 2787
text 0.3492 1569 2949 1596 3007
text 0.3454 3688 1060 3730 1118
text 0.3423 3608 1318 3637 1381
text 0.3262 3574 1605 3650 1648
text 0.3251 1569 941 1629 1040
text 0.3233 2277 2880 2311 2942
text 0.3209 227 1845 256 1886
text 0.3195 1801 1214 1826 1252
text 0.3143 2053 2895 2101 2961
text 0.3070 1711 386 1756 462
text 0.3067 1256 2828 1278 2881
text 0.3047 1352 2564 1428 2614
text 0.3039 1924 1177 1963 1209
pins 0.9275 675 1265 1104 1368
pins 0.5977 3685 1495 3761 1591
component 0.9955 1828 1305 1888 1393
component 0.9925 1821 1095 1894 1191
component 0.9897 3192 1792 3203 1810
component 0.9867 3491 1897 3541 1922
component 0.9860 1985 1304 2054 1394
component 0.9843 178 1889 200 1967
component 0.9811 3322 1658 3341 1686
component 0.9762 682 1708 710 1742
component 0.9748 770 1538 818 1591
component 0.9744 2619 1031 2657 1057
component 0.9721 3241 1772 3265 1820
component 0.9687 570 1773 595 1814
component 0.9659 1595 2760 1690 2834
component 0.9643 899 1654 922 1675
component 0.9633 3292 1919 3310 1939
component 0.9619 2087 779 2113 820
component 0.9606 3535 1557 3560 1585
component 0.9582 3580 1147 3745 1305
component 0.9580 3320 1593 3341 1630
component 0.9537 669 1749 714 1785
component 0.9487 3607 1464 3626 1485
component 0.9444 113 1876 167 1976
component 0.9435 1829 2171 2132 2481
component 0.9412 3579 1547 3611 1585
component 0.9325 315 1526 413 1705
component 0.9291 3453 1455 3474 1492
component 0.9198 1877 1779 1964 1842
component 0.9104 975 70 1153 131
component 0.9083 2191 921 2417 1226
component 0.8946 2595 1332 2678 1437
component 0.8872 3411 1844 3448 1888
component 0.8867 111 1653 180 1835
component 0.8740 3709 1805 3757 1848
component 0.8679 2037 1821 2075 1850
component 0.8644 555 1669 592 1701
component 0.8610 1941 2856 1976 2883
component 0.8501 3401 1929 3419 1950
component 0.8350 553 1610 611 1654
component 0.8302 172 1648 205 1796
component 0.8295 1849 1000 1890 1029
component 0.8006 3350 1452 3381 1490
component 0.7975 156 1672 195 1834
component 0.7799 99 1607 197 1658
component 0.7379 1047 1473 1147 1542
component 0.7037 868 51 915 81
component 0.7012 2045 2777 2066 2822
component 0.6635 768 1580 821 1614
component 0.6494 2660 726 2717 815
component 0.6242 681 51 732 81
component 0.5255 942 1653 959 1672
component 0.3901 104 1615 162 1667
component 0.3621 708 46 776 81
component 0.3163 786 1593 851 1657
test 0.9850 1764 742 1907 899
test 0.9471 665 1581 692 1622
test 0.9202 569 1959 604 1999
test 0.7273 3568 1571 3631 1613
test 0.7043 3638 1830 3669 1895
led 0.8281 2955 1037 3006 1154
led 0.7495 3051 1049 3102 1155
clock 0.8741 1790 1069 1927 1212
clock 0.8500 270 1450 461 1776
clock 0.8234 1849 1760 1994 1861
ic 0.9909 1680 2027 2266 2625
ic 0.9775 2098 846 2551 1303
ic 0.9229 404 1802 607 1998
ic 0.8930 825 1698 890 1763
ic 0.8160 3446 1615 3520 1665
ic 0.7932 3341 1443 3422 1504
ic 0.7566 3427 1446 3500 1505
ic 0.7120 3586 1890 3654 1949
switch 0.9539 64 1862 228 1998
switch 0.8273 64 1633 233 1855
electrolytic 0.9344 1915 2851 2015 2887
electrolytic 0.8992 464 1657 532 1741
electrolytic 0.8762 2011 2705 2104 2752
electrolytic 0.8686 2623 693 2738 871
electrolytic 0.8403 2571 1293 2703 1471
electrolytic 0.8331 1025 1451 1192 1572
electrolytic 0.8240 1960 1256 2078 1442
electrolytic 0.7826 757 1492 853 1634
electrolytic 0.7670 1561 2739 1730 2858
electrolytic 0.7642 1800 1262 1920 1437
electrolytic 0.7228 3519 1455 3569 1543
electrolytic 0.6598 2589 1017 2684 1068
electrolytic 0.6071 3390 1822 3455 1909
electrolytic 0.3257 3683 1787 3772 1874
button 0.9452 2944 616 3082 763
button 0.8943 69 1465 248 1578
transistor 0.9475 494 1467 711 1580
transistor 0.8276 3323 1902 3379 1956
transistor 0.7932 897 1554 968 1622
jumper 0.9741 3115 940 3172 1050
jumper 0.9731 1680 1179 1740 1289
jumper 0.9314 2767 2740 2829 2849
jumper 0.8692 2173 2759 2232 2856
inductor 0.8582 3384 1556 3440 1617
inductor 0.8099 3489 1673 3606 1815
inductor 0.8006 3223 1751 3274 1841
inductor 0.7107 3389 1659 3438 1741
inductor 0.6747 2181 2931 2221 2987
unknown 0.9750 2083 2834 2112 2887
zener 0.7087 3310 1733 3367 1801
display 0.9868 450 27 1283 1420
