connector 0.9754 2727 1631 2868 1785
connector 0.9737 2728 1867 2866 2007
connector 0.9699 2731 2650 2866 2797
connector 0.9698 2727 2425 2867 2563
connector 0.9648 828 229 2497 388
connector 0.9583 1100 1603 1235 1743
connector 0.9532 3007 2867 3064 2930
connector 0.9478 495 2098 634 2819
connector 0.9437 3627 681 3998 1278
connector 0.9391 3509 2092 3657 2852
connector 0.9390 3209 2091 3352 2840
connector 0.9369 1432 1661 1492 1721
connector 0.9271 869 1207 920 1256
connector 0.9246 2324 998 2374 1048
connector 0.9174 1637 1672 1696 1722
connector 0.9059 2000 1571 2057 1622
connector 0.9022 576 568 619 653
connector 0.8805 1285 2845 1336 2893
connector 0.8804 1096 1834 1236 1968
connector 0.8774 738 2081 888 2839
connector 0.8670 1791 1661 1850 1721
connector 0.8589 3737 1929 3834 1986
connector 0.8482 1715 1664 1767 1719
connector 0.8325 1896 1607 1955 1662
connector 0.8309 254 574 570 763
connector 0.8284 1793 2758 1846 2864
connector 0.8274 1570 1662 1629 1732
connector 0.8148 1091 2162 1157 2224
connector 0.8119 3026 1896 3084 1949
connector 0.7281 1503 1662 1562 1720
connector 0.6553 306 909 674 1030
connector 0.5738 2361 1139 2420 1182
resistor 0.9950 2400 1466 2425 1504
resistor 0.9916 720 1807 760 1857
resistor 0.9700 489 1057 527 1110
resistor 0.9646 2015 1078 2048 1102
resistor 0.9520 1667 1366 1706 1436
resistor 0.9463 1984 1774 2009 1805
resistor 0.9435 2012 930 2057 953
resistor 0.9394 3031 1423 3069 1435
resistor 0.9260 1112 950 1157 1029
resistor 0.9254 391 1022 459 1117
resistor 0.9111 2002 2631 2054 2686
resistor 0.9026 2873 1780 2896 1819
resistor 0.8999 1790 1399 1819 1455
resistor 0.8998 1839 1895 1885 1926
resistor 0.8991 541 1544 576 1603
resistor 0.8991 2134 1140 2162 1191
resistor 0.8976 2872 1824 2898 1863
resistor 0.8947 1933 1910 1978 1937
resistor 0.8916 410 852 439 907
resistor 0.8857 1895 2632 1984 2700
resistor 0.8844 2250 2678 2292 2727
resistor 0.8806 1824 1403 1841 1453
resistor 0.8778 1917 1979 1954 2000
resistor 0.8670 1698 1318 1721 1354
resistor 0.8667 2368 1096 2410 1141
resistor 0.8620 2306 1018 2362 1061
resistor 0.8608 2109 1714 2133 1745
resistor 0.8522 2015 1102 2055 1119
resistor 0.8515 1787 2095 1813 2147
resistor 0.8485 482 1315 513 1352
resistor 0.8204 1845 2662 1905 2696
resistor 0.8191 1817 1970 1883 2007
resistor 0.8000 455 1456 509 1494
resistor 0.7654 1716 1405 1736 1446
resistor 0.7649 1501 931 1533 951
resistor 0.7465 1800 2068 1828 2114
resistor 0.7351 3352 1631 3387 1666
resistor 0.7059 372 855 395 918
resistor 0.7028 1973 1970 2023 1998
resistor 0.6891 2164 2883 2215 2937
resistor 0.6880 333 938 388 1037
resistor 0.6825 1855 1988 1908 2019
resistor 0.6489 977 943 1032 1042
resistor 0.6420 1818 2232 1831 2275
resistor 0.6416 557 964 603 1045
resistor 0.5868 489 932 556 1047
resistor 0.5835 782 1901 821 1955
resistor 0.5318 1965 1935 2007 1967
resistor 0.4224 394 903 472 1047
pads 0.9869 2077 2638 2118 2682
pads 0.9838 2469 2314 2515 2386
pads 0.9829 2470 2242 2491 2282
pads 0.9828 3335 1695 3379 1733
pads 0.9750 2479 2147 2503 2202
pads 0.9546 2381 1315 2404 1354
pads 0.9530 338 1029 377 1102
pads 0.9486 2471 2401 2509 2465
pads 0.9470 2235 1512 2520 1701
pads 0.9417 1272 1813 1299 1861
pads 0.9363 2332 1469 2357 1504
pads 0.8857 3342 1763 3383 1816
pads 0.8833 2152 2639 2194 2685
pads 0.8796 2496 2061 2517 2106
pads 0.8499 2531 2186 2553 2223
pads 0.8462 1271 1720 1305 1789
pads 0.8386 2704 2580 2754 2631
pads 0.8249 2458 2436 2481 2493
pads 0.7959 2207 2615 2244 2662
pads 0.6491 2518 2300 2545 2339
pads 0.6312 2195 2677 2239 2736
pads 0.6226 2521 2256 2541 2286
pads 0.5370 3069 1422 3104 1438
pads 0.3173 2198 2628 2236 2674
emi 0.9481 668 1743 709 1821
emi 0.9020 3362 1820 3440 1869
emi 0.8811 3201 1828 3287 1871
emi 0.7146 3363 1887 3442 1953
capacitor 0.9817 2243 2965 2266 3003
capacitor 0.9791 1921 1302 1940 1337
capacitor 0.9765 1604 797 1622 830
capacitor 0.9696 1956 2844 1976 2879
capacitor 0.9677 1607 1319 1633 1380
capacitor 0.9649 736 1547 780 1575
capacitor 0.9629 3329 1811 3347 1857
capacitor 0.9585 3265 1799 3310 1822
capacitor 0.9548 2379 2949 2399 2996
capacitor 0.9548 796 1683 824 1758
capacitor 0.9481 1746 1308 1780 1359
capacitor 0.9427 1663 1557 1696 1614
capacitor 0.9424 3435 1902 3474 1985
capacitor 0.9371 3328 1888 3373 1927
capacitor 0.9286 1788 794 1807 840
capacitor 0.9282 2315 2953 2339 2997
capacitor 0.9272 1866 782 1896 839
capacitor 0.9162 1508 1134 1543 1160
capacitor 0.9068 2145 1940 2165 1987
capacitor 0.9008 1507 1219 1548 1242
capacitor 0.8986 3596 1760 3621 1793
capacitor 0.8931 377 1922 431 1975
capacitor 0.8904 3342 1552 3390 1583
capacitor 0.8792 3728 1790 3786 1818
capacitor 0.8777 4003 1604 4033 1651
capacitor 0.8742 2065 1941 2092 1998
capacitor 0.8701 2096 2816 2125 2844
capacitor 0.8630 629 1542 686 1592
capacitor 0.8604 615 1502 664 1545
capacitor 0.8576 1816 1556 1847 1627
capacitor 0.8536 2645 2896 2660 2936
capacitor 0.8463 2451 2947 2470 2995
capacitor 0.8438 2018 1193 2065 1212
capacitor 0.8329 454 1504 504 1551
capacitor 0.8096 3389 1776 3444 1810
capacitor 0.8047 3391 1690 3427 1727
capacitor 0.7937 487 1884 547 1939
capacitor 0.7847 1501 1091 1535 1114
capacitor 0.7799 4011 1842 4033 1887
capacitor 0.7690 3216 1754 3256 1793
capacitor 0.7678 1870 2861 1914 2900
capacitor 0.7590 2281 2760 2312 2828
capacitor 0.7553 3662 1774 3733 1822
capacitor 0.7485 1930 2739 1985 2846
capacitor 0.7463 2006 976 2052 1010
capacitor 0.7373 1492 990 1524 1008
capacitor 0.6907 1704 1553 1728 1596
capacitor 0.6870 1745 1551 1765 1583
capacitor 0.6771 2059 2917 2088 2971
capacitor 0.6668 1445 1155 1508 1198
capacitor 0.6643 1915 2615 1996 2671
capacitor 0.6466 3618 1752 3646 1788
capacitor 0.6213 2143 1014 2210 1050
capacitor 0.5992 2022 958 2071 990
capacitor 0.5948 1731 1551 1749 1583
capacitor 0.5602 3468 1889 3490 1930
capacitor 0.5202 3311 1695 3342 1740
capacitor 0.4702 1808 781 1835 837
capacitor 0.4483 1572 795 1592 836
text 0.9788 3835 1841 3863 1887
text 0.9784 643 2402 681 2432
text 0.9763 3361 2778 3383 2810
text 0.9762 3657 2145 3695 2175
text 0.9761 1681 196 1708 229
text 0.9724 3667 2777 3687 2808
text 0.9721 1997 198 2027 238
text 0.9711 2093 1844 2117 1870
text 0.9702 2073 1074 2129 1101
text 0.9676 820 1190 860 1268
text 0.9656 1907 1660 1944 1733
text 0.9637 555 1154 602 1284
text 0.9624 2302 1276 2342 1354
text 0.9620 574 741 618 810
text 0.9608 3174 2778 3200 2812
text 0.9576 256 574 294 594
text 0.9574 1921 765 1958 840
text 0.9565 2097 1230 2132 1261
text 0.9540 2546 2237 2577 2279
text 0.9512 2402 1970 2431 2016
text 0.9505 2816 2829 2836 2878
text 0.9500 1602 722 1632 780
text 0.9500 3185 1759 3214 1801
text 0.9483 2393 378 2430 452
text 0.9482 3591 881 3619 904
text 0.9476 573 1819 624 1843
text 0.9454 2542 2331 2585 2370
text 0.9452 646 2482 684 2512
text 0.9426 3589 1384 3628 1408
text 0.9397 424 1468 456 1588
text 0.9379 897 2396 927 2434
text 0.9373 3284 1829 3325 1883
text 0.9362 569 1014 604 1078
text 0.9348 3654 2503 3694 2533
text 0.9341 3487 2778 3507 2810
text 0.9319 3191 1516 3228 1560
text 0.9311 514 1859 546 1880
text 0.9310 2054 1551 2095 1633
text 0.9302 602 149 799 396
text 0.9296 2768 1839 2816 1863
text 0.9272 1034 932 1071 1031
text 0.9266 968 2302 1020 2716
text 0.9258 2148 991 2191 1026
text 0.9246 1066 2150 1096 2226
text 0.9234 2157 1511 2204 1635
text 0.9219 1273 188 1304 238
text 0.9216 1680 386 1708 416
text 0.9211 1576 2322 1626 2775
text 0.9205 287 953 306 1003
text 0.9193 343 1888 373 1920
text 0.9157 1017 1630 1067 1926
text 0.9138 2243 2891 2271 2943
text 0.9136 2874 2481 2916 2530
text 0.9134 900 2029 929 2107
text 0.9130 2868 1465 2897 1494
text 0.9126 1987 681 2016 760
text 0.9124 3597 1071 3626 1090
text 0.9106 1287 385 1333 436
text 0.9099 1512 1719 1551 1789
text 0.9098 2970 2860 3004 2938
text 0.9083 1769 1604 1797 1676
text 0.9075 2058 911 2119 936
text 0.9074 3219 1937 3244 1999
text 0.9062 256 734 296 756
text 0.9058 2892 1843 2975 1879
text 0.9056 2312 1077 2364 1145
text 0.9051 2548 2715 2580 2782
text 0.9044 1739 2885 1778 2944
text 0.9032 1520 1278 1566 1353
text 0.9031 1838 2925 1875 2975
text 0.9027 1994 1924 2051 1960
text 0.9018 2381 596 2432 908
text 0.9017 2450 1277 2489 1354
text 0.9015 2640 2641 2707 2680
text 0.8991 2247 426 2308 448
text 0.8980 2145 2809 2200 2839
text 0.8960 897 2474 927 2504
text 0.8937 1839 2889 1875 2938
text 0.8935 2079 1147 2128 1174
text 0.8922 3327 1463 3367 1509
text 0.8899 2769 1601 2825 1632
text 0.8899 2956 1416 3005 1444
text 0.8893 1095 1187 1146 1381
text 0.8882 296 1108 355 1386
text 0.8860 3434 1802 3476 1857
text 0.8852 3360 2423 3389 2454
text 0.8843 2696 143 2736 304
text 0.8824 1878 1871 1938 1898
text 0.8821 950 193 987 237
text 0.8801 1737 1357 1768 1418
text 0.8778 949 1424 987 1500
text 0.8773 1147 1137 1188 1218
text 0.8757 3121 2012 3160 2067
text 0.8756 1633 196 1661 228
text 0.8749 2770 2377 2814 2411
text 0.8737 1581 1723 1621 1800
text 0.8726 1108 2445 1158 2663
text 0.8706 1245 1909 1286 1962
text 0.8693 3660 2422 3696 2455
text 0.8659 2147 1279 2184 1358
text 0.8651 948 380 976 431
text 0.8643 2748 2830 2769 2879
text 0.8604 1107 2226 1149 2293
text 0.8579 643 2127 662 2154
text 0.8578 3837 1756 3863 1806
text 0.8543 1720 1606 1752 1663
text 0.8513 3380 1610 3411 1636
text 0.8511 1425 2227 1510 2526
text 0.8510 1360 871 1398 903
text 0.8503 1788 713 1815 778
text 0.8493 2080 1774 2107 1816
text 0.8488 2410 2896 2441 2944
text 0.8483 1894 2684 1969 2753
text 0.8459 2521 1540 2550 1563
text 0.8449 1313 2909 1344 2980
text 0.8412 3163 2423 3200 2453
text 0.8403 499 1105 546 1129
text 0.8401 3674 1276 3716 1329
text 0.8400 3657 634 3814 684
text 0.8396 797 1860 832 1904
text 0.8376 1246 1583 1286 1660
text 0.8369 1148 2728 1277 2786
text 0.8365 2890 2826 2915 2877
text 0.8352 2136 1683 2163 1741
text 0.8340 2194 1212 2225 1237
text 0.8334 393 1311 431 1344
text 0.8310 2256 1228 2291 1258
text 0.8287 2126 1050 2179 1077
text 0.8277 3163 2140 3192 2169
text 0.8271 649 2762 680 2797
text 0.8250 2067 2671 2123 2734
text 0.8248 2481 948 2530 1048
text 0.8238 2027 382 2065 414
text 0.8200 2344 2895 2372 2945
text 0.8200 409 1916 455 1984
text 0.8158 3654 1978 3691 2008
text 0.8144 2771 2621 2816 2650
text 0.8118 2340 398 2375 428
text 0.8115 375 781 489 829
text 0.8099 3468 2414 3496 2447
text 0.8096 1780 2244 1809 2311
text 0.8079 2874 2736 2916 2779
text 0.8063 899 588 1009 750
text 0.8058 1484 695 1522 787
text 0.8046 3147 1709 3184 1740
text 0.8046 1349 1020 1417 1049
text 0.8041 2876 1709 2917 1758
text 0.8025 638 2027 668 2097
text 0.8007 1048 1137 1088 1218
text 0.8002 683 963 729 1001
text 0.8000 2078 940 2132 970
text 0.7993 1846 2687 1892 2749
text 0.7970 904 2761 942 2789
text 0.7960 2525 1639 2559 1710
text 0.7949 1295 1770 1397 1810
text 0.7948 1441 1719 1480 1787
text 0.7943 3161 2501 3202 2531
text 0.7942 560 1559 643 1630
text 0.7938 3084 1890 3114 1963
text 0.7936 323 1581 380 1649
text 0.7920 886 844 930 1068
text 0.7918 998 1220 1049 1384
text 0.7887 1133 1799 1186 1830
text 0.7867 3359 2502 3391 2530
text 0.7865 582 1684 637 1732
text 0.7860 3694 1881 3716 1920
text 0.7854 1160 652 1213 732
text 0.7841 2915 1580 2991 1622
text 0.7808 718 2112 742 2146
text 0.7792 1639 1395 1660 1469
text 0.7767 2481 642 2529 914
text 0.7767 3370 2134 3400 2164
text 0.7723 1866 717 1897 783
text 0.7697 702 2472 741 2503
text 0.7692 699 1748 733 1814
text 0.7672 286 920 305 961
text 0.7633 1651 1717 1688 1796
text 0.7629 2327 2730 2363 2781
text 0.7614 1489 899 1540 925
text 0.7609 752 854 797 1094
text 0.7585 2988 1893 3025 1956
text 0.7569 3062 2851 3094 2915
text 0.7559 3646 1762 3701 1813
text 0.7535 2479 1711 2510 1741
text 0.7533 1138 1562 1187 1592
text 0.7530 2049 2844 2089 2903
text 0.7527 1977 1701 2017 1768
text 0.7517 3358 1843 3428 1893
text 0.7514 1820 1869 1876 1901
text 0.7503 2345 197 2373 219
text 0.7488 401 1115 441 1137
text 0.7484 2644 2531 2710 2588
text 0.7480 1344 2709 1383 2788
text 0.7478 710 2396 740 2425
text 0.7467 2517 2412 2546 2462
text 0.7446 1966 821 1995 881
text 0.7439 1293 1661 1344 1772
text 0.7402 2203 1541 2234 1574
text 0.7393 3468 2136 3499 2165
text 0.7379 1190 2117 1349 2660
text 0.7364 1854 1317 1881 1376
text 0.7363 2894 1782 2977 1819
text 0.7326 1480 448 1926 505
text 0.7318 1408 977 1463 1002
text 0.7302 402 819 471 898
text 0.7299 2706 356 2774 498
text 0.7295 847 749 897 1119
text 0.7289 2393 1076 2433 1130
text 0.7287 2451 1454 2471 1501
text 0.7268 787 1596 810 1630
text 0.7258 363 1591 437 1681
text 0.7244 1980 2678 2066 2749
text 0.7235 1771 2113 1799 2175
text 0.7229 883 1828 919 1858
text 0.7229 454 2397 497 2427
text 0.7212 2926 2474 2978 2761
text 0.7207 2659 1727 2706 1934
text 0.7203 3473 2829 3508 2878
text 0.7195 3242 1936 3345 2004
text 0.7194 1377 1156 1451 1195
text 0.7146 1541 2405 1581 2777
text 0.7141 3114 2336 3154 2692
text 0.7137 776 1763 806 1829
text 0.7130 3469 1758 3571 1819
text 0.7117 3467 2502 3499 2530
text 0.7111 2279 1213 2311 1245
text 0.7100 2896 1970 2936 2019
text 0.7088 453 2472 485 2504
text 0.7084 1235 912 1296 1208
text 0.7038 930 1178 968 1262
text 0.7024 1483 1238 1552 1265
text 0.7017 713 2748 743 2777
text 0.6992 2043 198 2074 230
text 0.6983 3696 1769 3745 1803
text 0.6934 2091 991 2146 1018
text 0.6930 455 2750 474 2778
text 0.6881 584 761 623 830
text 0.6853 1726 711 1757 784
text 0.6851 1808 714 1838 780
text 0.6765 2262 1045 2305 1070
text 0.6755 2282 2764 2324 2848
text 0.6749 1399 1066 1466 1107
text 0.6740 2120 2670 2193 2712
text 0.6731 1642 384 1669 415
text 0.6662 1781 2648 1839 2679
text 0.6658 1836 2609 1908 2642
text 0.6622 3164 2829 3202 2879
text 0.6618 2252 1790 2341 1889
text 0.6564 691 912 735 953
text 0.6528 465 1604 567 1661
text 0.6495 2430 947 2481 1050
text 0.6491 614 576 651 669
text 0.6431 2430 2115 2452 2166
text 0.6404 2211 1647 2233 1689
text 0.6396 465 2110 484 2146
text 0.6392 3782 1774 3815 1822
text 0.6340 707 1588 810 1654
text 0.6304 617 1740 663 1835
text 0.6206 1569 721 1599 784
text 0.6177 457 1059 494 1129
text 0.6111 409 1582 478 1707
text 0.6108 3315 1894 3388 1953
text 0.6095 2645 2562 2697 2636
text 0.6077 1801 1722 1847 1802
text 0.6053 2519 2100 2542 2150
text 0.6045 2291 2652 2321 2713
text 0.6044 3610 1484 3637 1523
text 0.6032 1146 2820 1271 2883
text 0.6024 2200 1860 2241 1906
text 0.5974 1978 2608 2078 2675
text 0.5905 781 1550 801 1574
text 0.5878 2190 2938 2223 2991
text 0.5673 2432 695 2488 906
text 0.5594 857 1749 888 1827
text 0.5591 453 1836 484 1881
text 0.5443 1720 1722 1762 1792
text 0.5379 2911 2832 2944 2898
text 0.5338 3460 1976 3500 2009
text 0.5301 453 1325 485 1393
text 0.5299 288 1021 329 1095
text 0.5024 2043 1766 2070 1814
text 0.5005 1774 2679 1833 2709
text 0.4795 2509 2058 2540 2108
text 0.4495 1313 388 1353 439
text 0.4246 355 1022 403 1102
text 0.4232 2204 1661 2225 1712
text 0.4141 2443 1447 2466 1495
text 0.4076 2165 1210 2198 1256
text 0.3894 782 1682 811 1741
text 0.3890 633 1826 690 1898
text 0.3855 1452 1256 1509 1288
text 0.3794 700 1815 736 1887
text 0.3635 2202 2881 2226 2935
text 0.3538 851 360 892 400
text 0.3438 1261 189 1291 240
text 0.3318 2435 2240 2461 2291
text 0.3301 780 1588 802 1624
text 0.3300 914 1195 960 1257
text 0.3295 2110 2635 2164 2685
text 0.3186 2174 2813 2225 2852
text 0.3091 2351 193 2382 215
text 0.3088 2520 2374 2558 2422
text 0.3076 2131 2682 2218 2726
text 0.3050 400 1762 450 1811
pins 0.9404 2988 1267 3427 1364
pins 0.9006 336 1453 421 1590
component 0.9928 2215 1305 2273 1393
component 0.9905 3508 1782 3530 1811
component 0.9873 3236 1651 3274 1685
component 0.9868 565 1894 610 1926
component 0.9853 755 1662 785 1700
component 0.9852 2207 1091 2284 1176
component 0.9849 2406 2760 2505 2838
component 0.9844 2133 1782 2220 1841
component 0.9834 1969 2173 2277 2481
component 0.9801 891 1781 911 1811
component 0.9786 2046 1305 2116 1395
component 0.9786 683 1930 701 1949
component 0.9762 1988 779 2012 818
component 0.9717 3902 1665 3986 1838
component 0.9696 3908 1882 3977 1981
component 0.9684 3179 1651 3202 1677
component 0.9661 356 1144 519 1305
component 0.9657 3684 1523 3787 1717
component 0.9623 840 1775 870 1822
component 0.9592 1421 1330 1502 1433
component 0.9532 345 1805 396 1847
component 0.9532 719 1454 744 1494
component 0.9531 3966 1890 3985 1966
component 0.9527 3280 1524 3335 1587
component 0.9503 3406 1697 3426 1747
component 0.9455 1680 913 1924 1227
component 0.9376 1448 1026 1484 1051
component 0.9350 792 1917 810 1938
component 0.9265 729 1591 779 1642
component 0.9261 2214 999 2254 1029
component 0.9209 630 1452 655 1493
component 0.9138 3410 1746 3438 1776
component 0.9110 2028 2779 2056 2818
component 0.8949 2023 1821 2065 1850
component 0.8812 2938 68 3124 129
component 0.8697 3501 1613 3557 1680
component 0.8674 475 1464 493 1486
component 0.8571 3513 1662 3547 1699
component 0.8500 650 1840 690 1890
component 0.8325 3142 1653 3161 1673
component 0.8179 2123 2857 2149 2894
component 0.8127 3920 1607 3974 1654
component 0.8112 3969 1654 3994 1836
component 0.8049 3183 53 3235 81
component 0.8004 2957 1476 3056 1548
component 0.7550 485 1550 526 1587
component 0.7428 542 1546 564 1580
component 0.6989 1386 726 1452 818
component 0.6652 3370 48 3419 82
component 0.6569 3279 1582 3332 1620
component 0.3181 3278 41 3338 84
test 0.9626 2192 741 2340 906
test 0.9031 432 1827 462 1879
test 0.8914 3409 1579 3440 1620
test 0.8488 3496 1957 3528 2000
test 0.8424 460 1560 535 1607
led 0.8441 1100 1040 1148 1157
led 0.8281 998 1050 1047 1159
clock 0.9120 3638 1460 3832 1778
clock 0.9100 2176 1068 2311 1205
clock 0.8009 2103 1762 2254 1861
ic 0.9901 1834 2019 2427 2621
ic 0.9872 1554 854 1997 1285
ic 0.8748 3488 1807 3696 1993
ic 0.8648 611 1444 671 1507
ic 0.8202 582 1605 661 1664
ic 0.8180 2018 2766 2068 2823
ic 0.7422 689 1442 762 1512
ic 0.5137 450 1889 513 1947
ic 0.5045 3219 1694 3273 1759
switch 0.9142 3857 1864 4034 1998
switch 0.7498 3859 1636 4029 1863
electrolytic 0.9202 1995 2709 2093 2752
electrolytic 0.8521 2187 1258 2304 1441
electrolytic 0.8370 3566 1651 3636 1748
electrolytic 0.8362 1399 1289 1523 1472
electrolytic 0.8267 2909 1453 3085 1569
electrolytic 0.7901 2021 1254 2145 1445
electrolytic 0.7893 3248 1490 3357 1633
electrolytic 0.7861 2184 984 2283 1039
electrolytic 0.6888 1364 682 1488 874
electrolytic 0.6271 535 1441 595 1550
electrolytic 0.6271 2372 2737 2543 2864
electrolytic 0.3210 542 1880 632 1952
button 0.9687 3855 1457 4036 1578
button 0.9497 1019 620 1156 762
transistor 0.8799 3391 1454 3608 1578
transistor 0.8431 720 1899 777 1959
transistor 0.5980 3146 1558 3206 1618
jumper 0.9237 2365 1180 2419 1285
jumper 0.9076 1277 2738 1336 2849
jumper 0.8184 1874 2755 1931 2855
jumper 0.6409 929 941 986 1049
inductor 0.9189 664 1650 713 1737
inductor 0.8927 660 1553 718 1617
inductor 0.8172 496 1675 621 1815
inductor 0.5358 1877 2924 1907 2986
unknown 0.9733 1988 2832 2017 2891
zener 0.8510 730 1728 787 1801
display 0.9838 2812 21 3654 1429
