connector 0.9731 2729 1216 2867 1366
connector 0.9715 2730 206 2868 358
connector 0.9636 3625 1718 3995 2317
connector 0.9628 1099 1255 1234 1406
connector 0.9611 494 151 631 930
connector 0.9570 843 2608 2500 2768
connector 0.9543 2728 990 2867 1138
connector 0.9504 2728 435 2864 581
connector 0.9417 1642 1277 1700 1336
connector 0.9394 1996 1374 2054 1432
connector 0.9394 1719 1277 1771 1333
connector 0.9393 1287 100 1332 150
connector 0.9385 586 2356 626 2407
connector 0.9344 1096 1029 1234 1167
connector 0.9313 3213 112 3349 915
connector 0.9197 3508 138 3656 916
connector 0.9196 745 160 890 930
connector 0.9138 303 1993 691 2098
connector 0.9105 871 1741 919 1792
connector 0.8966 1434 1278 1491 1336
connector 0.8894 2324 1951 2371 1995
connector 0.8835 1789 1277 1851 1336
connector 0.8835 3028 1046 3081 1101
connector 0.8817 1503 1280 1562 1337
connector 0.8782 1895 1337 1958 1396
connector 0.8777 2356 1823 2420 1862
connector 0.8744 3005 80 3060 143
connector 0.8651 1791 134 1850 239
connector 0.8458 249 2234 570 2438
connector 0.8304 3736 1010 3832 1068
connector 0.8229 1570 1275 1628 1337
connector 0.8051 1090 773 1156 844
resistor 0.9974 2413 1504 2426 1533
resistor 0.9946 721 1147 758 1198
resistor 0.9871 493 1922 523 1987
resistor 0.9831 1926 1007 1958 1021
resistor 0.9812 1118 1974 1144 2033
resistor 0.9753 2015 1898 2044 1910
resistor 0.9692 1828 1557 1842 1594
resistor 0.9582 1985 1199 2005 1228
resistor 0.9520 1848 306 1898 337
resistor 0.9462 2877 1177 2898 1214
resistor 0.9452 2026 339 2055 368
resistor 0.9448 419 2104 437 2136
resistor 0.9420 404 1893 466 1996
resistor 0.9344 1895 310 1978 354
resistor 0.9313 457 1513 513 1542
resistor 0.9265 1849 1075 1886 1098
resistor 0.9227 1804 1556 1817 1596
resistor 0.9193 1946 1073 1975 1091
resistor 0.9108 1665 1563 1682 1593
resistor 0.9076 562 1940 587 1988
resistor 0.9059 2133 1816 2154 1848
resistor 0.9014 3028 1565 3064 1580
resistor 0.8916 2029 2048 2056 2067
resistor 0.8889 2874 1137 2895 1176
resistor 0.8849 1708 1645 1721 1681
resistor 0.8830 1504 2055 1534 2069
resistor 0.8778 367 2105 387 2141
resistor 0.8666 1816 990 1881 1018
resistor 0.8569 1822 984 1911 1011
resistor 0.8555 1976 1011 2004 1030
resistor 0.8527 2121 1256 2136 1296
resistor 0.8462 2016 1879 2057 1899
resistor 0.8454 1798 862 1819 891
resistor 0.8346 2372 1858 2423 1903
resistor 0.8298 2262 278 2293 323
resistor 0.8218 780 1052 819 1100
resistor 0.8207 1818 728 1828 767
resistor 0.8101 2686 376 2724 418
resistor 0.8087 3353 1335 3380 1375
resistor 0.8034 487 1640 506 1671
resistor 0.7710 1796 895 1829 926
resistor 0.7623 1961 1036 1998 1061
resistor 0.7441 2148 66 2208 123
resistor 0.7435 970 1955 1033 2049
pads 0.9977 2485 797 2506 852
pads 0.9941 3349 1183 3380 1228
pads 0.9890 2473 709 2496 760
pads 0.9885 3343 1284 3381 1313
pads 0.9845 2491 618 2525 668
pads 0.9836 1273 1130 1298 1188
pads 0.9795 335 1900 395 1986
pads 0.9764 2334 1494 2344 1532
pads 0.9702 2167 336 2197 358
pads 0.9507 2215 343 2234 382
pads 0.9469 2469 531 2506 594
pads 0.9294 2073 318 2117 351
pads 0.9273 2384 1646 2402 1679
pads 0.9265 2233 1299 2517 1488
pads 0.9020 2492 903 2514 940
pads 0.8999 1271 1227 1295 1287
pads 0.8616 3414 1245 3466 1296
pads 0.8526 2528 779 2545 819
pads 0.8045 2456 513 2475 553
pads 0.8033 2520 672 2542 701
pads 0.7853 2708 367 2756 416
pads 0.7714 3072 1564 3102 1583
pads 0.6755 2521 714 2540 754
pads 0.6687 2204 273 2227 317
emi 0.9197 672 1181 712 1256
emi 0.9097 3364 1140 3438 1186
emi 0.7487 3366 1064 3436 1119
emi 0.6860 3206 1138 3283 1177
capacitor 0.9914 1612 2167 1624 2197
capacitor 0.9905 2381 2 2401 51
capacitor 0.9864 1917 1658 1938 1697
capacitor 0.9836 742 1424 780 1453
capacitor 0.9818 1957 121 1976 150
capacitor 0.9813 2240 2 2255 32
capacitor 0.9809 1787 2157 1807 2197
capacitor 0.9756 3261 1177 3312 1206
capacitor 0.9713 1661 1388 1688 1445
capacitor 0.9630 3439 1011 3469 1060
capacitor 0.9592 3331 1150 3350 1188
capacitor 0.9568 1512 1838 1542 1862
capacitor 0.9552 2316 1 2335 50
capacitor 0.9545 1771 1390 1790 1443
capacitor 0.9501 2451 3 2470 51
capacitor 0.9486 2087 157 2127 197
capacitor 0.9398 3596 1205 3620 1245
capacitor 0.9349 3330 1067 3360 1118
capacitor 0.9299 1745 1647 1767 1691
capacitor 0.9292 2065 1001 2094 1060
capacitor 0.9276 2638 70 2656 100
capacitor 0.9220 801 1250 818 1288
capacitor 0.9216 3343 1415 3388 1443
capacitor 0.9191 1610 1627 1630 1680
capacitor 0.9077 1860 2165 1893 2216
capacitor 0.9041 2145 1008 2163 1054
capacitor 0.8929 4004 1355 4035 1397
capacitor 0.8909 3203 1371 3233 1411
capacitor 0.8909 2007 1989 2043 2009
capacitor 0.8864 460 1466 501 1493
capacitor 0.8854 3732 1178 3789 1218
capacitor 0.8687 1512 1759 1544 1777
capacitor 0.8554 2141 1945 2183 1989
capacitor 0.8552 375 1030 433 1075
capacitor 0.8551 2017 1778 2065 1801
capacitor 0.8357 3212 1177 3251 1207
capacitor 0.8213 4013 1117 4033 1166
capacitor 0.8140 1502 1891 1532 1910
capacitor 0.8100 510 1072 544 1118
capacitor 0.7939 1747 1411 1768 1454
capacitor 0.7922 632 1416 663 1453
capacitor 0.7810 1866 107 1914 132
capacitor 0.7655 1919 161 1980 256
capacitor 0.7560 2023 2017 2071 2041
capacitor 0.7533 2055 41 2077 77
capacitor 0.7505 1818 1397 1836 1455
capacitor 0.7266 1901 338 1996 378
capacitor 0.7207 3668 1177 3722 1207
capacitor 0.7165 3393 1188 3441 1218
capacitor 0.6889 1730 1414 1749 1457
capacitor 0.6805 1492 1989 1523 2007
capacitor 0.6791 3389 1276 3429 1307
capacitor 0.6778 624 1465 661 1496
capacitor 0.6773 3619 1207 3648 1255
capacitor 0.6593 3470 1077 3489 1117
capacitor 0.6213 1808 2156 1837 2216
capacitor 0.6134 3212 1211 3257 1240
capacitor 0.6076 3310 1267 3340 1301
capacitor 0.5984 2282 192 2312 239
capacitor 0.5311 1466 1802 1516 1830
text 0.9801 3656 833 3695 862
text 0.9796 2302 1647 2341 1723
text 0.9776 3669 188 3689 217
text 0.9760 421 1413 453 1531
text 0.9726 573 1159 613 1178
text 0.9718 645 565 681 601
text 0.9711 2551 722 2579 769
text 0.9709 3836 1108 3864 1158
text 0.9707 1843 21 1876 70
text 0.9680 2164 1986 2194 2015
text 0.9678 2078 1829 2126 1849
text 0.9676 1065 770 1095 857
text 0.9672 1364 2099 1398 2129
text 0.9670 3189 1436 3227 1464
text 0.9647 820 1740 860 1810
text 0.9629 253 2402 293 2431
text 0.9614 1898 256 1960 317
text 0.9602 259 2257 294 2276
text 0.9594 1270 2757 1304 2809
text 0.9561 1996 2768 2025 2800
text 0.9540 890 1145 910 1168
text 0.9536 3588 1591 3627 1619
text 0.9526 1679 2768 1708 2800
text 0.9518 1910 1266 1947 1332
text 0.9514 3489 197 3509 228
text 0.9509 650 495 681 526
text 0.9504 1681 2580 1710 2612
text 0.9500 2085 1120 2116 1149
text 0.9491 1838 1324 1861 1390
text 0.9468 876 1888 929 2196
text 0.9400 553 1738 584 1819
text 0.9394 2448 1645 2489 1720
text 0.9381 2145 1653 2182 1724
text 0.9370 1600 2216 1628 2283
text 0.9356 2816 118 2839 170
text 0.9355 1640 1533 1660 1603
text 0.9347 574 2230 613 2253
text 0.9320 1584 226 1631 668
text 0.9314 1423 477 1512 766
text 0.9287 1986 2245 2016 2314
text 0.9287 3837 1196 3864 1244
text 0.9281 1919 2168 1958 2244
text 0.9281 2707 2512 2778 2637
text 0.9268 2391 2544 2427 2617
text 0.9261 286 1996 305 2038
text 0.9251 1100 1621 1151 1810
text 0.9247 649 209 680 241
text 0.9243 3588 2107 3617 2128
text 0.9239 2053 2064 2124 2098
text 0.9238 3360 187 3380 217
text 0.9237 3655 554 3695 585
text 0.9235 2866 1505 2896 1534
text 0.9224 3677 1661 3715 1720
text 0.9220 514 1868 544 1890
text 0.9214 2214 73 2242 140
text 0.9212 2776 347 2816 377
text 0.9209 3330 1510 3362 1543
text 0.9198 2075 2030 2124 2067
text 0.9183 2769 1366 2815 1406
text 0.9179 2748 118 2768 172
text 0.9156 2885 118 2914 172
text 0.9155 3360 555 3391 585
text 0.9139 1769 821 1799 892
text 0.9138 899 210 938 239
text 0.9131 899 899 928 968
text 0.9131 3163 555 3201 586
text 0.9125 518 1118 545 1139
text 0.9109 949 2570 980 2609
text 0.9100 2875 473 2916 516
text 0.9078 2002 1039 2048 1070
text 0.9076 513 1659 542 1681
text 0.9075 406 1013 455 1065
text 0.9073 1017 1077 1067 1367
text 0.9070 2309 1846 2360 1927
text 0.9059 2083 1178 2102 1231
text 0.9055 2293 291 2320 347
text 0.9036 2401 981 2430 1030
text 0.9034 1483 2205 1524 2315
text 0.9032 3597 1907 3628 1927
text 0.9021 1821 1102 1876 1133
text 0.9016 1107 706 1146 772
text 0.9009 2136 1257 2164 1324
text 0.9009 1512 1208 1551 1279
text 0.9007 403 1867 434 1890
text 0.9006 2956 1553 3004 1583
text 0.8991 3435 1140 3472 1197
text 0.8984 2540 635 2586 665
text 0.8961 630 896 665 965
text 0.8950 897 575 927 605
text 0.8942 1442 1206 1481 1286
text 0.8938 3661 2313 3814 2372
text 0.8924 2147 158 2213 194
text 0.8912 2964 60 3002 143
text 0.8907 1739 1576 1762 1641
text 0.8902 2450 1496 2469 1543
text 0.8900 1245 1335 1286 1414
text 0.8893 1039 1971 1070 2062
text 0.8868 3652 1005 3675 1023
text 0.8867 1779 693 1807 749
text 0.8862 2549 218 2579 284
text 0.8862 3177 188 3196 217
text 0.8854 602 2597 798 2856
text 0.8844 3370 832 3399 861
text 0.8816 3268 1136 3322 1185
text 0.8809 1343 221 1384 296
text 0.8808 347 1075 375 1119
text 0.8805 1108 342 1157 546
text 0.8801 2343 2581 2372 2600
text 0.8756 1996 2585 2027 2620
text 0.8755 2470 1258 2502 1290
text 0.8738 3162 118 3201 168
text 0.8736 3163 831 3191 860
text 0.8715 1269 2568 1311 2621
text 0.8704 363 2167 495 2226
text 0.8645 287 2046 305 2089
text 0.8644 2046 65 2075 111
text 0.8643 2408 1634 2436 1681
text 0.8623 1047 1791 1087 1861
text 0.8603 997 1626 1046 1786
text 0.8592 1136 1167 1187 1197
text 0.8585 2014 35 2038 97
text 0.8579 1581 1208 1618 1277
text 0.8572 3221 999 3243 1069
text 0.8568 682 1998 730 2036
text 0.8564 2768 1137 2815 1161
text 0.8539 2078 1899 2138 1919
text 0.8525 573 1333 637 1412
text 0.8520 2293 1998 2326 2058
text 0.8505 1868 251 1896 319
text 0.8497 1295 1233 1343 1333
text 0.8484 2895 1177 2971 1216
text 0.8481 2053 1372 2091 1454
text 0.8473 1534 1625 1569 1717
text 0.8450 900 496 929 534
text 0.8443 583 2169 622 2237
text 0.8443 1777 286 1839 315
text 0.8441 1736 47 1774 118
text 0.8409 2896 1128 2976 1168
text 0.8394 2333 227 2364 257
text 0.8347 2877 219 2916 269
text 0.8345 901 2249 1011 2417
text 0.8342 2383 2085 2431 2419
text 0.8315 948 2755 986 2811
text 0.8308 3084 1037 3115 1115
text 0.8283 3700 1208 3745 1237
text 0.8276 1838 79 1885 118
text 0.8263 2194 1768 2223 1791
text 0.8259 3468 834 3498 862
text 0.8247 2285 1770 2313 1790
text 0.8205 1297 1188 1393 1229
text 0.8199 1411 1989 1472 2016
text 0.8179 298 1635 352 1899
text 0.8142 3144 1261 3183 1304
text 0.8142 2344 58 2372 106
text 0.8138 2927 243 2975 527
text 0.8081 2248 2551 2311 2579
text 0.8080 1978 258 2042 326
text 0.8078 2698 2690 2737 2852
text 0.8068 3658 465 3697 495
text 0.8059 969 287 1015 705
text 0.8057 2522 534 2552 582
text 0.8040 2370 59 2400 110
text 0.8030 2766 584 2814 612
text 0.7997 1720 1335 1750 1397
text 0.7957 2344 2779 2373 2800
text 0.7948 3371 1108 3418 1163
text 0.7941 701 494 740 525
text 0.7931 1146 1789 1185 1859
text 0.7927 2106 1741 2135 1770
text 0.7902 1247 1040 1283 1090
text 0.7902 2261 1740 2292 1768
text 0.7869 3360 465 3390 494
text 0.7861 2481 1947 2527 2057
text 0.7845 2481 2074 2530 2364
text 0.7843 2245 1939 2303 1963
text 0.7831 1480 2070 1540 2096
text 0.7826 1137 1404 1185 1434
text 0.7825 2917 1378 2994 1424
text 0.7813 3608 1476 3636 1523
text 0.7811 424 1168 447 1211
text 0.7775 1721 1215 1759 1279
text 0.7770 1682 1622 1710 1687
text 0.7767 394 1659 424 1684
text 0.7756 1416 1875 1486 1898
text 0.7748 2639 319 2708 359
text 0.7748 2195 10 2222 60
text 0.7737 641 852 659 875
text 0.7737 2070 265 2135 320
text 0.7725 1960 1365 1997 1439
text 0.7712 1344 1947 1413 1988
text 0.7707 456 218 474 245
text 0.7689 3162 466 3201 496
text 0.7678 1650 1207 1689 1276
text 0.7656 1727 2216 1759 2285
text 0.7648 1540 225 1580 601
text 0.7634 3469 554 3500 585
text 0.7622 2132 281 2200 330
text 0.7580 2658 1061 2708 1285
text 0.7576 1491 1743 1549 1762
text 0.7575 2895 990 2936 1029
text 0.7575 1422 1850 1492 1880
text 0.7567 2521 1443 2546 1465
text 0.7558 791 1375 809 1402
text 0.7553 560 1272 636 1337
text 0.7511 2190 1995 2264 2039
text 0.7505 3124 930 3165 983
text 0.7503 2521 836 2540 888
text 0.7488 2046 2769 2075 2800
text 0.7484 712 584 741 612
text 0.7479 1629 2768 1659 2799
text 0.7453 454 496 484 524
text 0.7428 455 573 495 612
text 0.7428 1235 1791 1296 2082
text 0.7389 2512 899 2541 944
text 0.7388 3695 1080 3716 1120
text 0.7336 1188 344 1352 880
text 0.7328 2520 583 2550 633
text 0.7326 792 1097 831 1137
text 0.7299 1311 23 1344 86
text 0.7298 1788 2216 1811 2285
text 0.7293 3470 119 3508 167
text 0.7278 1835 358 1907 387
text 0.7277 1846 1614 1873 1691
text 0.7274 455 1611 484 1672
text 0.7261 724 851 742 882
text 0.7236 3114 291 3154 681
text 0.7225 948 1495 988 1576
text 0.7198 929 1738 969 1820
text 0.7196 749 1908 799 2171
text 0.7177 3515 1197 3569 1241
text 0.7138 2205 1089 2243 1138
text 0.7132 3381 1360 3412 1407
text 0.7117 1164 2267 1208 2341
text 0.7095 1797 1207 1843 1279
text 0.7077 2253 1122 2340 1216
text 0.7077 1642 2580 1672 2612
text 0.7076 1869 2217 1899 2287
text 0.7074 2988 1041 3025 1116
text 0.7071 3063 89 3094 160
text 0.7068 698 1208 735 1262
text 0.7050 2213 1316 2232 1347
text 0.6996 2432 2084 2486 2333
text 0.6945 711 219 744 249
text 0.6940 3461 996 3501 1023
text 0.6905 1808 2216 1837 2284
text 0.6870 2432 832 2451 891
text 0.6870 2912 96 2940 167
text 0.6864 453 1125 484 1169
text 0.6849 2202 1437 2232 1463
text 0.6830 322 1354 382 1410
text 0.6823 901 852 919 881
text 0.6817 2123 1920 2175 1949
text 0.6799 781 1424 800 1444
text 0.6791 1489 2501 1920 2553
text 0.6790 703 1344 813 1429
text 0.6787 2157 1351 2207 1487
text 0.6773 856 1209 888 1272
text 0.6709 287 1907 326 1978
text 0.6707 2645 364 2687 436
text 0.6667 2016 347 2076 390
text 0.6587 1149 130 1274 180
text 0.6545 358 1312 436 1404
text 0.6537 1148 214 1273 267
text 0.6476 1485 1693 1521 1743
text 0.6395 3328 1055 3431 1113
text 0.6357 1313 2567 1354 2619
text 0.6346 1384 1799 1452 1830
text 0.6319 2519 1289 2558 1374
text 0.6297 3241 999 3337 1067
text 0.6293 2095 1979 2145 2006
text 0.6273 1880 1099 1937 1131
text 0.6240 2356 1981 2460 2060
text 0.6196 3784 1173 3807 1220
text 0.6146 551 1293 622 1349
text 0.6134 618 1185 663 1263
text 0.6082 2637 435 2707 478
text 0.6076 692 2044 731 2087
text 0.5880 1780 316 1838 344
text 0.5820 3471 466 3497 496
text 0.5814 2046 1223 2066 1275
text 0.5784 2431 1951 2478 2057
text 0.5733 1935 1087 1994 1117
text 0.5651 2037 2582 2065 2620
text 0.5619 2834 117 2864 171
text 0.5507 614 2327 653 2422
text 0.5424 1569 2216 1600 2286
text 0.5305 465 852 484 882
text 0.3918 704 1118 725 1189
text 0.3793 839 1190 885 1269
text 0.3791 3155 1487 3192 1527
text 0.3763 724 853 751 894
text 0.3711 1330 3 1358 73
text 0.3601 3467 476 3497 506
text 0.3505 391 2115 472 2187
text 0.3404 3306 1185 3338 1233
text 0.3221 420 1898 475 1986
text 0.3198 3159 998 3201 1050
text 0.3154 2064 1246 2095 1301
text 0.3087 1760 304 1841 331
text 0.3074 2219 1442 2246 1468
text 0.3062 2109 1747 2150 1779
text 0.3054 3591 2127 3626 2146
text 0.3001 1729 1359 1749 1426
pins 0.9454 338 1407 421 1542
pins 0.9140 2986 1630 3431 1730
component 0.9957 3283 1425 3329 1467
component 0.9901 899 1188 910 1216
component 0.9900 3511 1189 3528 1216
component 0.9897 2407 159 2506 237
component 0.9890 3901 1028 3929 1104
component 0.9859 840 1173 860 1225
component 0.9834 565 1075 610 1114
component 0.9830 2215 1604 2275 1704
component 0.9820 2046 1601 2115 1704
component 0.9818 761 1309 787 1347
component 0.9792 2207 1810 2283 1904
component 0.9751 1988 2174 2014 2217
component 0.9741 353 1700 516 1858
component 0.9731 653 1118 690 1157
component 0.9730 1428 1570 1501 1664
component 0.9730 2944 2870 3115 2938
component 0.9699 746 1367 783 1409
component 0.9683 2033 182 2056 218
component 0.9679 2138 1156 2221 1225
component 0.9674 3401 1232 3432 1268
component 0.9660 3899 1165 3992 1344
component 0.9646 3686 1290 3782 1473
component 0.9630 350 1156 395 1198
component 0.9532 1688 1782 1925 2084
component 0.9512 1966 527 2271 831
component 0.9439 2217 1977 2253 1997
component 0.9382 681 1049 702 1069
component 0.9255 515 1413 541 1445
component 0.9179 1444 1949 1481 1977
component 0.9064 476 1520 494 1535
component 0.9050 3510 1361 3547 1385
component 0.9021 790 1062 810 1090
component 0.9019 3969 1030 3986 1112
component 0.8985 3511 1306 3545 1336
component 0.8973 2025 1148 2066 1176
component 0.8947 2123 122 2153 151
component 0.8814 545 1414 570 1438
component 0.8745 3190 2917 3238 2944
component 0.8701 3184 1312 3205 1358
component 0.8409 631 1506 648 1552
component 0.8029 3969 1161 3993 1348
component 0.7826 1384 2182 1446 2277
component 0.7665 3933 1342 3965 1383
component 0.7372 3283 1395 3333 1426
component 0.7265 2955 1452 3056 1525
component 0.6543 3369 2918 3418 2957
component 0.6479 3143 1324 3165 1358
component 0.6204 718 1505 740 1555
test 0.9849 3410 1379 3441 1418
test 0.9748 2190 2110 2339 2260
test 0.9576 435 1119 460 1158
test 0.9064 3498 1009 3529 1038
test 0.8471 462 1394 504 1424
led 0.9115 1095 1838 1146 1964
led 0.8885 996 1839 1046 1960
clock 0.9318 3639 1221 3834 1542
clock 0.9288 2176 1790 2309 1931
clock 0.5062 2107 1141 2248 1250
ic 0.9926 1555 1716 1992 2148
ic 0.9904 1838 386 2424 981
ic 0.9277 604 1495 671 1554
ic 0.9138 3493 1002 3692 1206
ic 0.8835 583 1336 665 1394
ic 0.8765 2018 173 2067 230
ic 0.6571 444 1059 514 1120
ic 0.6370 692 1493 759 1556
ic 0.5736 3212 1240 3286 1342
switch 0.8063 3869 1001 4018 1139
switch 0.7939 3862 1146 4028 1368
electrolytic 0.9293 1998 256 2094 296
electrolytic 0.9171 2025 1563 2143 1741
electrolytic 0.8848 2185 1564 2305 1740
electrolytic 0.8700 3571 1255 3633 1347
electrolytic 0.8680 3248 1380 3345 1511
electrolytic 0.8426 1393 1531 1529 1713
electrolytic 0.8306 2904 1423 3087 1541
electrolytic 0.7774 1362 2138 1487 2306
electrolytic 0.6985 2371 140 2544 269
electrolytic 0.6955 550 1028 640 1150
electrolytic 0.6732 1423 1938 1513 1980
electrolytic 0.3912 331 1129 416 1220
button 0.9712 3855 1425 4034 1544
button 0.9160 1020 2249 1155 2387
transistor 0.9338 721 1042 781 1099
transistor 0.9317 3397 1417 3603 1544
transistor 0.5624 3131 1384 3202 1433
jumper 0.9617 1276 156 1335 268
jumper 0.8632 2365 1712 2420 1821
jumper 0.7809 1872 134 1930 238
jumper 0.7588 928 1961 987 2067
jumper 0.3724 2382 1718 2446 1816
inductor 0.9449 663 1375 719 1460
inductor 0.9162 665 1266 713 1343
inductor 0.7984 503 1187 613 1326
inductor 0.7220 3215 1263 3300 1363
inductor 0.6278 1877 18 1908 72
unknown 0.9477 1987 113 2014 172
zener 0.8482 732 1207 793 1267
display 0.9816 2823 1587 3644 2960
