connector 0.9840 486 639 544 726
connector 0.9787 2396 1649 2512 1934
connector 0.9754 1558 1160 1607 1248
connector 0.9749 2902 687 2950 774
connector 0.9738 2927 78 3084 490
connector 0.9736 2765 70 2920 483
connector 0.9636 1080 1172 1137 1269
connector 0.9628 3069 1078 3126 1500
connector 0.9603 2434 1154 2483 1246
connector 0.9568 1218 1802 1353 1960
connector 0.9500 1217 1580 1355 1724
connector 0.9470 2753 2088 2804 2135
connector 0.9427 2737 637 2794 736
connector 0.9342 2288 649 2347 741
connector 0.9329 3735 1641 4024 1933
connector 0.9292 1217 2174 1359 2321
connector 0.8864 3094 50 3282 339
connector 0.8838 671 623 719 712
connector 0.8493 1667 1424 1716 1485
connector 0.8483 3235 1135 3291 1220
connector 0.8440 1024 2047 1079 2111
connector 0.8436 1975 1693 2080 1758
connector 0.8332 3393 1005 3446 1054
connector 0.8240 1520 584 1576 646
connector 0.8158 2239 2116 2296 2216
connector 0.8150 1979 1165 2033 1258
connector 0.8140 1857 630 1924 742
connector 0.8102 1371 632 1434 728
connector 0.7784 3428 695 3476 754
connector 0.7642 366 446 431 511
connector 0.7323 249 1510 359 1568
connector 0.7304 282 1337 342 1418
connector 0.7144 878 1236 951 1287
resistor 0.9985 1358 1295 1381 1343
resistor 0.9942 2690 1287 2715 1319
resistor 0.9870 1882 1755 1909 1777
resistor 0.9849 2277 1138 2291 1170
resistor 0.9815 487 1186 512 1238
resistor 0.9811 2258 1299 2297 1350
resistor 0.9806 1722 1218 1742 1279
resistor 0.9786 2287 1183 2316 1239
resistor 0.9783 1401 1312 1420 1350
resistor 0.9774 2128 2286 2175 2324
resistor 0.9760 1982 915 2007 950
resistor 0.9759 1372 1140 1391 1172
resistor 0.9751 1912 404 1934 435
resistor 0.9748 3713 942 3739 995
resistor 0.9717 490 1266 512 1301
resistor 0.9714 1570 1741 1600 1759
resistor 0.9708 2612 1220 2642 1280
resistor 0.9705 1870 1833 1916 1863
resistor 0.9680 2202 394 2227 440
resistor 0.9648 1693 1924 1712 1958
resistor 0.9644 3362 668 3382 709
resistor 0.9621 3322 821 3340 849
resistor 0.9599 427 1295 443 1336
resistor 0.9595 3395 1341 3412 1379
resistor 0.9592 1827 1147 1856 1183
resistor 0.9560 1344 412 1363 445
resistor 0.9559 3257 436 3507 594
resistor 0.9527 1137 410 1152 443
resistor 0.9517 3632 947 3650 977
resistor 0.9457 1818 2233 1843 2298
resistor 0.9455 3396 1132 3412 1163
resistor 0.9437 1842 1921 1859 1950
resistor 0.9432 1637 413 1681 456
resistor 0.9410 1752 1921 1767 1960
resistor 0.9402 2210 2279 2239 2302
resistor 0.9387 1968 402 2000 438
resistor 0.9386 2829 944 2874 1000
resistor 0.9360 2499 394 2532 439
resistor 0.9356 1721 1142 1750 1201
resistor 0.9330 1855 1646 1869 1678
resistor 0.9328 2727 1289 2750 1335
resistor 0.9316 3386 820 3408 855
resistor 0.9257 3154 1228 3186 1254
resistor 0.9216 1818 1267 1858 1349
resistor 0.9184 2376 927 2409 969
resistor 0.9149 1368 1722 1384 1763
resistor 0.9133 1692 1647 1714 1686
resistor 0.9098 1916 913 1936 955
resistor 0.9024 1714 1296 1750 1352
resistor 0.9024 1559 1831 1587 1851
resistor 0.8929 1101 383 1120 420
resistor 0.8903 1777 1645 1792 1677
resistor 0.8691 1499 937 1521 992
resistor 0.8606 2219 1881 2249 1923
resistor 0.8503 515 1140 534 1173
resistor 0.8457 2694 1138 2729 1172
resistor 0.8286 2265 1882 2314 1912
resistor 0.8271 2600 1333 2650 1376
resistor 0.8106 1786 1195 1876 1275
resistor 0.7957 1867 2035 1897 2066
resistor 0.7949 1616 1648 1634 1676
resistor 0.7935 1621 1930 1636 1962
resistor 0.7919 2171 1203 2197 1267
resistor 0.7903 2356 946 2397 1003
resistor 0.7611 1932 909 1970 949
resistor 0.7190 2169 1143 2201 1202
resistor 0.6932 907 1816 945 1874
resistor 0.6249 2171 2293 2192 2322
resistor 0.6219 2238 1889 2273 1933
resistor 0.5968 379 1146 402 1203
resistor 0.5956 1377 1189 1413 1249
resistor 0.5919 2789 947 2823 1001
resistor 0.5605 1461 957 1489 990
resistor 0.3132 1392 1195 1415 1243
pads 0.9615 868 640 896 703
pads 0.9609 1464 1036 1547 1132
pads 0.9591 545 1025 626 1128
pads 0.9380 2334 1024 2422 1127
pads 0.9324 1881 2307 1927 2335
pads 0.9315 2793 1024 2879 1132
pads 0.8923 701 1686 728 1748
pads 0.8780 701 1758 734 1806
pads 0.8752 1842 2322 1869 2353
pads 0.8011 3738 1772 3776 1834
pads 0.7422 1907 1027 1993 1134
pads 0.5753 603 1697 659 1749
pads 0.5180 611 1748 643 1797
pads 0.4528 1850 2224 1891 2291
emi 0.9023 3235 1893 3310 1932
emi 0.8254 641 1572 720 1617
emi 0.8188 651 1638 719 1686
emi 0.7868 799 1639 878 1680
emi 0.7281 508 1736 588 1783
capacitor 0.9926 1684 1982 1702 2029
capacitor 0.9923 2067 2299 2094 2329
capacitor 0.9885 1828 1971 1843 2002
capacitor 0.9867 730 1570 750 1609
capacitor 0.9863 1651 1554 1697 1632
capacitor 0.9832 1612 1975 1628 2023
capacitor 0.9830 1754 1971 1774 2019
capacitor 0.9772 1304 1300 1325 1331
capacitor 0.9759 3294 1861 3329 1885
capacitor 0.9739 1986 2306 2017 2341
capacitor 0.9717 2117 2087 2141 2128
capacitor 0.9695 2230 1297 2249 1328
capacitor 0.9682 2268 879 2288 927
capacitor 0.9665 3604 1775 3631 1795
capacitor 0.9644 2103 2143 2123 2190
capacitor 0.9632 1373 879 1394 930
capacitor 0.9624 1752 1578 1774 1627
capacitor 0.9623 577 1527 613 1569
capacitor 0.9622 3154 586 3177 618
capacitor 0.9614 2725 882 2746 934
capacitor 0.9610 2124 821 2171 842
capacitor 0.9596 1887 1578 1906 1625
capacitor 0.9589 3389 1531 3429 1589
capacitor 0.9579 3369 1872 3398 1924
capacitor 0.9561 1954 2133 1996 2152
capacitor 0.9551 1656 975 1693 1056
capacitor 0.9528 1359 963 1392 1056
capacitor 0.9492 592 1588 614 1618
capacitor 0.9458 3428 1533 3464 1591
capacitor 0.9458 2582 822 2628 841
capacitor 0.9424 1186 975 1217 1052
capacitor 0.9424 1842 881 1868 933
capacitor 0.9348 404 625 441 645
capacitor 0.9327 1511 1769 1542 1786
capacitor 0.9289 1797 1556 1838 1629
capacitor 0.9220 1694 812 1752 838
capacitor 0.9188 1509 1852 1541 1865
capacitor 0.9123 435 1706 459 1754
capacitor 0.9075 1419 2036 1434 2071
capacitor 0.9074 476 882 497 931
capacitor 0.9069 2025 2009 2046 2044
capacitor 0.8899 49 1619 70 1668
capacitor 0.8823 2208 1771 2248 1789
capacitor 0.8816 1235 810 1287 831
capacitor 0.8770 2542 978 2579 1063
capacitor 0.8699 3419 1667 3463 1688
capacitor 0.8653 331 814 381 841
capacitor 0.8627 47 1851 68 1894
capacitor 0.8616 1829 975 1870 1060
capacitor 0.8583 688 1970 734 2027
capacitor 0.8369 2061 2143 2093 2190
capacitor 0.8130 1933 1748 1975 1783
capacitor 0.8070 354 1681 406 1710
capacitor 0.8014 3233 1824 3282 1851
capacitor 0.7951 612 1516 640 1555
capacitor 0.7932 2075 978 2112 1063
capacitor 0.7801 468 1711 489 1740
capacitor 0.7735 3340 1757 3367 1799
capacitor 0.7641 458 981 493 1056
capacitor 0.7587 2162 2085 2209 2110
capacitor 0.7052 2249 979 2285 1062
capacitor 0.7035 1870 1922 1900 1976
capacitor 0.7014 283 976 318 1056
capacitor 0.6938 1772 2151 1801 2214
capacitor 0.6837 823 1678 869 1709
capacitor 0.6779 1459 909 1496 960
capacitor 0.6746 880 1882 953 1938
capacitor 0.6572 2241 1866 2279 1893
capacitor 0.6349 2328 1315 2347 1349
capacitor 0.6097 2718 976 2746 1062
capacitor 0.5999 3173 366 3216 391
capacitor 0.5876 3211 533 3233 588
capacitor 0.5765 1901 1842 1958 1884
capacitor 0.4957 1861 1921 1885 1971
capacitor 0.4373 2243 408 2284 504
capacitor 0.3921 608 1826 652 1865
text 0.9949 876 1677 888 1700
text 0.9928 875 500 898 558
text 0.9889 1421 1190 1450 1239
text 0.9864 807 510 837 561
text 0.9855 2199 2059 2241 2088
text 0.9835 1120 1044 1156 1122
text 0.9822 1741 1522 1772 1571
text 0.9821 2050 1140 2075 1164
text 0.9820 1969 2220 1996 2272
text 0.9801 1490 1161 1536 1288
text 0.9791 3203 1435 3241 1512
text 0.9743 3202 1670 3221 1696
text 0.9743 2736 569 2775 638
text 0.9730 3455 1174 3503 1297
text 0.9723 2300 353 2453 402
text 0.9719 1663 1504 1694 1541
text 0.9713 1585 579 1617 654
text 0.9712 1964 771 2005 894
text 0.9697 1880 1492 1908 1543
text 0.9686 2025 1293 2063 1365
text 0.9683 1500 2188 1538 2264
text 0.9674 3447 754 3478 937
text 0.9664 565 977 605 1026
text 0.9661 411 2157 431 2194
text 0.9657 964 274 1012 373
text 0.9656 1255 434 1292 489
text 0.9655 340 1351 378 1411
text 0.9646 1818 450 1848 500
text 0.9633 1432 1579 1469 1649
text 0.9620 526 774 621 967
text 0.9619 897 1765 933 1782
text 0.9612 3526 502 3564 597
text 0.9611 711 2157 731 2195
text 0.9595 340 1219 368 1274
text 0.9595 1189 812 1217 832
text 0.9582 1293 1483 1320 1552
text 0.9580 2143 1215 2171 1280
text 0.9572 2346 615 2393 763
text 0.9569 3213 1835 3246 1863
text 0.9566 1655 816 1685 831
text 0.9563 1013 1146 1061 1280
text 0.9562 496 578 534 636
text 0.9544 1421 1041 1459 1121
text 0.9543 3591 112 3630 179
text 0.9537 2736 1992 2766 2058
text 0.9519 2105 2232 2173 2270
text 0.9516 399 1341 435 1382
text 0.9478 3352 211 3549 254
text 0.9474 262 596 303 655
text 0.9468 2904 535 2940 635
text 0.9464 3123 1255 3165 1476
text 0.9442 2344 1126 2436 1162
text 0.9442 1151 364 1290 411
text 0.9416 1295 2095 1315 2136
text 0.9400 1822 721 1849 753
text 0.9390 2045 1467 2079 1557
text 0.9379 2300 1724 2336 1824
text 0.9377 3225 437 3262 525
text 0.9366 1264 2322 1314 2351
text 0.9364 1587 1054 1629 1122
text 0.9361 2805 1251 2843 1328
text 0.9359 320 1706 372 1737
text 0.9346 3251 1990 3271 2056
text 0.9344 1166 1329 1206 1394
text 0.9333 1497 1910 1535 1956
text 0.9331 1948 1484 1986 1533
text 0.9321 718 125 757 177
text 0.9320 2101 430 2138 499
text 0.9311 2795 607 2833 761
text 0.9304 701 967 740 1044
text 0.9298 643 1515 675 1559
text 0.9292 1433 598 1479 768
text 0.9291 1346 716 1382 752
text 0.9289 2008 364 2160 402
text 0.9288 1977 955 2006 1026
text 0.9287 1131 655 1164 730
text 0.9286 3205 1911 3243 1960
text 0.9284 1278 1427 1305 1467
text 0.9282 2105 2004 2132 2047
text 0.9282 255 1135 287 1165
text 0.9275 360 1580 381 1623
text 0.9267 1871 2127 1934 2165
text 0.9267 3201 838 3243 986
text 0.9256 2685 418 2725 496
text 0.9246 2775 1408 2805 1477
text 0.9245 1588 674 1625 741
text 0.9235 3077 416 3114 481
text 0.9232 1378 2292 1441 2332
text 0.9218 1726 2199 1757 2252
text 0.9215 2386 1649 2403 1677
text 0.9195 1881 1193 1909 1262
text 0.9184 221 1326 270 1459
text 0.9179 408 1504 436 1525
text 0.9175 575 2159 597 2196
text 0.9169 1711 1434 1753 1511
text 0.9158 3271 89 3318 188
text 0.9156 2144 1144 2171 1209
text 0.9150 1158 1663 1208 1895
text 0.9150 1820 2031 1841 2080
text 0.9147 1713 2028 1741 2076
text 0.9144 1450 362 1597 404
text 0.9141 2883 1071 2931 1175
text 0.9133 3378 1590 3409 1638
text 0.9132 2492 1306 2531 1401
text 0.9117 2974 1356 3070 1397
text 0.9075 2348 1381 2395 1503
text 0.9043 330 454 361 497
text 0.9041 3805 381 3846 544
text 0.9025 447 723 490 755
text 0.9015 3203 740 3241 821
text 0.8992 1140 1484 1159 1533
text 0.8978 2588 353 2744 402
text 0.8974 3693 236 3730 294
text 0.8967 1675 1356 1704 1395
text 0.8922 3147 2174 3183 2205
text 0.8917 2594 1413 2623 1464
text 0.8914 2746 1133 2776 1189
text 0.8910 2965 1267 3068 1308
text 0.8877 1363 361 1392 412
text 0.8876 1657 1298 1703 1330
text 0.8869 737 1501 853 1569
text 0.8863 1070 1483 1091 1532
text 0.8834 398 1121 437 1167
text 0.8822 1596 1290 1636 1357
text 0.8820 884 2086 923 2146
text 0.8809 3517 685 3555 941
text 0.8808 1585 750 1638 918
text 0.8794 3193 1744 3234 1800
text 0.8791 847 1424 895 1484
text 0.8788 3429 575 3470 619
text 0.8785 283 1680 302 1722
text 0.8769 1460 1844 1508 1874
text 0.8761 1890 930 1918 999
text 0.8760 1610 1140 1636 1167
text 0.8748 3016 1444 3067 1492
text 0.8727 838 968 886 1048
text 0.8715 3359 606 3388 666
text 0.8711 2121 1343 2184 1369
text 0.8706 2008 741 2059 913
text 0.8701 937 500 962 554
text 0.8678 882 2146 907 2199
text 0.8677 2162 1282 2181 1334
text 0.8661 2600 1286 2663 1317
text 0.8648 2813 2096 2938 2136
text 0.8635 1227 2097 1247 2145
text 0.8607 3079 1024 3117 1072
text 0.8585 3270 1988 3439 2055
text 0.8577 347 1147 378 1197
text 0.8576 1617 1427 1655 1499
text 0.8572 3260 569 3301 642
text 0.8571 1859 1707 1915 1731
text 0.8558 2365 1881 2403 1912
text 0.8555 835 640 867 705
text 0.8539 2532 796 2571 840
text 0.8528 993 1482 1021 1533
text 0.8528 2596 1572 2807 2019
text 0.8517 544 605 592 765
text 0.8509 3222 1598 3253 1648
text 0.8506 3467 1383 3514 1512
text 0.8504 292 1426 331 1472
text 0.8501 2348 847 2417 876
text 0.8492 1606 402 1634 451
text 0.8485 2502 1655 2515 1680
text 0.8480 1487 580 1527 654
text 0.8451 1365 1808 1402 1871
text 0.8449 1139 1155 1168 1184
text 0.8397 1227 1480 1250 1541
text 0.8385 1610 307 1636 374
text 0.8380 1120 754 1158 908
text 0.8379 1169 1915 1205 1963
text 0.8367 1459 1754 1507 1785
text 0.8346 3154 525 3183 595
text 0.8294 1885 304 1925 376
text 0.8292 1720 364 1876 409
text 0.8279 2424 799 2463 972
text 0.8276 2112 1706 2145 1747
text 0.8274 625 627 674 713
text 0.8272 1170 2183 1208 2241
text 0.8271 1480 1677 1508 1706
text 0.8264 3000 732 3039 820
text 0.8261 3513 1692 3553 1719
text 0.8207 2697 723 2738 762
text 0.8190 1080 1333 1126 1423
text 0.8178 3525 1145 3564 1242
text 0.8169 3816 1131 3856 1261
text 0.8168 3729 633 3766 725
text 0.8163 1901 1124 1999 1163
text 0.8159 3328 880 3400 908
text 0.8157 913 1191 974 1228
text 0.8154 527 1200 556 1268
text 0.8152 1993 2100 2023 2133
text 0.8145 2191 2218 2212 2280
text 0.8122 2238 1919 2298 1951
text 0.8121 1077 2040 1118 2108
text 0.8120 3341 276 3492 317
text 0.8108 1393 1122 1421 1173
text 0.8091 3333 1438 3380 1503
text 0.8085 1069 1806 1118 1835
text 0.8085 2991 1124 3067 1162
text 0.8083 1869 1983 1887 2031
text 0.8078 2232 1444 2269 1512
text 0.8055 1082 1270 1131 1308
text 0.8041 996 2051 1031 2122
text 0.8022 819 1182 867 1339
text 0.8019 1823 1502 1851 1550
text 0.8018 1129 2050 1175 2134
text 0.7996 1234 1347 1281 1388
text 0.7961 1363 1645 1401 1729
text 0.7952 722 1113 768 1238
text 0.7939 1977 1260 2025 1298
text 0.7921 2473 1056 2515 1134
text 0.7918 1466 1300 1497 1357
text 0.7917 2491 1143 2517 1168
text 0.7907 2386 425 2428 503
text 0.7903 3492 1891 3529 1912
text 0.7896 369 1300 398 1335
text 0.7886 1763 2250 1791 2323
text 0.7882 781 1745 845 1801
text 0.7866 1237 1222 1264 1269
text 0.7858 1069 1754 1119 1776
text 0.7845 3340 1247 3376 1326
text 0.7811 1868 1315 1898 1384
text 0.7808 2072 1692 2112 1764
text 0.7801 1419 933 1445 987
text 0.7798 1168 1582 1218 1636
text 0.7792 1859 570 1898 637
text 0.7785 682 1102 722 1172
text 0.7781 2872 928 2902 995
text 0.7780 2961 1172 3057 1211
text 0.7753 2764 470 2805 517
text 0.7737 2805 1365 2845 1493
text 0.7733 857 278 908 374
text 0.7729 652 284 703 373
text 0.7707 1540 1287 1577 1367
text 0.7694 3243 1002 3281 1025
text 0.7680 2556 421 2588 491
text 0.7676 2344 1307 2366 1368
text 0.7674 1851 1502 1878 1554
text 0.7642 579 2097 623 2145
text 0.7637 2246 2291 2307 2320
text 0.7636 458 1416 495 1464
text 0.7612 448 1979 467 2019
text 0.7608 1268 1725 1313 1754
text 0.7604 1381 560 1412 635
text 0.7579 642 1577 707 1636
text 0.7567 2855 723 2891 798
text 0.7566 1373 2089 1393 2153
text 0.7566 534 1143 574 1172
text 0.7563 2501 1882 2531 1911
text 0.7557 1068 381 1097 431
text 0.7547 116 1902 155 1922
text 0.7533 1374 1472 1411 1521
text 0.7527 2302 2029 2344 2092
text 0.7514 2462 750 2509 921
text 0.7513 2464 305 2503 379
text 0.7486 799 1501 865 1573
text 0.7459 3330 781 3398 802
text 0.7452 1937 421 1965 475
text 0.7448 3271 1736 3319 1797
text 0.7445 935 126 965 181
text 0.7403 2415 1258 2462 1286
text 0.7398 1079 1902 1128 1928
text 0.7392 2981 1220 3062 1258
text 0.7362 2248 2262 2306 2293
text 0.7356 2058 787 2122 890
text 0.7353 1402 363 1426 412
text 0.7345 1685 360 1712 413
text 0.7343 2814 867 2879 902
text 0.7339 2786 871 2815 938
text 0.7321 2044 1905 2129 2011
text 0.7311 1264 1958 1303 1988
text 0.7302 3428 1691 3462 1716
text 0.7295 3457 997 3495 1065
text 0.7290 2251 584 2289 663
text 0.7286 2949 720 2986 790
text 0.7274 3632 156 3675 202
text 0.7273 2330 1185 2367 1299
text 0.7267 1294 1123 1336 1180
text 0.7254 3008 1084 3056 1122
text 0.7248 1946 1785 1976 1817
text 0.7248 3156 344 3219 374
text 0.7235 1871 1134 1900 1192
text 0.7231 226 1048 262 1123
text 0.7206 613 128 653 177
text 0.7195 3409 1103 3437 1174
text 0.7187 2365 1320 2395 1376
text 0.7162 3254 734 3290 831
text 0.7161 1860 1388 1888 1471
text 0.7147 1931 948 1966 1018
text 0.7143 1323 1483 1344 1543
text 0.7141 2013 2043 2038 2124
text 0.7082 1936 1688 1969 1740
text 0.7050 2152 1736 2191 1803
text 0.7040 1619 1682 1653 1708
text 0.7021 3612 2183 3632 2215
text 0.7021 2239 724 2269 765
text 0.7005 3643 296 3662 335
text 0.6993 1072 683 1121 881
text 0.6976 2018 1056 2054 1132
text 0.6954 1003 639 1024 705
text 0.6928 224 1610 243 1663
text 0.6922 3175 1787 3202 1806
text 0.6890 3341 2184 3386 2212
text 0.6876 3293 1085 3379 1122
text 0.6874 2015 670 2054 745
text 0.6829 2249 2042 2289 2117
text 0.6817 2708 2183 2746 2261
text 0.6795 2007 1929 2035 1981
text 0.6793 2162 1839 2204 1907
text 0.6787 1158 1484 1179 1534
text 0.6690 1883 2322 1956 2352
text 0.6669 1680 2029 1703 2076
text 0.6652 2472 401 2501 459
text 0.6644 2201 1737 2268 1766
text 0.6642 2475 660 2512 754
text 0.6641 3408 804 3437 869
text 0.6623 3770 1707 4003 1838
text 0.6611 1078 1883 1128 1903
text 0.6608 2809 2185 2935 2234
text 0.6475 1538 804 1586 982
text 0.6450 1939 1852 1973 1900
text 0.6446 3649 953 3679 1014
text 0.6426 3281 1182 3379 1221
text 0.6397 2093 1452 2134 1536
text 0.6386 675 1889 714 1928
text 0.6382 2181 296 2220 375
text 0.6342 280 816 324 841
text 0.6327 827 125 868 181
text 0.6319 3401 2176 3438 2205
text 0.6133 1530 439 1559 502
text 0.5923 758 285 806 374
text 0.5829 1987 1310 2023 1385
text 0.5760 3798 750 3843 878
text 0.5666 2173 2223 2191 2279
text 0.5578 2017 2275 2134 2328
text 0.5480 3419 1317 3446 1382
text 0.5399 1860 1258 1878 1316
text 0.5394 224 1698 243 1737
text 0.5054 1930 873 1957 921
text 0.4945 2325 1189 2352 1277
text 0.4898 1684 1209 1726 1271
text 0.4816 1852 2195 1880 2262
text 0.4776 2971 1396 3068 1444
text 0.4596 1314 2086 1335 2151
text 0.4594 2633 1133 2672 1170
text 0.4528 1705 1213 1725 1269
text 0.4467 1691 1145 1723 1203
text 0.4368 3031 999 3065 1063
text 0.4354 2179 406 2212 475
text 0.4352 2054 2207 2102 2267
text 0.4336 1704 1133 1729 1197
text 0.4251 1016 294 1054 356
text 0.4050 523 1131 554 1179
text 0.3874 1874 1251 1903 1314
text 0.3855 2494 394 2534 473
text 0.3796 3042 1074 3099 1118
text 0.3658 1427 893 1479 986
text 0.3651 2170 1268 2193 1316
text 0.3626 2321 873 2363 943
text 0.3594 3745 1761 3805 1807
text 0.3546 630 128 668 177
text 0.3422 2429 1313 2465 1384
text 0.3354 923 127 955 178
text 0.3349 1238 1293 1284 1344
text 0.3295 1922 2301 1986 2347
text 0.3271 1315 1487 1333 1543
text 0.3244 1231 1479 1265 1549
text 0.3174 458 1706 480 1739
text 0.3117 1392 365 1413 416
text 0.3074 1858 1120 1889 1186
text 0.3054 2093 1979 2116 2023
text 0.3027 1080 369 1104 432
text 0.3002 3334 1689 3382 1744
pins 0.6547 3164 423 3226 531
component 0.9969 3381 1774 3397 1794
component 0.9963 2516 1212 2559 1260
component 0.9953 524 1824 577 1864
component 0.9952 1985 1583 2012 1643
component 0.9940 2277 1563 2306 1646
component 0.9937 742 1833 763 1856
component 0.9920 3515 1605 3564 1641
component 0.9917 1170 1229 1215 1277
component 0.9904 818 657 835 687
component 0.9895 1694 665 1792 723
component 0.9876 3702 1776 3720 1795
component 0.9873 799 1834 841 1854
component 0.9864 561 1691 584 1725
component 0.9856 2072 1601 2093 1640
component 0.9834 2028 1806 2120 1873
component 0.9826 658 1751 675 1778
component 0.9808 3522 90 3551 148
component 0.9787 1580 2144 1673 2211
component 0.9780 1275 1229 1288 1257
component 0.9769 2980 519 3078 588
component 0.9750 914 1834 933 1855
component 0.9742 1283 1154 1298 1184
component 0.9718 1647 1209 1684 1260
component 0.9694 659 1833 681 1855
component 0.9693 2117 677 2215 734
component 0.9689 2579 672 2676 733
component 0.9677 84 1668 175 1840
component 0.9672 1218 657 1321 719
component 0.9654 971 654 993 676
component 0.9653 2181 1161 2199 1183
component 0.9632 1928 1963 1982 2047
component 0.9622 322 664 419 723
component 0.9598 3173 1707 3186 1738
component 0.9564 3380 1650 3398 1679
component 0.9543 2144 1591 2190 1690
component 0.9530 115 1598 143 1636
component 0.9522 92 1526 155 1613
component 0.9502 3378 1834 3397 1853
component 0.9417 1029 657 1047 684
component 0.9315 3641 742 3762 773
component 0.9206 1723 984 1808 1095
component 0.9189 283 1210 327 1258
component 0.9142 2727 1200 2745 1231
component 0.9139 119 1841 145 1862
component 0.9062 2620 1165 2639 1193
component 0.8888 736 1890 800 1929
component 0.8888 3370 87 3409 160
component 0.8798 3075 690 3140 783
component 0.8591 2074 1213 2123 1259
component 0.8538 1247 985 1331 1090
component 0.8301 3667 878 3734 899
component 0.8223 453 1785 485 1825
component 0.8220 146 1815 165 1847
component 0.8159 926 656 945 688
component 0.8006 3262 1709 3309 1735
component 0.7634 379 1192 401 1256
component 0.7622 2607 985 2697 1096
component 0.7422 2136 988 2236 1091
component 0.7237 1491 1525 1553 1628
component 0.6993 3262 676 3283 721
component 0.6821 146 1683 165 1716
component 0.6601 1927 2095 1957 2118
component 0.6115 156 1534 173 1606
component 0.6088 3652 1780 3672 1815
component 0.5928 347 981 439 1094
test 0.9703 835 900 913 970
test 0.9492 642 1883 674 1919
test 0.9125 3583 1566 3620 1602
test 0.8969 702 898 770 967
led 0.9849 864 141 907 257
led 0.9786 2267 1359 2316 1466
led 0.9689 1440 416 1488 532
led 0.9610 2597 395 2646 508
led 0.9607 970 138 1018 257
led 0.9574 1725 417 1771 528
led 0.9450 1159 414 1207 519
led 0.9401 448 1297 496 1406
led 0.9332 2009 407 2068 526
led 0.9104 3382 1397 3430 1504
led 0.9067 1771 1359 1828 1473
led 0.8967 2297 399 2346 507
led 0.8902 2692 1333 2738 1446
led 0.8855 3382 1168 3429 1290
led 0.8778 654 141 703 260
led 0.7830 1369 1357 1411 1468
led 0.7131 759 141 804 258
clock 0.8423 249 1708 453 2044
clock 0.7448 1904 1925 2009 2077
ic 0.9869 2543 842 2716 973
ic 0.9841 2079 842 2256 977
ic 0.9833 284 842 460 966
ic 0.9769 2658 1164 2714 1271
ic 0.9751 1655 842 1833 965
ic 0.9716 1190 833 1365 966
ic 0.9677 1631 1716 1861 1900
ic 0.9657 388 1499 584 1706
ic 0.9477 1315 1168 1369 1274
ic 0.9385 2196 1787 2269 1863
ic 0.9220 3417 1602 3486 1654
ic 0.9183 1701 977 1824 1104
ic 0.8876 800 1740 866 1803
ic 0.8861 3300 640 3359 751
ic 0.8772 424 1162 482 1272
ic 0.8670 3235 1762 3298 1823
ic 0.8413 1773 1172 1843 1290
ic 0.8191 2590 977 2712 1108
ic 0.8183 2221 1152 2278 1268
ic 0.8021 318 974 448 1102
ic 0.7935 2124 977 2244 1103
ic 0.7555 1223 971 1349 1106
ic 0.6546 1450 1916 1496 2042
ic 0.6444 2013 2145 2059 2204
switch 0.9688 3593 733 3795 915
switch 0.9516 3331 11 3593 206
switch 0.9394 45 1650 215 1857
switch 0.9314 43 1502 210 1634
electrolytic 0.9551 1998 2224 2095 2263
electrolytic 0.9469 3272 1561 3367 1685
electrolytic 0.8669 3485 1551 3582 1689
electrolytic 0.8598 507 1779 609 1922
electrolytic 0.8529 3049 651 3165 824
electrolytic 0.8385 731 1889 827 1997
electrolytic 0.8185 1471 1490 1584 1676
electrolytic 0.7941 2939 488 3124 617
electrolytic 0.7674 271 1140 344 1309
electrolytic 0.7530 2066 1155 2131 1309
electrolytic 0.7478 1541 2117 1732 2237
electrolytic 0.7263 1905 2088 1993 2126
electrolytic 0.6850 450 1759 504 1850
electrolytic 0.6579 1981 1770 2168 1908
button 0.9784 51 1922 219 2039
button 0.9750 1638 121 1871 365
button 0.9725 2506 117 2734 361
button 0.9690 3563 325 3822 572
button 0.9670 2219 117 2461 356
button 0.9665 1928 117 2165 365
button 0.9610 1057 122 1300 366
button 0.9212 1357 123 1590 363
button 0.8792 3562 1074 3818 1314
diode 0.9585 790 551 848 616
diode 0.9558 864 557 914 614
diode 0.9265 936 559 981 617
fuse 0.9314 3308 313 3533 453
transistor 0.9820 2191 1377 2241 1435
transistor 0.9627 487 1921 687 2036
transistor 0.7787 1695 1320 1755 1382
transistor 0.7699 2622 1366 2665 1423
transistor 0.7430 1298 1372 1353 1445
transistor 0.6444 3155 1608 3222 1675
transistor 0.6259 888 1882 946 1942
jumper 0.9309 2159 2116 2220 2225
jumper 0.8774 2753 2135 2805 2233
jumper 0.8067 3234 1033 3292 1131
jumper 0.7427 3429 611 3483 699
inductor 0.9446 2075 2074 2102 2133
inductor 0.7516 780 1816 873 1871
inductor 0.7296 2180 1994 2211 2048
potentiometer 0.6319 2241 1518 2346 1722
transformer 0.8829 3448 1738 3581 1892
