connector 0.8325 3822 1797 3938 1948
resistor 0.9844 796 207 813 245
resistor 0.9817 580 206 600 243
resistor 0.9767 692 198 715 244
resistor 0.9705 1643 1757 1692 1831
resistor 0.9691 1639 1946 1686 2005
resistor 0.9604 1386 1820 1454 1856
resistor 0.9601 1779 1954 1806 2012
resistor 0.9591 902 206 915 244
resistor 0.9544 1578 1956 1617 2031
resistor 0.9477 1720 1798 1779 1893
resistor 0.9470 1686 1723 1761 1834
resistor 0.9187 3521 1350 3533 1378
resistor 0.9140 1563 1795 1626 1885
resistor 0.9090 1548 1901 1603 1962
resistor 0.9068 1622 1796 1693 1895
resistor 0.8955 1769 1787 1815 1868
resistor 0.8895 1574 1770 1617 1829
resistor 0.8862 3696 527 3737 563
resistor 0.8604 1735 1946 1771 2020
resistor 0.8587 1713 1869 1778 1966
resistor 0.6666 1685 1967 1704 2011
capacitor 0.9837 672 210 690 246
capacitor 0.9750 1559 1648 1587 1710
capacitor 0.9722 2090 1996 2119 2056
capacitor 0.9584 1704 1651 1732 1709
capacitor 0.9451 1668 1642 1688 1690
capacitor 0.9268 1691 2023 1719 2074
capacitor 0.9247 2743 1380 2763 1409
capacitor 0.8720 1627 1891 1696 1989
capacitor 0.8517 1836 1739 1867 1795
capacitor 0.8282 2040 2006 2060 2063
capacitor 0.7639 1771 1671 1793 1720
capacitor 0.5941 1608 1641 1627 1694
text 0.9676 3484 1269 3514 1340
text 0.9652 1551 2054 1580 2119
text 0.9529 1647 2177 1675 2239
text 0.9430 1867 1926 1896 1957
text 0.9360 1396 1998 1427 2065
text 0.9331 654 1053 702 1131
text 0.9326 1319 1928 1348 1958
text 0.9257 808 1053 846 1122
text 0.9208 2080 1920 2118 1979
text 0.9191 1484 2008 1508 2065
text 0.9136 1699 2177 1723 2237
text 0.9086 1665 1573 1693 1638
text 0.9082 1866 1735 1893 1774
text 0.9065 1583 1575 1617 1639
text 0.9024 1648 2057 1677 2120
text 0.8999 1771 2177 1798 2235
text 0.8958 1475 1866 1505 1928
text 0.8933 1096 1851 1127 1946
text 0.8929 1503 1756 1540 1795
text 0.8899 788 889 876 974
text 0.8834 1347 1997 1376 2058
text 0.8798 2253 2199 2281 2227
text 0.8780 1511 1794 1540 1856
text 0.8679 2771 1352 2800 1418
text 0.8630 1377 1622 1416 1718
text 0.8408 1126 2141 1165 2239
text 0.8115 1732 2103 1765 2158
text 0.8057 1770 1726 1811 1797
text 0.8004 1357 2102 1385 2131
text 0.7907 1926 2144 1964 2236
text 0.7747 1312 1823 1377 1855
text 0.7537 1684 2072 1711 2121
text 0.7484 755 217 779 281
text 0.7277 1602 1983 1650 2045
text 0.7182 1302 1839 1368 1869
text 0.7098 672 882 702 966
text 0.6980 1838 1807 1868 1871
text 0.6959 1577 1891 1630 1944
text 0.6864 914 203 943 275
text 0.6670 1862 1707 1893 1738
text 0.6667 1598 1728 1627 1785
text 0.6651 598 197 626 261
text 0.6404 2291 2008 2330 2099
text 0.6262 1825 1921 1859 1981
text 0.6203 1453 2004 1473 2069
text 0.5924 1759 1722 1787 1786
text 0.5390 1373 1997 1404 2063
text 0.3151 1685 2178 1705 2233
pins 0.9890 1934 1227 1992 1343
pins 0.9883 3590 812 3723 1004
pins 0.9882 2763 179 3011 577
pins 0.9874 2011 839 2257 1205
pins 0.9856 221 830 458 1203
pins 0.9837 1589 835 1830 1199
pins 0.9834 2473 840 2722 1209
pins 0.9820 3389 735 3446 832
pins 0.9789 617 697 673 793
pins 0.9789 1482 658 1540 716
pins 0.9783 3089 255 3277 428
pins 0.9781 1327 698 1377 812
pins 0.9777 3186 1159 3244 1302
pins 0.9774 2252 715 2299 818
pins 0.9739 3346 195 3499 245
pins 0.9731 3022 1154 3079 1582
pins 0.9650 1126 831 1365 1201
pins 0.9649 1029 1236 1088 1354
pins 0.9645 2388 1235 2436 1333
pins 0.9640 319 523 375 582
pins 0.9606 1808 705 1867 812
pins 0.9600 2860 803 2916 868
pins 0.9529 2183 1649 2272 1788
pins 0.9477 2686 715 2755 823
pins 0.9425 222 1392 291 1494
pins 0.9345 1501 1226 1558 1333
pins 0.9323 973 2131 1033 2189
pins 0.9142 3302 397 3638 465
pins 0.8982 434 705 491 810
pins 0.8945 3581 1168 3630 1206
pins 0.8929 3678 601 3726 647
pins 0.8680 2119 2198 2245 2238
pins 0.8588 1616 1514 1666 1563
pins 0.8273 1925 1786 2025 1843
pins 0.8231 3359 1084 3421 1149
pins 0.7707 819 1312 923 1380
component 0.9961 104 1623 115 1649
component 0.9925 1215 2121 1305 2188
component 0.9899 104 1853 115 1883
component 0.9871 1176 1950 1265 2020
component 0.9814 1446 1623 1519 1708
component 0.9795 104 1765 115 1794
component 0.9248 1889 2006 1953 2101
component 0.8817 2201 2054 2267 2148
test 0.9674 653 985 719 1042
test 0.8412 790 976 856 1043
electrolytic 0.9054 1859 1961 1984 2143
electrolytic 0.8760 1172 2089 1351 2218
electrolytic 0.8065 1425 1574 1544 1756
electrolytic 0.7842 2178 2016 2293 2185
electrolytic 0.7288 1132 1919 1312 2048
