connector 0.8395 60 293 173 447
resistor 0.9920 3284 1997 3301 2033
resistor 0.9837 3079 1989 3106 2026
resistor 0.9777 2248 405 2288 477
resistor 0.9668 2311 238 2355 285
resistor 0.9647 280 1676 300 1706
resistor 0.9584 2343 404 2385 457
resistor 0.9535 2314 347 2359 424
resistor 0.9471 3183 1996 3200 2039
resistor 0.9460 2177 205 2216 288
resistor 0.9420 2241 193 2289 292
resistor 0.9412 2573 384 2611 410
resistor 0.9385 2193 375 2226 440
resistor 0.9328 3397 1998 3407 2033
resistor 0.9235 2411 294 2448 335
resistor 0.8782 2232 337 2302 449
resistor 0.8441 2218 230 2304 380
resistor 0.8423 462 862 471 889
resistor 0.3685 2187 249 2239 339
capacitor 0.9919 2272 532 2290 564
capacitor 0.9880 1879 186 1906 244
capacitor 0.9879 2308 539 2338 594
capacitor 0.9802 2408 534 2434 589
capacitor 0.9588 2427 380 2445 425
capacitor 0.9490 2213 533 2224 561
capacitor 0.9420 1933 172 1960 239
capacitor 0.9391 2276 159 2302 212
capacitor 0.8988 2126 438 2156 505
capacitor 0.8650 1232 830 1250 859
capacitor 0.8262 2392 210 2434 281
capacitor 0.6841 3302 1991 3323 2032
capacitor 0.3421 2302 541 2322 596
text 0.9811 479 902 509 966
text 0.9684 2590 174 2617 243
text 0.9653 2647 282 2676 312
text 0.9640 2416 120 2442 177
text 0.9602 2204 447 2232 513
text 0.9594 1713 13 1742 41
text 0.9584 1194 811 1222 879
text 0.9580 3324 1955 3349 2012
text 0.9464 2628 361 2694 389
text 0.9350 2321 0 2348 59
text 0.9333 2126 371 2155 437
text 0.9332 2300 602 2327 664
text 0.9288 3052 1966 3080 2025
text 0.9286 2106 513 2133 536
text 0.9231 1877 251 1915 321
text 0.9225 2620 179 2647 244
text 0.9176 3147 1120 3186 1189
text 0.9103 3290 1112 3335 1187
text 0.8992 2320 118 2349 183
text 0.8990 2452 446 2494 476
text 0.8875 2393 428 2418 487
text 0.8672 3120 1263 3204 1351
text 0.8629 2415 600 2444 667
text 0.8622 2366 297 2418 353
text 0.8555 1665 136 1704 234
text 0.8469 2193 2 2219 58
text 0.8449 2099 262 2128 314
text 0.8348 2287 3 2316 61
text 0.8220 2522 168 2544 235
text 0.8147 2868 294 2898 387
text 0.8037 2031 5 2073 89
text 0.7947 2360 458 2401 513
text 0.7915 2495 312 2523 376
text 0.7812 2233 75 2262 139
text 0.7743 2223 3 2244 60
text 0.7574 2610 109 2636 138
text 0.7572 2513 389 2579 439
text 0.7405 2830 1 2870 99
text 0.7340 3292 1275 3321 1361
text 0.7123 2581 521 2619 620
text 0.6465 2454 382 2486 445
text 0.6275 2133 165 2165 235
text 0.6209 3215 1947 3245 2016
text 0.5955 2212 176 2244 243
text 0.5890 2139 258 2166 317
text 0.5838 2374 599 2405 668
text 0.3165 2221 72 2246 137
pins 0.9901 725 1813 901 1985
pins 0.9871 269 1236 402 1418
pins 0.9871 1732 1031 1979 1389
pins 0.9866 1270 1034 1518 1396
pins 0.9865 2627 1043 2868 1409
pins 0.9833 3527 1044 3773 1408
pins 0.9831 2163 1031 2406 1399
pins 0.9825 915 659 972 1081
pins 0.9802 981 1660 1233 2052
pins 0.9780 3320 1438 3380 1546
pins 0.9755 1711 459 1808 591
pins 0.9752 548 1401 607 1505
pins 0.9740 2907 888 2963 1004
pins 0.9734 1694 1420 1742 1524
pins 0.9733 750 929 808 1081
pins 0.9708 491 1996 644 2045
pins 0.9608 2618 1431 2666 1543
pins 0.9605 1241 1420 1309 1523
pins 0.9591 3500 1425 3559 1538
pins 0.9585 1560 899 1607 1004
pins 0.9575 2965 51 3022 108
pins 0.9538 2003 901 2059 1006
pins 0.9504 1080 1370 1136 1438
pins 0.9442 2129 1430 2184 1532
pins 0.9413 3706 746 3773 845
pins 0.9306 2329 676 2378 724
pins 0.9232 3072 860 3175 927
pins 0.9211 1753 2 1872 32
pins 0.9150 362 1774 683 1842
pins 0.9049 3619 1659 3677 1715
pins 0.8993 2461 1516 2514 1581
pins 0.8872 577 1092 634 1149
pins 0.8823 269 1592 317 1640
pins 0.8676 2435 908 2494 1013
pins 0.8543 364 1028 411 1073
pins 0.7682 1963 397 2067 446
component 0.9893 3880 447 3890 477
component 0.9877 3880 580 3890 610
component 0.9836 2732 215 2821 285
component 0.9806 3880 351 3890 386
component 0.9663 2694 43 2782 108
component 0.9596 1725 89 1789 183
component 0.9396 2473 523 2549 621
component 0.9176 2040 133 2107 231
test 0.9096 3279 1202 3344 1259
test 0.9073 3138 1198 3207 1263
electrolytic 0.9215 2013 81 2136 283
electrolytic 0.8905 1699 47 1815 225
electrolytic 0.8686 2453 485 2571 657
electrolytic 0.8370 2670 196 2857 311
electrolytic 0.6737 2648 14 2825 140
