connector 0.9877 2397 454 2512 718
connector 0.9802 2932 1880 3085 2302
connector 0.9761 1218 60 1363 199
connector 0.9723 1216 655 1356 799
connector 0.9698 3729 451 4022 745
connector 0.9698 2737 1650 2795 1739
connector 0.9685 1556 1123 1605 1220
connector 0.9664 2435 1128 2483 1221
connector 0.9642 1218 424 1352 565
connector 0.9587 2765 1891 2922 2306
connector 0.9572 488 1648 545 1743
connector 0.9409 3071 899 3124 1305
connector 0.9309 2756 246 2804 294
connector 0.9283 249 807 353 871
connector 0.9250 2902 1599 2950 1697
connector 0.9180 1667 898 1713 948
connector 0.9114 3234 1153 3289 1247
connector 0.9013 1021 275 1079 334
connector 0.8750 3095 2039 3283 2331
connector 0.8728 369 1872 429 1931
connector 0.8717 3396 1322 3444 1375
connector 0.8598 1858 1644 1914 1744
connector 0.8598 876 1086 949 1142
connector 0.8541 1082 1113 1136 1210
connector 0.8504 2288 1638 2346 1737
connector 0.8475 1518 1736 1575 1797
connector 0.8383 1978 1125 2035 1217
connector 0.8236 672 1667 718 1753
connector 0.8142 2237 169 2298 267
connector 0.8126 285 962 341 1055
connector 0.8118 1988 616 2075 676
connector 0.7884 1374 1657 1431 1747
connector 0.7596 3428 1631 3475 1689
resistor 0.9942 1799 1019 1841 1078
resistor 0.9940 2692 1056 2721 1095
resistor 0.9938 1841 428 1858 463
resistor 0.9933 1361 1033 1389 1076
resistor 0.9911 2258 1038 2288 1084
resistor 0.9910 1751 422 1768 451
resistor 0.9897 1723 1104 1742 1159
resistor 0.9888 1402 1036 1427 1067
resistor 0.9877 428 1049 442 1082
resistor 0.9854 2141 57 2175 98
resistor 0.9843 3322 1534 3340 1563
resistor 0.9806 1694 697 1713 732
resistor 0.9762 1696 422 1714 453
resistor 0.9756 1869 511 1920 544
resistor 0.9754 1345 1932 1364 1961
resistor 0.9749 1874 608 1910 626
resistor 0.9745 1723 1182 1752 1240
resistor 0.9744 3371 1519 3409 1564
resistor 0.9729 3365 1662 3388 1708
resistor 0.9724 2209 82 2238 102
resistor 0.9697 519 1209 537 1240
resistor 0.9680 2287 1145 2316 1200
resistor 0.9668 1568 626 1596 645
resistor 0.9659 2609 1095 2638 1161
resistor 0.9655 1778 695 1791 732
resistor 0.9648 2368 1416 2408 1445
resistor 0.9614 2205 1941 2224 1979
resistor 0.9581 1846 694 1870 732
resistor 0.9570 1375 1198 1394 1239
resistor 0.9566 2501 1937 2539 1981
resistor 0.9462 491 1083 511 1113
resistor 0.9455 3262 1786 3516 1950
resistor 0.9437 1829 1198 1850 1229
resistor 0.9351 1976 1424 2009 1457
resistor 0.9305 1557 526 1585 553
resistor 0.9290 3713 1387 3741 1436
resistor 0.9274 1976 1943 1997 1979
resistor 0.9212 1817 87 1834 146
resistor 0.9211 2726 1042 2756 1089
resistor 0.9162 1617 696 1635 734
resistor 0.9135 2268 1206 2290 1242
resistor 0.9079 1136 1945 1150 1975
resistor 0.9059 1630 1928 1677 1972
resistor 0.9031 3397 1218 3412 1249
resistor 0.9003 1106 1953 1128 1989
resistor 0.8994 1918 1951 1935 1979
resistor 0.8988 2845 1388 2876 1427
resistor 0.8959 1370 626 1384 654
resistor 0.8928 487 1144 512 1202
resistor 0.8824 3631 1402 3650 1434
resistor 0.8628 1912 1424 1935 1456
resistor 0.8514 2218 457 2250 498
resistor 0.8480 3155 1129 3188 1184
resistor 0.8473 2690 1201 2728 1242
resistor 0.8462 3397 1007 3412 1039
resistor 0.8456 1824 1104 1885 1187
resistor 0.8261 1622 422 1636 453
resistor 0.8181 905 511 945 568
resistor 0.8007 2260 470 2303 498
resistor 0.7957 2170 1108 2200 1178
resistor 0.7922 2618 1024 2648 1056
resistor 0.7624 379 1189 400 1231
resistor 0.7288 1936 1423 1974 1459
resistor 0.7211 1499 1391 1520 1445
resistor 0.6984 1462 1395 1490 1433
resistor 0.6807 2237 452 2269 485
resistor 0.6746 1867 279 1929 355
resistor 0.6667 2792 1381 2819 1427
resistor 0.6529 1377 1118 1413 1191
resistor 0.5762 2170 1182 2202 1238
resistor 0.5558 2171 61 2192 89
resistor 0.3603 1627 1906 1662 1956
resistor 0.3235 2719 1134 2751 1192
pads 0.9830 867 1679 896 1736
pads 0.9405 545 1246 631 1347
pads 0.9168 3741 548 3779 606
pads 0.9093 700 569 728 621
pads 0.9009 2336 1249 2427 1356
pads 0.8989 1884 31 1923 72
pads 0.8966 2794 1250 2883 1345
pads 0.8942 703 639 729 703
pads 0.8670 1851 21 1869 61
pads 0.8599 1470 1239 1549 1347
pads 0.8592 1909 1251 1995 1349
pads 0.7408 1849 86 1895 140
pads 0.6663 600 635 680 726
pads 0.5640 614 586 641 629
emi 0.8767 642 762 719 806
emi 0.8611 509 597 588 646
emi 0.8168 802 705 877 744
emi 0.8016 646 649 719 745
emi 0.7999 3233 445 3303 490
capacitor 0.9946 1755 752 1774 792
capacitor 0.9946 2230 1037 2249 1084
capacitor 0.9924 1753 362 1772 412
capacitor 0.9923 731 761 749 812
capacitor 0.9881 1823 375 1840 412
capacitor 0.9877 3290 493 3331 521
capacitor 0.9834 1617 358 1627 401
capacitor 0.9833 1684 355 1703 404
capacitor 0.9823 1635 742 1676 824
capacitor 0.9819 2269 1443 2289 1502
capacitor 0.9807 2121 254 2143 291
capacitor 0.9805 2000 44 2018 73
capacitor 0.9798 2060 43 2085 85
capacitor 0.9768 1955 232 1989 250
capacitor 0.9751 1888 754 1907 805
capacitor 0.9688 1307 1045 1324 1082
capacitor 0.9659 2726 1445 2747 1495
capacitor 0.9594 3428 792 3465 853
capacitor 0.9593 3602 588 3633 607
capacitor 0.9593 3163 1758 3177 1795
capacitor 0.9526 2579 1542 2630 1562
capacitor 0.9518 1841 1451 1867 1504
capacitor 0.9503 1869 395 1898 458
capacitor 0.9477 591 806 612 835
capacitor 0.9471 3368 460 3399 502
capacitor 0.9469 1800 755 1814 791
capacitor 0.9467 819 676 867 706
capacitor 0.9464 1362 1329 1391 1406
capacitor 0.9457 3389 791 3427 849
capacitor 0.9400 1510 510 1537 528
capacitor 0.9351 48 714 68 761
capacitor 0.9343 1373 1455 1393 1501
capacitor 0.9336 1187 1327 1218 1406
capacitor 0.9320 1743 963 1776 999
capacitor 0.9315 2103 199 2121 238
capacitor 0.9296 49 484 68 529
capacitor 0.9283 468 636 487 667
capacitor 0.9231 1229 1543 1286 1571
capacitor 0.9171 439 626 461 675
capacitor 0.9169 2211 590 2251 608
capacitor 0.9161 1510 599 1540 616
capacitor 0.9116 407 1737 438 1756
capacitor 0.9109 476 1456 496 1504
capacitor 0.9083 1655 1317 1695 1407
capacitor 0.9004 1830 1318 1869 1405
capacitor 0.9001 1929 607 1973 639
capacitor 0.8956 2041 178 2095 230
capacitor 0.8942 2250 1317 2287 1405
capacitor 0.8936 2122 1541 2170 1562
capacitor 0.8860 2542 1317 2580 1397
capacitor 0.8838 330 1542 379 1570
capacitor 0.8787 1695 1542 1753 1572
capacitor 0.8778 2162 275 2209 297
capacitor 0.8713 1409 307 1433 345
capacitor 0.8702 457 1317 496 1405
capacitor 0.8589 3233 530 3292 551
capacitor 0.8551 2073 1318 2113 1406
capacitor 0.8504 592 761 612 792
capacitor 0.8425 3212 1790 3234 1843
capacitor 0.8381 2022 337 2046 373
capacitor 0.8252 282 1318 321 1403
capacitor 0.8021 2716 1318 2746 1404
capacitor 0.7891 361 666 408 702
capacitor 0.7819 3339 578 3371 617
capacitor 0.7418 611 822 637 858
capacitor 0.7362 689 353 727 410
capacitor 0.7108 2535 1952 2566 1991
capacitor 0.7070 1772 169 1801 233
capacitor 0.6903 3418 685 3465 714
capacitor 0.6901 2240 489 2282 509
capacitor 0.6897 2329 1026 2346 1064
capacitor 0.6639 3178 1988 3212 2010
capacitor 0.6539 1901 504 1964 542
capacitor 0.6197 2241 1878 2283 1980
capacitor 0.6140 1455 1423 1499 1471
capacitor 0.3537 614 515 658 568
text 0.9920 1422 1143 1451 1192
text 0.9871 1967 110 1996 159
text 0.9869 807 1825 837 1873
text 0.9826 875 1823 898 1873
text 0.9815 564 1358 603 1407
text 0.9812 2590 909 2620 967
text 0.9806 2347 1619 2394 1764
text 0.9803 1423 1259 1459 1328
text 0.9784 3444 1437 3476 1628
text 0.9781 1499 120 1538 198
text 0.9777 1187 1550 1217 1565
text 0.9774 1821 1621 1850 1660
text 0.9749 2737 1747 2775 1814
text 0.9733 2902 1747 2941 1844
text 0.9733 874 685 886 706
text 0.9731 1265 32 1314 62
text 0.9709 1744 812 1771 860
text 0.9700 1432 724 1469 802
text 0.9690 3526 1784 3564 1873
text 0.9675 3351 2116 3547 2167
text 0.9672 1653 1541 1684 1561
text 0.9670 3594 2200 3631 2273
text 0.9660 2386 696 2406 734
text 0.9659 2736 322 2766 384
text 0.9656 1256 1893 1295 1941
text 0.9641 1714 871 1751 947
text 0.9641 3203 1396 3243 1551
text 0.9623 1489 1086 1537 1222
text 0.9613 1129 1647 1160 1727
text 0.9600 3204 869 3242 947
text 0.9594 1501 409 1539 461
text 0.9591 2374 1359 2407 1427
text 0.9583 3125 899 3165 1123
text 0.9577 255 1219 282 1241
text 0.9576 1819 300 1841 351
text 0.9570 700 1327 740 1406
text 0.9567 781 585 845 643
text 0.9566 408 186 429 216
text 0.9559 1597 1015 1634 1085
text 0.9550 2748 1190 2775 1248
text 0.9536 545 1621 593 1773
text 0.9534 3691 2076 3730 2146
text 0.9526 2204 297 2249 324
text 0.9525 652 822 673 861
text 0.9523 1294 831 1324 899
text 0.9493 224 917 270 1058
text 0.9474 1644 306 1672 352
text 0.9468 1658 1057 1704 1078
text 0.9463 3211 521 3245 552
text 0.9457 711 190 732 228
text 0.9455 2299 559 2337 656
text 0.9439 1120 1259 1158 1339
text 0.9438 1966 1488 2005 1609
text 0.9426 526 1418 623 1609
text 0.9420 3086 1301 3116 1337
text 0.9417 2105 113 2173 150
text 0.9408 2592 1981 2743 2020
text 0.9386 1587 1249 1626 1329
text 0.9382 1588 1464 1634 1630
text 0.9374 284 665 303 706
text 0.9370 1168 986 1207 1054
text 0.9367 963 2010 1012 2098
text 0.9366 857 2008 904 2096
text 0.9356 1819 1883 1852 1933
text 0.9349 1344 1631 1382 1668
text 0.9348 2294 1980 2455 2020
text 0.9334 2882 1203 2931 1306
text 0.9327 360 754 380 802
text 0.9324 2805 1043 2843 1123
text 0.9322 527 1113 555 1167
text 0.9307 3145 177 3185 206
text 0.9304 886 176 912 220
text 0.9296 3202 670 3224 718
text 0.9294 1890 2003 1926 2077
text 0.9293 114 458 154 480
text 0.9282 330 1871 360 1930
text 0.9275 262 1725 302 1777
text 0.9268 1439 1971 1599 2018
text 0.9255 1585 1727 1616 1807
text 0.9249 3252 324 3272 384
text 0.9241 576 183 610 231
text 0.9241 1586 1639 1626 1709
text 0.9238 1011 1095 1061 1233
text 0.9211 895 600 934 618
text 0.9205 3458 1311 3495 1389
text 0.9189 2338 1220 2435 1259
text 0.9165 1878 1115 1908 1183
text 0.9161 2191 92 2218 157
text 0.9157 2045 820 2082 908
text 0.9155 3222 694 3255 762
text 0.9152 1070 600 1118 627
text 0.9149 2972 1122 3059 1163
text 0.9140 3016 892 3064 929
text 0.9133 3805 1836 3846 1989
text 0.9132 1725 150 1753 187
text 0.9131 2025 1015 2065 1086
text 0.9125 1157 488 1205 725
text 0.9122 402 848 437 874
text 0.9118 2367 468 2405 499
text 0.9113 1481 676 1510 706
text 0.9106 1295 233 1315 285
text 0.9102 2054 1210 2088 1239
text 0.9097 1372 53 1438 91
text 0.9093 1874 219 1938 247
text 0.9082 3203 1564 3242 1638
text 0.9082 1713 1971 1878 2016
text 0.9079 2793 1624 2834 1776
text 0.9075 720 2203 760 2252
text 0.9071 402 1211 437 1259
text 0.9065 1713 305 1741 353
text 0.9063 2971 987 3069 1025
text 0.9047 1665 834 1695 870
text 0.9041 1674 984 1704 1016
text 0.9040 1979 1085 2023 1123
text 0.9021 3379 745 3408 782
text 0.9017 2103 1872 2141 1947
text 0.9012 1149 1970 1303 2018
text 0.9004 3515 665 3553 686
text 0.9002 1079 958 1128 1036
text 0.8991 3613 167 3632 198
text 0.8979 2775 898 2805 974
text 0.8968 1071 850 1090 899
text 0.8966 1138 850 1157 899
text 0.8951 3271 2193 3320 2282
text 0.8947 497 1745 537 1794
text 0.8939 3526 1133 3564 1229
text 0.8930 2337 1084 2371 1166
text 0.8921 3457 1085 3506 1203
text 0.8917 3223 1851 3264 1946
text 0.8915 1605 1920 1635 1967
text 0.8914 2112 637 2143 674
text 0.8909 1977 1358 2007 1425
text 0.8898 1362 512 1401 576
text 0.8890 1169 743 1215 790
text 0.8882 2958 1075 3069 1114
text 0.8880 1227 235 1246 286
text 0.8865 1416 1391 1440 1442
text 0.8851 341 1117 367 1163
text 0.8838 2502 470 2533 499
text 0.8829 2493 976 2532 1074
text 0.8827 1946 849 1986 899
text 0.8809 2103 333 2131 382
text 0.8803 3515 1439 3553 1688
text 0.8798 1170 422 1207 469
text 0.8797 1822 829 1850 876
text 0.8786 740 811 844 870
text 0.8785 3274 325 3438 391
text 0.8780 838 1329 886 1406
text 0.8743 2143 1094 2172 1160
text 0.8742 398 996 438 1035
text 0.8734 339 965 378 1030
text 0.8733 1265 392 1304 421
text 0.8732 1275 920 1305 950
text 0.8725 1070 548 1118 568
text 0.8724 626 1660 674 1751
text 0.8718 2116 1006 2182 1036
text 0.8713 2689 1881 2727 1962
text 0.8705 1606 2008 1635 2073
text 0.8671 3340 1056 3379 1121
text 0.8666 2239 433 2304 463
text 0.8659 1205 835 1240 899
text 0.8652 2591 361 2806 795
text 0.8648 1138 1197 1169 1231
text 0.8632 2353 1503 2413 1533
text 0.8623 1868 997 1898 1056
text 0.8608 3343 2067 3489 2107
text 0.8607 2348 878 2395 1006
text 0.8606 1393 1213 1422 1261
text 0.8582 1168 140 1207 195
text 0.8563 1490 1728 1529 1799
text 0.8556 2474 1250 2512 1316
text 0.8541 1889 1385 1917 1443
text 0.8529 2016 1639 2054 1717
text 0.8526 1080 449 1127 483
text 0.8518 1618 880 1655 957
text 0.8516 3466 874 3515 995
text 0.8508 1881 841 1909 889
text 0.8494 886 240 924 295
text 0.8491 3078 1902 3117 1972
text 0.8482 2251 1715 2286 1787
text 0.8475 1528 1882 1558 1940
text 0.8465 2820 1474 2879 1507
text 0.8411 847 900 897 956
text 0.8404 2492 1203 2525 1243
text 0.8396 1266 626 1315 656
text 0.8393 1985 995 2024 1064
text 0.8387 654 749 705 798
text 0.8382 1236 996 1285 1026
text 0.8378 349 1191 377 1233
text 0.8370 2013 1979 2166 2020
text 0.8364 2182 2008 2220 2076
text 0.8357 2415 1088 2463 1122
text 0.8354 1459 598 1509 628
text 0.8339 817 1035 866 1201
text 0.8334 2092 851 2139 917
text 0.8333 2008 1473 2056 1644
text 0.8306 2163 484 2203 537
text 0.8303 2990 1211 3062 1250
text 0.8303 1119 1483 1159 1635
text 0.8299 1860 1743 1898 1812
text 0.8296 1370 229 1391 286
text 0.8286 2142 1172 2172 1231
text 0.8284 2499 696 2513 725
text 0.8282 1686 1959 1715 2009
text 0.8243 3262 1736 3301 1810
text 0.8241 3328 1474 3398 1503
text 0.8227 2162 867 2200 950
text 0.8222 1298 1210 1337 1259
text 0.8219 448 1619 488 1658
text 0.8210 2460 1470 2509 1620
text 0.8204 1904 1219 1997 1252
text 0.8202 458 918 496 968
text 0.8199 993 843 1022 899
text 0.8172 3729 1647 3767 1736
text 0.8170 1434 1623 1479 1775
text 0.8141 3000 1552 3040 1649
text 0.8136 3205 423 3253 464
text 0.8129 3646 2046 3661 2079
text 0.8119 2853 1580 2893 1650
text 0.8117 3494 471 3534 491
text 0.8111 922 1143 973 1181
text 0.8105 1935 1909 1966 1960
text 0.8101 3197 573 3250 631
text 0.8095 1770 161 1800 252
text 0.8087 652 2007 701 2094
text 0.8081 788 650 854 705
text 0.8076 535 1210 574 1240
text 0.8070 3359 1708 3386 1774
text 0.8027 3816 1116 3856 1252
text 0.8027 1365 657 1402 720
text 0.8023 2345 1013 2366 1064
text 0.8009 1765 57 1791 126
text 0.8003 372 1047 399 1085
text 0.7974 344 644 377 667
text 0.7962 1078 267 1119 341
text 0.7943 2306 297 2347 352
text 0.7940 2535 1525 2572 1569
text 0.7906 1870 1180 1898 1251
text 0.7905 447 362 466 401
text 0.7888 1934 1368 1966 1427
text 0.7882 2246 61 2309 84
text 0.7859 2708 121 2746 188
text 0.7858 573 236 624 285
text 0.7838 3174 578 3203 596
text 0.7832 2462 2009 2501 2077
text 0.7805 1135 219 1179 323
text 0.7788 2059 1484 2122 1600
text 0.7779 3288 1162 3378 1201
text 0.7775 1458 508 1508 538
text 0.7753 1322 833 1344 897
text 0.7745 838 1680 866 1737
text 0.7723 2045 374 2123 477
text 0.7721 3154 2009 3220 2040
text 0.7707 1855 645 1897 675
text 0.7704 3244 1345 3285 1376
text 0.7701 1869 348 1888 392
text 0.7695 224 712 243 771
text 0.7693 1003 1678 1024 1743
text 0.7686 2951 1588 2990 1658
text 0.7685 3762 529 3991 661
text 0.7682 3155 1787 3182 1855
text 0.7673 292 909 332 956
text 0.7625 2601 1053 2667 1084
text 0.7600 3293 1257 3378 1288
text 0.7588 2786 1437 2814 1503
text 0.7575 3253 1555 3291 1648
text 0.7563 1609 1212 1636 1242
text 0.7556 3335 872 3377 948
text 0.7520 2013 277 2037 343
text 0.7509 935 2204 964 2252
text 0.7493 2198 608 2267 637
text 0.7482 1364 1960 1393 2008
text 0.7472 608 466 668 499
text 0.7471 2804 887 2844 1015
text 0.7455 1860 620 1924 644
text 0.7454 223 1258 262 1336
text 0.7421 2873 1386 2900 1453
text 0.7415 3275 585 3322 638
text 0.7401 1226 835 1256 899
text 0.7393 2016 1248 2054 1319
text 0.7350 2812 148 2937 197
text 0.7350 821 811 861 878
text 0.7345 1236 1104 1265 1152
text 0.7319 614 2204 654 2251
text 0.7318 1399 1960 1422 2017
text 0.7301 1373 857 1410 912
text 0.7286 1937 482 1974 531
text 0.7233 3332 1567 3399 1600
text 0.7230 2768 1862 2805 1911
text 0.7225 1909 69 1970 110
text 0.7193 828 2202 866 2252
text 0.7186 1071 1948 1099 1998
text 0.7179 2248 271 2285 334
text 0.7169 935 1825 962 1882
text 0.7144 2557 1884 2589 1963
text 0.7144 759 2002 807 2098
text 0.7109 1466 1027 1497 1075
text 0.7094 282 1540 323 1563
text 0.7087 1619 673 1656 711
text 0.7087 2230 862 2268 938
text 0.7043 994 259 1034 321
text 0.7021 3650 1366 3680 1433
text 0.7017 224 643 244 686
text 0.7002 3344 168 3384 199
text 0.6986 1851 829 1879 879
text 0.6957 1853 133 1880 195
text 0.6949 1931 635 1965 684
text 0.6893 1987 245 2019 275
text 0.6862 2809 237 2941 286
text 0.6849 721 1135 768 1269
text 0.6822 1946 569 1976 600
text 0.6810 2154 580 2193 645
text 0.6786 2971 938 3069 977
text 0.6716 1080 1074 1125 1112
text 0.6711 683 1202 722 1277
text 0.6620 1928 1464 1958 1513
text 0.6620 3633 2173 3682 2213
text 0.6592 1393 298 1420 344
text 0.6572 2172 93 2191 161
text 0.6534 1070 1512 1119 1699
text 0.6527 2474 1631 2512 1728
text 0.6481 2697 1622 2736 1659
text 0.6478 2385 1883 2426 1950
text 0.6468 2250 90 2307 119
text 0.6463 1540 1016 1576 1087
text 0.6445 2161 1036 2181 1105
text 0.6443 3417 994 3450 1064
text 0.6438 1859 910 1889 988
text 0.6382 3398 1514 3438 1583
text 0.6371 1678 1102 1727 1167
text 0.6369 1081 461 1131 499
text 0.6355 3008 1259 3057 1298
text 0.6300 3426 662 3463 691
text 0.6230 3396 178 3440 207
text 0.6210 3174 1144 3203 1206
text 0.6193 1382 1743 1412 1821
text 0.6136 2079 59 2117 109
text 0.6109 2962 1164 3061 1211
text 0.6083 3409 1201 3437 1269
text 0.6071 3797 1494 3846 1629
text 0.6061 1860 1058 1878 1120
text 0.6035 2238 1622 2269 1660
text 0.5962 2474 1920 2502 1979
text 0.5855 3185 1775 3216 1844
text 0.5651 1694 1181 1723 1230
text 0.5457 1998 399 2039 450
text 0.4135 1315 834 1335 893
text 0.4024 2046 97 2103 164
text 0.4017 1234 1054 1279 1091
text 0.3877 2179 1912 2206 1965
text 0.3829 2487 1900 2526 1969
text 0.3728 2645 1198 2704 1244
text 0.3708 2328 1098 2353 1165
text 0.3467 1335 1963 1372 2019
text 0.3406 1685 1169 1717 1219
text 0.3384 1392 1963 1414 2012
text 0.3302 2276 314 2311 360
text 0.3284 2625 1193 2662 1245
text 0.3237 1860 1120 1880 1193
text 0.3066 1068 493 1124 530
text 0.3034 1216 225 1243 276
pins 0.7444 3165 1856 3226 1960
component 0.9982 2278 732 2307 819
component 0.9955 3519 741 3566 773
component 0.9948 748 529 766 551
component 0.9925 1985 733 2015 793
component 0.9920 1274 1121 1287 1142
component 0.9893 2513 1122 2558 1170
component 0.9875 526 509 572 560
component 0.9866 2074 742 2093 773
component 0.9855 563 656 576 685
component 0.9839 3380 703 3398 724
component 0.9836 1168 1103 1214 1152
component 0.9828 87 534 170 709
component 0.9825 1034 1698 1052 1718
component 0.9811 3378 579 3398 605
component 0.9801 663 529 682 549
component 0.9798 1219 1659 1314 1717
component 0.9778 1692 1658 1792 1717
component 0.9777 1579 160 1674 236
component 0.9764 1283 1191 1295 1219
component 0.9752 3378 520 3396 539
component 0.9736 2983 1796 3075 1853
component 0.9732 2142 696 2190 792
component 0.9722 818 1698 835 1727
component 0.9687 3175 646 3185 665
component 0.9684 974 1696 994 1718
component 0.9657 2183 1198 2201 1222
component 0.9638 88 755 177 859
component 0.9636 798 520 845 549
component 0.9635 1645 1123 1683 1171
component 0.9634 323 1659 417 1716
component 0.9619 915 528 935 550
component 0.9522 2123 1649 2209 1707
component 0.9492 3701 586 3723 608
component 0.9471 3525 2234 3555 2293
component 0.9441 2727 1142 2744 1175
component 0.9439 2136 1278 2236 1388
component 0.9422 282 1123 329 1170
component 0.9417 2581 1650 2677 1706
component 0.9372 1928 325 1987 423
component 0.9293 2024 500 2122 578
component 0.9280 740 442 799 491
component 0.9229 1722 1287 1807 1392
component 0.9117 3641 1610 3760 1639
component 0.8961 2075 1117 2122 1172
component 0.8943 119 519 145 540
component 0.8919 147 540 165 567
component 0.8813 3368 2227 3408 2290
component 0.8712 2604 1279 2695 1388
component 0.8657 116 727 147 768
component 0.8630 2621 1189 2638 1221
component 0.8599 380 1121 402 1180
component 0.8564 3661 1475 3739 1503
component 0.8394 3077 1596 3141 1687
component 0.8381 1490 754 1555 851
component 0.8235 1926 256 1960 287
component 0.8204 1246 1285 1333 1397
component 0.8171 3263 1660 3282 1707
component 0.8164 3263 646 3309 666
component 0.8093 654 588 680 620
component 0.8088 156 766 175 847
component 0.7593 458 552 485 588
component 0.7327 717 399 806 503
component 0.7253 354 1286 432 1395
component 0.7163 145 656 167 702
component 0.6570 527 574 577 630
component 0.6520 926 1696 944 1727
component 0.6233 3651 574 3672 600
test 0.9761 640 462 674 499
test 0.9645 700 1405 766 1472
test 0.9038 837 1410 915 1483
test 0.9017 3583 781 3621 810
led 0.9788 2600 1874 2648 1979
led 0.9784 1721 1852 1773 1969
led 0.9745 1440 1851 1491 1970
led 0.9698 3378 879 3427 986
led 0.9624 865 2126 905 2241
led 0.9615 1160 1866 1206 1970
led 0.9527 2269 907 2316 1027
led 0.9421 965 2127 1012 2242
led 0.9386 3379 1096 3427 1203
led 0.9256 653 2125 701 2241
led 0.9192 1366 910 1412 1024
led 0.9176 1773 899 1828 1018
led 0.9144 2009 1865 2066 1984
led 0.8865 2299 1872 2346 1977
led 0.8540 2689 935 2735 1048
led 0.8483 450 968 494 1084
led 0.7760 758 2124 807 2239
clock 0.8381 249 334 453 664
clock 0.7973 1913 308 2000 447
ic 0.9873 2542 1405 2715 1532
ic 0.9867 390 673 586 881
ic 0.9867 2657 1104 2718 1211
ic 0.9794 286 1405 458 1541
ic 0.9752 1313 1106 1371 1209
ic 0.9729 1659 1406 1831 1543
ic 0.9712 1187 1415 1365 1542
ic 0.9698 2083 1405 2254 1533
ic 0.9661 1625 482 1857 664
ic 0.9187 3228 555 3299 619
ic 0.8955 3417 726 3486 781
ic 0.8767 421 1090 476 1208
ic 0.8392 3303 1632 3358 1738
ic 0.8351 2195 520 2267 586
ic 0.8212 1775 1090 1841 1208
ic 0.8181 1227 1279 1355 1404
ic 0.8074 317 1271 449 1405
ic 0.7956 2123 1267 2251 1399
ic 0.7805 2221 1106 2276 1212
ic 0.7713 1696 1278 1822 1402
ic 0.7612 799 580 866 642
ic 0.7600 1451 315 1497 461
ic 0.6332 2015 180 2062 238
switch 0.9757 3593 1463 3799 1650
switch 0.9754 48 520 209 736
switch 0.9573 49 741 213 879
switch 0.9250 3324 2172 3595 2367
electrolytic 0.9818 1994 112 2096 158
electrolytic 0.9671 3271 689 3367 820
electrolytic 0.9150 3050 1557 3167 1735
electrolytic 0.9014 1547 143 1727 265
electrolytic 0.8645 3486 691 3584 819
electrolytic 0.8483 1903 256 1996 295
electrolytic 0.8154 516 464 610 596
electrolytic 0.8101 1471 704 1586 889
electrolytic 0.7411 270 1076 341 1229
electrolytic 0.6992 2061 1064 2132 1231
electrolytic 0.6874 2936 1759 3126 1885
electrolytic 0.6315 734 369 823 504
button 0.9836 3564 1810 3817 2054
button 0.9783 1925 2016 2162 2253
button 0.9757 2501 2020 2736 2261
button 0.9667 1636 2012 1871 2251
button 0.9560 2221 2019 2457 2263
button 0.9543 1059 2018 1301 2249
button 0.9418 1356 2015 1590 2260
button 0.9329 46 344 224 458
button 0.8984 3565 1062 3817 1307
diode 0.9654 866 1767 915 1824
diode 0.9390 788 1765 846 1823
diode 0.8797 934 1767 981 1822
fuse 0.9726 3310 1922 3529 2062
transistor 0.9637 487 334 696 462
transistor 0.9635 2190 950 2238 1006
transistor 0.8885 1696 1005 1754 1069
transistor 0.8100 2616 955 2665 1014
transistor 0.7932 1300 939 1352 1010
transistor 0.7517 885 433 944 493
transistor 0.6507 3167 696 3220 764
jumper 0.9556 2163 159 2220 256
jumper 0.9226 2754 149 2803 244
jumper 0.9167 3428 1690 3487 1784
jumper 0.8834 3232 1250 3290 1348
inductor 0.9437 2076 245 2104 300
inductor 0.9341 2183 335 2208 391
inductor 0.6785 780 509 868 570
inductor 0.6722 1959 704 2042 826
potentiometer 0.7762 2237 647 2342 869
transformer 0.7663 3446 489 3586 636
