connector 0.9910 1889 1453 2826 2323
connector 0.9371 141 1819 256 2140
resistor 0.9693 2015 197 2043 242
resistor 0.9686 2095 984 2129 1035
resistor 0.9672 2095 193 2123 240
resistor 0.9668 2312 1058 2342 1082
resistor 0.9648 2177 156 2213 209
resistor 0.9590 2175 1030 2204 1050
resistor 0.9480 2180 988 2216 1025
resistor 0.9295 1905 996 1943 1035
resistor 0.9196 2247 982 2293 1013
resistor 0.9001 1956 199 1975 240
resistor 0.7719 2342 909 2371 923
resistor 0.7175 2123 987 2164 1027
resistor 0.6085 1956 985 1987 1034
pads 0.9937 1630 643 1647 684
pads 0.9914 1627 781 1642 821
pads 0.9905 1625 870 1642 909
pads 0.9902 1638 701 1649 731
pads 0.9889 1602 484 1618 518
pads 0.9729 1662 538 1679 574
pads 0.9722 1678 272 1711 321
pads 0.9678 1629 539 1644 574
pads 0.9602 1627 399 1658 488
pads 0.9574 1671 722 1682 755
pads 0.9464 1661 665 1682 703
pads 0.8747 1660 480 1672 517
pads 0.8639 1670 334 1694 374
pads 0.8405 1661 446 1678 477
pads 0.7288 1650 920 1670 958
pads 0.6683 1650 625 1670 659
capacitor 0.9921 1688 1050 1699 1084
capacitor 0.9885 1996 274 2016 326
capacitor 0.9862 2396 981 2423 1000
capacitor 0.9858 2164 886 2184 922
capacitor 0.9842 1771 982 1799 1040
capacitor 0.9838 1846 487 1867 527
capacitor 0.9732 1837 260 1867 316
capacitor 0.9725 2164 492 2186 531
capacitor 0.9711 2008 980 2029 1036
capacitor 0.9710 3173 2514 3201 2573
capacitor 0.9709 1916 267 1937 317
capacitor 0.9680 1894 715 1966 809
capacitor 0.9667 2472 808 2511 823
capacitor 0.9645 2241 897 2255 924
capacitor 0.9613 1988 775 2016 816
capacitor 0.9581 3141 2522 3160 2571
capacitor 0.9572 1977 703 2045 779
capacitor 0.9517 2054 718 2115 802
capacitor 0.9484 2639 811 2677 822
capacitor 0.9455 1963 547 2048 658
capacitor 0.9446 1500 388 1529 408
capacitor 0.9438 1470 712 1503 732
capacitor 0.9409 1828 768 1869 828
capacitor 0.9408 2154 245 2186 268
capacitor 0.9406 2058 512 2133 653
capacitor 0.9399 2096 405 2115 443
capacitor 0.9376 1782 2520 1819 2575
capacitor 0.9358 1514 666 1541 683
capacitor 0.9339 2452 335 2489 355
capacitor 0.9316 2333 279 2353 309
capacitor 0.9308 2054 628 2122 722
capacitor 0.9248 1472 467 1501 485
capacitor 0.9211 2340 507 2352 537
capacitor 0.9171 1551 968 1599 989
capacitor 0.9170 2066 310 2100 329
capacitor 0.9154 1902 541 1977 622
capacitor 0.9151 2116 883 2133 910
capacitor 0.9081 2086 249 2118 269
capacitor 0.9071 1394 604 1455 624
capacitor 0.9062 1903 423 1918 467
capacitor 0.9012 2450 575 2494 606
capacitor 0.8949 1826 708 1862 765
capacitor 0.8906 2035 380 2056 426
capacitor 0.8792 1903 798 1948 852
capacitor 0.8651 1848 647 1908 667
capacitor 0.8647 2182 125 2214 169
capacitor 0.8603 1242 871 1298 891
capacitor 0.8595 1775 464 1810 504
capacitor 0.8593 1738 246 1789 316
capacitor 0.8526 1830 558 1857 595
capacitor 0.8471 3081 2807 3121 2857
capacitor 0.8461 2551 812 2600 831
capacitor 0.8457 2384 269 2439 302
capacitor 0.8450 1314 555 1363 574
capacitor 0.8444 1560 903 1594 940
capacitor 0.8382 1902 627 1990 702
capacitor 0.8272 2350 960 2372 1011
capacitor 0.8260 1245 831 1294 851
capacitor 0.8159 1395 643 1451 674
capacitor 0.8149 2343 595 2387 615
capacitor 0.8123 1894 489 1989 530
capacitor 0.8118 1972 627 2060 729
capacitor 0.7938 2143 782 2173 804
capacitor 0.7935 2070 771 2120 835
capacitor 0.7861 2334 666 2392 692
capacitor 0.7843 1463 299 1485 326
capacitor 0.7834 2138 704 2180 735
capacitor 0.7773 2269 295 2308 319
capacitor 0.7763 2390 868 2436 891
capacitor 0.7749 2038 802 2087 844
capacitor 0.7720 1603 377 1659 406
capacitor 0.7707 2437 216 2474 242
capacitor 0.7687 2375 302 2461 369
capacitor 0.7578 2041 979 2072 1039
capacitor 0.7515 2518 354 2574 376
capacitor 0.7402 2393 1020 2423 1040
capacitor 0.7374 1315 733 1376 762
capacitor 0.7371 2002 487 2065 534
capacitor 0.7240 1808 976 1828 1024
capacitor 0.7237 1728 255 1761 315
capacitor 0.7186 2343 397 2390 416
capacitor 0.7177 2332 623 2386 654
capacitor 0.6878 3143 2802 3173 2857
capacitor 0.6751 2347 326 2460 382
capacitor 0.6528 2344 343 2390 371
capacitor 0.6447 2124 640 2171 667
capacitor 0.6426 1787 508 1828 547
capacitor 0.6393 2340 703 2390 723
capacitor 0.6393 1728 2521 1760 2579
capacitor 0.6326 1808 827 1850 871
capacitor 0.5956 1968 411 1986 445
capacitor 0.5952 1779 782 1825 804
capacitor 0.5791 2000 723 2068 775
capacitor 0.3426 2331 322 2374 352
capacitor 0.3311 2323 391 2373 420
capacitor 0.3271 1903 501 1965 553
capacitor 0.3172 2331 705 2401 734
capacitor 0.3057 2439 327 2475 358
capacitor 0.3029 1832 640 1888 688
text 0.9845 1529 469 1558 495
text 0.9810 1663 809 1681 850
text 0.9776 1761 179 1788 237
text 0.9660 1538 705 1561 769
text 0.9644 2312 1137 2341 1168
text 0.9543 3102 2434 3134 2492
text 0.9450 1223 56 1262 151
text 0.9417 316 2363 425 2592
text 0.9380 1477 191 1580 228
text 0.9321 1456 8 1484 40
text 0.9292 1747 91 1776 147
text 0.9287 1770 644 1807 663
text 0.9281 1381 502 1420 534
text 0.9265 1997 902 2017 928
text 0.9242 3103 2711 3134 2778
text 0.9164 2532 1049 2570 1145
text 0.9163 1531 789 1565 840
text 0.9058 1374 960 1482 997
text 0.9002 1702 2532 1731 2591
text 0.8990 2161 634 2210 670
text 0.8956 1862 978 1892 1029
text 0.8923 1849 1448 1887 1524
text 0.8830 1753 2438 1786 2505
text 0.8752 1166 822 1224 849
text 0.8726 2619 381 2660 477
text 0.8692 1428 407 1481 440
text 0.8645 1443 734 1510 764
text 0.8625 2411 469 2443 499
text 0.8586 1827 88 1848 150
text 0.8548 2353 286 2397 311
text 0.8503 2328 880 2391 901
text 0.8481 1423 1037 1462 1148
text 0.8444 2425 713 2490 740
text 0.8423 1709 195 1737 249
text 0.8270 2074 1038 2145 1069
text 0.8268 2215 1039 2282 1068
text 0.8235 2353 425 2395 446
text 0.8169 2002 1081 2036 1119
text 0.7986 3785 2591 3855 2652
text 0.7975 2386 825 2451 859
text 0.7972 1488 644 1540 663
text 0.7948 2002 360 2028 408
text 0.7932 1957 1200 1997 1291
text 0.7902 1542 543 1571 575
text 0.7847 2177 268 2230 289
text 0.7840 2490 586 2550 623
text 0.7800 1808 872 1847 897
text 0.7786 1650 585 1671 623
text 0.7751 2594 55 2629 158
text 0.7709 1485 812 1520 841
text 0.7685 1158 872 1217 901
text 0.7681 2479 524 2548 545
text 0.7641 1946 1018 1977 1082
text 0.7627 1410 375 1479 407
text 0.7507 1304 763 1370 793
text 0.7486 1544 874 1579 925
text 0.7469 1724 643 1766 663
text 0.7468 521 2611 603 2684
text 0.7461 1791 1066 1827 1136
text 0.7440 2230 218 2277 262
text 0.7382 1649 1028 1679 1076
text 0.7365 1325 989 1354 1030
text 0.7342 1098 1002 1134 1108
text 0.7341 2197 632 2247 653
text 0.7340 1800 92 1828 148
text 0.7319 2422 624 2490 661
text 0.7264 2205 880 2223 917
text 0.7224 2345 556 2402 583
text 0.7193 2404 384 2445 416
text 0.7135 2125 115 2149 153
text 0.7050 2274 1154 2313 1248
text 0.7042 2560 771 2620 802
text 0.6977 2027 77 2066 163
text 0.6815 1803 245 1838 315
text 0.6784 1619 358 1669 380
text 0.6653 1650 714 1671 754
text 0.6570 1801 2444 1828 2511
text 0.6517 2273 119 2297 191
text 0.6424 2034 1072 2068 1119
text 0.6400 2362 110 2393 140
text 0.6173 3073 2712 3101 2777
text 0.6141 1968 366 1986 406
text 0.6101 2267 997 2330 1039
text 0.6022 3175 2414 3202 2482
text 0.5982 1383 452 1453 482
text 0.5793 2451 297 2510 327
text 0.5774 2458 768 2525 800
text 0.5707 2044 247 2084 269
text 0.5682 1572 792 1591 829
text 0.3337 2216 630 2270 651
text 0.3061 1779 601 1811 623
pins 0.9872 377 1860 474 2124
pins 0.9811 3025 2247 3063 2372
pins 0.9773 3627 1691 3753 1868
pins 0.9754 709 1583 1125 1680
pins 0.9744 3223 1742 3272 1790
pins 0.9614 1751 1940 1800 1999
pins 0.9613 2304 123 2351 209
pins 0.9603 2283 1266 2710 1315
pins 0.9549 1701 1703 1760 1852
pins 0.9444 2221 120 2259 211
pins 0.9410 2085 1366 2125 1414
pins 0.9310 3151 1958 3203 2057
pins 0.9279 1048 1029 1089 1078
pins 0.9131 3455 1999 3828 2097
pins 0.9070 2994 771 3043 822
pins 0.8903 2817 97 2867 233
pins 0.8725 2182 1325 2232 1376
pins 0.8007 1074 51 1126 89
component 0.9912 2489 406 2589 478
component 0.9902 2463 72 2553 146
component 0.9746 187 1022 206 1050
component 0.9740 1507 1045 1604 1117
component 0.9682 1356 862 1458 930
component 0.9516 1302 23 1405 100
component 0.9434 187 1156 208 1188
component 0.9430 2024 1165 2093 1256
component 0.9352 187 1257 206 1287
component 0.9259 2174 1168 2243 1260
component 0.9229 1522 259 1617 327
component 0.9049 1176 1008 1267 1079
component 0.8942 2524 2096 2666 2197
component 0.7442 2406 1080 2501 1159
electrolytic 0.9363 2352 1051 2531 1176
electrolytic 0.8852 2147 1115 2272 1308
electrolytic 0.8652 1135 987 1318 1105
electrolytic 0.8251 2005 1123 2115 1295
electrolytic 0.7875 1265 0 1450 124
electrolytic 0.7810 1458 1016 1649 1148
electrolytic 0.7639 2424 49 2589 169
electrolytic 0.6954 2451 384 2633 506
electrolytic 0.6547 1318 836 1500 960
electrolytic 0.3537 1523 254 1640 346
