connector 0.9860 2433 1121 2484 1226
connector 0.9780 1090 1603 1138 1693
connector 0.9760 2901 1112 2961 1211
connector 0.9758 1529 448 1647 728
connector 0.9707 2131 1646 2181 1748
connector 0.9684 2685 655 2822 801
connector 0.9645 2685 422 2823 567
connector 0.9631 2679 61 2825 198
connector 0.9630 1557 1120 1603 1216
connector 0.9630 1115 1887 1279 2310
connector 0.9614 1246 1649 1303 1740
connector 0.9538 956 1888 1108 2296
connector 0.9192 2963 274 3018 335
connector 0.9112 1741 165 1799 262
connector 0.9109 3612 1872 3671 1931
connector 0.9062 3495 1648 3553 1749
connector 0.8932 757 2042 944 2328
connector 0.8903 2612 1657 2668 1745
connector 0.8889 3689 812 3790 870
connector 0.8874 1237 245 1284 298
connector 0.8713 3703 958 3756 1046
connector 0.8645 2003 1122 2058 1221
connector 0.8624 2465 1732 2521 1797
connector 0.8605 3319 1669 3369 1756
connector 0.8579 2327 897 2379 954
connector 0.8530 36 458 311 733
connector 0.8407 562 1630 613 1691
connector 0.8406 1694 1637 1747 1734
connector 0.8282 751 1156 808 1251
connector 0.7969 593 1321 640 1376
connector 0.7714 3099 1085 3164 1146
connector 0.7398 912 892 972 1304
connector 0.7255 1967 614 2059 678
connector 0.4549 3057 1071 3185 1147
resistor 0.9978 1758 1047 1783 1093
resistor 0.9941 2131 519 2168 540
resistor 0.9877 2133 608 2163 627
resistor 0.9870 2623 1034 2637 1063
resistor 0.9862 2682 1931 2700 1962
resistor 0.9851 2454 528 2481 548
resistor 0.9817 2200 92 2218 129
resistor 0.9812 1742 1207 1763 1240
resistor 0.9801 522 1786 780 1950
resistor 0.9797 2041 1931 2076 1982
resistor 0.9793 630 1529 656 1557
resistor 0.9760 2181 695 2199 732
resistor 0.9746 347 1394 366 1434
resistor 0.9744 661 1669 675 1706
resistor 0.9731 2289 1178 2317 1234
resistor 0.9714 2194 1018 2243 1086
resistor 0.9705 1802 63 1841 104
resistor 0.9693 2106 1943 2128 1980
resistor 0.9689 2184 1194 2209 1233
resistor 0.9681 701 1518 720 1561
resistor 0.9675 2297 1100 2319 1155
resistor 0.9636 1325 1052 1360 1090
resistor 0.9633 2264 695 2278 732
resistor 0.9536 3595 1044 3624 1088
resistor 0.9531 2443 626 2475 644
resistor 0.9516 2344 421 2364 454
resistor 0.9502 2032 1417 2058 1456
resistor 0.9487 1866 43 1936 88
resistor 0.9462 2650 1034 2678 1076
resistor 0.9444 2181 428 2199 461
resistor 0.9401 3521 1084 3546 1114
resistor 0.9380 627 1216 656 1252
resistor 0.9276 1286 1028 1317 1088
resistor 0.9274 388 1398 409 1434
resistor 0.9235 2647 1200 2670 1237
resistor 0.9222 2164 695 2182 735
resistor 0.9202 3133 511 3163 566
resistor 0.9191 1166 1392 1193 1426
resistor 0.9171 625 995 645 1041
resistor 0.9162 1723 1892 1779 1990
resistor 0.9136 2341 699 2357 731
resistor 0.9123 1737 462 1770 495
resistor 0.9105 1808 1936 1832 1980
resistor 0.9062 1302 1207 1324 1241
resistor 0.9024 1722 1144 1752 1202
resistor 0.9006 2273 421 2291 457
resistor 0.9002 2384 1936 2412 1972
resistor 0.8950 2882 1910 2918 1973
resistor 0.8946 2515 1389 2543 1440
resistor 0.8933 1835 1105 1871 1183
resistor 0.8886 2151 313 2169 345
resistor 0.8840 1805 464 1818 498
resistor 0.8833 1517 1945 1543 1982
resistor 0.8730 2651 620 2668 654
resistor 0.8630 3527 1142 3556 1201
resistor 0.8455 301 1404 311 1434
resistor 0.8256 1401 1095 1431 1169
resistor 0.8213 2577 1861 2627 1968
resistor 0.8177 2896 1957 2938 1991
resistor 0.8173 1636 1414 1671 1443
resistor 0.8168 1772 456 1801 482
resistor 0.7877 3640 1174 3661 1234
resistor 0.7829 303 579 357 610
resistor 0.7501 2162 1123 2191 1180
resistor 0.7346 2326 1926 2354 1972
resistor 0.7328 3504 1208 3523 1241
resistor 0.7212 1389 1023 1430 1051
resistor 0.7016 851 1102 885 1148
resistor 0.6743 2328 422 2347 451
resistor 0.6546 1928 707 1978 817
resistor 0.6409 2105 1418 2130 1464
resistor 0.6171 2328 694 2347 733
resistor 0.6090 2406 695 2424 733
resistor 0.5039 2549 1377 2582 1435
resistor 0.4836 2629 1131 2657 1189
resistor 0.3555 3266 506 3312 544
resistor 0.3346 2174 1190 2200 1232
resistor 0.3297 1737 1954 1779 2000
pads 0.9777 3312 645 3340 698
pads 0.9770 3144 1676 3172 1737
pads 0.9603 3392 589 3424 629
pads 0.9563 3308 567 3338 618
pads 0.9536 2115 30 2158 73
pads 0.9519 3410 1250 3496 1343
pads 0.9454 3396 639 3427 680
pads 0.9306 262 553 299 606
pads 0.9224 1159 1243 1245 1344
pads 0.8743 2159 82 2183 128
pads 0.8603 1617 1247 1705 1347
pads 0.8001 2497 1251 2585 1347
pads 0.7729 2048 1248 2129 1346
pads 0.7664 2165 26 2200 61
emi 0.9374 729 453 807 488
emi 0.8178 3315 762 3399 808
emi 0.8130 3459 597 3533 642
emi 0.7574 3318 694 3393 732
emi 0.7446 3165 703 3248 747
capacitor 0.9965 1893 253 1908 296
capacitor 0.9892 2268 362 2288 410
capacitor 0.9888 1791 1046 1813 1083
capacitor 0.9887 2142 395 2169 461
capacitor 0.9880 1920 198 1938 239
capacitor 0.9866 2195 378 2212 411
capacitor 0.9837 2337 354 2356 404
capacitor 0.9814 2386 750 2404 790
capacitor 0.9808 864 1751 886 1793
capacitor 0.9804 709 491 746 518
capacitor 0.9789 2228 760 2246 797
capacitor 0.9765 3399 822 3426 858
capacitor 0.9762 3287 762 3308 811
capacitor 0.9755 2503 510 2532 529
capacitor 0.9749 2319 745 2337 792
capacitor 0.9746 2006 340 2019 374
capacitor 0.9743 407 590 437 609
capacitor 0.9696 1956 37 2002 75
capacitor 0.9637 1291 1318 1323 1411
capacitor 0.9607 3398 764 3427 808
capacitor 0.9601 2648 1327 2678 1403
capacitor 0.9596 1294 1441 1314 1492
capacitor 0.9485 1792 583 1832 606
capacitor 0.9464 1752 1444 1771 1505
capacitor 0.9443 1753 1318 1790 1402
capacitor 0.9438 3546 1320 3582 1409
capacitor 0.9428 3310 356 3349 413
capacitor 0.9424 1412 1541 1461 1561
capacitor 0.9411 2053 234 2083 253
capacitor 0.9267 3427 803 3446 832
capacitor 0.9261 3543 1453 3564 1500
capacitor 0.9261 3557 636 3576 663
capacitor 0.9229 3593 1737 3634 1757
capacitor 0.9222 644 459 672 499
capacitor 0.9187 574 686 622 715
capacitor 0.9148 2021 32 2092 84
capacitor 0.9145 2502 599 2533 618
capacitor 0.9099 580 792 613 850
capacitor 0.9095 3581 628 3615 673
capacitor 0.9061 3688 669 3737 705
capacitor 0.9044 3222 676 3268 703
capacitor 0.8877 2821 1329 2851 1400
capacitor 0.8856 2610 311 2627 346
capacitor 0.8815 2276 961 2321 1013
capacitor 0.8812 1959 253 1986 295
capacitor 0.8810 3428 768 3449 800
capacitor 0.8774 2162 762 2181 796
capacitor 0.8661 1695 1023 1713 1065
capacitor 0.8649 2347 1320 2386 1407
capacitor 0.8626 3721 1320 3758 1404
capacitor 0.8533 3310 435 3349 464
capacitor 0.8498 2415 357 2432 405
capacitor 0.8397 3971 479 3991 530
capacitor 0.8381 2171 1452 2198 1501
capacitor 0.8373 3494 1085 3505 1115
capacitor 0.8366 826 1994 858 2017
capacitor 0.8356 760 527 804 549
capacitor 0.8354 3972 712 3992 762
capacitor 0.8317 3663 1543 3711 1570
capacitor 0.7761 1825 273 1880 297
capacitor 0.7531 2717 1044 2736 1086
capacitor 0.7438 2079 501 2113 542
capacitor 0.7421 2755 1546 2804 1570
capacitor 0.7412 2173 1320 2211 1408
capacitor 0.7133 2066 600 2114 638
capacitor 0.7102 3636 664 3680 703
capacitor 0.7066 1928 1311 1966 1405
capacitor 0.7016 3174 678 3216 706
capacitor 0.6996 1461 1314 1499 1397
capacitor 0.6992 612 794 653 851
capacitor 0.6913 2649 1455 2667 1500
capacitor 0.6759 3160 458 3194 500
capacitor 0.6596 2536 1423 2585 1478
capacitor 0.6506 1872 1542 1921 1563
capacitor 0.6490 2241 170 2269 229
capacitor 0.6438 1857 39 1905 86
capacitor 0.6404 1475 1948 1523 2004
capacitor 0.6399 789 1805 827 1918
capacitor 0.6179 2170 1017 2181 1057
capacitor 0.5987 2287 1542 2347 1571
capacitor 0.5767 1752 495 1804 529
capacitor 0.4301 2407 359 2425 407
capacitor 0.3685 1452 1314 1483 1389
capacitor 0.3361 3167 653 3209 693
text 0.9866 1368 1211 1391 1239
text 0.9851 2347 833 2378 868
text 0.9849 3144 1824 3167 1874
text 0.9849 817 685 837 713
text 0.9833 1051 1586 1089 1661
text 0.9813 3076 1825 3107 1882
text 0.9809 1199 1049 1237 1126
text 0.9790 1274 326 1304 384
text 0.9765 1646 1619 1694 1765
text 0.9765 502 2116 690 2165
text 0.9756 3379 1659 3408 1738
text 0.9750 2193 832 2221 879
text 0.9749 475 1783 515 1870
text 0.9739 2122 1380 2150 1443
text 0.9737 719 2193 769 2280
text 0.9736 1421 906 1451 966
text 0.9735 804 521 828 547
text 0.9713 2747 1892 2784 1940
text 0.9710 2821 1540 2854 1560
text 0.9708 2035 1361 2064 1430
text 0.9707 2503 1087 2551 1220
text 0.9705 3611 190 3630 219
text 0.9704 3606 996 3642 1037
text 0.9699 487 664 526 683
text 0.9698 2980 1097 3028 1231
text 0.9686 1268 1747 1304 1815
text 0.9684 2142 1182 2169 1247
text 0.9676 2286 869 2327 944
text 0.9669 1910 332 1938 380
text 0.9668 798 872 838 945
text 0.9666 2533 676 2561 705
text 0.9665 2046 108 2080 161
text 0.9654 2267 815 2298 864
text 0.9651 1898 1869 1935 1953
text 0.9648 2356 1542 2386 1561
text 0.9646 3203 1825 3232 1876
text 0.9642 1111 1199 1157 1308
text 0.9635 3223 583 3263 633
text 0.9635 2811 849 2834 899
text 0.9627 3447 1620 3495 1772
text 0.9618 2592 1139 2630 1190
text 0.9616 3309 188 3330 228
text 0.9614 3778 1258 3816 1337
text 0.9613 1205 1618 1246 1773
text 0.9608 1990 1470 2034 1644
text 0.9606 2190 1622 2220 1657
text 0.9596 798 1559 839 1641
text 0.9580 2414 1252 2454 1326
text 0.9566 2424 1728 2454 1802
text 0.9545 2914 957 2959 1037
text 0.9533 2833 982 2872 1053
text 0.9523 3545 914 3584 967
text 0.9502 2883 1252 2920 1338
text 0.9496 1100 1749 1139 1841
text 0.9492 1795 294 1843 325
text 0.9491 2735 832 2768 900
text 0.9485 2145 345 2170 395
text 0.9479 1957 823 1998 910
text 0.9474 1299 1983 1450 2021
text 0.9472 3104 597 3144 617
text 0.9447 1817 90 1848 162
text 0.9444 1967 1211 1986 1238
text 0.9441 2502 117 2541 193
text 0.9440 3773 1128 3806 1179
text 0.9427 3760 1215 3780 1237
text 0.9426 2603 50 2668 88
text 0.9421 2746 1971 2887 2018
text 0.9417 3768 927 3818 1055
text 0.9417 3605 841 3636 871
text 0.9412 1753 1717 1790 1786
text 0.9400 3300 1325 3340 1405
text 0.9388 797 1390 838 1550
text 0.9387 2076 637 2102 686
text 0.9380 2622 1209 2649 1258
text 0.9380 2925 263 2959 341
text 0.9359 1986 1640 2024 1717
text 0.9353 3117 236 3156 295
text 0.9342 1909 851 1948 924
text 0.9338 2832 140 2873 194
text 0.9336 478 1129 516 1229
text 0.9325 2447 1972 2601 2019
text 0.9323 2405 1468 2455 1628
text 0.9316 193 1832 236 1988
text 0.9307 1977 1007 2015 1090
text 0.9298 972 1072 1075 1113
text 0.9292 3680 1875 3712 1931
text 0.9291 3437 1357 3475 1411
text 0.9288 639 1318 682 1393
text 0.9288 2760 998 2806 1029
text 0.9283 661 1162 759 1199
text 0.9273 3151 669 3181 709
text 0.9244 3156 1330 3197 1403
text 0.9229 2882 848 2903 897
text 0.9225 2836 482 2883 727
text 0.9219 407 2197 447 2271
text 0.9209 1156 1471 1223 1503
text 0.9183 877 897 916 1117
text 0.9181 409 170 427 198
text 0.9175 1524 696 1539 726
text 0.9174 490 1434 534 1683
text 0.9165 2417 1640 2452 1708
text 0.9133 2726 32 2777 62
text 0.9113 565 1437 597 1629
text 0.9112 2503 406 2540 463
text 0.9111 1574 1081 1618 1122
text 0.9102 2735 920 2765 951
text 0.9096 1527 1209 1549 1238
text 0.9093 2697 834 2720 897
text 0.9073 812 604 845 626
text 0.9069 973 987 1069 1026
text 0.9066 2725 237 2746 287
text 0.9065 2161 1973 2323 2018
text 0.9060 2339 988 2364 1017
text 0.9057 2579 1256 2618 1332
text 0.9055 2596 1392 2621 1443
text 0.9050 1237 371 1449 801
text 0.9048 1986 1246 2025 1319
text 0.9041 537 1084 583 1202
text 0.9025 2132 1114 2161 1179
text 0.9015 3419 1411 3518 1611
text 0.9011 1530 1248 1566 1316
text 0.9008 1644 873 1691 1001
text 0.9003 2339 1055 2385 1076
text 0.8999 741 1735 778 1814
text 0.8998 2515 1731 2550 1804
text 0.8997 3659 1193 3690 1234
text 0.8993 3145 896 3193 957
text 0.8990 632 745 663 782
text 0.8980 2189 1881 2218 1932
text 0.8969 1681 1083 1713 1162
text 0.8948 3506 1746 3544 1794
text 0.8939 2054 844 2092 900
text 0.8914 1528 1629 1566 1724
text 0.8901 2197 296 2218 353
text 0.8895 3194 810 3299 870
text 0.8891 1757 266 1790 331
text 0.8886 2041 1219 2140 1251
text 0.8875 640 788 670 844
text 0.8875 2559 1624 2610 1767
text 0.8825 2824 744 2872 795
text 0.8818 1137 1383 1168 1453
text 0.8803 2115 2003 2152 2073
text 0.8791 194 1493 242 1634
text 0.8773 791 418 838 455
text 0.8760 1868 1171 1898 1231
text 0.8759 2065 563 2099 598
text 0.8752 2650 229 2672 289
text 0.8751 2033 1484 2074 1610
text 0.8750 982 1123 1032 1159
text 0.8747 973 1311 1004 1374
text 0.8737 2649 1953 2677 2014
text 0.8724 2733 393 2773 422
text 0.8724 1637 471 1677 500
text 0.8723 3046 841 3068 889
text 0.8718 589 326 779 394
text 0.8716 1605 1221 1698 1261
text 0.8705 1637 694 1656 732
text 0.8703 652 1707 683 1776
text 0.8701 2731 1031 2755 1081
text 0.8684 2912 467 2962 500
text 0.8671 2818 234 2845 285
text 0.8668 1740 501 1790 535
text 0.8651 858 180 894 210
text 0.8632 2146 1745 2181 1813
text 0.8618 3279 2208 3314 2253
text 0.8603 2922 595 2970 626
text 0.8595 3741 664 3762 709
text 0.8583 1510 978 1549 1073
text 0.8573 2570 724 2609 803
text 0.8569 3233 2002 3280 2098
text 0.8565 272 1651 312 1738
text 0.8563 2639 1062 2666 1110
text 0.8540 3886 460 3923 481
text 0.8540 2882 1471 2922 1634
text 0.8532 2426 652 2454 683
text 0.8531 3136 2003 3183 2096
text 0.8454 3468 1211 3504 1240
text 0.8442 3798 711 3817 770
text 0.8441 2142 993 2171 1059
text 0.8439 2637 654 2676 722
text 0.8436 3070 1142 3117 1182
text 0.8430 2542 1026 2570 1074
text 0.8430 3739 1728 3778 1776
text 0.8384 3643 1044 3671 1086
text 0.8382 3389 2208 3426 2254
text 0.8379 665 1051 701 1126
text 0.8371 1149 1584 1187 1655
text 0.8367 1820 2005 1858 2076
text 0.8356 760 1347 798 1376
text 0.8336 1578 1983 1736 2022
text 0.8334 1510 470 1539 499
text 0.8324 2300 304 2328 354
text 0.8307 2285 148 2316 188
text 0.8304 3431 190 3463 247
text 0.8300 2656 1630 2696 1667
text 0.8256 975 1211 1053 1251
text 0.8251 2458 1020 2501 1098
text 0.8226 971 890 1026 929
text 0.8204 1773 858 1811 939
text 0.8186 3553 1618 3593 1655
text 0.8177 924 1901 964 1966
text 0.8171 312 2032 393 2107
text 0.8161 3342 2006 3389 2095
text 0.8153 3030 2007 3073 2096
text 0.8141 2834 424 2873 470
text 0.8098 3709 904 3748 954
text 0.8081 2619 1964 2640 2016
text 0.8038 2971 850 2999 899
text 0.8034 1869 99 1937 147
text 0.8006 3124 168 3156 222
text 0.7972 2133 840 2164 890
text 0.7933 1529 1454 1576 1625
text 0.7923 1736 59 1793 88
text 0.7918 1893 636 1926 672
text 0.7911 1374 1053 1441 1087
text 0.7887 1875 1539 1958 1568
text 0.7880 3320 1207 3361 1268
text 0.7876 175 563 232 650
text 0.7875 836 576 865 599
text 0.7871 3070 2199 3105 2257
text 0.7868 1697 279 1732 341
text 0.7859 2617 374 2648 442
text 0.7838 753 1539 788 1648
text 0.7823 3661 753 3680 800
text 0.7821 1636 1353 1666 1430
text 0.7811 2920 546 2970 568
text 0.7781 2981 2009 3019 2078
text 0.7761 2151 911 2182 984
text 0.7754 3271 1129 3317 1273
text 0.7743 525 870 573 994
text 0.7725 1306 1622 1344 1658
text 0.7722 644 1571 708 1599
text 0.7715 2628 860 2670 915
text 0.7714 3418 853 3460 878
text 0.7713 2171 663 2196 708
text 0.7707 2725 626 2774 656
text 0.7701 857 1785 886 1852
text 0.7691 2404 1925 2433 1973
text 0.7687 726 558 785 635
text 0.7680 1878 1980 2034 2021
text 0.7669 2082 1455 2116 1515
text 0.7666 185 1117 224 1247
text 0.7663 2017 996 2056 1064
text 0.7623 2067 483 2103 533
text 0.7616 2638 509 2676 578
text 0.7610 2531 597 2580 629
text 0.7568 1196 887 1236 1011
text 0.7560 361 2173 406 2214
text 0.7558 1734 89 1789 119
text 0.7553 2873 1198 2892 1219
text 0.7551 2072 17 2176 60
text 0.7543 1312 1878 1351 1960
text 0.7524 2162 829 2191 881
text 0.7522 2629 1743 2658 1818
text 0.7513 545 2066 704 2108
text 0.7504 3011 258 3048 321
text 0.7452 976 938 1069 977
text 0.7420 1622 1467 1684 1505
text 0.7417 1619 1881 1653 1952
text 0.7409 658 167 700 198
text 0.7391 1704 562 1745 649
text 0.7380 3176 2204 3214 2253
text 0.7355 919 1297 953 1335
text 0.7349 2160 130 2191 187
text 0.7322 817 2006 883 2037
text 0.7322 1771 1620 1801 1656
text 0.7300 2002 400 2039 449
text 0.7297 2879 1649 2911 1724
text 0.7288 2539 510 2583 539
text 0.7284 3658 955 3703 1031
text 0.7266 2909 1076 2962 1113
text 0.7207 2366 306 2395 355
text 0.7193 1774 608 1839 636
text 0.7184 1862 1006 1930 1034
text 0.7179 1463 1509 1501 1582
text 0.7161 614 509 633 549
text 0.7155 1625 1504 1685 1533
text 0.7154 596 994 624 1063
text 0.7136 506 471 545 490
text 0.7121 3722 1541 3759 1562
text 0.7118 2316 1107 2347 1163
text 0.7107 2403 1214 2428 1241
text 0.7051 2478 1886 2511 1941
text 0.7048 2922 1494 2971 1696
text 0.7001 2248 60 2281 129
text 0.7000 673 1258 747 1290
text 0.6963 1098 148 1227 197
text 0.6953 641 1472 712 1503
text 0.6875 3416 236 3466 283
text 0.6849 3332 468 3369 490
text 0.6830 2230 157 2262 238
text 0.6820 2795 237 2814 287
text 0.6810 1928 620 1969 683
text 0.6786 2405 2011 2434 2076
text 0.6782 1576 1410 1615 1609
text 0.6782 2319 1960 2356 2013
text 0.6763 3173 1036 3222 1202
text 0.6750 2015 1082 2062 1124
text 0.6714 2315 1189 2347 1248
text 0.6707 3485 1114 3515 1152
text 0.6661 1099 237 1225 285
text 0.6642 1851 580 1889 643
text 0.6545 2106 218 2168 248
text 0.6522 836 1143 866 1214
text 0.6518 765 319 793 382
text 0.6515 2713 831 2743 899
text 0.6436 1295 120 1334 183
text 0.6428 3496 1147 3523 1185
text 0.6376 3494 645 3530 665
text 0.6326 1538 1925 1567 1980
text 0.6311 2171 277 2191 336
text 0.6280 604 178 643 205
text 0.6256 604 1199 633 1264
text 0.6222 1236 1863 1274 1909
text 0.6203 1859 1039 1879 1102
text 0.6193 3175 1677 3204 1737
text 0.6174 3574 362 3593 404
text 0.6172 683 655 732 690
text 0.6103 1432 999 1492 1035
text 0.6079 988 1164 1078 1212
text 0.5983 2950 850 2971 899
text 0.5958 1235 893 1267 975
text 0.5940 2036 246 2098 281
text 0.5769 603 1508 632 1580
text 0.5400 2030 32 2134 98
text 0.5294 2712 1212 2746 1257
text 0.5285 825 1777 857 1841
text 0.5221 1658 1160 1723 1227
text 0.5015 1536 2001 1584 2072
text 0.4484 338 2064 409 2140
text 0.4408 623 878 671 971
text 0.4234 971 1147 1063 1191
text 0.4071 2160 259 2189 299
text 0.3909 2716 235 2737 291
text 0.3829 1672 971 1705 1063
text 0.3826 1783 1898 1812 1969
text 0.3809 3579 1748 3645 1783
text 0.3631 712 1560 759 1634
text 0.3617 1091 173 1233 219
text 0.3557 1940 28 2015 83
text 0.3548 2022 442 2058 478
text 0.3312 2688 2014 2724 2084
text 0.3288 1000 1587 1038 1660
text 0.3245 3090 2200 3122 2259
text 0.3206 647 659 704 709
pins 0.8794 815 1844 873 1956
component 0.9991 477 736 524 774
component 0.9949 2358 1120 2395 1169
component 0.9948 2824 1105 2869 1159
component 0.9932 1735 730 1766 816
component 0.9925 2753 1123 2767 1146
component 0.9918 2989 1698 3007 1718
component 0.9916 3462 658 3475 684
component 0.9906 3048 1699 3067 1719
component 0.9876 643 578 663 607
component 0.9874 2025 734 2055 797
component 0.9856 1481 1117 1525 1168
component 0.9847 643 701 663 723
component 0.9841 1295 1149 1313 1175
component 0.9835 744 1657 778 1704
component 0.9811 3194 523 3241 548
component 0.9801 3281 527 3310 550
component 0.9798 3359 530 3377 552
component 0.9798 3884 538 3950 714
component 0.9795 3877 758 3951 861
component 0.9743 1844 1194 1859 1219
component 0.9726 1948 743 1966 777
component 0.9718 2746 1192 2754 1216
component 0.9692 731 645 776 666
component 0.9690 3559 555 3581 584
component 0.9674 2253 1656 2346 1716
component 0.9655 3622 1658 3717 1717
component 0.9646 1404 1193 1420 1219
component 0.9600 3204 1697 3223 1726
component 0.9598 646 520 662 537
component 0.9592 321 588 341 609
component 0.9590 2725 1655 2824 1715
component 0.9573 2056 324 2117 423
component 0.9559 2368 161 2464 236
component 0.9523 1919 503 2013 577
component 0.9500 3461 502 3514 564
component 0.9456 3242 417 3294 470
component 0.9448 1827 1649 1921 1708
component 0.9263 2062 258 2115 288
component 0.9235 1921 1115 1964 1170
component 0.9225 1361 1649 1459 1705
component 0.9184 3898 508 3928 535
component 0.9103 485 2231 516 2293
component 0.9068 1809 1282 1899 1382
component 0.9051 3864 768 3884 846
component 0.9037 3868 536 3894 564
component 0.9009 967 1794 1060 1854
component 0.8960 3875 651 3895 704
component 0.8850 2233 1289 2324 1392
component 0.8842 2481 754 2546 850
component 0.8799 3611 1111 3664 1197
component 0.8773 285 1611 399 1641
component 0.8696 857 644 866 667
component 0.8458 3603 1285 3689 1393
component 0.8361 2708 1283 2798 1397
component 0.8337 1850 699 1897 791
component 0.8295 3710 1120 3758 1173
component 0.8269 1347 1280 1430 1387
component 0.8063 627 2226 672 2294
component 0.8000 3892 725 3929 764
component 0.7886 302 1473 378 1504
component 0.6899 3472 559 3513 608
component 0.6745 3107 528 3125 557
component 0.6206 3243 460 3303 489
component 0.5779 895 1589 966 1687
test 0.9844 3272 1404 3341 1475
test 0.9436 3126 1411 3204 1481
test 0.9197 3369 459 3398 496
test 0.8822 418 782 459 812
led 0.9861 1983 1855 2033 1980
led 0.9848 1723 909 1770 1028
led 0.9847 2830 1862 2884 1968
led 0.9798 3539 965 3591 1079
led 0.9372 2271 1854 2320 1972
led 0.9311 3132 2120 3176 2241
led 0.9203 611 877 660 991
led 0.9032 3233 2126 3280 2235
led 0.8824 1393 1869 1440 1979
led 0.8822 2208 898 2266 1022
led 0.8711 2551 1853 2599 1966
led 0.8427 3337 2127 3387 2243
led 0.8209 1694 1875 1743 1983
led 0.7765 2630 909 2680 1030
led 0.7409 3022 2121 3072 2239
led 0.7374 612 1088 656 1200
clock 0.8201 3596 328 3792 669
clock 0.7456 2040 306 2129 441
ic 0.9878 3458 672 3654 879
ic 0.9788 1322 1406 1501 1532
ic 0.9787 2669 1104 2726 1206
ic 0.9772 1325 1102 1383 1209
ic 0.9676 2678 1415 2850 1540
ic 0.9627 1975 180 2023 239
ic 0.9626 2207 1407 2385 1540
ic 0.9549 2178 480 2417 664
ic 0.9303 3574 1411 3756 1538
ic 0.9071 1783 1404 1957 1533
ic 0.8828 741 555 804 619
ic 0.8473 2212 1096 2267 1203
ic 0.8429 3168 578 3239 632
ic 0.8319 1778 515 1847 587
ic 0.8000 1332 1265 1450 1397
ic 0.7786 2688 1278 2817 1404
ic 0.7773 3588 1268 3714 1407
ic 0.7682 2538 319 2590 457
ic 0.7641 2214 1279 2344 1402
ic 0.7048 555 724 623 783
ic 0.7004 3562 1104 3622 1203
ic 0.6918 1765 1112 1820 1211
ic 0.6168 682 1629 740 1735
ic 0.3854 2189 1095 2238 1203
switch 0.9755 246 1461 448 1648
switch 0.9433 3828 518 3992 740
switch 0.9168 452 2178 717 2364
switch 0.8924 3830 742 3999 879
electrolytic 0.9483 1952 113 2047 157
electrolytic 0.9244 878 1559 1001 1734
electrolytic 0.9132 3441 475 3536 598
electrolytic 0.9063 2313 144 2501 265
electrolytic 0.8823 670 697 766 822
electrolytic 0.8685 3702 1074 3768 1230
electrolytic 0.8649 1833 652 1914 846
electrolytic 0.8557 452 691 552 822
electrolytic 0.7660 1910 1066 1973 1230
electrolytic 0.7505 915 1757 1102 1882
electrolytic 0.7460 2454 704 2568 893
electrolytic 0.3054 1877 474 2055 597
button 0.9858 221 1812 480 2060
button 0.9753 1307 2018 1536 2262
button 0.9753 1878 2014 2110 2257
button 0.9748 1582 2018 1819 2258
button 0.9741 2739 2019 2979 2254
button 0.9567 2168 2010 2404 2253
button 0.9425 3820 340 3990 459
button 0.8907 226 1064 478 1302
button 0.8345 2453 2008 2678 2258
diode 0.9772 3057 1765 3104 1823
diode 0.9696 3194 1766 3248 1825
diode 0.9174 3128 1767 3173 1826
fuse 0.8108 506 1919 728 2061
transistor 0.9721 3357 334 3552 458
transistor 0.9542 1801 948 1846 1008
transistor 0.8661 2292 1009 2347 1065
transistor 0.8601 1343 949 1436 1018
transistor 0.8125 818 694 878 763
transistor 0.7003 3097 435 3157 492
jumper 0.9654 1822 158 1879 257
jumper 0.8868 555 1691 614 1788
jumper 0.8508 1236 145 1285 245
jumper 0.7810 750 1246 808 1343
inductor 0.9694 1829 338 1859 392
inductor 0.7521 1937 250 1965 303
inductor 0.7347 3172 511 3262 566
inductor 0.6018 2000 707 2077 823
potentiometer 0.7696 1701 658 1803 881
transformer 0.9001 457 490 592 635
