connector 0.9796 103 1724 474 2321
connector 0.9793 1233 435 1373 586
connector 0.9742 1235 1216 1371 1368
connector 0.9740 1235 990 1373 1136
connector 0.9702 2867 1257 3006 1404
connector 0.9650 1233 208 1376 356
connector 0.9574 444 141 593 912
connector 0.9430 2539 1278 2600 1333
connector 0.9411 1679 1821 1739 1858
connector 0.9402 3469 156 3608 919
connector 0.9378 3487 2365 3520 2400
connector 0.9357 2472 1276 2529 1337
connector 0.9327 1036 81 1093 142
connector 0.9235 3420 1999 3795 2094
connector 0.9234 2335 1276 2383 1336
connector 0.9134 3211 168 3359 923
connector 0.9117 749 136 890 917
connector 0.9073 1592 2605 3243 2765
connector 0.9011 2253 1274 2311 1335
connector 0.8995 2609 1278 2668 1336
connector 0.8916 2863 1031 3005 1170
connector 0.8896 2044 1372 2105 1436
connector 0.8867 1028 1044 1080 1112
connector 0.8852 2144 1338 2204 1396
connector 0.8752 2256 144 2314 242
connector 0.8598 3523 2240 3855 2438
connector 0.8417 3183 1740 3232 1789
connector 0.8357 1737 1949 1788 2000
connector 0.8295 2766 110 2814 150
connector 0.8236 2948 772 3014 844
connector 0.8157 268 1008 366 1071
connector 0.7707 2403 1277 2461 1338
resistor 0.9884 2966 1976 2988 2021
resistor 0.9849 1677 1503 1695 1533
resistor 0.9798 2276 1546 2294 1593
resistor 0.9774 3522 1948 3542 1988
resistor 0.9747 1204 1177 1224 1218
resistor 0.9723 2169 1070 2202 1089
resistor 0.9711 3341 1150 3380 1197
resistor 0.9688 3664 2108 3684 2140
resistor 0.9685 3064 1972 3085 2018
resistor 0.9636 2166 315 2205 349
resistor 0.9515 2423 1557 2434 1593
resistor 0.9439 3560 1930 3589 1987
resistor 0.9402 2094 1200 2114 1231
resistor 0.9381 3673 1891 3704 1989
resistor 0.9330 2056 1897 2085 1909
resistor 0.9197 1782 259 1819 320
resistor 0.9196 1037 1563 1065 1580
resistor 0.9159 2145 1002 2195 1023
resistor 0.9157 1870 69 1899 107
resistor 0.9088 2378 1651 2395 1688
resistor 0.9037 2235 996 2283 1016
resistor 0.9017 2219 1074 2259 1097
resistor 0.8936 1953 1817 1969 1849
resistor 0.8869 1204 1140 1223 1177
resistor 0.8797 2273 723 2286 763
resistor 0.8657 3596 1634 3623 1675
resistor 0.8549 2292 857 2327 890
resistor 0.8479 2047 2047 2082 2075
resistor 0.8415 2094 1010 2125 1030
resistor 0.8390 2222 315 2252 331
resistor 0.8101 722 1328 749 1374
resistor 0.8086 3311 1372 3349 1420
resistor 0.7605 3391 1028 3431 1086
resistor 0.7545 1388 383 1418 415
resistor 0.7412 2570 2053 2606 2067
resistor 0.7250 2106 1042 2135 1065
resistor 0.7210 1958 1255 1978 1298
resistor 0.6942 2055 1880 2088 1899
resistor 0.6634 2042 340 2076 373
resistor 0.6316 2140 989 2237 1016
resistor 0.6272 2120 1076 2156 1099
resistor 0.6126 3310 1307 3351 1357
resistor 0.5994 3717 2096 3742 2138
resistor 0.5988 3589 1512 3648 1542
resistor 0.5981 2266 906 2305 930
resistor 0.4758 1653 1503 1670 1534
resistor 0.3389 3709 2094 3727 2140
resistor 0.3268 3513 1961 3541 2022
pads 0.9876 721 1182 749 1210
pads 0.9854 723 1281 762 1310
pads 0.9836 1611 701 1639 762
pads 0.9807 1595 795 1617 844
pads 0.9743 1986 325 2020 362
pads 0.9710 2804 1145 2826 1190
pads 0.9685 1561 780 1572 820
pads 0.9665 1755 1493 1773 1533
pads 0.9654 3731 1915 3766 1975
pads 0.9607 1564 713 1580 751
pads 0.9578 1596 532 1637 589
pads 0.9480 1582 1298 1870 1482
pads 0.9284 1561 672 1582 701
pads 0.9262 1894 336 1937 365
pads 0.9208 1347 368 1397 414
pads 0.9180 1866 348 1891 384
pads 0.9170 998 1563 1028 1582
pads 0.9093 1621 516 1638 554
pads 0.8933 1589 620 1634 685
pads 0.8789 1589 908 1604 940
pads 0.8781 1701 1646 1720 1682
pads 0.8563 1877 291 1898 320
pads 0.8127 2807 1233 2826 1283
pads 0.7082 638 1248 659 1296
pads 0.6796 1571 633 1612 672
emi 0.8945 660 1141 739 1189
emi 0.8593 817 1136 897 1175
emi 0.8512 3390 1181 3432 1259
emi 0.7154 669 1071 739 1118
capacitor 0.9913 2480 2167 2494 2198
capacitor 0.9884 2073 337 2101 366
capacitor 0.9851 2332 1664 2350 1691
capacitor 0.9833 1697 1 1719 51
capacitor 0.9825 751 1148 771 1187
capacitor 0.9820 2162 1670 2176 1704
capacitor 0.9752 2312 1397 2333 1442
capacitor 0.9737 3441 1269 3470 1315
capacitor 0.9711 315 1178 375 1214
capacitor 0.9705 3320 1426 3359 1453
capacitor 0.9703 632 1012 665 1058
capacitor 0.9701 485 1206 514 1234
capacitor 0.9681 790 1178 842 1207
capacitor 0.9655 1940 1957 1962 1988
capacitor 0.9653 3441 1405 3469 1447
capacitor 0.9615 1760 0 1780 51
capacitor 0.9605 2470 1625 2491 1680
capacitor 0.9548 1789 190 1818 241
capacitor 0.9526 2565 1759 2595 1780
capacitor 0.9504 2009 1003 2036 1056
capacitor 0.9485 2219 2166 2238 2216
capacitor 0.9479 740 1070 769 1119
capacitor 0.9453 2186 109 2228 138
capacitor 0.9429 2045 118 2055 156
capacitor 0.9384 1628 1 1650 47
capacitor 0.9373 1835 0 1858 32
capacitor 0.9312 3437 1186 3460 1229
capacitor 0.9277 2561 1837 2591 1858
capacitor 0.9270 1445 70 1458 100
capacitor 0.9202 2293 2158 2311 2199
capacitor 0.9169 2353 1416 2372 1456
capacitor 0.9166 3288 1248 3306 1291
capacitor 0.9148 2112 177 2136 216
capacitor 0.9139 2038 40 2056 71
capacitor 0.9005 2066 1989 2096 2008
capacitor 0.8913 1939 1008 1958 1059
capacitor 0.8829 2261 1396 2284 1455
capacitor 0.8760 2570 1891 2601 1909
capacitor 0.8578 3733 1402 3775 1460
capacitor 0.8559 401 1173 452 1219
capacitor 0.8415 2417 1388 2445 1442
capacitor 0.8156 2115 332 2159 365
capacitor 0.8132 2039 1781 2084 1804
capacitor 0.8012 3559 1069 3621 1119
capacitor 0.7925 2579 1987 2609 2007
capacitor 0.7755 712 1413 760 1446
capacitor 0.7651 2202 349 2231 368
capacitor 0.7408 2041 1204 2072 1240
capacitor 0.7242 2276 1634 2299 1690
capacitor 0.7076 2027 2018 2071 2039
capacitor 0.6871 2138 103 2183 151
capacitor 0.6836 1976 146 2036 184
capacitor 0.6678 851 1209 890 1237
capacitor 0.6441 69 1119 89 1165
capacitor 0.6352 443 1208 489 1257
capacitor 0.6125 3666 1072 3716 1109
capacitor 0.5951 2583 1799 2640 1830
capacitor 0.5942 3673 1032 3728 1073
capacitor 0.5446 613 1088 632 1118
capacitor 0.3709 2206 2170 2227 2218
capacitor 0.3288 834 1187 887 1217
capacitor 0.3085 1981 161 2069 213
text 0.9879 3359 1198 3400 1240
text 0.9824 2097 270 2123 312
text 0.9807 2343 1578 2363 1635
text 0.9804 2223 22 2262 71
text 0.9796 1760 1643 1798 1722
text 0.9790 3420 565 3458 603
text 0.9774 3648 1415 3677 1530
text 0.9772 1998 1178 2018 1236
text 0.9763 3804 2255 3845 2276
text 0.9751 1612 1642 1649 1723
text 0.9749 406 831 445 862
text 0.9720 2392 2768 2422 2799
text 0.9711 2721 221 2757 300
text 0.9684 2471 2215 2497 2281
text 0.9673 2155 1269 2193 1329
text 0.9648 907 832 938 862
text 0.9637 2084 2246 2116 2316
text 0.9611 3748 1627 3805 1895
text 0.9603 1284 1136 1334 1157
text 0.9601 1550 533 1581 584
text 0.9598 2243 1327 2266 1396
text 0.9595 3126 2570 3153 2610
text 0.9593 2073 2768 2101 2800
text 0.9590 416 188 434 215
text 0.9560 3807 2405 3846 2433
text 0.9556 1670 2547 1709 2618
text 0.9540 2710 2100 2741 2128
text 0.9522 3490 2233 3527 2255
text 0.9521 886 1203 908 1228
text 0.9501 2145 2167 2184 2240
text 0.9495 3114 2759 3152 2809
text 0.9475 1739 1850 1786 1928
text 0.9463 989 1040 1019 1119
text 0.9458 592 199 612 227
text 0.9450 1265 120 1287 170
text 0.9438 404 553 444 585
text 0.9434 2955 1628 3004 1816
text 0.9400 1917 1650 1955 1726
text 0.9394 3362 584 3392 613
text 0.9366 3363 495 3396 527
text 0.9348 423 1001 460 1022
text 0.9348 2224 1098 2282 1130
text 0.9345 1207 1504 1235 1532
text 0.9320 1283 349 1323 378
text 0.9312 745 1514 774 1547
text 0.9283 3673 1668 3711 1688
text 0.9279 2008 1376 2045 1452
text 0.9266 3518 1746 3548 1820
text 0.9259 3173 894 3201 964
text 0.9254 2799 2759 2828 2807
text 0.9248 1521 219 1553 282
text 0.9246 2472 226 2520 665
text 0.9245 720 189 740 216
text 0.9243 3488 1156 3528 1177
text 0.9241 1868 1434 1897 1463
text 0.9231 3291 1375 3310 1404
text 0.9198 3174 496 3204 537
text 0.9189 1187 120 1214 170
text 0.9186 481 2102 510 2123
text 0.9182 2618 1210 2657 1286
text 0.9182 1978 2070 2042 2098
text 0.9166 2955 702 2993 771
text 0.9164 255 1169 298 1226
text 0.9161 3735 1377 3777 1405
text 0.9150 3431 898 3468 969
text 0.9131 3420 212 3450 240
text 0.9125 1631 1495 1650 1543
text 0.9118 627 1130 677 1197
text 0.9110 3270 1102 3298 1143
text 0.9109 1668 979 1697 1034
text 0.9086 1889 162 1959 198
text 0.9074 3536 1327 3558 1346
text 0.9073 237 1108 267 1159
text 0.9073 796 1132 839 1184
text 0.9072 2744 347 2914 877
text 0.9064 2263 2217 2290 2286
text 0.9057 899 555 938 584
text 0.9050 2550 1208 2590 1278
text 0.9049 3113 1492 3151 1571
text 0.9026 2399 1622 2424 1688
text 0.9025 2946 344 2993 545
text 0.9024 906 185 924 217
text 0.9023 1866 1317 1891 1346
text 0.8999 3419 497 3452 526
text 0.8967 874 1419 929 1456
text 0.8965 1186 475 1226 517
text 0.8961 287 2312 444 2373
text 0.8959 1778 2002 1809 2057
text 0.8953 474 1588 512 1619
text 0.8950 3035 1092 3084 1373
text 0.8943 1096 1552 1146 1581
text 0.8926 2590 478 2677 770
text 0.8924 2792 2571 2830 2620
text 0.8911 3604 2169 3741 2226
text 0.8910 2388 2582 2420 2610
text 0.8909 3241 1739 3278 1811
text 0.8894 590 118 629 166
text 0.8887 2018 287 2039 316
text 0.8881 3724 1081 3755 1117
text 0.8876 2763 1235 2806 1333
text 0.8872 3015 1791 3056 1857
text 0.8867 3003 772 3035 854
text 0.8864 3615 1137 3647 1167
text 0.8862 1552 1443 1582 1464
text 0.8854 3173 576 3205 607
text 0.8852 385 1665 423 1719
text 0.8814 1670 2089 1720 2413
text 0.8813 3371 1992 3419 2037
text 0.8809 1285 1366 1334 1406
text 0.8780 1126 240 1177 525
text 0.8778 2295 691 2325 753
text 0.8748 1855 1092 1893 1139
text 0.8684 404 466 445 495
text 0.8682 3776 1909 3817 1977
text 0.8679 1100 64 1137 143
text 0.8666 1128 1129 1203 1167
text 0.8651 899 465 939 494
text 0.8640 1285 584 1333 614
text 0.8630 3795 1998 3815 2037
text 0.8597 2292 2217 2316 2285
text 0.8587 2276 921 2346 952
text 0.8574 1780 289 1808 348
text 0.8554 2267 322 2325 350
text 0.8545 1352 119 1382 179
text 0.8531 1906 1994 1950 2027
text 0.8525 1186 219 1226 270
text 0.8524 3306 2607 3497 2852
text 0.8507 475 1908 503 1928
text 0.8490 2177 256 2208 314
text 0.8462 2302 823 2334 892
text 0.8448 1321 2505 1394 2646
text 0.8417 903 118 941 169
text 0.8404 603 831 630 861
text 0.8402 3618 851 3637 881
text 0.8394 1624 1947 1670 2046
text 0.8388 2077 2587 2105 2621
text 0.8378 3054 1619 3101 1781
text 0.8353 2706 1187 2803 1227
text 0.8351 3301 1427 3321 1447
text 0.8346 3192 1149 3212 1169
text 0.8339 3364 852 3383 882
text 0.8314 1791 2548 1853 2576
text 0.8306 3510 1353 3546 1409
text 0.8305 2816 1337 2857 1414
text 0.8272 3440 852 3459 874
text 0.8260 3360 219 3388 248
text 0.8260 2521 237 2563 598
text 0.8257 2563 2068 2628 2097
text 0.8249 2482 1211 2522 1277
text 0.8240 860 1007 881 1069
text 0.8233 711 554 740 583
text 0.8228 1729 59 1761 107
text 0.8217 1711 1989 1739 2056
text 0.8208 601 553 631 583
text 0.8187 3085 290 3133 707
text 0.8185 1969 1874 2022 1900
text 0.8183 2170 1099 2218 1129
text 0.8182 696 1372 731 1409
text 0.8168 2808 1791 2866 2071
text 0.8147 607 997 644 1023
text 0.8144 2409 1209 2450 1275
text 0.8140 2255 1203 2303 1272
text 0.8113 2609 1841 2675 1870
text 0.8112 535 1216 577 1246
text 0.8111 3095 2244 3202 2409
text 0.8105 1543 1286 1581 1368
text 0.8091 2820 1037 2855 1091
text 0.8087 2262 75 2304 135
text 0.8070 1968 1921 2023 1943
text 0.8054 2265 288 2322 317
text 0.8052 2112 266 2180 308
text 0.8032 1966 1898 2024 1921
text 0.8030 1700 60 1727 108
text 0.8030 3660 1867 3708 1898
text 0.8021 1128 1179 1193 1218
text 0.7987 710 466 741 496
text 0.7980 3607 575 3647 611
text 0.7978 1393 317 1457 358
text 0.7975 1976 2036 2026 2066
text 0.7931 3559 1658 3587 1679
text 0.7891 3135 1742 3172 1820
text 0.7887 3619 1613 3647 1671
text 0.7880 3206 1850 3254 2251
text 0.7857 918 1554 967 1584
text 0.7854 3618 498 3647 528
text 0.7839 1602 1256 1629 1285
text 0.7837 1671 1630 1700 1683
text 0.7836 1790 1770 1819 1792
text 0.7835 1007 89 1037 160
text 0.7817 1622 2084 1669 2306
text 0.7781 602 466 631 496
text 0.7736 2137 157 2195 245
text 0.7731 2578 2206 2617 2312
text 0.7729 133 1398 183 1427
text 0.7721 3478 2171 3517 2237
text 0.7717 2689 1947 2758 1991
text 0.7702 1897 1354 1945 1483
text 0.7667 2441 2770 2470 2800
text 0.7667 1169 986 1204 1031
text 0.7651 1563 902 1592 947
text 0.7634 3558 1870 3586 1889
text 0.7628 1983 1124 2016 1153
text 0.7622 3555 1120 3616 1159
text 0.7599 2441 1537 2461 1601
text 0.7593 2188 2503 2620 2551
text 0.7581 3795 2049 3815 2088
text 0.7533 2826 129 2955 178
text 0.7530 3451 2327 3487 2423
text 0.7498 1975 1824 2022 1849
text 0.7488 2887 2265 2933 2344
text 0.7480 2026 2768 2056 2799
text 0.7439 1762 1118 1851 1220
text 0.7436 2324 53 2359 115
text 0.7421 2294 1489 2322 1567
text 0.7419 2340 1218 2383 1275
text 0.7417 2630 1989 2686 2018
text 0.7411 2088 1090 2147 1116
text 0.7408 1108 1377 1187 1423
text 0.7357 3673 1321 3743 1407
text 0.7331 1363 2690 1403 2852
text 0.7320 3462 1445 3497 1479
text 0.7306 2826 216 2958 266
text 0.7299 938 931 977 980
text 0.7293 2204 252 2232 314
text 0.7273 3160 206 3200 234
text 0.7253 702 832 730 861
text 0.7230 3548 1930 3572 1987
text 0.7167 1774 1934 1844 1975
text 0.7149 3305 1907 3353 2145
text 0.7136 387 1078 405 1115
text 0.7114 1964 1742 1996 1770
text 0.7102 3183 850 3203 880
text 0.7071 2914 1404 2965 1434
text 0.7067 1846 2006 1916 2040
text 0.7038 2214 77 2263 127
text 0.7023 1394 1067 1442 1290
text 0.7018 1573 2080 1623 2365
text 0.7011 947 292 986 677
text 0.7006 2057 50 2083 97
text 0.6983 1069 1043 1116 1116
text 0.6942 1419 357 1449 437
text 0.6928 2024 1110 2074 1137
text 0.6878 1928 299 1988 327
text 0.6837 771 999 854 1067
text 0.6831 2566 1709 2610 1744
text 0.6789 1878 14 1907 60
text 0.6783 466 1474 493 1524
text 0.6764 1809 1742 1837 1772
text 0.6697 2187 999 2246 1029
text 0.6666 2916 1788 2957 1858
text 0.6664 2915 1167 2964 1197
text 0.6628 1334 118 1355 175
text 0.6610 2036 2582 2066 2619
text 0.6604 2229 1625 2259 1691
text 0.6604 3657 1165 3679 1213
text 0.6565 3153 1137 3172 1158
text 0.6516 1389 434 1462 477
text 0.6498 2201 2215 2232 2284
text 0.6495 2352 1336 2382 1395
text 0.6328 1723 2573 1761 2596
text 0.6307 2755 29 2784 90
text 0.6250 1728 2779 1760 2800
text 0.6109 1729 1495 1756 1544
text 0.5972 2751 2568 2786 2620
text 0.5926 2433 2580 2460 2611
text 0.5813 2123 1653 2151 1701
text 0.5719 3627 218 3647 245
text 0.5693 1650 831 1670 890
text 0.5676 3349 2041 3408 2086
text 0.5368 2419 227 2471 700
text 0.4808 2757 2760 2787 2808
text 0.4259 3373 2053 3413 2083
text 0.3923 2211 269 2239 334
text 0.3800 804 1002 882 1076
text 0.3787 3631 2108 3708 2178
text 0.3502 3618 1898 3659 1991
text 0.3476 2064 989 2157 1030
text 0.3328 1917 1757 1957 1799
text 0.3304 2548 1707 2590 1736
text 0.3262 1819 1734 1851 1765
text 0.3198 3314 1426 3353 1454
text 0.3191 1973 1746 2010 1773
text 0.3186 2283 2216 2306 2283
text 0.3167 1256 119 1274 172
text 0.3128 2824 171 2958 224
text 0.3126 473 2125 509 2148
pins 0.9087 664 1631 1113 1732
pins 0.4931 3687 1414 3762 1496
component 0.9918 772 1424 815 1467
component 0.9917 3192 1189 3202 1215
component 0.9896 3489 1075 3536 1112
component 0.9886 3541 1416 3557 1434
component 0.9883 3320 1325 3339 1345
component 0.9872 1828 1606 1889 1701
component 0.9850 1821 1812 1895 1899
component 0.9831 572 1188 592 1211
component 0.9831 1987 1602 2054 1701
component 0.9797 3240 1177 3261 1226
component 0.9795 3608 1522 3626 1534
component 0.9785 676 1234 697 1270
component 0.9785 3291 1059 3311 1088
component 0.9776 1880 1159 1969 1222
component 0.9766 2086 2175 2114 2215
component 0.9730 1828 527 2135 831
component 0.9708 3574 1698 3746 1858
component 0.9678 177 1030 198 1111
component 0.9658 1594 163 1690 237
component 0.9616 3320 1375 3333 1406
component 0.9583 3577 1415 3604 1444
component 0.9554 3697 1139 3754 1188
component 0.9525 2186 1789 2431 2086
component 0.9521 981 2865 1164 2936
component 0.9511 3411 1118 3448 1158
component 0.9431 897 1327 926 1353
component 0.9398 2620 1949 2657 1979
component 0.9391 2599 1571 2678 1667
component 0.9359 555 1334 593 1387
component 0.9262 1850 1978 1886 1999
component 0.9125 107 1163 188 1343
component 0.9085 177 1282 203 1361
component 0.9046 3370 1505 3385 1553
component 0.8991 3400 1045 3420 1067
component 0.8990 2037 1149 2075 1179
component 0.8985 115 1025 156 1113
component 0.8695 316 1293 418 1478
component 0.8663 769 1396 819 1423
component 0.8591 1048 1453 1150 1525
component 0.8503 1947 122 1977 153
component 0.7816 3455 1503 3472 1553
component 0.7551 138 1169 195 1308
component 0.7531 109 1339 190 1386
component 0.7499 870 2915 917 2945
component 0.7347 939 1326 958 1355
component 0.7116 552 1280 594 1333
component 0.7063 2047 180 2065 224
component 0.6857 2660 2188 2717 2273
component 0.6248 683 2920 731 2956
component 0.3187 95 1326 156 1372
test 0.9758 1761 2106 1905 2257
test 0.9145 571 1008 601 1038
test 0.9138 665 1383 695 1418
test 0.8091 3639 1121 3666 1162
test 0.7566 3600 1393 3637 1425
led 0.8410 2955 1841 3005 1960
led 0.7958 3054 1839 3104 1961
clock 0.8951 273 1221 466 1546
clock 0.8544 1789 1793 1925 1935
ic 0.9911 1677 388 2262 980
ic 0.9834 2115 1716 2542 2146
ic 0.9561 3431 1498 3507 1553
ic 0.9433 3438 1335 3522 1393
ic 0.8996 409 998 613 1208
ic 0.8734 828 1238 886 1301
ic 0.7496 3590 1062 3653 1118
ic 0.4887 3337 1493 3426 1563
switch 0.9224 59 996 234 1143
switch 0.8801 66 1144 234 1370
electrolytic 0.9331 1916 108 2016 161
electrolytic 0.8965 1958 1562 2078 1739
electrolytic 0.8677 2618 2126 2742 2321
electrolytic 0.8675 2009 260 2106 297
electrolytic 0.8541 1023 1426 1194 1543
electrolytic 0.8368 1802 1562 1918 1740
electrolytic 0.7850 2571 1532 2706 1711
electrolytic 0.7614 464 1258 531 1345
electrolytic 0.7521 758 1374 857 1498
electrolytic 0.7441 1555 137 1735 268
electrolytic 0.6772 2590 1935 2681 1981
electrolytic 0.6367 3463 1032 3556 1153
electrolytic 0.3863 3508 1468 3569 1556
button 0.9413 75 1429 243 1545
button 0.9314 2945 2246 3083 2382
transistor 0.9827 489 1417 707 1542
transistor 0.9541 3318 1038 3380 1098
transistor 0.7851 901 1381 969 1443
jumper 0.9828 1682 1711 1742 1820
jumper 0.9426 3113 1954 3175 2069
jumper 0.9332 2767 151 2825 266
jumper 0.9075 2173 145 2236 238
inductor 0.9357 3492 1182 3606 1327
inductor 0.8393 3389 1266 3446 1345
inductor 0.8036 3383 1378 3441 1462
inductor 0.7272 3223 1157 3272 1253
inductor 0.6084 2194 12 2224 69
inductor 0.3017 2166 13 2198 83
unknown 0.9690 2086 113 2113 172
zener 0.9028 3312 1208 3373 1265
display 0.9831 453 1583 1285 2978
