connector 0.9904 1273 689 2216 1553
connector 0.9405 3855 863 3960 1175
resistor 0.9800 2062 2759 2092 2802
resistor 0.9788 1848 1990 1880 2009
resistor 0.9662 1987 2758 2008 2787
resistor 0.9357 2178 1966 2199 1997
resistor 0.9321 1758 1923 1788 1941
resistor 0.9130 1894 1947 1931 1970
resistor 0.9026 1889 2788 1930 2847
resistor 0.8543 1928 1987 1977 2011
resistor 0.8098 1885 1994 1915 2012
resistor 0.7808 1978 1946 2019 1980
resistor 0.7781 1722 2076 1757 2097
resistor 0.6960 1804 1996 1837 2018
resistor 0.5781 2106 1964 2149 2022
pads 0.9955 2473 2479 2503 2536
pads 0.9910 2419 2250 2435 2279
pads 0.9909 2450 2238 2482 2306
pads 0.9728 2458 2176 2480 2215
pads 0.9666 2432 2345 2451 2375
pads 0.9664 2457 2322 2485 2371
pads 0.9612 2421 2521 2442 2562
pads 0.9493 2423 2422 2442 2462
pads 0.9342 2430 2473 2441 2511
pads 0.9229 2383 2674 2427 2711
pads 0.9210 2446 2519 2505 2568
pads 0.9082 2455 2094 2504 2132
pads 0.8842 2412 2622 2443 2663
pads 0.8646 2455 2420 2476 2462
pads 0.7983 2439 2157 2451 2188
pads 0.5658 2432 2049 2451 2077
capacitor 0.9947 2559 2322 2589 2336
capacitor 0.9918 2234 2680 2261 2741
capacitor 0.9888 2391 1916 2413 1949
capacitor 0.9870 1915 2088 1930 2117
capacitor 0.9844 2077 2241 2126 2298
capacitor 0.9829 2085 2675 2110 2729
capacitor 0.9826 2311 427 2331 476
capacitor 0.9802 1680 2008 1710 2026
capacitor 0.9777 1915 2475 1937 2512
capacitor 0.9745 2303 1958 2331 2017
capacitor 0.9728 2075 1959 2098 2015
capacitor 0.9727 900 423 929 483
capacitor 0.9696 2003 2183 2057 2221
capacitor 0.9688 1000 150 1019 189
capacitor 0.9567 1846 2081 1861 2109
capacitor 0.9559 2179 2525 2200 2572
capacitor 0.9550 1591 2174 1630 2187
capacitor 0.9536 2175 2166 2198 2203
capacitor 0.9535 2160 2465 2211 2533
capacitor 0.9506 1927 2736 1956 2748
capacitor 0.9504 2571 2591 2598 2612
capacitor 0.9494 2342 2680 2371 2737
capacitor 0.9476 2052 2381 2137 2454
capacitor 0.9424 1748 2463 1758 2501
capacitor 0.9402 2238 2406 2276 2444
capacitor 0.9402 1621 2392 1650 2411
capacitor 0.9372 1985 2516 2023 2590
capacitor 0.9368 2036 1957 2056 2017
capacitor 0.9358 1925 2188 1955 2217
capacitor 0.9357 2148 2236 2201 2300
capacitor 0.9344 2649 2325 2708 2352
capacitor 0.9311 2230 2464 2273 2508
capacitor 0.9303 1980 2221 2067 2302
capacitor 0.9293 2138 2383 2205 2459
capacitor 0.9275 2248 2246 2283 2279
capacitor 0.9184 1989 2641 2034 2677
capacitor 0.9147 2163 2681 2182 2732
capacitor 0.9103 2300 2494 2328 2532
capacitor 0.9067 1709 2581 1760 2601
capacitor 0.8993 2500 2017 2548 2038
capacitor 0.8924 2717 2236 2778 2264
capacitor 0.8916 2596 2260 2629 2287
capacitor 0.8895 2081 2175 2112 2234
capacitor 0.8895 2106 2563 2135 2622
capacitor 0.8757 2274 1971 2293 2015
capacitor 0.8756 1995 2311 2057 2379
capacitor 0.8738 1929 2332 1974 2357
capacitor 0.8711 2619 2670 2639 2699
capacitor 0.8632 2067 2291 2123 2364
capacitor 0.8612 2134 2291 2217 2387
capacitor 0.8602 1663 2704 1720 2731
capacitor 0.8596 929 138 957 200
capacitor 0.8552 1552 2621 1581 2641
capacitor 0.8525 1974 2383 2058 2476
capacitor 0.8506 2806 2146 2856 2167
capacitor 0.8505 2283 427 2292 456
capacitor 0.8475 2650 2375 2708 2404
capacitor 0.8455 2241 2181 2280 2221
capacitor 0.8423 2196 2316 2254 2357
capacitor 0.8377 1972 2438 2046 2545
capacitor 0.8305 1670 2117 1701 2136
capacitor 0.8284 1786 2681 1829 2700
capacitor 0.8217 1675 1958 1710 1977
capacitor 0.8190 1709 2274 1757 2295
capacitor 0.8184 1977 2689 2017 2763
capacitor 0.8173 1613 2650 1650 2668
capacitor 0.8128 1924 2251 1973 2292
capacitor 0.8117 1726 1995 1755 2024
capacitor 0.8067 2068 2479 2119 2527
capacitor 0.8044 1712 2353 1768 2382
capacitor 0.8037 1720 2385 1759 2412
capacitor 0.7982 1884 2849 1912 2884
capacitor 0.7973 2440 2560 2484 2586
capacitor 0.7947 2591 2503 2636 2542
capacitor 0.7907 2336 2326 2383 2347
capacitor 0.7868 973 430 991 467
capacitor 0.7694 1713 2634 1757 2660
capacitor 0.7673 1503 2176 1548 2196
capacitor 0.7612 1422 2174 1462 2192
capacitor 0.7403 939 427 958 473
capacitor 0.7377 1709 2307 1759 2332
capacitor 0.7365 1968 2088 1986 2117
capacitor 0.7334 2201 2247 2234 2277
capacitor 0.7321 1635 2620 1671 2641
capacitor 0.7307 2047 2570 2065 2623
capacitor 0.7286 2739 2423 2786 2444
capacitor 0.7196 2198 2419 2235 2454
capacitor 0.7063 2497 2053 2540 2079
capacitor 0.7047 2237 2457 2306 2495
capacitor 0.6991 1633 2759 1660 2779
capacitor 0.6814 2110 2387 2166 2450
capacitor 0.6753 2116 2249 2162 2296
capacitor 0.6708 2800 2107 2866 2136
capacitor 0.6670 1887 2734 1919 2750
capacitor 0.6329 1991 2463 2070 2509
capacitor 0.6247 2256 2187 2304 2220
capacitor 0.6227 2032 2306 2091 2360
capacitor 0.6085 1687 2669 1733 2703
capacitor 0.5694 2126 2166 2144 2195
text 0.9912 2534 2489 2570 2538
text 0.9893 2086 2074 2105 2108
text 0.9781 2531 2225 2566 2294
text 0.9651 3677 407 3786 634
text 0.9646 2323 2848 2352 2917
text 0.9605 969 502 996 566
text 0.9592 1000 221 1027 287
text 0.9581 2065 1890 2095 1919
text 0.9577 2312 2760 2342 2828
text 0.9553 2239 2308 2288 2369
text 0.9548 1760 1831 1788 1862
text 0.9530 2698 2464 2719 2493
text 0.9519 2618 2957 2637 2987
text 0.9483 2641 1850 2678 1957
text 0.9446 1936 2851 1961 2890
text 0.9288 2313 1869 2342 1941
text 0.9280 1444 2522 1482 2621
text 0.9237 2314 496 2342 564
text 0.9228 1474 2847 1504 2946
text 0.9165 2213 1475 2254 1554
text 0.9152 2620 2591 2686 2621
text 0.9036 2641 2457 2676 2499
text 0.9025 2164 1925 2196 1974
text 0.8978 2541 2422 2568 2457
text 0.8944 2372 406 2401 476
text 0.8929 2514 2769 2622 2809
text 0.8923 1987 2089 2006 2129
text 0.8861 2431 2620 2479 2642
text 0.8817 898 512 929 577
text 0.8729 1960 1930 2025 1961
text 0.8723 1613 2344 1680 2374
text 0.8676 2175 2738 2204 2807
text 0.8659 1964 2661 2004 2691
text 0.8644 1650 2148 1718 2175
text 0.8606 2877 2146 2935 2176
text 0.8602 2966 1900 3006 2001
text 0.8501 1552 2453 1622 2483
text 0.8464 2539 2177 2603 2210
text 0.8464 2074 2597 2095 2641
text 0.8424 2255 2852 2284 2915
text 0.8382 2835 2847 2875 2942
text 0.8360 2649 2672 2679 2729
text 0.8316 2105 1701 2143 1797
text 0.8302 1800 2336 1843 2357
text 0.8279 2273 486 2303 557
text 0.8225 1649 2732 1720 2759
text 0.8200 2535 2107 2576 2130
text 0.8193 930 209 957 279
text 0.8169 1645 2019 1706 2055
text 0.8106 2739 2392 2797 2423
text 0.8104 1533 1849 1572 1956
text 0.8026 1968 2799 1986 2837
text 0.7993 2442 2427 2460 2462
text 0.7936 1557 2383 1610 2414
text 0.7925 2885 2107 2945 2137
text 0.7903 2748 1977 2778 2015
text 0.7872 1722 2662 1762 2686
text 0.7862 1709 2856 1739 2889
text 0.7855 1781 2700 1847 2729
text 0.7841 1848 2343 1894 2365
text 0.7838 2295 2339 2333 2363
text 0.7794 2305 2204 2343 2230
text 0.7735 1619 2265 1680 2294
text 0.7696 2254 2103 2290 2134
text 0.7668 2037 2851 2077 2940
text 0.7651 3500 308 3576 399
text 0.7615 248 357 315 405
text 0.7580 2619 2008 2723 2047
text 0.7528 1697 2098 1766 2129
text 0.7523 2557 2158 2617 2184
text 0.7372 2036 2491 2080 2536
text 0.7329 1659 2501 1689 2532
text 0.7309 1975 2305 2079 2352
text 0.7262 2274 1859 2302 1929
text 0.7245 2353 2303 2393 2327
text 0.7243 1882 2334 1928 2354
text 0.7137 1918 1878 1950 1908
text 0.7092 929 506 958 573
text 0.7054 2514 2066 2550 2085
text 0.7046 1591 2680 1650 2700
text 0.7025 1700 2413 1759 2442
text 0.6937 2363 2749 2391 2818
text 0.6773 1887 1921 1947 1950
text 0.6665 2124 1916 2154 1966
text 0.6565 1799 1749 1830 1836
text 0.6535 2274 2847 2302 2917
text 0.6387 1845 1957 1904 1989
text 0.6133 1779 1968 1833 2001
text 0.3467 2006 2699 2053 2746
text 0.3390 2442 2456 2460 2507
text 0.3360 2373 2741 2405 2806
text 0.3032 1412 2179 1463 2208
pins 0.9886 3627 874 3726 1134
pins 0.9772 1394 1682 1819 1731
pins 0.9765 346 1139 472 1314
pins 0.9746 900 952 949 1037
pins 0.9680 1037 624 1077 754
pins 0.9605 1057 2177 1107 2235
pins 0.9591 3015 1927 3055 1979
pins 0.9583 2976 1317 3383 1413
pins 0.9516 1839 2790 1877 2883
pins 0.9464 1751 2790 1796 2877
pins 0.9422 830 1207 879 1256
pins 0.9293 2303 1011 2353 1067
pins 0.9251 2339 1159 2398 1303
pins 0.9178 1236 2762 1284 2904
pins 0.9132 278 909 641 997
pins 0.8399 1870 1623 1917 1670
pins 0.8274 1977 1593 2018 1641
pins 0.7538 2974 2909 3024 2955
component 0.9933 2646 2068 2745 2136
component 0.9881 1545 2848 1641 2924
component 0.9852 2701 2907 2791 2977
component 0.9848 3894 1948 3915 1978
component 0.9767 1512 2522 1610 2591
component 0.9666 2501 1890 2598 1959
component 0.9498 3895 1810 3913 1839
component 0.9315 3894 1721 3913 1750
component 0.9238 2481 2673 2581 2746
component 0.9230 2008 1745 2077 1841
component 0.9226 1855 1735 1925 1841
component 0.9130 2836 1917 2926 1988
component 0.8946 1431 803 1579 900
component 0.8503 1608 1850 1700 1918
electrolytic 0.9338 1987 1698 2106 1885
electrolytic 0.9312 2781 1892 2967 2007
electrolytic 0.8676 2431 2639 2619 2773
electrolytic 0.8519 1508 2827 1682 2949
electrolytic 0.8489 1827 1701 1955 1879
electrolytic 0.8391 2651 2877 2838 3002
electrolytic 0.7884 1568 1826 1754 1948
electrolytic 0.7602 1477 2500 1644 2622
electrolytic 0.7307 2606 2034 2786 2165
