connector 0.9849 2395 1649 2511 1935
connector 0.9817 485 636 544 726
connector 0.9730 2901 684 2950 774
connector 0.9701 1557 1156 1604 1251
connector 0.9691 3067 1081 3124 1501
connector 0.9672 1080 1172 1137 1267
connector 0.9667 2431 1151 2481 1249
connector 0.9634 1217 1804 1352 1961
connector 0.9598 2928 75 3083 488
connector 0.9562 2736 635 2793 733
connector 0.9535 1217 2173 1361 2320
connector 0.9528 1217 1579 1355 1723
connector 0.9512 2755 2088 2804 2135
connector 0.9489 2764 66 2923 481
connector 0.9206 3728 1639 4025 1930
connector 0.9101 3096 54 3279 340
connector 0.9037 1028 2046 1081 2109
connector 0.8937 2289 651 2347 741
connector 0.8900 1665 1423 1712 1484
connector 0.8836 1978 1160 2035 1258
connector 0.8729 672 623 719 713
connector 0.8686 252 1512 354 1572
connector 0.8443 3427 698 3475 753
connector 0.8329 1522 577 1575 639
connector 0.8308 3393 1004 3446 1055
connector 0.8295 1372 636 1433 728
connector 0.8230 3234 1135 3291 1221
connector 0.8141 2239 2114 2295 2216
connector 0.7909 367 445 427 511
connector 0.7726 1982 1693 2078 1758
connector 0.7558 283 1336 342 1414
connector 0.7274 1858 640 1921 727
connector 0.7088 876 1233 952 1287
resistor 0.9982 1363 1297 1388 1348
resistor 0.9934 2693 1287 2719 1320
resistor 0.9896 2275 1137 2290 1173
resistor 0.9856 2259 1300 2295 1349
resistor 0.9849 1723 1221 1744 1280
resistor 0.9840 1877 1757 1907 1777
resistor 0.9808 2609 1218 2639 1279
resistor 0.9797 2287 1180 2316 1239
resistor 0.9783 1694 1922 1713 1960
resistor 0.9780 2130 2289 2176 2329
resistor 0.9770 1402 1311 1420 1348
resistor 0.9758 1344 415 1362 450
resistor 0.9746 1567 1739 1598 1757
resistor 0.9737 1917 401 1938 435
resistor 0.9717 487 1266 508 1299
resistor 0.9717 3321 821 3339 849
resistor 0.9702 1372 1141 1390 1172
resistor 0.9694 3714 941 3740 999
resistor 0.9687 486 1187 512 1243
resistor 0.9684 1827 1145 1856 1182
resistor 0.9653 3361 669 3382 706
resistor 0.9639 1967 402 2001 435
resistor 0.9638 2201 394 2226 440
resistor 0.9625 1753 1921 1767 1959
resistor 0.9622 1135 409 1150 444
resistor 0.9614 1985 917 2011 948
resistor 0.9598 1815 1271 1852 1349
resistor 0.9585 1870 1831 1916 1863
resistor 0.9575 2212 2279 2239 2301
resistor 0.9571 427 1299 442 1340
resistor 0.9540 2372 932 2410 967
resistor 0.9517 1724 1142 1750 1202
resistor 0.9517 3396 1132 3412 1163
resistor 0.9516 3395 1340 3410 1377
resistor 0.9498 3384 820 3403 853
resistor 0.9470 3257 433 3512 595
resistor 0.9418 3153 1231 3184 1258
resistor 0.9402 3632 947 3650 975
resistor 0.9388 1841 1921 1858 1951
resistor 0.9327 1819 2228 1845 2292
resistor 0.9241 1635 405 1687 449
resistor 0.9212 2830 944 2876 996
resistor 0.9210 1856 1645 1870 1677
resistor 0.9209 1367 1724 1384 1762
resistor 0.9179 1693 1646 1714 1688
resistor 0.9165 1777 1646 1792 1678
resistor 0.9152 2724 1290 2748 1340
resistor 0.9151 2498 393 2527 437
resistor 0.9091 1911 913 1931 954
resistor 0.9044 1559 1832 1586 1852
resistor 0.8928 1101 384 1121 421
resistor 0.8807 519 1140 536 1172
resistor 0.8752 1499 938 1519 989
resistor 0.8475 1713 1297 1754 1355
resistor 0.8426 1623 1932 1636 1962
resistor 0.8345 2356 941 2399 995
resistor 0.8192 2695 1139 2730 1174
resistor 0.8174 2214 1878 2244 1923
resistor 0.8006 2269 1880 2323 1912
resistor 0.8004 905 1815 945 1875
resistor 0.7857 1930 913 1974 949
resistor 0.7712 2171 1208 2198 1272
resistor 0.7597 1865 2035 1897 2067
resistor 0.7553 2596 1331 2654 1371
resistor 0.7543 2169 1142 2200 1201
resistor 0.6945 1616 1648 1636 1681
resistor 0.6797 2238 1889 2274 1934
resistor 0.6394 1795 1194 1885 1273
resistor 0.6192 1377 1191 1413 1251
resistor 0.6175 1462 955 1489 989
resistor 0.5973 2790 948 2821 1000
resistor 0.5943 2172 2291 2191 2320
resistor 0.5275 380 1142 400 1201
resistor 0.3865 1393 1195 1414 1243
resistor 0.3106 2715 1128 2751 1179
pads 0.9787 865 638 894 702
pads 0.9734 1467 1038 1550 1132
pads 0.9496 2336 1028 2424 1122
pads 0.9431 545 1024 631 1133
pads 0.9260 2794 1023 2877 1133
pads 0.9257 1888 2299 1933 2329
pads 0.8882 701 1686 729 1748
pads 0.8652 1845 2323 1870 2352
pads 0.8272 1907 1027 1993 1133
pads 0.8191 3739 1777 3778 1836
pads 0.8187 698 1753 729 1805
pads 0.6028 610 1748 643 1796
pads 0.5447 602 1697 658 1752
pads 0.5064 1850 2226 1891 2298
pads 0.3286 1882 2242 1958 2307
emi 0.9037 3235 1891 3311 1931
emi 0.8519 654 1641 722 1687
emi 0.7912 801 1640 876 1679
emi 0.7687 509 1737 590 1786
emi 0.7671 645 1572 721 1619
capacitor 0.9959 2229 1298 2248 1327
capacitor 0.9959 2069 2301 2091 2332
capacitor 0.9923 1683 1978 1703 2028
capacitor 0.9904 729 1572 748 1608
capacitor 0.9825 2122 2089 2143 2128
capacitor 0.9824 1828 1969 1842 1998
capacitor 0.9818 1653 1558 1693 1630
capacitor 0.9817 1753 1969 1773 2017
capacitor 0.9808 1609 1974 1627 2024
capacitor 0.9789 1995 2305 2022 2338
capacitor 0.9786 2104 2143 2121 2183
capacitor 0.9786 3292 1861 3329 1883
capacitor 0.9759 1304 1299 1324 1329
capacitor 0.9749 2268 883 2288 930
capacitor 0.9711 3604 1776 3630 1796
capacitor 0.9684 1374 881 1394 930
capacitor 0.9668 3156 586 3180 618
capacitor 0.9665 1955 2131 1994 2148
capacitor 0.9615 593 1589 613 1619
capacitor 0.9614 1188 978 1218 1055
capacitor 0.9612 1888 1577 1907 1625
capacitor 0.9604 1509 1853 1539 1864
capacitor 0.9564 1512 1767 1542 1783
capacitor 0.9548 3392 1531 3429 1592
capacitor 0.9548 1841 880 1869 929
capacitor 0.9527 2725 883 2746 938
capacitor 0.9501 1750 1580 1772 1629
capacitor 0.9497 1656 977 1694 1055
capacitor 0.9479 2123 822 2170 841
capacitor 0.9451 2580 822 2629 841
capacitor 0.9448 579 1529 614 1575
capacitor 0.9415 3368 1873 3397 1921
capacitor 0.9389 1363 967 1393 1055
capacitor 0.9369 407 625 442 646
capacitor 0.9356 475 883 496 933
capacitor 0.9323 1797 1554 1839 1631
capacitor 0.9299 3427 1533 3463 1592
capacitor 0.9271 1830 975 1868 1056
capacitor 0.9244 2212 1772 2249 1788
capacitor 0.9242 1692 812 1754 841
capacitor 0.9092 49 1619 69 1664
capacitor 0.9029 1422 2037 1436 2068
capacitor 0.9024 437 1705 460 1754
capacitor 0.8910 1235 810 1285 831
capacitor 0.8799 2066 2146 2099 2192
capacitor 0.8754 329 812 380 841
capacitor 0.8634 2541 977 2580 1065
capacitor 0.8611 2025 2009 2049 2045
capacitor 0.8556 1933 1750 1972 1783
capacitor 0.8540 48 1853 68 1893
capacitor 0.8317 3419 1666 3462 1687
capacitor 0.8017 2162 2085 2206 2110
capacitor 0.8003 356 1681 407 1710
capacitor 0.7957 2074 977 2113 1063
capacitor 0.7857 457 976 495 1055
capacitor 0.7845 465 1706 485 1736
capacitor 0.7833 2328 1318 2347 1347
capacitor 0.7786 1772 2155 1800 2212
capacitor 0.7717 3340 1757 3368 1802
capacitor 0.7664 689 1971 731 2029
capacitor 0.7354 3232 1827 3281 1852
capacitor 0.7346 1457 908 1497 957
capacitor 0.7337 2249 974 2288 1063
capacitor 0.7331 1870 1921 1899 1978
capacitor 0.7317 613 1518 641 1557
capacitor 0.7221 2240 1867 2284 1892
capacitor 0.7050 826 1678 868 1708
capacitor 0.7026 873 1881 950 1935
capacitor 0.7021 1902 1841 1961 1885
capacitor 0.7014 282 976 320 1056
capacitor 0.6560 3212 531 3234 588
capacitor 0.5581 3172 366 3217 389
capacitor 0.5473 2716 977 2747 1066
capacitor 0.5143 2243 408 2279 506
capacitor 0.4534 1862 1920 1886 1975
capacitor 0.3672 608 1827 652 1868
capacitor 0.3611 1833 1565 1867 1634
capacitor 0.3423 2121 2276 2179 2325
text 0.9934 876 1677 888 1698
text 0.9914 874 501 898 558
text 0.9904 807 511 837 560
text 0.9888 1422 1189 1450 1241
text 0.9848 1120 1045 1157 1124
text 0.9842 2199 2059 2242 2088
text 0.9810 1972 2223 1999 2273
text 0.9794 3202 1672 3221 1699
text 0.9770 3203 1433 3241 1510
text 0.9758 1490 1161 1536 1289
text 0.9745 1744 1521 1774 1572
text 0.9736 2050 1140 2075 1164
text 0.9731 1423 1043 1460 1122
text 0.9727 2736 569 2775 638
text 0.9722 3457 1174 3505 1301
text 0.9721 2296 354 2453 402
text 0.9710 963 274 1012 373
text 0.9704 1255 440 1294 490
text 0.9681 1431 1579 1469 1647
text 0.9675 3446 752 3479 949
text 0.9674 340 1349 379 1407
text 0.9671 1499 2186 1537 2262
text 0.9669 1587 576 1617 652
text 0.9664 1188 813 1216 833
text 0.9652 1588 1055 1626 1123
text 0.9649 2144 1221 2171 1281
text 0.9648 2345 609 2393 764
text 0.9642 564 977 604 1027
text 0.9642 1819 449 1849 498
text 0.9633 408 2155 429 2192
text 0.9628 3592 111 3632 181
text 0.9623 1967 767 2006 898
text 0.9617 1296 1483 1323 1550
text 0.9615 3526 499 3564 598
text 0.9608 1664 1503 1693 1543
text 0.9602 341 1216 369 1271
text 0.9601 1147 363 1294 411
text 0.9601 2104 2234 2167 2267
text 0.9598 896 1765 932 1784
text 0.9592 2736 1991 2766 2059
text 0.9587 1013 1144 1061 1280
text 0.9578 524 774 621 966
text 0.9577 1654 817 1683 833
text 0.9576 1496 1910 1537 1959
text 0.9568 2902 537 2940 635
text 0.9566 3123 1257 3165 1477
text 0.9556 409 1504 436 1525
text 0.9535 2045 1467 2082 1559
text 0.9529 3212 1834 3245 1861
text 0.9526 1879 1492 1909 1538
text 0.9521 497 578 535 634
text 0.9517 1713 1435 1751 1510
text 0.9507 1167 1326 1207 1395
text 0.9493 259 1139 288 1167
text 0.9490 710 2156 730 2195
text 0.9489 400 1347 438 1388
text 0.9489 1821 722 1850 752
text 0.9478 2026 1296 2065 1370
text 0.9458 322 1707 373 1737
text 0.9437 1267 2319 1314 2350
text 0.9430 1977 954 2006 1025
text 0.9420 3271 93 3318 186
text 0.9400 3202 831 3243 988
text 0.9398 2299 1723 2337 1825
text 0.9386 3203 743 3241 820
text 0.9383 3204 1914 3244 1960
text 0.9372 2595 354 2746 403
text 0.9370 359 1581 379 1621
text 0.9367 2102 431 2138 498
text 0.9364 1713 2028 1741 2078
text 0.9360 2105 2002 2132 2049
text 0.9359 1946 1481 1986 1533
text 0.9357 1870 2126 1937 2164
text 0.9355 3225 436 3262 525
text 0.9352 700 967 739 1047
text 0.9346 2114 1341 2183 1370
text 0.9341 1129 660 1161 726
text 0.9332 2142 1144 2171 1211
text 0.9331 2805 1251 2844 1329
text 0.9317 1295 2097 1315 2136
text 0.9300 2337 1123 2436 1160
text 0.9296 3146 2172 3184 2204
text 0.9293 1891 933 1919 997
text 0.9293 1434 608 1478 766
text 0.9274 2011 364 2163 403
text 0.9271 3355 215 3549 257
text 0.9266 263 597 303 656
text 0.9261 2386 1649 2404 1678
text 0.9252 2794 605 2833 759
text 0.9241 1344 714 1382 752
text 0.9234 223 1328 271 1463
text 0.9197 1889 306 1927 375
text 0.9178 639 1517 671 1560
text 0.9177 1274 1426 1305 1466
text 0.9172 3693 236 3730 293
text 0.9165 1139 1485 1160 1533
text 0.9149 1440 363 1599 404
text 0.9149 2492 1307 2531 1401
text 0.9137 2970 1356 3068 1397
text 0.9127 576 2157 598 2195
text 0.9126 1717 364 1879 411
text 0.9121 1588 677 1626 744
text 0.9115 1655 1297 1703 1328
text 0.9114 2590 1415 2621 1464
text 0.9100 546 608 594 764
text 0.9093 2687 423 2727 497
text 0.9093 1675 1358 1703 1397
text 0.9091 399 1124 436 1171
text 0.9077 2348 1379 2396 1505
text 0.9065 721 131 759 178
text 0.9061 2368 1882 2405 1913
text 0.9059 1158 1660 1209 1889
text 0.9049 331 450 361 501
text 0.9024 1725 2196 1756 2248
text 0.9023 2592 1575 2804 2020
text 0.9019 1821 2029 1841 2079
text 0.8987 1375 2289 1441 2330
text 0.8986 1365 363 1393 414
text 0.8977 3252 1991 3271 2057
text 0.8957 1168 1909 1206 1959
text 0.8948 3379 1592 3409 1641
text 0.8948 2883 1069 2930 1173
text 0.8947 2772 1404 2805 1474
text 0.8909 3222 1601 3253 1646
text 0.8908 2348 848 2414 875
text 0.8891 1993 2102 2024 2134
text 0.8880 884 2085 923 2147
text 0.8867 284 1676 303 1717
text 0.8864 1488 578 1524 655
text 0.8863 2108 1706 2140 1746
text 0.8847 3804 384 3846 545
text 0.8828 3194 1748 3233 1801
text 0.8826 3516 1690 3555 1715
text 0.8823 1364 1804 1400 1870
text 0.8822 1226 1482 1249 1538
text 0.8819 847 1424 898 1483
text 0.8807 1070 1484 1090 1533
text 0.8783 838 968 886 1047
text 0.8775 1878 1186 1908 1262
text 0.8773 2963 1267 3067 1309
text 0.8771 855 276 906 373
text 0.8753 2475 1057 2512 1135
text 0.8746 2491 1140 2516 1163
text 0.8743 2239 1921 2307 1951
text 0.8732 1597 1288 1637 1358
text 0.8704 883 2153 908 2198
text 0.8689 3427 573 3468 617
text 0.8685 3077 412 3115 481
text 0.8682 2747 1128 2776 1191
text 0.8654 3516 689 3554 941
text 0.8629 1608 306 1636 372
text 0.8612 2599 1290 2664 1320
text 0.8589 3270 1992 3435 2058
text 0.8583 1080 1269 1126 1307
text 0.8579 3814 1129 3856 1262
text 0.8579 1140 1152 1168 1181
text 0.8555 1070 1806 1119 1835
text 0.8555 3082 1024 3118 1072
text 0.8551 992 1483 1021 1533
text 0.8546 2500 1655 2513 1679
text 0.8540 1227 2098 1247 2144
text 0.8538 3359 609 3387 668
text 0.8517 448 725 488 754
text 0.8506 1858 1705 1915 1730
text 0.8499 3466 1384 3514 1516
text 0.8494 2990 1125 3067 1162
text 0.8478 736 1503 849 1571
text 0.8477 1265 1960 1305 1991
text 0.8459 3156 530 3184 594
text 0.8444 1392 1122 1422 1173
text 0.8424 292 1425 331 1472
text 0.8422 1120 742 1160 907
text 0.8406 2010 743 2059 910
text 0.8397 653 284 701 372
text 0.8393 349 1151 379 1195
text 0.8391 577 2095 621 2146
text 0.8375 1936 1690 1968 1737
text 0.8374 2814 2097 2938 2136
text 0.8372 3334 1436 3379 1502
text 0.8351 1459 1842 1507 1873
text 0.8343 3525 1144 3564 1242
text 0.8341 1361 1648 1400 1727
text 0.8336 2464 304 2502 375
text 0.8305 527 1202 556 1271
text 0.8303 1080 1333 1126 1422
text 0.8279 3261 568 3301 645
text 0.8271 1168 2183 1209 2240
text 0.8265 936 501 962 555
text 0.8247 3729 636 3768 728
text 0.8244 1128 2051 1176 2145
text 0.8243 1684 363 1712 412
text 0.8237 457 1416 493 1462
text 0.8216 2074 1692 2112 1764
text 0.8205 1480 1679 1509 1708
text 0.8183 1417 933 1444 986
text 0.8174 2853 725 2891 800
text 0.8166 1617 1429 1655 1499
text 0.8160 3019 1444 3065 1492
text 0.8148 2385 423 2427 497
text 0.8130 369 1300 399 1335
text 0.8122 2058 787 2124 887
text 0.8113 803 1503 862 1573
text 0.8109 2425 796 2462 980
text 0.8108 224 1045 262 1124
text 0.8107 1859 566 1898 632
text 0.8091 1901 1126 1998 1161
text 0.8087 1541 1287 1577 1366
text 0.8080 1869 1982 1888 2030
text 0.8078 114 1903 155 1923
text 0.8057 2231 1445 2268 1511
text 0.8057 1851 1503 1879 1552
text 0.8056 3339 274 3498 314
text 0.8047 2329 1178 2368 1303
text 0.8046 1458 1756 1508 1786
text 0.8046 1870 1135 1898 1192
text 0.8044 1612 1138 1636 1166
text 0.8024 1529 442 1555 499
text 0.8011 1869 1319 1899 1385
text 0.8007 1762 2253 1790 2319
text 0.8005 3330 880 3398 908
text 0.7999 817 1181 867 1342
text 0.7993 447 1977 468 2019
text 0.7990 1587 755 1636 925
text 0.7990 780 1750 846 1805
text 0.7964 1382 561 1412 636
text 0.7964 2247 2290 2308 2320
text 0.7950 1070 1754 1120 1778
text 0.7949 2762 471 2804 517
text 0.7947 1078 2037 1118 2110
text 0.7935 2534 810 2571 841
text 0.7932 1540 805 1586 978
text 0.7926 2981 1221 3061 1260
text 0.7902 836 640 867 703
text 0.7884 2787 869 2815 933
text 0.7872 623 628 671 714
text 0.7854 2163 1278 2182 1333
text 0.7852 3001 732 3040 823
text 0.7848 2191 2216 2214 2282
text 0.7839 2873 928 2903 996
text 0.7823 915 1191 974 1229
text 0.7819 1979 1259 2026 1297
text 0.7784 996 2048 1031 2123
text 0.7777 1237 1222 1263 1269
text 0.7764 2962 1171 3057 1211
text 0.7763 3341 1248 3376 1324
text 0.7751 2343 1310 2365 1367
text 0.7740 1168 1581 1217 1638
text 0.7729 2557 421 2587 491
text 0.7708 613 128 652 177
text 0.7703 2803 1368 2844 1490
text 0.7683 934 129 962 178
text 0.7675 2304 2027 2348 2088
text 0.7657 3427 1689 3460 1714
text 0.7651 683 1104 720 1172
text 0.7651 2950 724 2988 793
text 0.7644 1891 2321 1957 2349
text 0.7641 2502 1883 2531 1911
text 0.7631 2252 588 2287 667
text 0.7616 2250 2040 2288 2112
text 0.7613 3176 1789 3202 1806
text 0.7607 3157 344 3220 372
text 0.7601 1268 1725 1313 1755
text 0.7596 535 1144 572 1174
text 0.7587 1987 1310 2024 1387
text 0.7578 3493 1891 3532 1912
text 0.7572 1079 1902 1127 1929
text 0.7570 2474 657 2512 753
text 0.7538 2182 296 2219 375
text 0.7536 3242 1004 3281 1026
text 0.7528 2698 724 2736 762
text 0.7524 3409 1104 3437 1171
text 0.7507 2006 1933 2035 1978
text 0.7505 723 1114 768 1241
text 0.7498 3399 2175 3438 2203
text 0.7490 1466 1300 1498 1355
text 0.7488 1399 364 1423 412
text 0.7445 1374 2091 1395 2152
text 0.7426 3009 1084 3056 1122
text 0.7424 1606 402 1636 450
text 0.7395 1003 640 1024 703
text 0.7345 2415 1258 2462 1287
text 0.7312 3330 781 3398 802
text 0.7277 224 1612 243 1660
text 0.7225 279 817 324 843
text 0.7224 3632 156 3674 202
text 0.7213 1071 382 1098 432
text 0.7154 1679 2029 1703 2074
text 0.7142 1374 1472 1410 1522
text 0.7113 3642 300 3661 334
text 0.7091 1619 1681 1653 1709
text 0.7085 1822 1501 1852 1549
text 0.7072 2461 753 2511 924
text 0.7065 2163 1845 2203 1906
text 0.7062 2013 2041 2037 2128
text 0.7029 3458 997 3496 1067
text 0.7022 1937 1853 1971 1901
text 0.7021 2044 1903 2136 2012
text 0.7001 2241 723 2269 761
text 0.6984 2015 665 2054 745
text 0.6977 1947 1783 1975 1813
text 0.6967 2365 1320 2396 1375
text 0.6932 1931 945 1966 1016
text 0.6929 672 1889 714 1927
text 0.6926 2812 865 2882 900
text 0.6922 2248 2263 2306 2291
text 0.6922 2153 1734 2191 1804
text 0.6915 3410 805 3437 870
text 0.6900 3294 1085 3377 1122
text 0.6876 2016 1062 2054 1135
text 0.6873 828 127 868 176
text 0.6861 3766 1710 4007 1824
text 0.6840 1072 684 1120 882
text 0.6837 1235 1346 1292 1385
text 0.6815 639 1576 709 1637
text 0.6785 759 284 807 374
text 0.6757 1323 1483 1343 1541
text 0.6745 1937 419 1965 471
text 0.6720 2473 403 2502 463
text 0.6698 3340 2182 3386 2211
text 0.6645 3272 1735 3320 1797
text 0.6578 3285 1182 3380 1221
text 0.6500 2708 2179 2745 2263
text 0.6429 3611 2184 3632 2214
text 0.6394 2013 2271 2127 2327
text 0.6390 1159 1483 1178 1533
text 0.6366 1859 1392 1887 1468
text 0.6363 3650 952 3678 1014
text 0.6333 2201 1738 2268 1766
text 0.6180 1695 1146 1723 1200
text 0.6158 3798 754 3846 880
text 0.6140 1292 1122 1336 1184
text 0.6115 2810 2184 2936 2233
text 0.6100 3254 732 3290 831
text 0.6051 1928 872 1958 918
text 0.5963 2173 2222 2191 2281
text 0.5912 2093 1451 2134 1535
text 0.5811 1676 1203 1726 1269
text 0.5744 1850 2185 1880 2249
text 0.5672 1077 1882 1128 1904
text 0.5606 1859 1259 1879 1317
text 0.5586 3418 1315 3446 1385
text 0.5093 224 1697 244 1737
text 0.4929 2968 1397 3066 1444
text 0.4401 2500 402 2536 477
text 0.4374 1314 2088 1336 2150
text 0.4352 2057 2203 2100 2258
text 0.3923 2203 406 2236 476
text 0.3863 2142 2240 2189 2278
text 0.3854 2634 1132 2669 1169
text 0.3790 3043 1075 3096 1119
text 0.3771 1424 888 1481 979
text 0.3762 2169 1268 2194 1316
text 0.3456 1315 1486 1333 1542
text 0.3451 1315 411 1336 468
text 0.3383 3031 1000 3065 1063
text 0.3294 3093 419 3125 494
text 0.3204 3750 1759 3815 1804
text 0.3201 1237 2098 1258 2138
text 0.3123 1705 1210 1726 1264
text 0.3123 1236 1480 1271 1548
text 0.3092 1242 1292 1291 1341
text 0.3059 458 1703 479 1738
text 0.3027 1080 1485 1103 1535
pins 0.7550 3166 421 3223 530
component 0.9977 3381 1776 3397 1795
component 0.9962 2514 1212 2560 1264
component 0.9955 2280 1566 2307 1645
component 0.9953 1169 1231 1215 1276
component 0.9945 527 1825 572 1864
component 0.9940 744 1833 763 1857
component 0.9929 1983 1580 2014 1647
component 0.9928 3516 1605 3566 1642
component 0.9914 820 655 836 685
component 0.9910 2073 1603 2092 1640
component 0.9908 1282 1155 1296 1184
component 0.9878 1645 1202 1683 1256
component 0.9874 562 1694 584 1726
component 0.9869 1696 666 1794 723
component 0.9859 1219 656 1315 714
component 0.9830 796 1834 839 1856
component 0.9828 3702 1776 3721 1796
component 0.9825 87 1668 170 1839
component 0.9825 661 1835 680 1855
component 0.9777 3522 88 3550 149
component 0.9756 2982 519 3076 586
component 0.9753 657 1753 673 1783
component 0.9752 1577 2141 1674 2213
component 0.9745 2122 675 2211 731
component 0.9733 915 1835 934 1857
component 0.9711 2023 1802 2120 1874
component 0.9693 2583 671 2677 731
component 0.9690 3173 1709 3186 1739
component 0.9676 975 654 994 675
component 0.9669 2181 1161 2199 1182
component 0.9650 1274 1230 1287 1260
component 0.9634 321 664 419 723
component 0.9613 1928 1962 1984 2046
component 0.9586 2145 1591 2190 1688
component 0.9583 89 1525 156 1617
component 0.9452 3379 1835 3398 1854
component 0.9414 1030 656 1049 684
component 0.9358 1720 984 1809 1096
component 0.9353 3380 1649 3399 1677
component 0.9336 282 1212 329 1258
component 0.9279 112 1598 142 1637
component 0.9193 2074 1213 2121 1257
component 0.9178 2726 1201 2746 1233
component 0.9115 3366 87 3406 159
component 0.9089 118 1843 145 1863
component 0.9084 739 1893 799 1932
component 0.9062 2618 1162 2637 1190
component 0.8869 3636 742 3763 773
component 0.8654 3075 688 3142 782
component 0.8474 456 1785 485 1823
component 0.8428 1245 981 1337 1094
component 0.8387 3664 876 3735 899
component 0.8335 926 655 943 684
component 0.8278 3262 676 3284 716
component 0.8242 2140 990 2236 1090
component 0.7864 3262 1710 3312 1735
component 0.7717 379 1197 401 1260
component 0.7657 146 1681 165 1717
component 0.7417 1489 1525 1556 1628
component 0.7252 147 1815 164 1844
component 0.7198 155 1531 173 1610
component 0.7103 1929 2094 1957 2115
component 0.6923 2610 985 2693 1094
component 0.6705 3652 1783 3671 1816
component 0.6688 346 982 438 1095
component 0.3104 141 1520 170 1613
test 0.9569 836 898 913 968
test 0.9562 641 1887 671 1920
test 0.8800 702 897 768 965
test 0.8436 3583 1565 3622 1603
led 0.9817 865 140 904 255
led 0.9760 965 138 1012 255
led 0.9689 2600 397 2647 509
led 0.9680 1720 413 1770 530
led 0.9656 2270 1359 2317 1468
led 0.9622 1158 411 1205 520
led 0.9392 1442 414 1490 531
led 0.9377 653 141 701 259
led 0.9225 3380 1397 3428 1505
led 0.9052 1773 1363 1830 1473
led 0.9031 449 1297 495 1404
led 0.8960 3379 1173 3426 1289
led 0.8847 2298 399 2346 506
led 0.8843 2692 1329 2737 1446
led 0.8680 2005 402 2052 513
led 0.8594 1368 1361 1412 1470
led 0.8191 757 135 806 257
clock 0.7817 250 1713 449 2043
clock 0.7680 1910 1931 2005 2066
ic 0.9811 282 841 458 967
ic 0.9804 2543 841 2716 975
ic 0.9757 2077 842 2256 974
ic 0.9731 1655 842 1831 963
ic 0.9670 1626 1716 1861 1901
ic 0.9663 1188 833 1366 967
ic 0.9623 385 1498 584 1708
ic 0.9489 2657 1164 2716 1277
ic 0.9383 1315 1166 1370 1279
ic 0.9344 418 1166 480 1275
ic 0.9163 1698 977 1826 1104
ic 0.8994 1775 1172 1840 1291
ic 0.8981 2193 1790 2269 1862
ic 0.8926 3418 1601 3488 1657
ic 0.8798 3299 639 3358 751
ic 0.8787 2123 974 2250 1106
ic 0.8350 3236 1764 3297 1826
ic 0.8301 2218 1148 2279 1265
ic 0.8095 799 1738 865 1803
ic 0.7929 1227 966 1352 1109
ic 0.7847 1449 1919 1497 2067
ic 0.7780 316 975 452 1101
ic 0.7590 2589 973 2711 1110
ic 0.7026 2015 2147 2057 2205
switch 0.9717 3593 731 3796 915
switch 0.9539 44 1647 214 1860
switch 0.9539 3330 13 3592 206
switch 0.9293 48 1503 209 1637
electrolytic 0.9806 1997 2224 2094 2262
electrolytic 0.9530 3270 1561 3370 1689
electrolytic 0.8762 3051 648 3166 822
electrolytic 0.8736 3484 1551 3584 1691
electrolytic 0.8630 1468 1491 1584 1676
electrolytic 0.8487 512 1783 612 1922
electrolytic 0.8102 1545 2116 1729 2238
electrolytic 0.7956 731 1886 827 2007
electrolytic 0.7813 2064 1149 2131 1314
electrolytic 0.7697 449 1760 503 1849
electrolytic 0.7431 1901 2087 1996 2125
electrolytic 0.7245 2938 488 3124 615
electrolytic 0.7063 272 1140 343 1308
electrolytic 0.6828 1981 1771 2161 1903
button 0.9779 2503 116 2735 360
button 0.9738 3564 323 3817 569
button 0.9732 1635 123 1869 364
button 0.9711 1930 121 2163 364
button 0.9664 47 1921 220 2039
button 0.9649 1058 124 1297 365
button 0.9575 2219 119 2458 354
button 0.9511 1355 121 1588 363
button 0.8919 3564 1077 3818 1309
diode 0.9585 789 555 847 615
diode 0.9473 866 559 914 614
diode 0.9341 936 559 981 617
fuse 0.9305 3308 310 3532 450
transistor 0.9736 2185 1374 2238 1433
transistor 0.9727 487 1923 685 2037
transistor 0.8247 2618 1366 2667 1423
transistor 0.8111 1694 1318 1752 1382
transistor 0.7204 3155 1610 3222 1677
transistor 0.6530 1298 1375 1352 1446
transistor 0.6240 885 1882 946 1939
jumper 0.9427 2159 2120 2218 2224
jumper 0.8997 2754 2134 2804 2233
jumper 0.8196 3232 1033 3292 1131
jumper 0.7662 3428 607 3485 695
inductor 0.9422 2075 2077 2102 2135
inductor 0.7793 2181 1988 2211 2045
inductor 0.7147 784 1815 872 1875
potentiometer 0.6259 2240 1522 2347 1723
transformer 0.9046 3445 1737 3583 1893
