connector 0.9869 1441 182 2359 582
connector 0.9803 2362 193 3877 587
connector 0.9762 351 314 1460 2340
connector 0.9544 3438 1760 3928 2242
resistor 0.8798 2732 2192 2854 2241
resistor 0.7365 3065 2096 3133 2137
resistor 0.7155 3424 877 3538 1021
resistor 0.6920 3425 1422 3537 1570
resistor 0.6111 3123 625 3171 761
pads 0.9534 3212 1576 3311 1754
pads 0.9523 2770 989 2883 1165
pads 0.9505 3308 1575 3394 1745
pads 0.7322 2759 1782 2873 1940
capacitor 0.8787 2018 1430 2066 1560
capacitor 0.8728 3355 2105 3393 2219
capacitor 0.8384 2423 944 2469 1060
capacitor 0.7796 2500 942 2547 1056
capacitor 0.7063 3041 2204 3096 2342
capacitor 0.6414 2588 934 2635 1059
text 0.9722 1782 1970 1990 2035
text 0.9705 2462 1240 2510 1278
text 0.9686 1476 1488 1669 1540
text 0.9605 3008 778 3057 855
text 0.9574 1170 211 1325 345
text 0.9567 3335 1924 3385 2048
text 0.9556 1546 1432 1743 1489
text 0.9552 1030 213 1185 354
text 0.9544 318 297 374 455
text 0.9531 2643 1240 2682 1297
text 0.9522 1475 815 1666 872
text 0.9486 1466 1261 1633 1319
text 0.9463 1540 1095 1714 1152
text 0.9458 2160 1973 2360 2038
text 0.9455 799 2350 828 2377
text 0.9451 1752 1834 1894 1977
text 0.9409 2413 1247 2453 1280
text 0.9398 2749 2252 2826 2307
text 0.9392 2635 1750 2673 1815
text 0.9385 1466 1710 1634 1761
text 0.9383 3229 1279 3368 1318
text 0.9376 1466 1039 1629 1097
text 0.9358 1470 924 1632 983
text 0.9354 1556 1645 1720 1702
text 0.9348 508 212 660 346
text 0.9301 949 211 1095 353
text 0.9298 1498 2318 1624 2372
text 0.9281 2711 938 2778 1350
text 0.9280 1550 1318 1709 1374
text 0.9271 2222 1586 2288 1639
text 0.9222 1537 874 1713 933
text 0.9203 3094 1344 3144 1658
text 0.9201 3546 1297 3596 1550
text 0.9184 2828 2105 2939 2162
text 0.9155 3235 1202 3363 1242
text 0.9155 1469 710 1631 758
text 0.9148 3230 1478 3286 1574
text 0.9126 487 2326 636 2384
text 0.9114 1452 2199 1712 2258
text 0.9111 2068 768 2127 907
text 0.9049 1787 779 1837 909
text 0.9046 2222 1643 2289 1694
text 0.9045 2221 1422 2285 1472
text 0.9031 2590 2020 2684 2076
text 0.9004 2904 777 2953 855
text 0.9002 2902 2056 3022 2106
text 0.8993 2220 1363 2288 1414
text 0.8992 1739 1728 1987 1806
text 0.8965 3225 1355 3364 1396
text 0.8893 1959 829 2028 1380
text 0.8866 1682 1915 1740 2040
text 0.8821 1544 1211 1712 1259
text 0.8817 3231 767 3287 856
text 0.8806 2887 1422 2949 1461
text 0.8798 2883 1506 2951 1565
text 0.8756 2691 1660 2740 2019
text 0.8729 1474 1594 1631 1653
text 0.8721 2111 605 2310 673
text 0.8706 2741 1584 2805 1633
text 0.8697 3576 1598 3626 1760
text 0.8687 1297 212 1450 352
text 0.8649 3230 1433 3364 1481
text 0.8648 2079 1440 2156 1490
text 0.8637 3403 2025 3450 2248
text 0.8636 1791 901 1971 1665
text 0.8635 865 213 1008 357
text 0.8605 2010 1585 2068 1672
text 0.8598 2519 1119 2566 1163
text 0.8591 3163 1631 3212 1762
text 0.8551 670 211 831 345
text 0.8503 2884 1358 2951 1406
text 0.8445 1473 1155 1636 1211
text 0.8370 603 211 754 340
text 0.8369 1467 2092 1631 2152
text 0.8301 2739 1634 2807 1686
text 0.8275 1559 1951 1618 2037
text 0.8252 1547 1538 1710 1586
text 0.8223 2221 1482 2287 1530
text 0.8207 2085 1601 2154 1649
text 0.8114 1714 910 1779 1410
text 0.8104 750 212 923 362
text 0.8032 1467 2259 1626 2308
text 0.7869 2083 1500 2156 1543
text 0.7858 2817 2306 2903 2358
text 0.7855 1470 609 1676 676
text 0.7851 2552 606 2713 672
text 0.7823 780 2323 1316 2375
text 0.7803 2533 1238 2590 1279
text 0.7798 2889 1633 2958 1679
text 0.7756 3249 2215 3326 2335
text 0.7699 518 294 580 461
text 0.7678 1470 2038 1590 2094
text 0.7639 1551 980 1712 1037
text 0.7612 2338 960 2393 1051
text 0.7612 2183 700 2281 761
text 0.7600 3547 1052 3595 1267
text 0.7543 3191 870 3249 998
text 0.7540 3007 900 3068 989
text 0.7528 1711 704 1761 881
text 0.7515 2355 1249 2402 1278
text 0.7506 3365 1450 3422 1568
text 0.7444 1470 1375 1630 1438
text 0.7377 2894 1577 2954 1626
text 0.7364 3124 769 3173 859
text 0.7283 2412 1913 2457 1972
text 0.7203 2226 1539 2286 1588
text 0.7188 2740 1413 2808 1462
text 0.7178 2739 1358 2808 1405
text 0.7138 2740 1518 2805 1572
text 0.7088 2353 1118 2394 1160
text 0.7025 2261 1054 2319 1145
text 0.6948 2653 950 2704 1028
text 0.6944 2578 1750 2624 1816
text 0.6934 3357 867 3415 1103
text 0.6870 3278 2118 3327 2195
text 0.6859 2085 1664 2152 1711
text 0.6854 3302 1479 3351 1571
text 0.6795 1893 780 1954 907
text 0.6688 2355 1750 2403 1818
text 0.6643 1743 1673 1906 1738
text 0.6560 1447 1903 1505 2022
text 0.6474 2454 1750 2514 1817
text 0.6454 3109 2144 3207 2192
text 0.6407 1548 652 1708 713
text 0.6345 670 2327 766 2377
text 0.6344 2357 1897 2395 1961
text 0.6299 2991 2288 3040 2370
text 0.6251 1450 1790 1489 1888
text 0.6161 2624 1912 2679 1973
text 0.6024 3539 1758 3648 1809
text 0.5664 3264 1920 3322 2052
text 0.5388 3115 874 3164 997
text 0.4390 2467 1908 2513 1979
text 0.4073 2567 1912 2626 1972
text 0.3333 3231 1384 3344 1430
text 0.3206 3232 1313 3354 1351
text 0.3046 2523 1754 2580 1813
text 0.3028 2091 1375 2162 1420
component 0.9957 3471 1463 3500 1528
component 0.9956 3257 1049 3278 1094
component 0.9899 3250 676 3278 711
component 0.9886 3027 672 3055 711
component 0.9825 2027 672 2057 718
component 0.9759 3468 913 3502 980
component 0.9757 3431 1643 3460 1683
component 0.9700 2623 2133 2662 2192
component 0.9680 3336 1838 3365 1876
component 0.9608 3250 1838 3277 1874
component 0.9562 1633 1954 1663 2000
component 0.9462 1807 683 1835 720
component 0.9452 3219 2257 3247 2288
component 0.9348 2778 2205 2817 2232
component 0.8997 2913 674 2942 711
component 0.8104 3143 1049 3180 1096
component 0.7984 1912 672 1951 723
component 0.7889 3076 2105 3122 2137
component 0.7856 2402 731 2685 828
component 0.7811 3143 2251 3171 2288
component 0.7581 3143 674 3164 714
component 0.7344 1520 1952 1547 1992
component 0.4011 3133 666 3166 722
test 0.9947 2422 1818 2452 1854
test 0.9918 2636 1818 2671 1845
test 0.9862 2644 1203 2672 1239
test 0.9765 2857 1588 2891 1626
test 0.9756 2806 1532 2837 1565
test 0.9739 2472 1819 2507 1849
test 0.9721 2855 1371 2883 1402
test 0.9711 2470 1152 2501 1183
test 0.9709 2807 1594 2836 1625
test 0.9704 2423 1866 2451 1903
test 0.9659 2416 1210 2448 1241
test 0.9637 2636 1867 2672 1899
test 0.9619 2807 1425 2835 1461
test 0.9613 2413 1146 2445 1182
test 0.9596 2193 1597 2221 1627
test 0.9513 2808 1372 2837 1403
test 0.9466 2472 1866 2508 1901
test 0.9437 2856 1492 2888 1536
test 0.9391 2471 1203 2499 1238
test 0.9284 2635 1147 2672 1184
test 0.9281 2852 1644 2886 1684
test 0.9244 2191 1491 2220 1521
test 0.9219 2588 1819 2615 1846
test 0.9218 2585 1209 2615 1240
test 0.9148 2365 1818 2393 1856
test 0.9108 2527 1818 2563 1847
test 0.9069 3328 2260 3412 2347
test 0.9027 2528 1865 2564 1902
test 0.9026 2572 1156 2609 1183
test 0.9003 2584 1865 2617 1901
test 0.8998 2139 1434 2172 1464
test 0.8938 2800 1643 2836 1681
test 0.8862 2854 1422 2884 1460
test 0.8835 2366 1865 2394 1903
test 0.8786 2528 1205 2557 1240
test 0.8768 2195 1374 2227 1405
test 0.8652 2192 1431 2222 1460
test 0.8627 2364 1210 2392 1239
test 0.8455 2194 1653 2227 1683
test 0.8444 2140 1598 2171 1630
test 0.8038 2143 1374 2172 1405
test 0.7847 2364 1151 2394 1184
test 0.7822 2137 1653 2171 1684
test 0.7220 2138 1492 2170 1526
led 0.9344 3616 1032 3785 1115
led 0.9218 3625 837 3791 925
led 0.9207 3621 931 3788 1018
led 0.9093 3615 1310 3785 1406
led 0.9074 3616 1404 3788 1500
led 0.8998 3615 1219 3788 1307
led 0.8482 3619 1500 3789 1588
led 0.8179 3193 1967 3278 2144
led 0.7915 3482 1594 3563 1753
led 0.7209 3616 1123 3784 1209
clock 0.9820 2251 703 2840 912
ic 0.9823 2288 1310 2750 1757
ic 0.8107 2900 1667 3191 2044
electrolytic 0.8168 2922 2130 2992 2351
button 0.9865 1626 2057 2080 2338
button 0.9800 2140 2041 2589 2328
button 0.9589 3393 1087 3544 1361
diode 0.9606 2712 2011 2875 2139
transistor 0.9176 2923 1008 3093 1142
jumper 0.8900 1479 1779 1703 1895
