connector 0.9863 1635 184 2552 585
connector 0.9779 59 1768 526 2277
connector 0.9738 133 196 1610 588
connector 0.9349 2508 316 3607 2293
resistor 0.8101 1131 2193 1254 2242
resistor 0.7565 451 1422 565 1569
resistor 0.7311 446 875 569 1021
resistor 0.7277 525 1601 573 1721
resistor 0.3384 822 2097 934 2152
pads 0.9653 685 1572 775 1749
pads 0.9316 593 1574 682 1747
pads 0.9222 1104 988 1220 1166
pads 0.8894 1115 1778 1231 1940
capacitor 0.8344 1922 1431 1971 1558
capacitor 0.8154 1517 943 1566 1051
capacitor 0.8131 893 2201 940 2336
capacitor 0.7488 1442 939 1492 1057
text 0.9764 1700 1586 1769 1633
text 0.9662 2357 1039 2523 1095
text 0.9659 2889 213 3036 356
text 0.9649 2275 1317 2441 1375
text 0.9633 1617 1970 1822 2039
text 0.9615 2321 1487 2518 1540
text 0.9595 538 2027 587 2244
text 0.9585 2359 1260 2523 1317
text 0.9556 2656 207 2818 346
text 0.9555 1703 1425 1766 1470
text 0.9504 2365 2318 2492 2372
text 0.9495 391 1296 440 1551
text 0.9460 1866 771 1922 899
text 0.9454 1309 2019 1399 2078
text 0.9451 1702 1479 1766 1530
text 0.9444 1478 1241 1524 1277
text 0.9434 2016 916 2201 1641
text 0.9413 2978 210 3126 353
text 0.9409 2808 212 2963 352
text 0.9398 2278 1099 2445 1153
text 0.9361 2008 1972 2202 2038
text 0.9296 3615 287 3672 461
text 0.9278 2270 1645 2433 1702
text 0.9267 969 2058 1093 2106
text 0.9232 2281 875 2453 932
text 0.9215 1704 1644 1768 1690
text 0.9172 2319 818 2517 874
text 0.9158 1181 1582 1247 1630
text 0.9155 1998 1732 2237 1811
text 0.9152 2277 1212 2439 1259
text 0.9145 1212 920 1276 1340
text 0.9145 1251 1652 1296 2025
text 0.9131 2488 1895 2536 2013
text 0.9127 1182 1358 1248 1404
text 0.9068 2284 2203 2537 2258
text 0.9018 2153 777 2202 912
text 0.8999 1416 1114 1471 1155
text 0.8975 3163 2354 3191 2378
text 0.8973 779 1635 828 1759
text 0.8961 2357 709 2521 760
text 0.8950 2357 922 2519 979
text 0.8927 1834 1497 1902 1542
text 0.8898 2354 1712 2520 1762
text 0.8857 2252 1914 2307 2040
text 0.8852 2274 1539 2438 1587
text 0.8851 703 768 758 853
text 0.8848 932 779 978 853
text 0.8839 1314 1751 1353 1815
text 0.8838 626 1278 761 1315
text 0.8808 565 1449 624 1568
text 0.8802 704 1483 760 1576
text 0.8795 391 1044 441 1262
text 0.8787 2360 1153 2516 1210
text 0.8768 3156 211 3331 348
text 0.8764 2279 646 2441 708
text 0.8743 1182 1416 1248 1463
text 0.8718 1060 2105 1160 2162
text 0.8695 1038 1577 1098 1628
text 0.8642 604 1920 659 2048
text 0.8636 628 1352 760 1394
text 0.8633 2249 1432 2436 1488
text 0.8623 1924 1590 1978 1665
text 0.8592 1837 1443 1913 1489
text 0.8587 634 1482 693 1570
text 0.8586 1837 1601 1903 1653
text 0.8521 1306 1239 1346 1297
text 0.8519 3359 2327 3499 2386
text 0.8519 1179 1635 1247 1685
text 0.8462 2544 209 2694 357
text 0.8456 952 2292 1001 2367
text 0.8453 1182 1468 1250 1529
text 0.8453 2497 1789 2535 1891
text 0.8445 1700 1365 1767 1414
text 0.8371 2278 983 2440 1038
text 0.8314 1034 1634 1104 1681
text 0.8294 1960 820 2026 1403
text 0.8232 1421 1240 1465 1279
text 0.8199 3221 2329 3316 2375
text 0.8168 2091 1838 2239 1976
text 0.8149 3325 213 3477 344
text 0.8106 1586 1245 1631 1278
text 0.8082 846 1344 895 1666
text 0.8052 1364 1242 1414 1279
text 0.8008 2208 893 2276 1421
text 0.7993 1714 703 1808 757
text 0.7989 3065 215 3224 362
text 0.7985 2354 1597 2517 1652
text 0.7984 924 904 976 990
text 0.7958 816 772 864 855
text 0.7950 1278 605 1432 674
text 0.7942 2364 2097 2524 2154
text 0.7927 1086 2306 1171 2356
text 0.7927 1834 1663 1902 1713
text 0.7915 575 869 636 1098
text 0.7906 657 1923 711 2039
text 0.7866 628 1431 761 1480
text 0.7864 1833 1556 1894 1607
text 0.7853 2369 2258 2528 2310
text 0.7836 624 1199 753 1240
text 0.7734 2688 2328 3186 2375
text 0.7722 1035 1423 1105 1460
text 0.7711 1538 1242 1577 1279
text 0.7658 3239 213 3385 343
text 0.7641 3414 306 3472 466
text 0.7637 2355 1378 2521 1439
text 0.7591 2400 2038 2527 2099
text 0.7554 1680 606 1873 670
text 0.7498 1162 2257 1241 2305
text 0.7482 1287 950 1335 1033
text 0.7391 1595 1111 1635 1154
text 0.7234 1527 1910 1584 1975
text 0.7223 2271 762 2468 821
text 0.7221 1035 1358 1107 1404
text 0.7210 662 2117 710 2195
text 0.7083 1036 1516 1102 1571
text 0.7054 1368 1751 1439 1818
text 0.6884 657 2219 711 2329
text 0.6867 1673 1059 1729 1147
text 0.6761 2377 1948 2441 2036
text 0.6664 2037 781 2096 906
text 0.6663 1037 780 1087 853
text 0.6605 1598 965 1654 1059
text 0.6578 826 870 875 995
text 0.6515 2090 1673 2255 1739
text 0.6438 365 1594 413 1748
text 0.6435 1572 1749 1631 1819
text 0.6261 741 875 798 995
text 0.6167 2348 610 2522 667
text 0.6011 319 1763 465 1813
text 0.6009 628 1160 758 1207
text 0.5788 2228 702 2276 884
text 0.5774 1470 1912 1512 1972
text 0.5540 772 2143 896 2192
text 0.4995 1478 1753 1533 1817
text 0.4695 1398 1909 1457 1976
text 0.3218 1047 1465 1123 1514
text 0.3122 1310 1916 1371 1977
component 0.9956 486 1465 521 1526
component 0.9907 932 672 960 710
component 0.9900 709 1051 731 1093
component 0.9892 710 674 739 708
component 0.9843 712 1837 741 1875
component 0.9836 625 1837 652 1875
component 0.9750 739 2258 767 2291
component 0.9649 486 915 519 980
component 0.9633 825 669 847 710
component 0.9585 808 1048 844 1101
component 0.9543 1049 674 1075 710
component 0.9502 2154 683 2183 722
component 0.9498 2039 674 2075 720
component 0.9491 817 2250 847 2288
component 0.9450 1328 2135 1367 2190
component 0.9349 1930 674 1960 720
component 0.9161 2325 1955 2356 1999
component 0.8818 1173 2204 1207 2230
component 0.8586 529 1644 558 1682
component 0.7810 1295 733 1590 822
component 0.7674 858 2104 912 2137
component 0.7171 2437 1950 2470 1994
test 0.9960 1491 1203 1519 1239
test 0.9876 1097 1589 1133 1625
test 0.9854 1481 1817 1518 1849
test 0.9757 1096 1479 1134 1516
test 0.9686 1105 1644 1136 1684
test 0.9669 1491 1151 1520 1181
test 0.9668 1481 1869 1517 1904
test 0.9640 1154 1525 1184 1564
test 0.9618 1102 1423 1136 1462
test 0.9573 1317 1866 1355 1897
test 0.9473 1812 1598 1844 1635
test 0.9457 1104 1372 1135 1404
test 0.9421 1154 1372 1187 1401
test 0.9400 1316 1143 1353 1181
test 0.9275 1424 1866 1460 1903
test 0.9177 1433 1205 1461 1240
test 0.9163 1799 1514 1835 1556
test 0.9156 1316 1203 1344 1238
test 0.9055 1153 1643 1192 1681
test 0.8892 1816 1378 1845 1406
test 0.8857 1538 1818 1568 1856
test 0.8748 1318 1815 1353 1844
test 0.8661 1374 1212 1403 1240
test 0.8654 1423 1815 1460 1849
test 0.8615 1153 1421 1186 1458
test 0.8545 1374 1865 1405 1903
test 0.8537 1536 1864 1568 1905
test 0.8423 1595 1211 1625 1241
test 0.8415 1540 1152 1574 1181
test 0.8394 1372 1815 1404 1846
test 0.8157 1759 1376 1794 1407
test 0.7976 1429 1154 1463 1184
test 0.7947 1596 1818 1625 1856
test 0.7876 1819 1654 1857 1684
test 0.7653 1540 1209 1572 1239
test 0.7646 1595 1864 1625 1904
test 0.7638 1790 1433 1829 1465
test 0.7348 1814 1433 1853 1466
test 0.7149 572 2257 670 2342
test 0.7146 1153 1594 1184 1626
test 0.4670 1804 1654 1838 1688
led 0.9622 197 1031 373 1115
led 0.9471 201 1308 371 1404
led 0.9429 199 934 363 1017
led 0.9376 709 1972 795 2149
led 0.9328 199 1220 370 1305
led 0.9295 202 1405 375 1498
led 0.9120 201 838 365 922
led 0.8583 201 1503 372 1590
led 0.7807 422 1592 509 1747
led 0.6913 199 1121 377 1211
clock 0.9858 1142 699 1737 912
ic 0.9876 1249 1307 1707 1759
ic 0.7552 802 1663 1090 2043
electrolytic 0.9057 997 2132 1064 2349
button 0.9855 1403 2038 1849 2327
button 0.9650 1916 2056 2360 2334
button 0.9336 445 1088 594 1364
diode 0.9723 1117 2009 1278 2135
transistor 0.9637 895 1010 1062 1142
jumper 0.6820 2276 1774 2502 1892
