connector 0.9881 1631 182 2556 584
connector 0.9825 142 195 1618 582
connector 0.9775 50 1745 524 2263
connector 0.9521 2553 458 3624 2435
resistor 0.7933 1133 2193 1253 2241
resistor 0.7788 524 1597 574 1726
resistor 0.7090 449 877 566 1022
resistor 0.7066 451 1422 563 1569
resistor 0.3282 841 2098 937 2154
pads 0.9583 686 1576 776 1749
pads 0.9307 1104 989 1220 1164
pads 0.9122 594 1580 682 1749
pads 0.9096 1112 1778 1233 1938
capacitor 0.8237 892 2203 941 2339
capacitor 0.7911 1923 1430 1972 1560
capacitor 0.7867 1517 943 1566 1055
capacitor 0.7525 1442 941 1488 1054
text 0.9704 1699 1584 1769 1633
text 0.9653 2893 212 3038 356
text 0.9646 2274 1317 2441 1374
text 0.9637 1621 1969 1828 2039
text 0.9620 2322 1488 2518 1541
text 0.9617 2654 207 2816 345
text 0.9582 2360 1257 2522 1314
text 0.9569 2357 1039 2523 1094
text 0.9557 537 2018 587 2252
text 0.9505 1864 773 1923 903
text 0.9504 2805 211 2959 351
text 0.9496 2981 209 3126 355
text 0.9467 394 1291 441 1554
text 0.9465 1704 1423 1767 1470
text 0.9452 2002 1970 2199 2038
text 0.9449 2320 819 2518 876
text 0.9400 2280 875 2449 929
text 0.9398 2018 910 2201 1653
text 0.9396 1250 1658 1297 2016
text 0.9336 2278 1096 2448 1150
text 0.9307 1703 1477 1766 1528
text 0.9293 967 2057 1088 2107
text 0.9275 2364 2317 2492 2372
text 0.9257 3615 289 3672 462
text 0.9251 1312 2018 1399 2078
text 0.9233 1179 1358 1248 1403
text 0.9202 2278 1211 2440 1259
text 0.9195 1183 1581 1247 1631
text 0.9176 932 777 979 855
text 0.9148 1480 1241 1525 1277
text 0.9144 2151 777 2202 912
text 0.9095 3353 2328 3497 2385
text 0.9087 2357 925 2518 980
text 0.9054 702 768 759 858
text 0.9048 1703 1642 1766 1690
text 0.9019 2250 1915 2307 2038
text 0.9008 3164 2354 3191 2378
text 0.9004 2487 1896 2539 2018
text 0.9002 2283 2203 2533 2259
text 0.8979 1213 923 1279 1343
text 0.8973 778 1634 829 1761
text 0.8947 2273 1645 2436 1704
text 0.8918 1993 1731 2238 1808
text 0.8896 1039 1576 1098 1626
text 0.8876 1182 1634 1249 1684
text 0.8864 2351 1710 2527 1762
text 0.8851 2254 1432 2435 1487
text 0.8826 1183 1414 1249 1463
text 0.8823 701 1482 762 1571
text 0.8787 2275 1538 2442 1587
text 0.8773 607 1919 660 2049
text 0.8758 1034 1634 1104 1682
text 0.8737 1309 1240 1349 1295
text 0.8737 2356 708 2521 756
text 0.8709 564 1450 623 1569
text 0.8698 2358 1154 2519 1210
text 0.8660 634 1482 692 1571
text 0.8627 2496 1789 2535 1891
text 0.8621 1313 1750 1354 1817
text 0.8598 625 1277 763 1316
text 0.8581 1413 1117 1469 1158
text 0.8578 2545 208 2695 358
text 0.8550 1537 1242 1577 1278
text 0.8521 1923 1591 1980 1665
text 0.8515 1182 1472 1249 1531
text 0.8510 2087 1838 2236 1975
text 0.8487 1833 1495 1901 1542
text 0.8471 1364 1241 1411 1279
text 0.8471 1836 1600 1903 1653
text 0.8458 632 1355 757 1395
text 0.8428 1273 605 1430 674
text 0.8427 2361 2256 2525 2307
text 0.8423 3331 211 3480 345
text 0.8408 1709 703 1808 758
text 0.8326 3160 210 3319 347
text 0.8323 2280 648 2440 711
text 0.8313 3064 213 3225 365
text 0.8310 392 1044 442 1267
text 0.8292 814 771 865 856
text 0.8277 3413 311 3471 461
text 0.8271 577 863 637 1108
text 0.8240 1059 2105 1161 2163
text 0.8199 2399 2039 2527 2097
text 0.8145 2353 1596 2521 1653
text 0.8106 2362 2098 2522 2155
text 0.8084 3219 2328 3322 2378
text 0.8057 2282 983 2441 1037
text 0.8035 1420 1240 1464 1278
text 0.8018 1162 2257 1242 2305
text 0.8008 1586 1244 1631 1277
text 0.7953 657 2228 710 2336
text 0.7924 1836 1442 1911 1488
text 0.7841 1959 827 2028 1391
text 0.7766 1089 2306 1171 2356
text 0.7717 1596 1110 1634 1148
text 0.7707 3240 210 3383 344
text 0.7688 628 1431 760 1480
text 0.7655 2354 1376 2522 1438
text 0.7650 660 1921 710 2046
text 0.7623 1703 1368 1768 1413
text 0.7614 2207 901 2275 1416
text 0.7606 1834 1664 1901 1715
text 0.7603 845 1342 895 1666
text 0.7568 1833 1555 1893 1607
text 0.7548 1037 1359 1104 1403
text 0.7548 1373 1749 1441 1819
text 0.7514 1287 948 1335 1032
text 0.7489 1035 1422 1106 1461
text 0.7483 662 2117 711 2196
text 0.7457 922 904 978 987
text 0.7426 1529 1911 1584 1975
text 0.7285 2037 780 2096 907
text 0.7278 954 2290 1001 2366
text 0.7238 623 1199 754 1241
text 0.7221 2373 1948 2438 2038
text 0.7127 1673 1060 1731 1149
text 0.7060 2274 763 2465 823
text 0.7008 365 1591 418 1752
text 0.6992 2349 609 2526 668
text 0.6958 1035 1515 1102 1573
text 0.6949 1035 782 1087 854
text 0.6905 1667 603 1882 674
text 0.6799 1361 1751 1410 1816
text 0.6772 1477 1752 1527 1816
text 0.6608 2091 1674 2258 1739
text 0.6468 1569 1748 1629 1819
text 0.6324 1471 1914 1513 1971
text 0.6319 628 1155 759 1206
text 0.6277 2722 226 2840 347
text 0.6223 1598 960 1653 1058
text 0.6221 826 870 875 995
text 0.6175 2230 705 2280 883
text 0.6027 739 874 800 994
text 0.5955 2706 2326 3158 2376
text 0.5640 319 1763 463 1813
text 0.5413 772 2144 891 2192
text 0.4248 616 1263 764 1302
text 0.4107 1396 1910 1453 1975
text 0.3360 667 1480 746 1563
text 0.3288 1836 1473 1909 1516
text 0.3208 1306 1919 1375 1978
text 0.3143 1587 1138 1632 1175
component 0.9953 486 1465 522 1527
component 0.9923 931 672 959 710
component 0.9894 711 675 740 711
component 0.9882 708 1050 732 1090
component 0.9871 626 1837 654 1874
component 0.9865 711 1838 740 1873
component 0.9841 741 2259 767 2292
component 0.9803 2156 681 2183 721
component 0.9766 825 674 847 711
component 0.9730 488 916 518 983
component 0.9650 2039 675 2075 721
component 0.9616 1932 673 1961 718
component 0.9588 817 2252 847 2290
component 0.9571 807 1048 844 1099
component 0.9548 1049 676 1075 712
component 0.9457 1327 2135 1364 2191
component 0.9393 2325 1955 2356 1997
component 0.8974 1172 2203 1208 2230
component 0.8099 529 1642 557 1683
component 0.8062 2439 1950 2469 1990
component 0.7531 864 2104 918 2139
component 0.6902 1295 728 1581 858
test 0.9962 1491 1202 1519 1237
test 0.9892 1098 1589 1133 1624
test 0.9787 1102 1372 1132 1403
test 0.9787 1480 1817 1518 1848
test 0.9764 1482 1870 1518 1904
test 0.9721 1106 1643 1136 1683
test 0.9682 1098 1480 1134 1515
test 0.9665 1490 1152 1520 1181
test 0.9596 1153 1527 1183 1566
test 0.9581 1317 1867 1354 1897
test 0.9423 1103 1424 1135 1463
test 0.9375 1317 1205 1345 1239
test 0.9361 1316 1143 1353 1183
test 0.9319 1815 1377 1844 1405
test 0.9265 1425 1866 1460 1904
test 0.9250 1153 1643 1190 1679
test 0.9221 1153 1371 1188 1402
test 0.9180 1814 1597 1845 1631
test 0.9148 1432 1204 1461 1239
test 0.9102 1153 1424 1184 1459
test 0.9059 1796 1514 1832 1556
test 0.8843 1375 1212 1403 1240
test 0.8836 1374 1866 1404 1904
test 0.8783 1539 1819 1569 1855
test 0.8767 1320 1816 1353 1843
test 0.8731 1597 1209 1625 1239
test 0.8545 1423 1817 1460 1849
test 0.8511 1371 1816 1405 1847
test 0.8369 1153 1594 1182 1625
test 0.8318 1539 1864 1569 1904
test 0.8291 1595 1866 1624 1902
test 0.8116 1595 1819 1625 1854
test 0.7901 1793 1432 1830 1463
test 0.7853 1538 1154 1572 1181
test 0.7562 1429 1152 1464 1185
test 0.7545 1811 1651 1855 1681
test 0.7307 579 2256 668 2342
test 0.7092 1759 1373 1793 1406
test 0.7060 1812 1434 1854 1465
test 0.6718 1540 1208 1572 1236
test 0.3057 1801 1498 1842 1540
led 0.9562 198 1032 373 1116
led 0.9463 202 1308 372 1403
led 0.9432 200 934 365 1015
led 0.9336 708 1967 799 2150
led 0.9278 198 835 367 924
led 0.9234 202 1407 375 1499
led 0.9196 202 1218 372 1304
led 0.8623 203 1504 371 1589
led 0.7861 422 1593 510 1749
led 0.7104 201 1123 375 1209
clock 0.9867 1144 700 1737 913
ic 0.9903 1250 1307 1704 1757
ic 0.7873 801 1667 1096 2040
electrolytic 0.8591 999 2134 1065 2348
button 0.9872 1402 2039 1845 2327
button 0.9672 1911 2059 2363 2335
button 0.9317 443 1087 593 1363
diode 0.9813 1117 2007 1279 2138
transistor 0.9664 892 1008 1065 1145
jumper 0.7590 2276 1773 2504 1894
