connector 0.9873 1635 184 2551 584
connector 0.9847 134 193 1616 582
connector 0.9763 50 1745 524 2264
connector 0.9444 2553 455 3622 2438
resistor 0.7988 1131 2193 1255 2242
resistor 0.7562 524 1596 575 1726
resistor 0.7269 449 877 566 1022
resistor 0.7003 451 1422 563 1568
resistor 0.3484 830 2096 936 2153
pads 0.9645 685 1574 776 1750
pads 0.9362 1103 991 1221 1161
pads 0.9130 594 1578 680 1749
pads 0.9057 1113 1779 1232 1939
capacitor 0.8027 1923 1431 1971 1559
capacitor 0.8027 893 2203 940 2336
capacitor 0.7868 1517 942 1566 1057
capacitor 0.7664 1443 940 1491 1057
text 0.9737 1699 1585 1769 1633
text 0.9709 2893 213 3036 356
text 0.9649 1625 1968 1829 2039
text 0.9627 2275 1318 2442 1374
text 0.9625 538 2018 587 2251
text 0.9619 2359 1257 2522 1314
text 0.9614 2321 1488 2517 1541
text 0.9592 2356 1039 2522 1094
text 0.9571 2656 208 2817 345
text 0.9567 394 1295 440 1551
text 0.9550 2807 212 2958 351
text 0.9549 2981 211 3124 355
text 0.9461 1864 774 1923 903
text 0.9425 2005 1969 2201 2038
text 0.9424 1704 1424 1766 1471
text 0.9419 2317 818 2518 874
text 0.9414 1251 1659 1297 2018
text 0.9394 2364 2318 2490 2371
text 0.9381 2280 876 2449 930
text 0.9359 2278 1096 2447 1150
text 0.9354 1703 1478 1765 1528
text 0.9338 2018 913 2201 1650
text 0.9320 3615 288 3672 462
text 0.9313 966 2058 1088 2107
text 0.9303 1311 2018 1399 2078
text 0.9241 1183 1581 1248 1631
text 0.9217 1183 1358 1248 1403
text 0.9153 1479 1241 1525 1277
text 0.9129 2488 1899 2538 2019
text 0.9113 932 778 980 854
text 0.9109 2152 777 2201 912
text 0.9103 2278 1211 2440 1259
text 0.9093 2279 2203 2532 2258
text 0.9047 1702 1643 1766 1690
text 0.9029 1212 924 1278 1344
text 0.9026 2272 1644 2436 1702
text 0.9022 2350 1711 2524 1762
text 0.9017 2250 1915 2307 2038
text 0.9008 3163 2355 3190 2378
text 0.9004 1993 1731 2240 1808
text 0.9001 702 767 759 857
text 0.8996 779 1635 829 1761
text 0.8952 2357 923 2518 980
text 0.8904 703 1482 762 1572
text 0.8899 3354 2327 3498 2385
text 0.8840 1182 1634 1249 1684
text 0.8836 2354 710 2521 759
text 0.8823 606 1919 658 2048
text 0.8807 1184 1414 1249 1462
text 0.8799 1313 1750 1354 1816
text 0.8796 2356 1153 2519 1209
text 0.8790 1038 1576 1098 1627
text 0.8790 626 1279 762 1317
text 0.8786 2254 1433 2436 1487
text 0.8773 2275 1538 2443 1587
text 0.8770 1307 1240 1348 1296
text 0.8727 563 1450 622 1569
text 0.8681 1414 1117 1469 1158
text 0.8656 1834 1496 1901 1542
text 0.8650 2279 648 2439 709
text 0.8648 2544 210 2696 355
text 0.8625 1538 1242 1578 1277
text 0.8608 1034 1634 1104 1681
text 0.8599 634 1482 692 1570
text 0.8551 2496 1789 2534 1887
text 0.8548 2086 1837 2237 1976
text 0.8542 1837 1599 1903 1653
text 0.8532 1923 1590 1980 1665
text 0.8515 3328 211 3482 340
text 0.8484 1183 1474 1250 1535
text 0.8465 630 1354 759 1394
text 0.8458 1058 2104 1161 2163
text 0.8454 1711 703 1808 758
text 0.8436 3156 209 3319 346
text 0.8419 577 863 637 1104
text 0.8407 393 1046 442 1266
text 0.8391 3067 214 3223 366
text 0.8256 1833 1664 1901 1714
text 0.8253 2282 983 2440 1037
text 0.8236 814 769 865 856
text 0.8225 2350 1596 2518 1653
text 0.8219 1365 1241 1412 1279
text 0.8205 659 2224 709 2330
text 0.8179 3413 311 3471 463
text 0.8169 1419 1239 1464 1278
text 0.8130 1836 1443 1912 1489
text 0.8125 845 1349 895 1664
text 0.8103 2364 2256 2525 2308
text 0.8086 1273 605 1432 673
text 0.8000 3241 209 3382 343
text 0.7986 2363 2095 2522 2155
text 0.7946 1596 1111 1634 1151
text 0.7880 1162 2257 1241 2305
text 0.7800 1960 822 2027 1396
text 0.7785 1529 1911 1582 1975
text 0.7770 3219 2328 3317 2375
text 0.7763 629 1430 761 1480
text 0.7758 2207 900 2276 1416
text 0.7756 1704 1367 1768 1413
text 0.7751 2353 1377 2522 1438
text 0.7741 1585 1244 1630 1277
text 0.7722 660 1921 711 2047
text 0.7653 953 2290 1001 2366
text 0.7652 1671 606 1878 672
text 0.7629 1088 2306 1172 2356
text 0.7589 922 904 978 987
text 0.7582 1037 1358 1105 1403
text 0.7556 2401 2039 2524 2098
text 0.7549 1036 1423 1106 1461
text 0.7510 1833 1555 1893 1607
text 0.7498 662 2117 711 2194
text 0.7432 1673 1060 1731 1149
text 0.7411 1370 1750 1439 1817
text 0.7321 624 1200 754 1243
text 0.7174 2037 780 2096 904
text 0.7170 1035 1515 1102 1572
text 0.7141 2273 762 2466 823
text 0.7124 2374 1946 2437 2039
text 0.7101 1287 948 1336 1033
text 0.7073 2092 1673 2258 1739
text 0.7052 1035 783 1087 854
text 0.6931 2352 611 2525 666
text 0.6778 1477 1752 1528 1815
text 0.6717 366 1592 415 1748
text 0.6577 2692 2325 3176 2374
text 0.6506 1471 1914 1513 1971
text 0.6475 628 1156 759 1205
text 0.6459 1597 960 1653 1059
text 0.6384 826 871 875 996
text 0.6245 2230 705 2278 882
text 0.6179 1570 1748 1630 1819
text 0.6131 738 874 801 995
text 0.5526 335 1757 456 1808
text 0.5237 771 2144 893 2191
text 0.4199 1399 1911 1455 1974
text 0.3214 616 1261 765 1300
text 0.3082 1307 1919 1374 1979
component 0.9951 486 1464 521 1526
component 0.9916 932 672 960 710
component 0.9903 711 675 739 710
component 0.9879 707 1051 731 1091
component 0.9868 626 1837 654 1874
component 0.9840 712 1837 740 1874
component 0.9838 740 2258 766 2291
component 0.9804 2155 682 2182 720
component 0.9758 489 916 519 982
component 0.9746 825 673 846 710
component 0.9597 2038 674 2075 720
component 0.9583 807 1047 844 1099
component 0.9549 1931 673 1960 719
component 0.9534 1049 674 1075 712
component 0.9506 817 2251 847 2290
component 0.9409 1328 2135 1365 2190
component 0.9379 2324 1955 2356 1997
component 0.8609 1171 2203 1208 2230
component 0.8424 529 1644 556 1683
component 0.8055 863 2105 914 2137
component 0.7812 2440 1950 2469 1992
component 0.6580 1291 732 1598 824
test 0.9953 1491 1202 1519 1238
test 0.9892 1098 1589 1132 1624
test 0.9805 1482 1870 1518 1904
test 0.9779 1097 1482 1133 1517
test 0.9748 1479 1818 1519 1849
test 0.9747 1106 1643 1136 1683
test 0.9731 1104 1374 1134 1403
test 0.9647 1490 1152 1521 1182
test 0.9642 1153 1529 1183 1567
test 0.9636 1318 1867 1354 1898
test 0.9536 1103 1423 1135 1462
test 0.9417 1317 1204 1345 1239
test 0.9379 1153 1373 1185 1402
test 0.9378 1814 1377 1844 1404
test 0.9325 1316 1142 1354 1183
test 0.9251 1153 1424 1184 1459
test 0.9247 1813 1596 1845 1631
test 0.9241 1426 1866 1461 1904
test 0.9230 1154 1644 1190 1681
test 0.9189 1796 1512 1833 1555
test 0.9169 1433 1205 1461 1239
test 0.8981 1374 1866 1404 1904
test 0.8947 1375 1212 1403 1240
test 0.8867 1540 1819 1569 1856
test 0.8796 1319 1816 1354 1843
test 0.8484 1371 1815 1404 1846
test 0.8484 1424 1816 1460 1849
test 0.8361 1538 1864 1569 1904
test 0.8294 1597 1209 1625 1239
test 0.8269 1596 1866 1625 1902
test 0.8161 1153 1594 1182 1626
test 0.7976 1539 1154 1572 1180
test 0.7885 1812 1652 1856 1682
test 0.7844 1793 1433 1829 1462
test 0.7836 1596 1819 1625 1855
test 0.7695 1429 1153 1464 1184
test 0.7424 1541 1208 1572 1236
test 0.7333 575 2255 664 2341
test 0.7208 1759 1373 1793 1405
test 0.7186 1812 1433 1854 1465
test 0.3194 1795 1498 1836 1540
led 0.9623 198 1030 373 1115
led 0.9483 200 934 366 1017
led 0.9392 202 1307 373 1403
led 0.9353 710 1971 798 2150
led 0.9339 202 1406 375 1497
led 0.9191 200 836 366 923
led 0.9190 201 1220 372 1305
led 0.8932 204 1502 372 1587
led 0.7844 423 1589 509 1746
led 0.7234 200 1124 377 1209
clock 0.9879 1144 701 1737 912
ic 0.9898 1251 1308 1704 1758
ic 0.7833 802 1663 1094 2044
electrolytic 0.8606 999 2133 1065 2350
button 0.9850 1402 2040 1845 2328
button 0.9646 1912 2061 2362 2335
button 0.9289 440 1087 596 1366
diode 0.9815 1117 2008 1279 2135
transistor 0.9665 892 1009 1065 1144
jumper 0.7994 2275 1772 2504 1892
