resistor 0.9613 331 230 354 238
resistor 0.9513 668 353 680 376
resistor 0.9476 701 350 711 376
resistor 0.9343 413 252 438 264
resistor 0.9331 330 215 354 225
resistor 0.9317 703 133 729 146
resistor 0.9314 479 131 502 146
resistor 0.9270 129 480 149 490
resistor 0.9199 642 620 665 631
resistor 0.9159 372 228 398 238
resistor 0.9152 413 228 438 238
resistor 0.9142 373 253 397 263
resistor 0.9106 413 213 437 224
resistor 0.9095 698 463 711 488
resistor 0.9056 374 200 397 212
resistor 0.9045 129 465 149 473
resistor 0.9039 622 347 635 376
resistor 0.9036 591 133 616 146
resistor 0.8902 500 263 523 274
resistor 0.8858 653 548 675 562
resistor 0.8778 326 202 357 212
resistor 0.8709 183 348 199 375
resistor 0.8698 456 540 476 550
resistor 0.8680 499 219 523 232
resistor 0.8622 453 524 476 534
resistor 0.8593 374 215 397 226
resistor 0.8510 330 253 352 263
resistor 0.8438 500 233 520 247
resistor 0.8434 413 269 438 279
resistor 0.8396 657 575 673 586
resistor 0.8384 466 320 479 342
resistor 0.8259 375 269 397 278
resistor 0.8162 382 337 393 360
resistor 0.8088 224 353 237 373
resistor 0.8035 656 587 675 597
resistor 0.8010 670 465 681 489
resistor 0.7930 426 526 446 534
resistor 0.7823 367 133 388 144
resistor 0.7637 655 529 678 539
resistor 0.7500 428 540 446 549
resistor 0.7402 425 554 446 562
resistor 0.7034 265 350 275 373
resistor 0.6847 502 247 524 257
resistor 0.6837 454 554 477 564
resistor 0.3223 329 237 351 247
ic 0.9915 632 210 696 273
ic 0.9838 423 357 535 462
ic 0.9272 734 404 775 434
button 0.9337 440 47 514 125
button 0.9267 323 46 402 125
button 0.8926 667 47 744 124
button 0.8754 557 47 627 124
