resistor 0.9638 703 215 726 225
resistor 0.9497 703 230 726 239
resistor 0.9297 423 347 435 376
resistor 0.9278 581 539 602 549
resistor 0.9250 581 524 604 534
resistor 0.9219 440 134 466 146
resistor 0.9197 376 465 387 488
resistor 0.9190 346 349 357 375
resistor 0.9168 328 133 353 146
resistor 0.9094 783 349 794 372
resistor 0.8826 377 351 390 377
resistor 0.8825 392 619 416 630
resistor 0.8799 382 587 403 597
resistor 0.8746 820 352 835 373
resistor 0.8711 705 254 726 263
resistor 0.8709 859 347 875 374
resistor 0.8675 617 251 642 263
resistor 0.8648 619 240 642 251
resistor 0.8611 658 213 684 225
resistor 0.8611 659 200 683 212
resistor 0.8553 618 268 643 279
resistor 0.8492 701 202 730 212
resistor 0.8434 346 463 359 489
resistor 0.8374 619 212 645 224
resistor 0.8288 378 529 402 539
resistor 0.8219 908 479 928 490
resistor 0.8205 384 574 402 585
resistor 0.8156 670 133 691 144
resistor 0.8100 620 227 645 238
resistor 0.8071 660 268 683 279
resistor 0.8007 660 227 686 238
resistor 0.7903 533 263 557 274
resistor 0.7765 556 130 578 147
resistor 0.7725 581 554 604 564
resistor 0.7702 665 338 675 360
resistor 0.7658 660 253 683 263
resistor 0.7625 612 554 633 563
resistor 0.7529 908 464 928 473
resistor 0.7509 536 233 558 248
resistor 0.7399 532 247 555 258
resistor 0.7285 534 220 558 233
resistor 0.7206 612 541 631 550
resistor 0.7107 612 526 632 534
resistor 0.7068 382 549 404 562
resistor 0.6784 579 319 592 343
ic 0.9793 362 210 426 275
ic 0.9639 283 404 323 434
ic 0.9621 521 358 635 462
button 0.9521 313 46 392 125
button 0.9152 542 47 617 125
button 0.9096 654 46 735 125
button 0.8753 430 49 503 127
