resistor 0.9763 455 197 476 207
resistor 0.9665 454 212 476 223
resistor 0.9479 701 370 711 395
resistor 0.9468 413 521 437 531
resistor 0.9410 129 253 151 264
resistor 0.9364 703 600 729 613
resistor 0.9271 330 521 354 531
resistor 0.9234 331 508 354 516
resistor 0.9177 622 370 634 398
resistor 0.9104 374 534 397 546
resistor 0.9082 668 370 680 393
resistor 0.9053 374 483 397 492
resistor 0.9048 129 273 150 281
resistor 0.9017 499 472 524 483
resistor 0.8989 479 600 502 614
resistor 0.8984 499 514 522 526
resistor 0.8933 698 258 711 281
resistor 0.8888 654 149 677 166
resistor 0.8885 592 600 616 610
resistor 0.8797 372 509 397 519
resistor 0.8792 374 468 397 477
resistor 0.8749 426 184 446 192
resistor 0.8738 501 499 520 513
resistor 0.8722 413 509 437 518
resistor 0.8617 413 468 438 477
resistor 0.8597 670 258 680 281
resistor 0.8410 642 116 665 126
resistor 0.8393 414 482 438 493
resistor 0.8257 331 480 351 490
resistor 0.8179 224 373 237 395
resistor 0.8170 654 207 678 218
resistor 0.8147 367 603 387 611
resistor 0.8050 265 373 275 396
resistor 0.8024 652 184 675 196
resistor 0.7986 326 532 356 544
resistor 0.7971 657 156 674 171
resistor 0.7956 183 370 198 399
resistor 0.7871 454 182 476 192
resistor 0.7840 466 403 479 426
resistor 0.7639 382 383 392 409
resistor 0.7600 374 521 398 531
resistor 0.7442 428 197 447 206
resistor 0.7201 426 212 446 220
resistor 0.6354 504 487 525 498
resistor 0.5089 373 493 398 504
resistor 0.3940 414 500 438 510
resistor 0.3916 330 496 353 507
ic 0.9911 633 473 696 536
ic 0.9821 423 284 535 389
ic 0.9325 731 311 774 343
button 0.9612 323 620 402 699
button 0.9590 440 620 515 699
button 0.9434 668 621 744 699
button 0.9037 557 621 627 698
