connector 0.9906 1578 556 1973 865
connector 0.9899 1581 972 1970 1280
connector 0.9880 553 40 894 327
connector 0.9828 1470 105 1972 504
connector 0.9783 953 93 1082 595
connector 0.9783 168 1193 1292 1318
connector 0.9756 18 450 167 957
connector 0.9574 1130 16 1284 356
connector 0.8974 163 59 341 207
connector 0.8059 1331 1118 1442 1170
resistor 0.9825 519 973 537 1007
resistor 0.9789 475 448 490 486
resistor 0.9785 505 141 519 179
resistor 0.9785 245 737 259 776
resistor 0.9677 1201 1041 1216 1083
resistor 0.9524 1364 947 1379 987
resistor 0.9439 408 545 446 560
resistor 0.9388 480 972 494 1007
resistor 0.9379 552 958 567 992
resistor 0.9374 914 222 947 242
resistor 0.9340 1216 463 1249 478
resistor 0.9309 1216 410 1249 425
resistor 0.9259 1240 671 1254 705
resistor 0.9257 249 1141 269 1179
resistor 0.9256 1437 1040 1473 1058
resistor 0.9133 1312 656 1327 685
resistor 0.9028 1385 949 1399 987
resistor 0.8993 1308 463 1342 479
resistor 0.8948 296 1150 336 1170
resistor 0.8851 533 390 548 427
resistor 0.8782 1342 655 1360 689
resistor 0.8708 682 958 720 973
resistor 0.8532 517 578 528 618
resistor 0.8482 1429 256 1466 272
resistor 0.8217 1200 655 1238 675
resistor 0.8169 175 834 210 849
resistor 0.8084 1215 391 1249 405
resistor 0.7998 1413 656 1427 694
resistor 0.7896 796 616 812 660
resistor 0.7820 293 853 312 890
resistor 0.7666 1293 654 1308 689
resistor 0.6542 1260 654 1279 688
resistor 0.3511 909 199 948 220
resistor 0.3025 1218 436 1250 455
pads 0.9503 1048 940 1062 974
pads 0.9386 1424 300 1466 319
pads 0.8841 1433 334 1471 352
pads 0.8582 533 343 549 381
pads 0.8084 1433 391 1471 407
pads 0.7778 1426 358 1471 377
pads 0.7720 962 771 1018 800
pads 0.7420 499 420 518 463
pads 0.7221 1091 271 1111 310
pads 0.6327 1432 1011 1473 1026
capacitor 0.9860 324 324 419 371
capacitor 0.9837 384 386 418 454
capacitor 0.9789 1009 935 1028 973
capacitor 0.9758 1307 294 1345 386
capacitor 0.9752 110 353 144 419
capacitor 0.9628 933 858 950 896
capacitor 0.9614 1095 742 1110 781
capacitor 0.9606 263 356 298 420
capacitor 0.9605 1191 487 1206 521
capacitor 0.9532 1437 553 1528 598
capacitor 0.9508 67 353 105 420
capacitor 0.9428 1196 862 1220 919
capacitor 0.9425 1437 1064 1470 1078
capacitor 0.9423 937 746 956 785
capacitor 0.9372 1221 487 1249 503
capacitor 0.9340 894 804 932 819
capacitor 0.9328 225 354 259 419
capacitor 0.9282 1071 958 1129 982
capacitor 0.9250 408 141 422 179
capacitor 0.9244 1293 237 1383 281
capacitor 0.9211 1485 611 1529 709
capacitor 0.9174 978 815 1014 829
capacitor 0.9165 323 467 416 506
capacitor 0.9148 1086 867 1147 895
capacitor 0.9148 1250 1112 1289 1132
capacitor 0.8835 1317 1044 1336 1079
capacitor 0.8781 634 1159 674 1175
capacitor 0.8693 461 322 500 339
capacitor 0.8675 1079 704 1112 718
capacitor 0.8491 1279 410 1313 425
capacitor 0.8389 1031 702 1071 718
capacitor 0.8376 1126 486 1182 511
capacitor 0.8314 182 771 221 790
capacitor 0.8289 456 227 499 247
capacitor 0.8141 1476 1134 1518 1231
capacitor 0.8037 1096 804 1110 843
capacitor 0.7989 909 828 937 844
capacitor 0.7970 991 685 1027 722
capacitor 0.7970 1307 487 1341 502
capacitor 0.7784 1196 756 1220 813
capacitor 0.7719 1043 765 1081 781
capacitor 0.7709 1432 232 1467 251
capacitor 0.7418 861 828 893 843
capacitor 0.7380 864 680 899 719
capacitor 0.7175 227 948 250 992
capacitor 0.6644 955 934 970 968
capacitor 0.6566 1076 934 1115 949
capacitor 0.6521 259 957 279 997
capacitor 0.6166 223 1141 240 1179
capacitor 0.4146 237 954 262 995
capacitor 0.3354 214 1139 235 1184
text 0.9876 389 1021 413 1070
text 0.9865 504 328 533 372
text 0.9842 1311 602 1336 650
text 0.9842 913 286 951 396
text 0.9814 1312 979 1341 1035
text 0.9800 1168 1040 1192 1088
text 0.9782 1476 1064 1537 1092
text 0.9782 1824 943 1879 977
text 0.9761 1351 357 1374 401
text 0.9759 1024 790 1085 819
text 0.9758 1069 1000 1133 1026
text 0.9755 1043 987 1067 1035
text 0.9751 850 727 875 790
text 0.9745 947 717 1005 742
text 0.9736 664 347 692 372
text 0.9728 1350 295 1374 340
text 0.9713 1504 713 1533 761
text 0.9711 342 93 379 209
text 0.9692 1163 929 1192 977
text 0.9680 918 900 947 963
text 0.9668 827 795 889 819
text 0.9651 1081 174 1106 229
text 0.9642 851 338 880 367
text 0.9628 1158 694 1187 742
text 0.9607 167 213 202 237
text 0.9601 1111 804 1173 829
text 0.9599 735 406 760 435
text 0.9586 1124 733 1152 791
text 0.9585 235 275 269 299
text 0.9584 408 497 447 521
text 0.9574 1180 1115 1241 1143
text 0.9573 466 1025 490 1069
text 0.9571 702 406 730 435
text 0.9558 1837 882 1885 914
text 0.9545 174 547 279 634
text 0.9536 1163 751 1187 800
text 0.9534 1211 559 1258 588
text 0.9525 193 1138 221 1185
text 0.9517 1289 102 1317 131
text 0.9513 1395 247 1423 295
text 0.9507 495 469 519 516
text 0.9505 1378 328 1424 354
text 0.9504 1311 948 1360 973
text 0.9493 1077 102 1109 160
text 0.9476 333 800 437 914
text 0.9470 413 184 447 213
text 0.9450 1250 371 1297 395
text 0.9435 1378 390 1424 414
text 0.9429 1437 602 1466 647
text 0.9405 794 824 855 852
text 0.9399 621 444 827 491
text 0.9399 710 1045 759 1097
text 0.9397 999 976 1028 1040
text 0.9370 365 1126 456 1179
text 0.9370 895 670 956 694
text 0.9367 403 564 450 588
text 0.9347 1110 838 1168 867
text 0.9346 782 593 827 617
text 0.9270 295 590 398 669
text 0.9247 1163 872 1191 925
text 0.9245 1831 1285 1879 1314
text 0.9224 82 969 114 1182
text 0.9214 1081 466 1110 501
text 0.9157 1317 406 1362 434
text 0.9128 1129 934 1158 991
text 0.9126 904 170 952 198
text 0.9096 124 419 148 452
text 0.9089 1211 535 1260 564
text 0.9078 1020 670 1081 693
text 0.9070 497 223 542 248
text 0.9052 399 102 428 135
text 0.9046 1822 545 1878 563
text 0.9036 182 285 211 310
text 0.9020 1288 184 1317 236
text 0.9013 947 530 976 564
text 0.9004 1283 603 1307 650
text 0.8997 168 646 207 766
text 0.8949 507 1003 637 1160
text 0.8915 1340 460 1390 488
text 0.8897 245 1093 270 1141
text 0.8884 775 1055 1082 1093
text 0.8833 1403 607 1432 656
text 0.8788 1456 526 1505 554
text 0.8780 480 573 510 623
text 0.8761 677 1155 724 1179
text 0.8759 422 295 455 319
text 0.8736 827 857 885 886
text 0.8724 1293 1117 1322 1164
text 0.8723 170 876 216 900
text 0.8717 1380 295 1425 327
text 0.8712 678 977 721 1001
text 0.8675 1229 610 1254 654
text 0.8663 440 458 468 499
text 0.8646 942 642 999 693
text 0.8606 1340 602 1365 649
text 0.8586 951 977 976 1035
text 0.8569 1832 496 1879 526
text 0.8548 283 321 319 349
text 0.8526 802 406 827 438
text 0.8523 1441 187 1470 230
text 0.8523 1086 387 1146 453
text 0.8512 499 108 524 137
text 0.8509 1111 516 1154 545
text 0.8495 413 453 446 490
text 0.8481 1269 525 1312 555
text 0.8477 610 337 644 367
text 0.8407 454 338 500 366
text 0.8380 159 487 192 511
text 0.8370 1408 966 1457 992
text 0.8336 466 497 494 545
text 0.8331 1340 487 1388 511
text 0.8300 908 102 942 172
text 0.8248 1096 219 1120 269
text 0.8215 1211 997 1245 1026
text 0.8120 1476 1007 1519 1035
text 0.8094 591 506 858 540
text 0.8044 288 535 317 564
text 0.8016 1520 1158 1545 1206
text 0.8012 529 429 552 478
text 0.7971 38 422 62 468
text 0.7966 413 931 442 957
text 0.7953 1033 739 1085 766
text 0.7946 288 1092 321 1141
text 0.7944 1180 627 1223 655
text 0.7921 948 815 976 858
text 0.7898 411 1020 437 1068
text 0.7895 1360 987 1403 1016
text 0.7888 418 331 447 395
text 0.7885 28 900 57 929
text 0.7837 550 545 889 582
text 0.7831 1256 603 1282 651
text 0.7801 910 243 951 273
text 0.7744 1089 665 1144 694
text 0.7737 261 732 293 761
text 0.7692 100 420 124 453
text 0.7687 1137 362 1183 390
text 0.7662 1456 728 1490 757
text 0.7656 211 892 267 921
text 0.7618 1181 530 1208 575
text 0.7593 1476 1035 1518 1063
text 0.7574 764 406 798 435
text 0.7565 568 962 616 986
text 0.7520 335 510 393 541
text 0.7489 202 992 235 1055
text 0.7475 437 1022 465 1069
text 0.7422 836 646 864 708
text 0.7409 1214 508 1258 535
text 0.7234 226 324 259 353
text 0.7219 288 891 316 939
text 0.7182 259 1000 288 1063
text 0.7178 139 1179 168 1204
text 0.7143 567 434 596 459
text 0.7109 1115 455 1156 486
text 0.7072 249 844 273 892
text 0.7038 875 742 932 771
text 0.7005 217 849 246 872
text 0.6976 245 704 298 731
text 0.6520 658 1103 1137 1141
text 0.6119 29 374 52 429
text 0.4228 1338 448 1390 475
text 0.4172 1170 625 1204 657
component 0.9878 480 664 736 855
component 0.9871 98 248 144 314
component 0.9626 1279 754 1387 890
component 0.9602 1745 606 1796 809
component 0.9593 1367 1027 1403 1073
component 0.9584 1741 1026 1789 1224
component 0.9223 231 799 271 834
component 0.9154 159 362 208 404
component 0.8784 313 232 380 282
component 0.7876 1257 1032 1281 1074
component 0.6102 222 443 265 513
led 0.8470 28 309 52 372
led 0.7429 28 233 52 295
ic 0.9777 453 628 778 947
ic 0.9747 1250 735 1443 928
ic 0.9697 1249 436 1302 511
ic 0.9602 215 792 284 845
ic 0.9383 423 405 476 441
ic 0.9344 630 371 663 401
ic 0.9248 435 250 519 323
ic 0.8391 429 116 496 203
ic 0.8015 149 352 220 419
ic 0.7602 1159 406 1206 483
ic 0.6557 1346 1015 1426 1084
diode 0.9477 1222 1019 1309 1083
diode 0.7664 1086 372 1147 458
transistor 0.7180 559 384 610 429
transistor 0.6931 554 342 609 381
ferrite 0.9363 1090 315 1110 353
ferrite 0.9352 1198 690 1221 752
ferrite 0.8632 1196 939 1254 963
ferrite 0.8284 206 920 268 949
ferrite 0.6569 1442 648 1466 704
inductor 0.9625 739 357 764 391
inductor 0.9494 191 437 296 535
inductor 0.9332 705 361 726 393
inductor 0.9260 71 237 169 329
inductor 0.9144 322 381 374 453
inductor 0.8900 769 358 792 390
inductor 0.7769 803 357 827 391
unknown 0.9830 23 1015 72 1156
unknown 0.9505 980 872 1014 886
unknown 0.9266 1019 833 1033 867
unknown 0.9100 1062 819 1079 858
unknown 0.9004 466 378 504 411
unknown 0.8735 1084 902 1129 919
unknown 0.8689 991 905 1028 920
