connector 0.9907 19 560 415 866
connector 0.9905 1100 41 1442 327
connector 0.9903 25 973 414 1277
connector 0.9837 18 107 521 510
connector 0.9836 710 15 863 357
connector 0.9793 1827 449 1975 960
connector 0.9662 675 1194 1837 1317
connector 0.9572 914 91 1042 591
connector 0.8730 553 1115 666 1168
connector 0.7961 1655 58 1832 208
resistor 0.9780 1504 450 1519 486
resistor 0.9699 1476 141 1489 179
resistor 0.9675 596 949 610 987
resistor 0.9561 1500 972 1515 1007
resistor 0.9513 1735 740 1750 777
resistor 0.9460 740 671 755 704
resistor 0.9445 1457 971 1475 1007
resistor 0.9432 1427 958 1442 992
resistor 0.9417 524 1041 558 1057
resistor 0.9322 528 256 566 273
resistor 0.9313 615 949 629 987
resistor 0.9313 1447 391 1461 430
resistor 0.9226 1658 1149 1697 1170
resistor 0.9143 1047 200 1078 219
resistor 0.9097 667 654 683 686
resistor 0.9041 1783 832 1820 849
resistor 0.9027 779 1041 793 1079
resistor 0.9010 1466 580 1477 617
resistor 0.8748 760 654 798 675
resistor 0.8725 744 462 778 479
resistor 0.8662 744 391 779 405
resistor 0.8574 633 654 652 690
resistor 0.8461 652 464 685 479
resistor 0.8438 716 655 736 689
resistor 0.8427 566 656 581 695
resistor 0.8415 1548 543 1585 558
resistor 0.8144 745 410 778 425
resistor 0.8019 1682 852 1702 892
resistor 0.7974 1182 616 1197 658
resistor 0.7747 745 440 775 457
resistor 0.7518 1274 958 1312 973
resistor 0.7443 1046 221 1081 242
resistor 0.7275 1725 1142 1744 1177
resistor 0.6554 706 1088 743 1107
resistor 0.5733 1784 855 1816 872
resistor 0.3351 1046 209 1080 232
pads 0.9330 528 300 572 319
pads 0.9065 524 334 563 354
pads 0.9052 1446 341 1461 380
pads 0.8488 520 1011 560 1026
pads 0.8343 932 938 947 972
pads 0.8310 523 389 566 411
pads 0.8198 1475 420 1498 462
pads 0.7637 975 772 1033 797
pads 0.7477 524 357 569 377
pads 0.6409 884 273 904 310
capacitor 0.9803 1735 353 1770 419
capacitor 0.9770 788 487 803 521
capacitor 0.9758 1579 323 1670 371
capacitor 0.9757 1851 353 1884 421
capacitor 0.9690 1023 934 1038 968
capacitor 0.9676 649 295 688 386
capacitor 0.9670 1696 358 1731 420
capacitor 0.9555 465 611 509 707
capacitor 0.9555 848 868 906 895
capacitor 0.9532 1888 349 1926 420
capacitor 0.9512 1042 857 1060 893
capacitor 0.9511 523 1064 557 1078
capacitor 0.9460 1576 386 1609 457
capacitor 0.9457 965 933 985 973
capacitor 0.9397 466 553 559 598
capacitor 0.9306 774 862 798 920
capacitor 0.9259 884 742 898 781
capacitor 0.9212 1038 748 1057 784
capacitor 0.9163 1749 949 1769 991
capacitor 0.9120 706 1112 744 1131
capacitor 0.9091 1580 467 1673 505
capacitor 0.9045 611 237 700 280
capacitor 0.8999 527 231 561 250
capacitor 0.8986 867 958 923 982
capacitor 0.8985 776 757 799 811
capacitor 0.8972 1321 1159 1360 1175
capacitor 0.8924 657 1045 678 1078
capacitor 0.8821 1058 805 1099 819
capacitor 0.8698 682 410 717 425
capacitor 0.8678 884 803 898 840
capacitor 0.8636 1754 1142 1769 1179
capacitor 0.8493 745 487 774 502
capacitor 0.8471 1096 700 1128 718
capacitor 0.8453 967 684 1004 723
capacitor 0.8440 913 765 953 780
capacitor 0.8434 925 703 961 718
capacitor 0.8376 815 487 869 511
capacitor 0.8308 886 704 919 718
capacitor 0.8096 1099 828 1134 843
capacitor 0.7891 1495 227 1537 247
capacitor 0.7860 476 1133 517 1234
capacitor 0.7791 1572 142 1585 178
capacitor 0.7739 1494 322 1531 340
capacitor 0.7621 653 487 687 502
capacitor 0.7549 1775 772 1812 790
capacitor 0.7275 981 814 1015 828
capacitor 0.7235 879 934 921 949
capacitor 0.6896 987 745 1024 765
capacitor 0.6531 1056 828 1085 843
capacitor 0.6454 1052 703 1086 719
capacitor 0.6124 1715 958 1735 997
capacitor 0.3228 1482 277 1540 322
capacitor 0.3045 871 924 918 940
text 0.9876 658 602 682 651
text 0.9832 1774 1135 1803 1184
text 0.9827 114 944 174 977
text 0.9821 966 977 994 1042
text 0.9820 653 977 682 1036
text 0.9814 629 601 653 647
text 0.9803 1462 327 1489 372
text 0.9800 1616 96 1651 209
text 0.9772 1235 406 1259 435
text 0.9753 862 998 927 1025
text 0.9728 457 1063 518 1092
text 0.9712 1234 1045 1284 1097
text 0.9705 1596 589 1699 669
text 0.9704 1106 794 1167 819
text 0.9699 461 713 489 761
text 0.9695 1019 977 1043 1035
text 0.9692 1556 799 1662 913
text 0.9685 802 1041 826 1089
text 0.9682 1505 1026 1528 1068
text 0.9659 807 752 832 799
text 0.9652 113 1281 163 1311
text 0.9647 1549 453 1575 488
text 0.9639 1047 902 1077 962
text 0.9621 1120 729 1145 788
text 0.9609 1793 213 1826 237
text 0.9596 620 356 644 400
text 0.9590 619 295 643 339
text 0.9578 805 694 833 742
text 0.9574 1168 406 1192 439
text 0.9563 990 717 1049 741
text 0.9555 1452 222 1495 247
text 0.9554 1043 287 1082 392
text 0.9546 1543 564 1589 588
text 0.9544 1710 549 1818 631
text 0.9530 1475 468 1500 517
text 0.9518 928 986 951 1035
text 0.9457 1197 406 1230 435
text 0.9455 1537 1126 1627 1178
text 0.9447 842 732 871 788
text 0.9367 1139 823 1200 852
text 0.9332 1784 286 1811 309
text 0.9328 827 838 884 866
text 0.9315 888 175 912 227
text 0.9304 885 467 913 501
text 0.9269 697 370 743 395
text 0.9268 995 640 1055 693
text 0.9216 1303 348 1331 372
text 0.9211 735 560 783 588
text 0.9202 682 526 725 555
text 0.9200 1581 1020 1606 1069
text 0.9187 788 530 812 573
text 0.9184 1114 337 1144 368
text 0.9176 1165 444 1366 491
text 0.9171 475 1034 518 1062
text 0.9154 605 488 653 511
text 0.9153 1676 320 1712 348
text 0.9136 910 790 969 818
text 0.9130 1726 273 1758 299
text 0.9111 1547 184 1582 213
text 0.9107 822 803 882 830
text 0.9091 1552 931 1581 958
text 0.9079 1566 101 1595 137
text 0.9073 493 525 536 553
text 0.9054 1734 323 1768 352
text 0.9034 1879 962 1913 1184
text 0.9023 504 728 538 757
text 0.9019 1470 105 1499 134
text 0.9015 1707 1003 1735 1065
text 0.9007 539 967 585 992
text 0.9001 937 1055 1233 1091
text 0.8983 1546 339 1572 397
text 0.8965 801 929 832 977
text 0.8960 803 871 831 926
text 0.8960 1018 531 1048 565
text 0.8934 115 497 163 525
text 0.8903 1273 978 1317 1002
text 0.8895 911 670 974 693
text 0.8857 1846 421 1869 453
text 0.8856 1052 104 1086 170
text 0.8843 1038 671 1097 693
text 0.8841 528 601 557 645
text 0.8833 1779 877 1826 900
text 0.8822 636 948 681 973
text 0.8816 885 102 916 161
text 0.8800 1399 434 1428 459
text 0.8796 109 882 156 915
text 0.8791 634 406 677 433
text 0.8748 1111 857 1166 887
text 0.8708 850 384 907 447
text 0.8700 572 246 600 295
text 0.8676 114 545 173 564
text 0.8671 1042 170 1090 197
text 0.8669 572 390 617 415
text 0.8663 572 329 615 354
text 0.8655 751 1113 809 1145
text 0.8632 1537 295 1571 319
text 0.8610 678 186 706 234
text 0.8601 1351 337 1383 366
text 0.8573 1499 499 1529 545
text 0.8561 1167 593 1211 617
text 0.8506 678 100 706 128
text 0.8505 734 511 784 540
text 0.8491 1808 486 1839 513
text 0.8455 736 536 783 564
text 0.8427 1494 341 1538 367
text 0.8425 1127 506 1399 539
text 0.8391 836 934 864 993
text 0.8370 1442 429 1466 476
text 0.8336 672 1117 701 1165
text 0.8323 1361 1002 1486 1157
text 0.8318 447 1160 478 1210
text 0.8317 1545 496 1584 520
text 0.8295 850 665 903 694
text 0.8285 1828 1178 1855 1203
text 0.8280 1672 1092 1705 1138
text 0.8238 1263 406 1293 436
text 0.8236 1938 899 1967 928
text 0.8231 1697 731 1743 761
text 0.8225 1678 892 1707 939
text 0.8216 1941 373 1965 429
text 0.8196 1678 536 1707 565
text 0.8184 1729 893 1782 920
text 0.8117 688 603 711 650
text 0.8105 1105 544 1450 583
text 0.8071 572 294 614 327
text 0.8051 841 516 884 545
text 0.8050 873 217 900 269
text 0.8017 1043 241 1086 271
text 0.7996 808 362 855 389
text 0.7922 1528 1021 1557 1068
text 0.7913 525 185 553 230
text 0.7900 590 987 633 1017
text 0.7847 1375 962 1422 984
text 0.7831 1270 1156 1316 1180
text 0.7811 1696 704 1750 732
text 0.7658 604 462 653 489
text 0.7650 1135 647 1159 705
text 0.7628 716 604 740 650
text 0.7623 772 626 815 656
text 0.7480 1599 511 1660 540
text 0.7450 750 997 783 1025
text 0.7418 831 458 880 487
text 0.7398 563 608 592 654
text 0.7386 858 1103 1334 1141
text 0.7331 1020 811 1047 859
text 0.7239 1759 988 1793 1054
text 0.7196 740 610 764 656
text 0.7026 1556 1021 1581 1067
text 0.6992 475 1005 516 1031
text 0.6956 1750 847 1778 871
text 0.6870 1063 741 1120 769
text 0.6825 1933 420 1957 469
text 0.6814 1487 574 1515 622
text 0.6564 1870 419 1893 452
text 0.6479 909 739 969 767
text 0.6207 1725 1091 1750 1141
text 0.5593 1721 848 1747 892
text 0.5587 1903 420 1928 455
text 0.5384 1526 452 1552 491
text 0.5263 1788 643 1827 765
component 0.9873 1850 246 1898 314
component 0.9836 1256 666 1517 860
component 0.9574 203 1027 252 1229
component 0.9502 200 610 251 819
component 0.9402 593 1028 622 1071
component 0.9386 1722 805 1764 833
component 0.9209 1785 361 1836 406
component 0.8559 712 1022 738 1070
component 0.8476 607 753 718 898
component 0.7026 1729 443 1773 516
component 0.6844 1613 230 1679 279
led 0.9185 1942 231 1966 292
led 0.8688 1942 309 1966 370
ic 0.9903 550 736 745 929
ic 0.9848 1218 629 1543 945
ic 0.9513 690 437 745 512
ic 0.9150 1520 406 1571 440
ic 0.9064 1500 118 1566 201
ic 0.9014 1476 250 1558 323
ic 0.8744 1332 371 1363 400
ic 0.8598 563 1016 654 1084
ic 0.8553 1778 350 1845 419
ic 0.8501 986 837 1014 867
ic 0.7264 786 405 837 483
ic 0.6776 1710 790 1779 844
diode 0.9009 846 372 910 459
diode 0.9005 682 1017 769 1081
diode 0.8328 1577 230 1720 300
transistor 0.7703 1385 385 1437 430
transistor 0.7585 1386 342 1441 382
ferrite 0.9150 773 689 798 749
ferrite 0.8760 885 315 904 353
ferrite 0.8725 1727 918 1786 948
ferrite 0.8392 742 939 797 963
inductor 0.9557 1695 437 1804 534
inductor 0.9478 1201 358 1225 391
inductor 0.9461 1618 380 1673 455
inductor 0.9425 1231 357 1255 391
inductor 0.9158 1268 361 1287 392
inductor 0.8659 1169 357 1192 391
inductor 0.8098 1821 235 1924 330
unknown 0.9785 1922 1015 1970 1154
unknown 0.9215 979 870 1013 886
unknown 0.8455 960 834 976 868
unknown 0.8294 966 905 1006 919
unknown 0.8086 862 905 897 919
unknown 0.7966 913 819 933 858
unknown 0.7823 1491 374 1530 411
unknown 0.3267 964 899 1004 914
