connector 0.9905 1580 971 1970 1279
connector 0.9895 1578 556 1973 864
connector 0.9879 552 41 894 328
connector 0.9795 1474 106 1968 503
connector 0.9770 154 1195 1304 1317
connector 0.9723 952 92 1080 594
connector 0.9706 17 448 166 958
connector 0.9616 1129 15 1283 353
connector 0.8537 165 57 342 208
connector 0.8408 1330 1117 1443 1170
resistor 0.9808 244 739 259 777
resistor 0.9788 475 448 489 486
resistor 0.9779 518 973 537 1007
resistor 0.9771 504 141 519 180
resistor 0.9547 1201 1041 1216 1082
resistor 0.9461 481 972 496 1007
resistor 0.9454 1365 947 1380 987
resistor 0.9446 408 545 446 560
resistor 0.9373 1216 410 1249 424
resistor 0.9360 249 1141 268 1178
resistor 0.9275 551 958 566 993
resistor 0.9255 1216 462 1249 478
resistor 0.9162 914 223 947 243
resistor 0.9140 1312 656 1327 685
resistor 0.9114 1437 1040 1473 1058
resistor 0.9025 1308 463 1342 479
resistor 0.8913 1385 949 1399 987
resistor 0.8910 1239 675 1254 708
resistor 0.8898 682 957 720 973
resistor 0.8807 1342 654 1360 689
resistor 0.8648 533 389 548 426
resistor 0.8625 296 1150 336 1170
resistor 0.8463 1215 391 1250 405
resistor 0.8388 1429 256 1466 272
resistor 0.8220 175 835 210 850
resistor 0.8179 1199 655 1237 675
resistor 0.7877 518 578 529 618
resistor 0.7780 292 853 312 891
resistor 0.7539 796 616 813 659
resistor 0.7220 1292 654 1307 689
resistor 0.7163 1412 655 1428 695
resistor 0.6507 1260 654 1278 688
resistor 0.3524 909 200 948 220
pads 0.9473 1424 300 1466 320
pads 0.9326 1048 941 1062 973
pads 0.8998 1433 334 1470 352
pads 0.8026 533 344 549 381
pads 0.7916 1432 391 1471 407
pads 0.7909 1425 358 1470 377
pads 0.7685 1091 271 1111 311
pads 0.7354 961 771 1018 799
pads 0.6947 500 420 518 462
pads 0.6327 1432 1010 1473 1026
capacitor 0.9858 325 324 419 371
capacitor 0.9817 384 386 418 454
capacitor 0.9774 1009 934 1028 972
capacitor 0.9741 1308 295 1345 385
capacitor 0.9741 111 353 144 420
capacitor 0.9675 932 857 950 896
capacitor 0.9584 1191 488 1206 522
capacitor 0.9523 1095 742 1110 781
capacitor 0.9512 1437 554 1527 599
capacitor 0.9491 264 356 298 419
capacitor 0.9445 67 351 105 422
capacitor 0.9432 1196 862 1220 918
capacitor 0.9368 1072 958 1128 982
capacitor 0.9366 1293 237 1382 280
capacitor 0.9331 408 139 422 179
capacitor 0.9288 895 805 932 819
capacitor 0.9287 1437 1064 1470 1078
capacitor 0.9248 1220 487 1249 503
capacitor 0.9247 224 353 258 418
capacitor 0.9123 1485 612 1529 708
capacitor 0.9110 937 747 957 785
capacitor 0.9023 977 814 1013 828
capacitor 0.8992 1249 1112 1289 1132
capacitor 0.8968 323 467 416 506
capacitor 0.8732 1086 867 1146 896
capacitor 0.8728 1317 1045 1335 1079
capacitor 0.8605 462 321 500 339
capacitor 0.8424 635 1159 673 1175
capacitor 0.8375 1031 701 1071 718
capacitor 0.8272 1095 804 1110 843
capacitor 0.8261 1126 486 1182 512
capacitor 0.8229 1476 1134 1517 1231
capacitor 0.8191 182 771 221 789
capacitor 0.8172 1279 410 1313 425
capacitor 0.8079 1196 757 1221 812
capacitor 0.7990 1080 702 1115 719
capacitor 0.7978 456 227 499 247
capacitor 0.7914 1043 766 1082 783
capacitor 0.7704 1433 231 1467 251
capacitor 0.7574 1307 487 1341 502
capacitor 0.7514 908 829 938 844
capacitor 0.7342 226 948 251 993
capacitor 0.7273 864 680 898 719
capacitor 0.7160 990 684 1027 722
capacitor 0.7013 860 828 894 843
capacitor 0.6753 1076 932 1114 948
capacitor 0.6309 955 934 970 969
capacitor 0.6157 259 958 279 996
capacitor 0.6092 223 1141 240 1178
capacitor 0.4144 235 953 262 995
capacitor 0.3211 212 1139 235 1184
text 0.9847 505 327 533 372
text 0.9847 388 1021 413 1070
text 0.9816 1312 602 1336 650
text 0.9812 913 284 950 396
text 0.9793 1824 945 1880 979
text 0.9778 1312 978 1341 1035
text 0.9776 1168 1040 1192 1087
text 0.9756 946 717 1007 742
text 0.9751 1475 1064 1538 1092
text 0.9740 342 95 379 211
text 0.9739 1043 986 1067 1035
text 0.9732 662 348 692 371
text 0.9731 1022 790 1084 818
text 0.9717 1070 1000 1132 1025
text 0.9713 1351 357 1374 402
text 0.9677 1081 174 1106 228
text 0.9664 1163 930 1192 978
text 0.9652 849 726 873 788
text 0.9650 827 795 888 819
text 0.9647 235 274 269 300
text 0.9636 1159 694 1187 743
text 0.9631 1504 712 1532 760
text 0.9605 1350 294 1374 340
text 0.9600 1077 101 1110 160
text 0.9599 852 338 879 367
text 0.9576 1180 1115 1241 1144
text 0.9575 917 903 947 964
text 0.9570 173 547 280 634
text 0.9552 735 405 759 435
text 0.9542 466 1026 490 1069
text 0.9537 1163 752 1187 801
text 0.9530 168 214 202 237
text 0.9527 1836 881 1884 914
text 0.9524 1288 101 1316 131
text 0.9514 331 799 439 913
text 0.9491 1124 732 1153 791
text 0.9487 408 497 447 521
text 0.9484 1212 561 1258 589
text 0.9481 1395 248 1423 296
text 0.9449 296 589 398 668
text 0.9444 1111 804 1172 830
text 0.9437 703 405 730 435
text 0.9434 1378 389 1424 413
text 0.9409 710 1046 759 1097
text 0.9391 622 444 825 491
text 0.9388 793 824 855 852
text 0.9386 495 468 519 516
text 0.9360 1164 871 1191 925
text 0.9357 895 669 955 693
text 0.9350 1312 948 1359 972
text 0.9346 413 184 447 212
text 0.9342 1249 371 1296 395
text 0.9334 192 1138 220 1184
text 0.9331 404 564 451 588
text 0.9281 1437 603 1465 647
text 0.9215 1379 328 1424 354
text 0.9206 364 1125 456 1179
text 0.9186 1111 838 1167 866
text 0.9184 999 976 1028 1041
text 0.9134 83 967 116 1187
text 0.9120 1080 467 1109 501
text 0.9119 399 102 428 135
text 0.9106 124 419 148 452
text 0.9097 1821 544 1880 564
text 0.9096 499 223 542 248
text 0.9064 782 593 827 618
text 0.9059 903 170 952 199
text 0.9027 1288 184 1317 235
text 0.8996 1111 516 1153 544
text 0.8973 1021 669 1081 694
text 0.8972 1293 1117 1322 1166
text 0.8964 948 531 975 564
text 0.8946 1130 932 1159 991
text 0.8908 1213 535 1259 563
text 0.8877 1317 406 1361 434
text 0.8867 827 857 884 885
text 0.8794 182 285 211 310
text 0.8773 609 337 643 367
text 0.8743 1455 525 1504 554
text 0.8729 1283 602 1307 650
text 0.8725 168 648 207 766
text 0.8710 772 1054 1084 1093
text 0.8708 676 1155 724 1179
text 0.8696 440 457 468 500
text 0.8693 510 998 635 1158
text 0.8674 244 1093 270 1140
text 0.8664 1441 186 1471 231
text 0.8660 678 977 720 1001
text 0.8656 1833 1284 1880 1314
text 0.8618 1341 459 1390 487
text 0.8600 941 641 998 694
text 0.8587 171 877 216 900
text 0.8583 1341 487 1388 512
text 0.8579 1229 609 1253 654
text 0.8570 1404 607 1433 655
text 0.8564 465 498 494 545
text 0.8550 1832 496 1880 526
text 0.8528 1340 602 1365 649
text 0.8489 802 405 827 437
text 0.8484 1409 964 1458 993
text 0.8480 454 338 500 366
text 0.8477 481 574 509 622
text 0.8475 288 1093 321 1138
text 0.8444 283 321 319 349
text 0.8431 438 1023 464 1070
text 0.8346 419 331 446 394
text 0.8328 423 295 456 319
text 0.8313 951 979 976 1035
text 0.8301 1267 526 1312 556
text 0.8296 498 108 524 138
text 0.8243 413 453 446 492
text 0.8218 1380 295 1425 327
text 0.8211 1359 988 1403 1015
text 0.8211 907 102 942 172
text 0.8207 1210 997 1244 1025
text 0.8084 587 506 861 540
text 0.8083 1476 1036 1518 1064
text 0.7962 157 488 192 511
text 0.7937 38 422 62 468
text 0.7935 544 544 887 583
text 0.7931 1095 219 1120 270
text 0.7892 27 899 56 927
text 0.7876 1476 1006 1519 1036
text 0.7853 289 535 316 563
text 0.7846 909 243 951 272
text 0.7809 1256 603 1282 650
text 0.7782 1456 728 1490 755
text 0.7761 1135 362 1181 390
text 0.7735 1116 458 1164 488
text 0.7726 529 430 553 479
text 0.7709 1181 628 1223 656
text 0.7707 1181 530 1208 574
text 0.7665 262 731 294 760
text 0.7623 1087 387 1145 454
text 0.7549 211 892 268 921
text 0.7528 1520 1156 1546 1204
text 0.7507 1033 740 1085 766
text 0.7477 412 931 442 957
text 0.7474 411 1021 437 1069
text 0.7453 1216 508 1258 534
text 0.7439 573 962 617 987
text 0.7420 766 402 797 431
text 0.7418 1089 665 1144 695
text 0.7339 334 510 393 541
text 0.7339 100 420 124 452
text 0.7338 836 648 864 707
text 0.7136 949 816 976 858
text 0.7089 139 1179 168 1204
text 0.7080 656 1103 1139 1140
text 0.7079 874 741 932 771
text 0.7002 224 324 260 352
text 0.6889 201 991 234 1054
text 0.6884 289 891 317 938
text 0.6659 259 1000 288 1064
text 0.6599 217 848 247 872
text 0.6301 566 434 596 458
text 0.6222 250 844 274 892
text 0.6050 247 704 298 730
text 0.6026 29 374 52 429
text 0.4342 1338 449 1390 476
text 0.3779 1170 625 1203 657
text 0.3398 1383 338 1424 366
text 0.3060 32 394 58 458
text 0.3058 233 847 269 881
component 0.9904 481 664 736 858
component 0.9856 97 248 145 315
component 0.9622 1745 603 1796 811
component 0.9616 1741 1025 1788 1224
component 0.9505 1366 1026 1404 1073
component 0.9043 160 363 208 404
component 0.9008 1278 751 1394 896
component 0.8998 230 799 271 834
component 0.8381 311 231 383 284
component 0.7608 1256 1032 1282 1073
component 0.4683 220 442 267 515
component 0.3829 319 223 375 265
led 0.8269 28 308 52 373
led 0.6789 28 234 51 295
ic 0.9856 452 627 778 946
ic 0.9729 1251 436 1302 512
ic 0.9681 1249 735 1444 929
ic 0.9515 215 793 283 844
ic 0.9415 631 371 665 400
ic 0.9249 435 250 520 321
ic 0.9222 423 405 476 442
ic 0.7876 149 352 219 419
ic 0.7721 428 119 497 203
ic 0.6431 1158 406 1208 483
ic 0.6287 1345 1014 1428 1084
diode 0.9417 1221 1018 1311 1083
diode 0.7870 1085 372 1148 460
transistor 0.6995 559 384 611 428
transistor 0.5961 555 343 606 382
ferrite 0.9233 1197 691 1221 751
ferrite 0.9149 1090 314 1110 352
ferrite 0.8347 1196 939 1252 963
ferrite 0.7869 205 920 268 949
ferrite 0.5938 1442 648 1466 703
inductor 0.9588 740 357 764 391
inductor 0.9392 705 361 726 394
inductor 0.9297 190 437 297 537
inductor 0.9154 72 237 169 329
inductor 0.9060 321 380 374 454
inductor 0.8585 769 358 793 389
inductor 0.7842 802 356 826 391
unknown 0.9780 22 1016 72 1157
unknown 0.9247 980 871 1014 887
unknown 0.9129 1019 833 1034 867
unknown 0.9076 466 377 502 410
unknown 0.8970 991 906 1028 919
unknown 0.8858 1062 817 1079 859
unknown 0.8767 1083 903 1128 919
