connector 0.9918 1576 482 1974 788
connector 0.9904 1470 848 1976 1242
connector 0.9892 1581 68 1970 376
connector 0.9879 552 1019 893 1305
connector 0.9837 18 386 168 894
connector 0.9815 952 754 1082 1253
connector 0.9801 1129 993 1283 1333
connector 0.9692 174 31 1292 155
connector 0.9192 163 1141 340 1289
connector 0.8627 1328 180 1444 231
resistor 0.9804 552 357 567 391
resistor 0.9759 244 569 258 612
resistor 0.9707 475 862 490 901
resistor 0.9625 1215 925 1250 939
resistor 0.9622 504 1170 519 1208
resistor 0.9621 479 341 494 375
resistor 0.9507 298 179 336 194
resistor 0.9477 1365 361 1379 400
resistor 0.9471 1201 270 1216 304
resistor 0.9463 682 376 722 391
resistor 0.9402 518 338 538 377
resistor 0.9350 1312 660 1327 693
resistor 0.9318 1437 290 1476 309
resistor 0.9132 1217 871 1250 883
resistor 0.9045 1239 646 1254 680
resistor 0.9001 1427 1073 1466 1093
resistor 0.8832 913 1107 947 1126
resistor 0.8783 250 170 269 209
resistor 0.8592 408 788 446 804
resistor 0.8563 1293 660 1307 694
resistor 0.8411 1216 944 1249 959
resistor 0.8328 1384 362 1399 400
resistor 0.8196 1341 657 1360 694
resistor 0.8165 1307 871 1341 886
resistor 0.8097 1196 674 1235 695
resistor 0.8081 292 458 312 497
resistor 0.7804 1413 656 1427 694
resistor 0.7709 518 732 528 772
resistor 0.7623 916 1130 947 1146
resistor 0.7489 1260 661 1278 695
resistor 0.7394 174 502 211 516
resistor 0.7376 533 921 547 959
resistor 0.6940 797 689 812 728
pads 0.9263 1048 376 1062 410
pads 0.8930 1423 1025 1466 1050
pads 0.8731 1430 939 1471 959
pads 0.8446 961 548 1019 578
pads 0.8201 1432 997 1471 1016
pads 0.8032 499 887 519 925
pads 0.6891 1432 320 1476 337
pads 0.6757 1091 1034 1110 1079
pads 0.6596 534 968 548 1006
pads 0.6150 1424 973 1470 993
capacitor 0.9897 1009 376 1029 411
capacitor 0.9896 325 978 417 1025
capacitor 0.9801 1437 752 1527 795
capacitor 0.9783 385 891 418 957
capacitor 0.9738 408 1169 422 1208
capacitor 0.9732 110 929 144 997
capacitor 0.9730 1308 958 1346 1053
capacitor 0.9593 1436 266 1471 285
capacitor 0.9567 1197 428 1221 487
capacitor 0.9535 1095 507 1110 546
capacitor 0.9517 66 929 106 996
capacitor 0.9431 1096 569 1110 607
capacitor 0.9417 1294 1068 1385 1113
capacitor 0.9344 1250 217 1288 237
capacitor 0.9327 1086 454 1148 478
capacitor 0.9313 932 453 951 493
capacitor 0.9274 937 563 956 602
capacitor 0.9241 1220 848 1250 862
capacitor 0.9142 1197 535 1221 593
capacitor 0.9096 226 930 259 996
capacitor 0.9087 1191 825 1206 863
capacitor 0.8957 1071 362 1129 391
capacitor 0.8890 893 526 932 545
capacitor 0.8887 322 843 418 881
capacitor 0.8862 635 170 672 189
capacitor 0.8826 1316 270 1335 305
capacitor 0.8806 1485 639 1529 736
capacitor 0.8801 462 1008 500 1026
capacitor 0.8762 264 930 298 993
capacitor 0.8714 909 506 937 521
capacitor 0.8600 860 506 894 520
capacitor 0.8559 182 559 221 578
capacitor 0.8474 956 377 971 414
capacitor 0.8442 1278 920 1313 939
capacitor 0.8386 980 516 1014 535
capacitor 0.8339 1076 627 1110 641
capacitor 0.8282 1125 838 1183 862
capacitor 0.8200 1307 848 1341 862
capacitor 0.8036 863 631 898 676
capacitor 0.7958 456 1103 498 1122
capacitor 0.7948 1475 117 1518 213
capacitor 0.7904 1072 400 1116 414
capacitor 0.7735 225 357 249 395
capacitor 0.7660 1043 570 1081 584
capacitor 0.7259 1433 1098 1466 1117
capacitor 0.7116 990 625 1029 665
capacitor 0.7048 1033 628 1071 646
capacitor 0.6961 259 353 278 391
capacitor 0.6606 908 629 947 643
capacitor 0.6575 224 169 240 208
capacitor 0.3226 1151 936 1197 959
text 0.9861 340 1142 379 1256
text 0.9854 504 977 533 1021
text 0.9849 1823 371 1879 405
text 0.9845 850 982 879 1012
text 0.9833 1312 310 1341 372
text 0.9811 1350 1009 1375 1054
text 0.9791 1067 324 1134 348
text 0.9784 1000 311 1029 372
text 0.9752 1082 1122 1105 1174
text 0.9752 1042 314 1067 363
text 0.9744 913 949 951 1058
text 0.9743 1168 262 1192 309
text 0.9737 1212 761 1259 786
text 0.9705 168 1112 202 1136
text 0.9700 192 166 220 213
text 0.9699 1475 256 1537 285
text 0.9696 663 977 692 1002
text 0.9687 947 607 1005 631
text 0.9678 1024 531 1086 559
text 0.9677 1163 545 1187 598
text 0.9670 735 915 759 944
text 0.9656 1130 358 1158 415
text 0.9648 294 680 399 760
text 0.9643 850 558 874 617
text 0.9635 711 251 760 299
text 0.9634 1311 376 1360 401
text 0.9609 466 280 490 323
text 0.9609 1164 424 1192 477
text 0.9605 1076 1189 1110 1247
text 0.9605 677 343 721 371
text 0.9596 1504 587 1533 636
text 0.9588 1394 1055 1423 1103
text 0.9574 389 281 413 324
text 0.9574 918 386 947 449
text 0.9539 941 649 1000 709
text 0.9532 1163 372 1192 420
text 0.9531 793 496 854 526
text 0.9526 1287 1218 1317 1247
text 0.9519 333 435 437 548
text 0.9497 1351 948 1375 992
text 0.9492 826 530 888 554
text 0.9486 365 170 456 222
text 0.9475 1110 482 1168 508
text 0.9423 1313 694 1336 747
text 0.9410 1230 692 1254 739
text 0.9407 1109 516 1172 545
text 0.9394 403 761 450 784
text 0.9382 1211 324 1243 353
text 0.9379 1317 915 1361 944
text 0.9351 1125 560 1153 617
text 0.9342 700 914 731 943
text 0.9285 763 915 797 944
text 0.9262 1250 953 1298 977
text 0.9257 1437 703 1465 747
text 0.9233 1293 185 1322 227
text 0.9225 499 1213 525 1242
text 0.9207 1183 203 1240 231
text 0.9198 1283 698 1307 744
text 0.9195 173 712 280 797
text 0.9190 1211 785 1259 813
text 0.9182 1835 435 1884 464
text 0.9152 244 208 269 257
text 0.9148 500 1102 543 1126
text 0.9130 951 313 976 371
text 0.9117 457 982 500 1010
text 0.9115 81 164 115 374
text 0.9101 509 186 635 343
text 0.9097 904 1146 951 1175
text 0.9090 125 896 149 930
text 0.9087 182 1035 212 1064
text 0.9064 1087 905 1145 960
text 0.9033 1159 608 1187 655
text 0.8999 1379 995 1423 1021
text 0.8984 1341 697 1366 745
text 0.8981 1360 333 1403 358
text 0.8969 783 728 827 752
text 0.8965 1341 838 1388 862
text 0.8956 619 857 833 905
text 0.8953 423 1030 456 1054
text 0.8944 1096 1078 1120 1126
text 0.8930 1519 140 1548 189
text 0.8926 1407 354 1455 382
text 0.8926 495 834 520 881
text 0.8905 413 1136 446 1161
text 0.8904 1109 802 1151 832
text 0.8897 1831 36 1880 64
text 0.8878 801 910 826 944
text 0.8870 201 292 235 357
text 0.8851 572 362 620 386
text 0.8815 528 872 552 920
text 0.8800 481 728 509 776
text 0.8779 1019 655 1081 679
text 0.8771 168 443 217 468
text 0.8759 288 209 321 257
text 0.8757 1379 1020 1421 1053
text 0.8737 1456 795 1504 824
text 0.8721 610 982 644 1011
text 0.8717 1288 1112 1317 1161
text 0.8670 1403 694 1432 738
text 0.8666 1825 784 1879 804
text 0.8656 894 656 956 679
text 0.8653 1341 860 1389 887
text 0.8653 1476 285 1519 314
text 0.8645 1831 823 1880 852
text 0.8635 28 420 57 449
text 0.8617 1380 933 1425 957
text 0.8609 836 640 866 703
text 0.8604 826 462 884 490
text 0.8596 588 809 861 838
text 0.8502 1024 584 1085 613
text 0.8490 947 780 976 815
text 0.8485 877 578 933 602
text 0.8485 677 170 725 194
text 0.8476 259 285 288 348
text 0.8437 413 391 442 415
text 0.8391 398 1214 428 1249
text 0.8384 1442 1116 1471 1160
text 0.8358 1179 695 1221 722
text 0.8303 1138 957 1180 987
text 0.8287 407 829 446 852
text 0.8263 226 997 259 1026
text 0.8253 1269 795 1312 824
text 0.8246 908 1175 943 1247
text 0.8204 418 952 448 1008
text 0.8192 1182 771 1206 819
text 0.8173 34 883 62 931
text 0.8160 1087 655 1144 684
text 0.8153 169 579 206 702
text 0.8141 235 1045 269 1074
text 0.8106 907 1078 950 1105
text 0.8104 466 805 495 852
text 0.8094 1082 847 1110 881
text 0.8056 441 847 470 896
text 0.8041 657 208 1133 246
text 0.8017 1342 880 1389 908
text 0.7992 1456 593 1491 622
text 0.7960 218 478 246 503
text 0.7920 264 583 293 612
text 0.7917 139 145 168 170
text 0.7908 1476 314 1518 343
text 0.7859 770 257 1084 294
text 0.7806 413 280 437 328
text 0.7803 99 895 124 930
text 0.7786 1109 861 1163 888
text 0.7741 287 785 317 814
text 0.7627 287 409 317 457
text 0.7572 287 1001 318 1030
text 0.7570 159 838 192 862
text 0.7478 567 890 596 915
text 0.7473 545 766 891 803
text 0.7339 947 491 976 534
text 0.7124 336 809 393 838
text 0.7090 437 280 465 328
text 0.6868 242 617 298 641
text 0.6584 1258 697 1280 744
text 0.6511 212 430 264 457
text 0.6259 29 919 53 971
text 0.5809 249 462 274 505
component 0.9905 480 493 737 683
component 0.9762 1278 452 1387 593
component 0.9758 96 1030 145 1102
component 0.9501 1741 127 1789 324
component 0.9404 1370 276 1398 318
component 0.9320 232 515 272 541
component 0.9291 1746 533 1794 743
component 0.9054 158 944 206 987
component 0.8410 314 1069 379 1115
component 0.7569 1258 274 1281 319
component 0.6855 222 830 265 905
led 0.8826 28 1054 52 1118
led 0.8554 28 978 52 1038
ic 0.9839 451 400 779 723
ic 0.9667 1241 424 1441 621
ic 0.9565 1249 839 1302 916
ic 0.9339 215 506 283 553
ic 0.9331 423 905 475 939
ic 0.9177 629 949 663 977
ic 0.9100 437 1026 519 1097
ic 0.8643 1158 868 1207 939
ic 0.8354 149 931 216 998
ic 0.8279 428 1146 495 1231
ic 0.6586 1343 260 1428 331
diode 0.9396 1221 261 1310 328
diode 0.8454 1086 890 1148 977
transistor 0.7766 551 968 610 1006
transistor 0.7290 558 919 609 963
ferrite 0.9225 1197 597 1221 660
ferrite 0.8590 1091 997 1110 1036
ferrite 0.8202 205 399 268 429
ferrite 0.8101 1197 386 1254 410
ferrite 0.6928 1442 646 1466 704
inductor 0.9592 740 959 763 992
inductor 0.9524 705 954 725 986
inductor 0.9300 322 895 375 967
inductor 0.9194 193 813 298 911
inductor 0.8910 769 958 792 987
inductor 0.8361 73 1021 169 1107
inductor 0.8229 803 959 826 992
unknown 0.9834 24 191 72 331
unknown 0.9325 467 934 503 973
unknown 0.9227 1019 482 1033 515
unknown 0.9131 980 463 1013 478
unknown 0.8720 989 429 1028 444
unknown 0.8249 1089 430 1130 444
unknown 0.7646 1063 492 1081 530
