connector 0.9924 210 477 385 657
connector 0.9414 1029 825 1104 859
resistor 0.9593 447 325 459 349
resistor 0.9473 409 232 423 255
resistor 0.9370 327 423 339 451
resistor 0.9300 202 368 215 388
resistor 0.8914 438 271 453 294
resistor 0.8608 294 385 321 408
resistor 0.8575 354 423 367 446
resistor 0.8317 475 718 498 746
resistor 0.8246 656 505 682 516
resistor 0.8242 392 233 408 254
resistor 0.8150 807 536 834 551
resistor 0.8112 432 325 444 352
resistor 0.7414 468 551 491 562
resistor 0.7299 554 442 580 455
pads 0.9170 1095 758 1107 785
pads 0.9067 290 828 343 855
pads 0.8753 1059 746 1087 757
pads 0.8664 1060 757 1088 774
pads 0.7858 459 703 476 731
pads 0.7178 857 536 882 551
pads 0.6989 564 206 714 265
pads 0.6422 546 413 587 437
capacitor 0.9900 288 730 301 752
capacitor 0.9857 973 578 992 602
capacitor 0.9758 288 348 300 371
capacitor 0.9559 478 326 486 348
capacitor 0.9516 1041 570 1052 599
capacitor 0.9307 1103 524 1119 562
capacitor 0.9253 373 739 395 759
capacitor 0.9156 253 450 292 465
capacitor 0.9102 548 672 557 696
capacitor 0.9007 1092 684 1115 696
capacitor 0.8907 579 684 596 716
capacitor 0.8892 970 649 997 660
capacitor 0.8867 612 688 623 715
capacitor 0.8847 627 707 647 749
capacitor 0.8830 841 736 857 765
capacitor 0.8771 697 703 717 723
capacitor 0.8745 377 711 389 734
capacitor 0.8660 591 465 612 492
capacitor 0.8573 971 602 997 614
capacitor 0.8295 970 660 997 672
capacitor 0.8176 489 606 511 617
capacitor 0.7851 714 496 753 516
capacitor 0.7739 371 827 383 862
capacitor 0.7569 999 571 1013 598
capacitor 0.7552 494 634 518 646
capacitor 0.7355 366 704 377 727
capacitor 0.7317 709 563 721 594
capacitor 0.7270 1021 691 1033 719
capacitor 0.7260 511 669 534 692
capacitor 0.7122 1021 573 1033 599
capacitor 0.6980 525 474 535 497
capacitor 0.6949 803 739 820 761
capacitor 0.6741 1091 613 1115 627
capacitor 0.5887 974 694 1002 704
capacitor 0.5697 339 423 350 447
capacitor 0.5625 760 481 803 521
capacitor 0.5076 303 732 315 754
capacitor 0.3155 1082 529 1103 564
text 0.9859 285 680 312 723
text 0.9858 623 505 639 531
text 0.9832 1032 689 1049 722
text 0.9795 346 828 362 844
text 0.9781 690 569 708 608
text 0.9755 283 325 300 345
text 0.9755 471 605 486 644
text 0.9730 1001 599 1017 629
text 0.9719 780 820 876 840
text 0.9713 198 329 217 360
text 0.9677 1018 513 1059 532
text 0.9647 300 368 339 384
text 0.9600 202 659 218 679
text 0.9564 588 501 619 516
text 0.9525 354 446 373 477
text 0.9517 235 388 273 407
text 0.9515 478 352 498 389
text 0.9488 323 446 339 476
text 0.9478 786 735 807 771
text 0.9468 479 239 511 255
text 0.9446 394 696 432 715
text 0.9420 534 441 554 458
text 0.9414 503 432 522 462
text 0.9398 604 714 624 753
text 0.9385 725 240 744 255
text 0.9384 457 267 475 293
text 0.9375 1057 294 1095 313
text 0.9370 630 746 647 785
text 0.9366 315 680 335 700
text 0.9360 830 263 872 282
text 0.9352 230 364 249 384
text 0.9335 405 735 444 750
text 0.9330 1006 434 1025 472
text 0.9309 1032 758 1060 777
text 0.9306 319 313 338 334
text 0.9250 686 727 705 765
text 0.9248 389 486 413 635
text 0.9224 335 855 365 871
text 0.9221 904 646 923 676
text 0.9203 522 707 554 726
text 0.9179 1325 672 1364 687
text 0.9155 855 840 898 863
text 0.9154 335 384 354 417
text 0.9110 1298 574 1338 594
text 0.9085 769 520 791 536
text 0.9075 1149 516 1189 532
text 0.9062 932 691 970 707
text 0.9042 811 778 845 793
text 0.9027 429 353 445 381
text 0.9024 1087 626 1118 644
text 0.9017 1151 649 1169 687
text 0.9013 1302 797 1340 816
text 0.8988 1298 539 1339 559
text 0.8984 305 247 343 267
text 0.8971 717 517 748 536
text 0.8940 722 820 761 840
text 0.8920 888 415 927 431
text 0.8917 799 465 825 481
text 0.8901 1061 692 1076 719
text 0.8890 257 321 279 337
text 0.8846 549 770 601 789
text 0.8819 1299 610 1340 629
text 0.8811 1056 330 1095 349
text 0.8772 1060 566 1076 601
text 0.8769 600 384 639 403
text 0.8760 1235 263 1274 282
text 0.8760 865 193 881 233
text 0.8743 857 520 884 535
text 0.8724 1345 255 1384 274
text 0.8717 418 474 457 493
text 0.8691 662 470 693 488
text 0.8683 595 410 623 439
text 0.8666 394 679 436 695
text 0.8659 818 493 854 511
text 0.8644 970 555 1001 575
text 0.8618 296 446 316 472
text 0.8617 470 565 499 579
text 0.8591 803 520 834 536
text 0.8572 1029 742 1060 758
text 0.8546 478 193 513 211
text 0.8514 1301 831 1341 851
text 0.8492 393 793 413 823
text 0.8490 1102 572 1123 607
text 0.8490 592 443 615 464
text 0.8467 378 355 397 376
text 0.8465 1114 645 1146 663
text 0.8453 445 352 464 384
text 0.8443 932 454 971 473
text 0.8429 1061 532 1080 559
text 0.8391 1341 352 1384 368
text 0.8309 1023 599 1041 629
text 0.8304 1122 532 1138 559
text 0.8298 362 246 392 263
text 0.8290 876 734 908 754
text 0.8254 1134 579 1154 617
text 0.8241 459 645 491 660
text 0.8238 1235 313 1274 333
text 0.8193 424 227 440 251
text 0.8181 661 517 691 531
text 0.8176 1091 786 1111 816
text 0.8132 390 383 421 403
text 0.8117 710 434 752 454
text 0.8110 943 660 970 676
text 0.8098 453 660 495 676
text 0.8079 767 843 869 863
text 0.8078 838 384 877 399
text 0.7996 315 182 328 213
text 0.7981 482 727 508 754
text 0.7957 939 642 971 659
text 0.7868 508 388 542 407
text 0.7863 230 333 248 353
text 0.7798 222 450 253 466
text 0.7791 950 571 970 597
text 0.7769 1112 804 1152 820
text 0.7767 365 774 397 793
text 0.7751 892 247 923 263
text 0.7544 370 832 385 872
text 0.7507 1116 684 1146 700
text 0.7453 541 391 567 410
text 0.7437 351 213 367 244
text 0.7364 380 453 425 469
text 0.7351 1115 871 1153 891
text 0.7286 682 286 719 305
text 0.7248 1113 839 1153 856
text 0.7229 275 375 295 401
text 0.7191 462 352 480 387
text 0.7152 393 754 433 770
text 0.7152 554 695 572 734
text 0.7146 484 466 506 492
text 0.7119 359 318 381 342
text 0.7055 855 741 874 777
text 0.7047 778 776 808 796
text 0.7026 491 688 513 715
text 0.7010 1304 867 1341 887
text 0.7000 1056 367 1095 383
text 0.6924 210 433 222 454
text 0.6915 1232 282 1274 302
text 0.6827 938 602 970 617
text 0.6725 688 841 760 864
text 0.6457 480 213 518 232
text 0.6332 583 713 601 755
text 0.5908 573 313 604 329
text 0.4008 397 704 430 726
pins 0.9944 1192 772 1259 904
pins 0.9851 731 194 768 333
pins 0.9828 1189 516 1259 647
pins 0.9615 1205 182 1254 228
pins 0.9581 292 174 319 249
pins 0.9547 888 200 1019 239
pins 0.9530 1173 403 1314 515
pins 0.9527 1173 645 1313 773
pins 0.9516 883 314 1013 359
pins 0.9436 1317 205 1345 274
pins 0.9346 526 191 561 317
pins 0.9318 1134 233 1201 397
pins 0.8923 293 873 1006 947
pins 0.8835 366 177 393 250
pins 0.8818 1318 352 1344 421
pins 0.8779 1167 902 1318 956
component 0.9468 768 566 841 712
component 0.9324 335 503 359 603
component 0.8391 262 282 280 319
component 0.6811 551 466 580 489
test 0.9562 405 184 435 219
test 0.9454 714 454 748 489
test 0.9073 371 419 401 453
test 0.8915 1262 789 1298 824
test 0.8904 441 232 472 262
test 0.8833 826 228 861 262
test 0.8635 880 369 912 406
test 0.8598 565 376 600 410
test 0.8564 1157 796 1189 829
test 0.8550 1099 321 1130 352
test 0.8453 1262 824 1299 860
test 0.8444 1154 540 1189 574
test 0.8404 1154 610 1189 644
test 0.8401 1349 224 1379 255
test 0.8374 829 190 860 228
test 0.8297 1158 867 1192 902
test 0.8269 1329 688 1364 723
test 0.8236 892 442 928 477
test 0.8201 276 245 303 274
test 0.8192 1263 606 1298 637
test 0.8100 1156 832 1189 863
test 0.8087 970 435 1006 469
test 0.7939 444 186 480 220
test 0.7929 455 485 483 517
test 0.7898 334 181 363 208
test 0.7891 280 411 315 449
test 0.7876 682 255 717 286
test 0.7841 1099 286 1130 321
test 0.7836 1157 574 1188 609
test 0.7715 1345 367 1380 406
test 0.7619 1022 531 1053 562
test 0.7576 930 407 959 438
test 0.7574 1262 567 1298 602
test 0.7536 1263 859 1298 893
test 0.7524 1196 306 1230 337
test 0.7350 1259 533 1294 567
test 0.7170 1193 239 1232 270
test 0.7147 571 278 605 310
test 0.7017 1099 356 1130 390
test 0.6932 485 399 519 433
test 0.6875 233 407 267 438
test 0.6342 1196 270 1230 306
test 0.5836 893 266 927 302
clock 0.8669 342 800 365 828
ic 0.9768 724 551 901 730
ic 0.9470 316 719 362 788
ic 0.9198 375 264 420 298
ic 0.7430 819 738 842 762
fuse 0.8060 226 279 315 325
transistor 0.9332 250 340 279 379
transistor 0.8927 324 271 374 323
transistor 0.8581 386 313 428 368
transistor 0.7803 346 331 371 363
ferrite 0.8540 562 512 588 524
ferrite 0.6052 487 485 516 506
inductor 0.6295 342 679 376 700
unknown 0.9846 631 574 643 586
unknown 0.9781 568 594 583 614
unknown 0.9681 292 767 311 778
unknown 0.9669 297 786 308 809
unknown 0.9667 570 567 591 579
unknown 0.9599 596 631 622 641
unknown 0.9473 315 792 328 805
unknown 0.9454 604 664 612 687
unknown 0.9036 540 597 567 611
unknown 0.9028 472 523 494 532
unknown 0.8863 627 633 640 645
unknown 0.8785 600 580 612 589
unknown 0.8749 541 567 565 577
unknown 0.8737 601 606 628 614
unknown 0.8647 530 509 542 531
unknown 0.8556 513 543 531 565
unknown 0.8512 514 566 537 578
unknown 0.8489 617 652 634 660
unknown 0.8453 623 683 637 700
unknown 0.8282 494 540 518 558
unknown 0.8195 557 540 565 563
unknown 0.8029 624 551 643 558
unknown 0.7976 576 529 585 554
unknown 0.7937 280 814 294 828
unknown 0.7849 495 509 520 524
unknown 0.7845 497 624 528 645
unknown 0.7843 558 652 581 660
unknown 0.7836 271 813 284 832
unknown 0.7807 561 642 579 654
unknown 0.7730 756 482 805 520
unknown 0.7516 529 642 554 655
unknown 0.7438 630 598 640 607
unknown 0.7428 524 652 548 661
unknown 0.7280 475 586 502 598
unknown 0.7102 511 594 531 613
unknown 0.6801 583 618 599 634
unknown 0.6249 266 781 289 813
unknown 0.6139 272 740 284 751
unknown 0.3201 601 600 626 609
unknown 0.3144 544 575 569 586
