connector 0.9918 209 422 385 602
connector 0.9355 1029 220 1102 255
resistor 0.9486 447 727 458 754
resistor 0.9482 354 633 367 657
resistor 0.9429 409 824 422 847
resistor 0.9417 202 691 214 711
resistor 0.9082 438 785 453 809
resistor 0.8909 291 678 324 696
resistor 0.8447 393 823 407 848
resistor 0.8310 655 563 681 575
resistor 0.8033 476 334 496 360
resistor 0.7984 806 528 834 544
resistor 0.7588 327 629 339 656
resistor 0.7015 432 727 444 754
pads 0.9436 1060 321 1088 332
pads 0.9095 1095 294 1107 321
pads 0.8873 289 225 344 251
pads 0.8483 1060 306 1087 320
pads 0.8261 546 641 585 665
pads 0.7722 563 812 716 877
pads 0.7361 857 528 882 543
pads 0.7199 461 348 475 376
pads 0.3636 470 339 489 370
capacitor 0.9868 478 730 487 754
capacitor 0.9788 974 478 990 501
capacitor 0.9769 288 707 300 730
capacitor 0.9769 287 326 300 349
capacitor 0.9477 1103 516 1118 550
capacitor 0.9464 374 320 395 339
capacitor 0.9399 549 385 557 407
capacitor 0.9386 378 345 390 369
capacitor 0.9272 612 532 624 555
capacitor 0.9179 612 365 623 392
capacitor 0.9166 1040 481 1052 509
capacitor 0.9145 253 614 291 629
capacitor 0.9028 970 418 997 431
capacitor 0.8889 1091 383 1115 396
capacitor 0.8855 627 329 646 371
capacitor 0.8777 698 356 717 376
capacitor 0.8680 903 435 916 458
capacitor 0.8647 488 461 510 474
capacitor 0.8525 970 465 998 477
capacitor 0.8103 526 583 534 602
capacitor 0.7949 377 373 389 396
capacitor 0.7877 714 562 752 582
capacitor 0.7875 511 392 534 411
capacitor 0.7847 492 434 519 446
capacitor 0.7817 577 364 597 393
capacitor 0.7721 366 351 378 374
capacitor 0.7564 1020 481 1033 505
capacitor 0.7514 970 407 998 419
capacitor 0.7421 1091 453 1114 466
capacitor 0.7355 974 374 1001 384
capacitor 0.7298 998 481 1012 508
capacitor 0.7223 373 254 387 283
capacitor 0.6917 1021 360 1033 388
capacitor 0.6594 338 633 350 658
capacitor 0.6503 709 489 721 516
capacitor 0.6071 803 318 820 340
capacitor 0.6027 303 328 316 350
capacitor 0.5885 767 598 795 606
capacitor 0.3415 835 308 849 346
capacitor 0.3409 1084 515 1102 550
capacitor 0.3114 369 346 379 368
text 0.9862 1032 355 1048 391
text 0.9815 289 360 312 400
text 0.9810 471 435 486 477
text 0.9806 405 329 444 345
text 0.9747 623 546 639 575
text 0.9705 686 314 705 352
text 0.9701 1018 548 1060 567
text 0.9701 689 473 708 511
text 0.9676 631 294 647 332
text 0.9670 257 742 280 758
text 0.9657 284 734 299 754
text 0.9608 323 602 339 633
text 0.9594 780 240 874 259
text 0.9567 199 719 218 750
text 0.9520 202 399 218 418
text 0.9507 335 661 354 696
text 0.9490 788 307 807 344
text 0.9482 854 303 872 343
text 0.9458 1002 450 1017 477
text 0.9456 1150 546 1190 563
text 0.9451 393 364 432 383
text 0.9451 1342 711 1384 727
text 0.9450 830 797 872 816
text 0.9447 725 824 745 840
text 0.9444 315 380 335 399
text 0.9398 1134 462 1153 501
text 0.9358 1326 391 1364 407
text 0.9354 301 696 339 711
text 0.9351 230 691 249 715
text 0.9347 393 383 436 399
text 0.9346 506 613 525 642
text 0.9341 711 626 752 645
text 0.9309 1061 520 1080 550
text 0.9299 1006 606 1025 645
text 0.9291 429 699 444 728
text 0.9242 1087 435 1118 453
text 0.9232 605 326 624 365
text 0.9230 1060 477 1075 512
text 0.9199 889 648 926 665
text 0.9176 1060 359 1076 388
text 0.9167 479 824 510 840
text 0.9137 1020 450 1041 480
text 0.9129 467 501 497 516
text 0.9121 315 868 327 898
text 0.9100 1033 302 1060 321
text 0.9078 479 691 498 726
text 0.9077 355 602 373 634
text 0.9073 904 402 923 434
text 0.9073 233 672 272 691
text 0.9057 335 209 365 224
text 0.9038 1030 321 1060 337
text 0.9027 865 848 881 887
text 0.9021 1103 473 1123 509
text 0.9020 1297 485 1338 505
text 0.8990 1113 258 1154 275
text 0.8977 229 726 249 747
text 0.8973 1298 449 1340 469
text 0.8962 803 543 834 559
text 0.8958 1152 392 1169 431
text 0.8952 1298 520 1339 540
text 0.8894 550 290 600 306
text 0.8890 1091 263 1110 294
text 0.8881 533 621 554 637
text 0.8863 456 786 475 813
text 0.8861 378 704 397 723
text 0.8860 970 505 1001 524
text 0.8857 1302 263 1341 282
text 0.8850 600 676 639 692
text 0.8848 347 235 362 251
text 0.8810 1235 797 1275 816
text 0.8795 369 209 385 250
text 0.8783 320 746 339 766
text 0.8768 932 372 970 388
text 0.8722 1056 730 1095 750
text 0.8722 1122 520 1138 547
text 0.8689 451 403 494 419
text 0.8666 521 353 553 372
text 0.8616 389 440 413 590
text 0.8615 732 239 760 258
text 0.8614 394 256 412 284
text 0.8584 390 676 421 692
text 0.8565 857 543 885 559
text 0.8553 1056 766 1094 785
text 0.8548 766 216 863 236
text 0.8531 1115 224 1153 240
text 0.8519 717 544 748 563
text 0.8518 950 481 971 508
text 0.8491 768 543 792 559
text 0.8456 589 563 620 578
text 0.8436 818 566 853 586
text 0.8412 811 285 848 302
text 0.8373 352 740 381 762
text 0.8305 462 418 491 434
text 0.8301 479 867 513 886
text 0.8228 462 697 480 727
text 0.8227 1345 805 1384 824
text 0.8226 1301 228 1340 247
text 0.8212 505 672 544 691
text 0.8191 799 598 827 613
text 0.8171 1114 415 1146 435
text 0.8139 554 346 572 382
text 0.8102 939 419 970 436
text 0.8096 682 773 720 793
text 0.8071 1116 188 1153 208
text 0.8029 661 547 692 563
text 0.8021 853 216 896 239
text 0.8005 591 606 608 642
text 0.7971 307 812 333 832
text 0.7962 350 838 365 868
text 0.7923 932 606 972 625
text 0.7904 277 680 296 703
text 0.7894 482 326 510 353
text 0.7883 660 591 692 610
text 0.7840 222 614 253 630
text 0.7820 362 816 394 833
text 0.7792 838 679 877 695
text 0.7769 1057 692 1095 711
text 0.7754 425 829 440 852
text 0.7728 536 669 566 688
text 0.7726 1115 380 1146 395
text 0.7718 392 306 432 325
text 0.7631 772 282 810 302
text 0.7571 572 749 604 771
text 0.7520 296 606 316 633
text 0.7511 877 325 907 345
text 0.7446 366 286 397 306
text 0.7381 492 368 514 394
text 0.7367 1236 744 1274 765
text 0.7345 382 609 425 626
text 0.7332 942 403 969 419
text 0.7297 939 462 971 477
text 0.7262 445 696 462 727
text 0.7260 209 625 222 646
text 0.7059 590 623 612 655
text 0.7045 583 325 602 364
text 0.7032 892 816 923 832
text 0.6777 487 593 506 611
text 0.6712 417 586 456 606
text 0.6322 481 848 517 867
text 0.6126 1233 777 1274 797
text 0.6082 691 216 761 234
text 0.5851 1302 192 1340 212
text 0.4729 392 346 435 366
text 0.3006 498 381 524 409
pins 0.9924 1192 177 1259 309
pins 0.9919 1188 432 1258 563
pins 0.9761 1318 806 1345 876
pins 0.9753 733 744 768 884
pins 0.9709 1204 851 1254 898
pins 0.9634 1172 564 1315 675
pins 0.9628 1173 307 1313 435
pins 0.9604 1134 679 1200 844
pins 0.9554 1168 123 1318 177
pins 0.9480 367 831 393 902
pins 0.9344 884 719 1012 765
pins 0.9230 288 131 1015 200
pins 0.9142 526 756 561 889
pins 0.8781 292 831 319 902
pins 0.8670 889 840 1016 878
pins 0.7596 1318 656 1344 726
component 0.9303 767 366 841 515
component 0.8970 335 472 358 577
component 0.8402 259 758 279 795
component 0.6510 551 591 580 614
test 0.9327 371 626 401 661
test 0.9160 827 816 861 851
test 0.9057 1157 216 1189 247
test 0.9011 1262 255 1297 290
test 0.9006 405 860 436 894
test 0.8953 455 563 483 594
test 0.8864 892 603 927 638
test 0.8733 1099 727 1130 759
test 0.8656 1262 219 1298 255
test 0.8653 281 628 315 668
test 0.8588 1157 252 1188 282
test 0.8527 713 591 748 625
test 0.8506 1157 470 1189 504
test 0.8498 1154 434 1188 469
test 0.8432 931 640 958 672
test 0.8375 1349 824 1380 856
test 0.8315 440 816 472 849
test 0.8256 1157 176 1192 212
test 0.8183 232 641 269 673
test 0.8137 1263 185 1297 220
test 0.8036 1259 513 1294 548
test 0.8008 565 668 599 703
test 0.7907 682 793 717 824
test 0.7906 970 609 1005 645
test 0.7869 1329 356 1363 392
test 0.7841 830 852 860 890
test 0.7808 1345 672 1380 711
test 0.7795 1099 757 1130 793
test 0.7788 502 651 526 680
test 0.7713 276 805 304 837
test 0.7628 1263 442 1297 474
test 0.7604 892 777 928 812
test 0.7390 1261 477 1298 513
test 0.7330 1021 516 1053 547
test 0.7275 1154 505 1189 539
test 0.7237 880 672 911 711
test 0.7113 331 870 362 898
test 0.6770 1099 688 1131 723
test 0.6751 571 769 606 800
test 0.6730 1196 745 1232 812
test 0.6533 1194 809 1232 840
test 0.5649 443 860 478 894
clock 0.9129 343 248 365 280
clock 0.6487 542 583 589 619
ic 0.9762 725 349 901 528
ic 0.9623 375 782 421 817
ic 0.9085 316 289 364 361
ic 0.8454 818 317 841 341
fuse 0.8324 223 754 316 802
transistor 0.9256 322 751 374 809
transistor 0.9244 249 700 276 738
transistor 0.8580 385 711 427 766
transistor 0.7891 343 714 375 741
ferrite 0.6876 487 574 512 588
inductor 0.8062 340 378 377 399
unknown 0.9864 602 392 612 415
unknown 0.9836 296 272 307 294
unknown 0.9802 315 270 324 287
unknown 0.9616 530 453 559 467
unknown 0.9314 597 438 623 448
unknown 0.9204 542 500 565 512
unknown 0.9180 631 493 643 505
unknown 0.9130 577 528 584 553
unknown 0.9126 573 458 592 483
unknown 0.8961 296 301 311 314
unknown 0.8906 530 548 542 571
unknown 0.8723 600 489 611 500
unknown 0.8532 498 434 527 451
unknown 0.8518 571 470 595 490
unknown 0.8445 557 517 565 542
unknown 0.8346 478 481 503 493
unknown 0.8333 626 433 639 446
unknown 0.8330 615 419 635 428
unknown 0.8265 624 379 635 392
unknown 0.8231 514 501 537 512
unknown 0.8224 624 520 643 528
unknown 0.8199 471 542 495 556
unknown 0.8163 494 559 520 570
unknown 0.8014 494 524 519 536
unknown 0.7961 271 246 284 267
unknown 0.7959 556 419 579 427
unknown 0.7944 511 458 530 477
unknown 0.7887 561 426 586 435
unknown 0.7879 757 559 804 594
unknown 0.7839 498 545 522 561
unknown 0.7622 273 329 284 337
unknown 0.7548 532 425 553 435
unknown 0.7502 601 466 626 474
unknown 0.7471 523 418 548 427
unknown 0.7464 279 251 291 263
unknown 0.7034 513 515 532 537
unknown 0.6988 577 446 600 461
unknown 0.6163 265 268 288 298
unknown 0.4082 476 488 500 504
unknown 0.3770 564 515 575 543
