connector 0.9869 1231 478 1408 657
connector 0.9111 515 823 586 857
resistor 0.9695 1173 326 1185 351
resistor 0.9560 1165 270 1177 293
resistor 0.9222 1251 422 1263 446
resistor 0.9143 1197 231 1209 255
resistor 0.9040 1403 368 1415 387
resistor 0.8696 1386 367 1399 389
resistor 0.8613 1126 550 1149 563
resistor 0.8610 1239 800 1247 821
resistor 0.8332 1294 384 1321 403
resistor 0.8316 784 535 811 551
resistor 0.8121 1279 424 1290 450
resistor 0.7572 1118 720 1144 745
resistor 0.7526 1211 233 1222 255
resistor 0.6825 935 505 964 517
resistor 0.6762 1146 328 1158 349
resistor 0.6383 1037 442 1064 454
resistor 0.4088 1158 324 1174 352
pads 0.9537 511 757 522 784
pads 0.9022 1141 701 1153 730
pads 0.8736 1005 412 1024 438
pads 0.8679 528 757 556 773
pads 0.8562 1274 828 1328 856
pads 0.8288 897 203 1050 265
pads 0.8221 530 746 556 757
pads 0.7847 1033 415 1074 439
pads 0.6162 738 535 759 551
capacitor 0.9744 1317 728 1330 754
capacitor 0.9701 1318 347 1329 372
capacitor 0.9535 605 571 619 598
capacitor 0.9388 628 578 644 601
capacitor 0.9202 1083 476 1091 496
capacitor 0.9148 1222 733 1243 758
capacitor 0.9007 755 738 776 767
capacitor 0.8933 503 683 525 695
capacitor 0.8922 1130 327 1142 348
capacitor 0.8850 512 577 528 603
capacitor 0.8703 1226 711 1239 733
capacitor 0.8697 1324 450 1364 466
capacitor 0.8463 1061 673 1069 695
capacitor 0.8406 1235 814 1245 836
capacitor 0.8218 620 647 647 660
capacitor 0.8209 565 572 577 598
capacitor 0.8097 900 703 920 722
capacitor 0.7994 1084 670 1107 692
capacitor 0.7883 1097 652 1128 662
capacitor 0.7759 971 706 989 749
capacitor 0.7674 620 660 646 672
capacitor 0.7584 616 695 643 704
capacitor 0.7547 1106 606 1130 619
capacitor 0.7440 511 524 534 562
capacitor 0.7275 792 490 811 514
capacitor 0.7186 815 472 858 512
capacitor 0.7173 994 689 1007 715
capacitor 0.7142 1066 698 1090 711
capacitor 0.6797 584 574 596 599
capacitor 0.6733 1021 686 1033 708
capacitor 0.6614 895 563 908 591
capacitor 0.6589 1014 466 1026 490
capacitor 0.6506 502 614 526 626
capacitor 0.6421 865 496 904 516
capacitor 0.6023 1239 704 1252 727
capacitor 0.5696 620 602 647 614
capacitor 0.5307 585 691 596 719
capacitor 0.4970 799 736 816 761
capacitor 0.4486 618 578 632 601
capacitor 0.3028 622 651 647 665
text 0.9872 909 570 927 609
text 0.9772 599 600 616 630
text 0.9694 1131 604 1147 644
text 0.9669 912 725 932 766
text 0.9648 1134 353 1153 385
text 0.9640 1045 696 1060 733
text 0.9633 1316 324 1333 344
text 0.9628 978 505 993 531
text 0.9626 1256 829 1271 843
text 0.9624 541 566 557 602
text 0.9616 739 820 839 839
text 0.9602 1318 680 1337 721
text 0.9597 1280 368 1317 383
text 0.9552 481 531 496 559
text 0.9538 745 262 787 282
text 0.9526 570 687 584 722
text 0.9483 557 512 599 532
text 0.9415 498 625 529 645
text 0.9373 997 501 1026 516
text 0.9355 970 747 986 786
text 0.9351 592 435 612 474
text 0.9293 1222 356 1240 375
text 0.9275 276 797 317 816
text 0.9251 541 692 557 718
text 0.9232 826 519 850 535
text 0.9212 1197 383 1229 403
text 0.9177 507 787 526 816
text 0.9162 1002 447 1026 482
text 0.9150 1184 696 1222 714
text 0.9139 1172 735 1212 750
text 0.9086 1154 353 1174 384
text 0.9078 522 329 561 348
text 0.9045 1346 388 1384 408
text 0.9038 1282 680 1302 700
text 0.8990 1278 446 1294 478
text 0.8984 647 642 679 660
text 0.8976 812 735 830 769
text 0.8963 279 575 319 594
text 0.8910 538 531 557 559
text 0.8908 647 454 685 473
text 0.8891 1250 856 1283 871
text 0.8885 1283 247 1313 266
text 0.8841 522 294 561 314
text 0.8822 464 804 506 820
text 0.8811 1065 439 1084 458
text 0.8800 1103 688 1125 714
text 0.8793 1094 431 1114 464
text 0.8777 694 645 713 676
text 0.8763 556 742 588 757
text 0.8726 253 672 292 687
text 0.8719 449 649 467 686
text 0.8716 1161 473 1201 492
text 0.8666 1181 680 1224 695
text 0.8619 276 539 318 559
text 0.8599 234 254 271 274
text 0.8586 1232 835 1248 871
text 0.8555 233 352 276 368
text 0.8497 1301 447 1321 474
text 0.8487 647 571 666 597
text 0.8481 1278 312 1297 333
text 0.8450 927 516 959 531
text 0.8408 740 384 779 399
text 0.8402 429 516 467 532
text 0.8375 1126 644 1153 660
text 0.8338 1053 391 1078 410
text 0.8332 1239 317 1252 337
text 0.8310 1204 487 1228 637
text 0.8306 1107 240 1138 255
text 0.8272 709 734 740 753
text 0.8268 766 493 797 512
text 0.8226 869 517 900 536
text 0.8200 1011 709 1033 751
text 0.8195 1178 227 1194 251
text 0.8189 648 692 685 707
text 0.8169 1142 267 1161 293
text 0.8164 1191 454 1234 469
text 0.8140 616 555 647 574
text 0.8132 721 840 763 863
text 0.8088 736 193 752 231
text 0.8070 472 684 502 699
text 0.8051 1106 727 1132 754
text 0.8034 791 465 818 481
text 0.8026 690 415 728 431
text 0.8018 768 777 806 793
text 0.8003 276 610 318 628
text 0.7975 865 434 907 453
text 0.7974 927 469 962 487
text 0.7959 463 579 483 618
text 0.7949 1400 329 1418 360
text 0.7935 1365 450 1395 465
text 0.7928 1290 182 1304 212
text 0.7916 1400 659 1415 679
text 0.7901 276 831 315 851
text 0.7877 576 599 592 630
text 0.7843 783 520 815 535
text 0.7824 1018 770 1068 789
text 0.7817 1120 564 1150 579
text 0.7806 1122 660 1164 676
text 0.7765 1243 446 1263 476
text 0.7710 1186 754 1223 771
text 0.7708 1204 792 1224 822
text 0.7674 760 843 847 863
text 0.7670 1172 352 1189 379
text 0.7627 856 820 884 839
text 0.7542 647 602 679 618
text 0.7489 873 239 893 254
text 0.7483 1302 681 1318 719
text 0.7450 858 840 927 865
text 0.7435 342 263 382 282
text 0.7397 522 367 561 383
text 0.7395 470 645 504 663
text 0.7385 899 286 935 305
text 0.7376 1263 384 1284 418
text 0.7324 1065 708 1096 726
text 0.7236 811 777 841 797
text 0.7212 1116 350 1133 383
text 0.7206 277 866 315 887
text 0.7204 557 758 585 776
text 0.7198 463 871 502 890
text 0.7191 463 839 503 856
text 0.7170 694 247 723 263
text 0.7168 1391 431 1408 454
text 0.7167 342 313 382 333
text 0.7117 1319 394 1341 411
text 0.7095 494 572 514 607
text 0.7025 1251 213 1267 244
text 0.6981 744 740 766 776
text 0.6942 1219 774 1251 792
text 0.6926 554 598 572 629
text 0.6814 1367 364 1387 384
text 0.6811 979 384 1018 403
text 0.6753 1368 333 1388 352
text 0.6730 341 282 385 302
text 0.6688 994 411 1014 438
text 0.6629 1107 192 1139 211
text 0.6528 1224 241 1254 263
text 0.6504 733 519 759 536
text 0.6433 1337 321 1361 336
text 0.6261 1102 212 1138 232
text 0.6218 646 661 675 676
text 0.6146 1111 466 1135 497
text 0.6026 1084 437 1099 466
text 0.5435 1015 314 1044 329
text 0.5293 1186 711 1222 731
text 0.4173 1077 438 1096 458
text 0.3138 1369 442 1397 461
pins 0.9877 416 230 484 396
pins 0.9817 358 775 425 904
pins 0.9766 849 195 885 334
pins 0.9677 605 313 729 359
pins 0.9646 358 516 429 647
pins 0.9620 361 181 413 227
pins 0.9591 298 648 440 772
pins 0.9577 273 202 300 274
pins 0.9393 305 403 446 515
pins 0.9222 598 881 1316 949
pins 0.9168 1057 189 1091 322
pins 0.9143 1225 176 1251 248
pins 0.9000 597 199 726 239
pins 0.8814 302 902 452 955
pins 0.8760 273 352 299 424
pins 0.8245 1298 171 1326 247
component 0.8852 1259 500 1283 603
component 0.8604 775 571 850 712
component 0.7641 1038 465 1068 489
component 0.7570 1337 279 1368 320
test 0.9239 486 321 519 353
test 0.9171 1181 185 1212 220
test 0.9072 1216 418 1246 453
test 0.8980 755 229 790 261
test 0.8786 869 454 904 489
test 0.8784 658 407 686 438
test 0.8710 428 539 463 575
test 0.8697 487 357 519 391
test 0.8663 486 286 519 321
test 0.8520 320 566 355 603
test 0.8452 427 575 461 609
test 0.8378 564 532 596 562
test 0.8311 901 255 936 286
test 0.8240 320 606 354 637
test 0.8216 428 832 461 863
test 0.8149 386 239 425 270
test 0.8140 319 824 354 859
test 0.8033 1256 180 1285 207
test 0.7994 425 867 459 901
test 0.7965 319 789 355 823
test 0.7855 705 367 736 407
test 0.7846 1138 186 1173 219
test 0.7831 237 223 268 255
test 0.7775 690 267 724 302
test 0.7753 321 533 357 567
test 0.7714 757 190 787 227
test 0.7562 1011 278 1045 308
test 0.7388 1146 232 1177 261
test 0.7356 428 796 460 827
test 0.7351 1314 245 1341 274
test 0.7328 428 610 463 645
test 0.7306 1302 410 1336 449
test 0.7238 1349 407 1384 436
test 0.7116 238 368 272 406
test 0.7038 689 442 725 475
test 0.6974 253 688 288 724
test 0.6954 1016 376 1052 411
test 0.6609 611 434 647 469
test 0.6467 385 307 419 337
test 0.6357 1102 400 1133 431
test 0.6259 319 860 354 893
test 0.5934 385 271 419 305
clock 0.9078 1251 799 1274 828
ic 0.9791 717 552 894 730
ic 0.9307 1195 264 1244 298
ic 0.8081 780 737 799 762
ic 0.8038 1255 718 1303 785
fuse 0.8773 1310 278 1395 323
transistor 0.9104 1243 271 1295 325
transistor 0.8735 1340 341 1370 380
transistor 0.8322 1189 311 1231 367
transistor 0.7175 1240 336 1276 364
ferrite 0.7357 1029 512 1056 524
ferrite 0.6376 1106 487 1131 505
ferrite 0.3733 1097 478 1125 503
inductor 0.6626 1240 679 1278 699
unknown 0.9625 974 574 987 585
unknown 0.9571 974 550 993 559
unknown 0.9549 1291 792 1302 805
unknown 0.9415 1033 530 1044 552
unknown 0.9356 1073 613 1089 625
unknown 0.9321 1097 508 1122 522
unknown 0.9243 1005 664 1013 688
unknown 0.9174 1075 507 1087 529
unknown 0.9150 1071 642 1090 656
unknown 0.9132 1312 766 1329 777
unknown 0.9076 1014 608 1035 625
unknown 0.8911 1025 567 1047 579
unknown 0.8849 1310 785 1321 807
unknown 0.8835 1123 521 1145 533
unknown 0.8807 1004 578 1017 591
unknown 0.8588 976 632 996 643
unknown 0.8549 1053 566 1076 578
unknown 0.8507 1084 544 1105 561
unknown 0.8262 1330 782 1353 811
unknown 0.8216 981 683 994 699
unknown 0.8204 1092 631 1122 648
unknown 0.8175 1115 586 1140 598
unknown 0.8125 1048 596 1062 613
unknown 0.7992 1044 641 1060 656
unknown 0.7844 1081 568 1103 582
unknown 0.7774 995 633 1021 641
unknown 0.7749 1094 596 1120 620
unknown 0.7679 814 485 860 520
unknown 0.7657 1336 836 1351 848
unknown 0.7428 976 598 989 609
unknown 0.7256 1332 732 1346 755
unknown 0.7067 1100 539 1123 553
unknown 0.6936 983 652 1004 662
unknown 0.6669 1023 602 1035 622
unknown 0.6624 1328 815 1339 828
unknown 0.6486 1305 767 1322 778
unknown 0.5713 1052 639 1081 652
unknown 0.4259 1342 835 1356 851
unknown 0.3542 1051 535 1064 557
unknown 0.3347 1034 638 1063 657
