connector 0.9904 1232 423 1407 602
connector 0.9430 514 220 587 255
resistor 0.9923 1251 632 1264 655
resistor 0.9765 1165 785 1177 809
resistor 0.9729 1173 726 1185 754
resistor 0.9579 1403 692 1415 712
resistor 0.9186 1387 688 1399 712
resistor 0.8933 1279 630 1289 657
resistor 0.8655 1293 682 1321 696
resistor 0.8366 1197 825 1208 847
resistor 0.7885 1211 825 1224 847
resistor 0.7877 1119 333 1142 360
resistor 0.7556 1146 730 1158 751
resistor 0.7516 784 528 811 543
resistor 0.7119 935 563 962 574
resistor 0.3213 1156 726 1170 752
pads 0.9417 510 294 522 321
pads 0.9067 1273 223 1330 251
pads 0.8654 530 321 557 333
pads 0.8286 1033 641 1071 664
pads 0.7833 530 305 558 321
pads 0.7477 896 814 1044 874
pads 0.7091 1142 349 1154 377
pads 0.6632 737 529 760 544
capacitor 0.9772 604 481 619 508
capacitor 0.9671 1317 707 1329 731
capacitor 0.9612 1317 326 1329 351
capacitor 0.9484 502 383 526 395
capacitor 0.9337 1220 321 1244 339
capacitor 0.9133 1083 389 1106 409
capacitor 0.9127 1227 374 1239 395
capacitor 0.9082 1106 463 1130 474
capacitor 0.8965 1235 254 1247 278
capacitor 0.8944 564 481 577 508
capacitor 0.8796 1227 345 1239 368
capacitor 0.8772 631 477 644 501
capacitor 0.8766 792 563 812 589
capacitor 0.8733 507 515 534 556
capacitor 0.8722 900 356 920 376
capacitor 0.8632 1129 731 1139 754
capacitor 0.8625 701 435 713 459
capacitor 0.8566 511 478 529 504
capacitor 0.8512 1325 614 1364 630
capacitor 0.8492 1020 368 1032 393
capacitor 0.8458 1067 366 1091 381
capacitor 0.8343 1099 418 1126 428
capacitor 0.8213 1060 384 1068 408
capacitor 0.8089 616 376 643 384
capacitor 0.8003 502 453 526 466
capacitor 0.7977 994 533 1008 555
capacitor 0.7943 620 419 647 431
capacitor 0.7935 970 329 990 371
capacitor 0.7655 1083 581 1091 604
capacitor 0.7552 865 562 905 583
capacitor 0.7469 619 407 647 418
capacitor 0.7415 993 366 1005 391
capacitor 0.7395 620 465 647 477
capacitor 0.7238 823 598 850 606
capacitor 0.6977 797 318 815 341
capacitor 0.6918 896 489 908 516
capacitor 0.6828 584 360 596 387
capacitor 0.6826 1239 353 1252 376
capacitor 0.6819 585 481 596 506
capacitor 0.4965 619 477 631 501
text 0.9916 1131 435 1145 477
text 0.9805 600 450 615 477
text 0.9798 908 470 928 512
text 0.9791 542 477 558 512
text 0.9753 978 547 994 575
text 0.9750 1220 704 1240 722
text 0.9727 541 361 557 388
text 0.9719 742 239 838 259
text 0.9698 912 313 932 352
text 0.9672 1321 668 1340 684
text 0.9672 1196 676 1228 692
text 0.9620 1174 329 1212 345
text 0.9613 1317 734 1333 754
text 0.9610 1118 501 1149 516
text 0.9609 1133 696 1153 728
text 0.9608 1282 380 1302 399
text 0.9580 1319 357 1337 400
text 0.9572 233 711 276 727
text 0.9560 1279 696 1317 712
text 0.9528 647 481 666 508
text 0.9528 592 606 612 645
text 0.9524 556 546 599 567
text 0.9500 1044 344 1060 382
text 0.9469 280 485 319 504
text 0.9448 743 797 787 816
text 0.9364 691 649 728 665
text 0.9360 1278 746 1297 765
text 0.9354 429 545 467 563
text 0.9333 1278 603 1294 633
text 0.9306 522 765 560 785
text 0.9267 253 391 292 407
text 0.9267 1064 621 1083 637
text 0.9260 569 358 584 391
text 0.9244 744 302 763 342
text 0.9183 234 804 273 824
text 0.9175 480 520 496 547
text 0.9164 1346 672 1384 691
text 0.9163 501 434 529 452
text 0.9162 999 563 1028 579
text 0.9148 1186 365 1224 383
text 0.9147 1006 610 1028 636
text 0.9111 506 264 526 294
text 0.9105 1205 444 1228 593
text 0.9097 1161 586 1201 605
text 0.9097 1255 235 1270 251
text 0.9068 1181 384 1224 400
text 0.9062 647 420 678 438
text 0.9048 277 449 319 469
text 0.9025 1016 329 1033 367
text 0.9005 1154 696 1173 727
text 0.8973 1016 290 1067 305
text 0.8959 694 403 713 434
text 0.8953 1096 620 1116 649
text 0.8939 538 520 556 548
text 0.8930 970 294 986 333
text 0.8928 811 307 830 344
text 0.8920 865 626 908 645
text 0.8900 1290 868 1302 898
text 0.8870 1232 210 1247 249
text 0.8868 1252 208 1282 223
text 0.8812 694 814 724 832
text 0.8746 615 505 646 524
text 0.8732 1142 785 1161 811
text 0.8730 1365 614 1396 630
text 0.8727 647 462 678 477
text 0.8705 741 679 779 695
text 0.8675 1282 812 1312 831
text 0.8624 1193 609 1233 625
text 0.8613 1263 660 1283 697
text 0.8596 448 391 467 430
text 0.8588 979 676 1017 692
text 0.8564 927 548 959 563
text 0.8554 471 379 503 395
text 0.8528 1204 255 1224 285
text 0.8517 1239 743 1251 762
text 0.8512 557 301 585 321
text 0.8511 647 372 684 387
text 0.8496 827 544 851 559
text 0.8495 855 215 932 237
text 0.8477 732 544 760 560
text 0.8471 1103 364 1126 391
text 0.8452 1220 286 1251 306
text 0.8450 1126 419 1153 434
text 0.8427 1401 719 1419 750
text 0.8424 1302 606 1321 633
text 0.8408 463 259 506 275
text 0.8371 811 282 845 301
text 0.8361 647 606 685 625
text 0.8356 465 463 483 500
text 0.8345 276 228 316 247
text 0.8323 768 287 806 302
text 0.8294 1395 626 1407 645
text 0.8274 554 451 573 480
text 0.8252 522 730 560 750
text 0.8235 342 797 382 816
text 0.8163 277 263 316 282
text 0.8056 1178 828 1193 851
text 0.8018 1251 838 1267 865
text 0.8016 1106 326 1134 353
text 0.8001 1243 602 1263 633
text 0.7973 1064 353 1095 371
text 0.7970 1107 824 1138 840
text 0.7916 720 216 764 239
text 0.7912 869 544 900 563
text 0.7903 764 216 847 235
text 0.7889 709 325 740 344
text 0.7873 1173 699 1189 727
text 0.7870 1225 813 1254 833
text 0.7785 557 321 588 337
text 0.7643 1184 346 1223 364
text 0.7623 784 544 814 559
text 0.7623 276 520 319 539
text 0.7612 576 450 592 481
text 0.7585 1399 399 1415 418
text 0.7524 992 641 1013 668
text 0.7523 1122 403 1165 418
text 0.7452 343 777 383 797
text 0.7445 736 847 752 887
text 0.7423 1368 727 1387 747
text 0.7411 277 193 315 212
text 0.7407 873 825 892 840
text 0.7406 764 567 797 587
text 0.7384 897 774 935 793
text 0.7372 646 404 674 418
text 0.7347 1302 357 1318 398
text 0.7260 1368 692 1385 715
text 0.7253 343 745 381 765
text 0.7234 464 224 501 240
text 0.7231 1052 668 1071 689
text 0.7209 1336 743 1360 757
text 0.7137 1111 585 1134 612
text 0.7055 1085 615 1099 640
text 0.7052 1185 306 1223 325
text 0.7033 1102 848 1139 867
text 0.7012 472 415 503 434
text 0.7002 857 240 884 259
text 0.6896 1107 867 1138 886
text 0.6852 464 187 502 207
text 0.6812 791 598 819 613
text 0.6789 1008 623 1032 650
text 0.6717 925 591 956 610
text 0.6642 523 692 561 711
text 0.6572 1014 750 1046 766
text 0.6496 495 474 514 508
text 0.4312 1182 377 1226 393
text 0.4165 1119 695 1139 729
text 0.3451 1004 326 1027 363
pins 0.9885 358 173 425 306
pins 0.9866 416 686 483 844
pins 0.9765 358 433 428 564
pins 0.9748 361 851 412 898
pins 0.9646 850 747 885 885
pins 0.9630 603 719 732 767
pins 0.9593 272 807 300 874
pins 0.9487 596 131 1329 201
pins 0.9448 272 655 300 727
pins 0.9396 304 563 446 675
pins 0.9357 1224 831 1251 901
pins 0.9351 300 305 442 434
pins 0.9347 301 122 451 177
pins 0.9273 599 838 727 876
pins 0.9130 1056 757 1091 886
pins 0.8238 1298 834 1325 903
component 0.9542 1259 476 1282 579
component 0.8531 775 364 851 519
component 0.7781 1336 758 1362 795
component 0.6739 1037 590 1068 614
test 0.9591 1217 625 1248 660
test 0.9368 659 641 686 672
test 0.9155 756 816 791 852
test 0.8939 757 852 787 889
test 0.8774 428 505 464 540
test 0.8662 319 255 355 291
test 0.8662 487 758 518 793
test 0.8642 564 517 596 547
test 0.8611 237 824 269 854
test 0.8579 428 470 460 506
test 0.8514 1349 640 1386 672
test 0.8509 869 591 905 626
test 0.8369 428 217 461 247
test 0.8314 1314 806 1342 835
test 0.8166 487 726 518 759
test 0.8084 320 477 356 512
test 0.8038 322 513 357 548
test 0.8024 238 672 273 711
test 0.7996 1017 668 1053 703
test 0.7983 1255 871 1287 898
test 0.7957 429 434 464 470
test 0.7948 1301 629 1337 668
test 0.7838 319 219 354 256
test 0.7794 1138 859 1173 895
test 0.7737 386 809 426 840
test 0.7727 320 442 354 474
test 0.7650 1146 817 1177 848
test 0.7641 612 609 646 645
test 0.7640 1181 860 1212 895
test 0.7597 690 602 724 637
test 0.7559 689 777 725 813
test 0.7554 901 793 937 824
test 0.7537 425 176 460 212
test 0.7525 487 688 518 723
test 0.7514 1104 649 1135 681
test 0.7387 428 251 460 282
test 0.7207 705 672 736 711
test 0.7192 319 186 353 220
test 0.6962 253 356 288 391
test 0.6892 1009 769 1044 801
test 0.6745 385 773 421 809
test 0.6234 385 743 421 774
clock 0.9592 1251 251 1275 278
clock 0.6091 1029 583 1074 617
ic 0.9826 716 348 893 527
ic 0.9329 1198 781 1242 816
ic 0.8377 777 317 799 341
ic 0.7816 1257 293 1302 360
fuse 0.8869 1306 755 1394 803
transistor 0.9141 1341 700 1368 738
transistor 0.9002 1189 710 1232 766
transistor 0.8389 1243 753 1295 808
transistor 0.6936 1240 714 1280 742
ferrite 0.8691 1103 591 1115 615
ferrite 0.6588 1107 575 1130 586
inductor 0.8814 1241 378 1278 399
unknown 0.9784 1285 273 1302 287
unknown 0.9772 1042 427 1056 436
unknown 0.9541 1077 454 1088 465
unknown 0.9451 1115 481 1138 491
unknown 0.9448 1310 272 1321 294
unknown 0.9414 975 493 986 504
unknown 0.9385 1099 560 1122 571
unknown 0.9244 1031 529 1042 553
unknown 0.9238 1330 267 1353 298
unknown 0.9196 1071 428 1089 438
unknown 0.9128 1317 302 1330 313
unknown 0.9104 1006 392 1014 415
unknown 0.9104 1076 548 1087 571
unknown 0.9103 1122 548 1146 556
unknown 0.8791 994 439 1021 446
unknown 0.8758 975 520 994 527
unknown 0.8740 1039 458 1052 477
unknown 0.8643 1050 518 1060 539
unknown 0.8496 1079 501 1104 512
unknown 0.8293 1011 456 1037 474
unknown 0.8201 1087 472 1100 484
unknown 0.8042 1100 526 1123 538
unknown 0.7987 1044 473 1067 481
unknown 0.7937 1328 249 1336 262
unknown 0.7829 1091 435 1119 447
unknown 0.7818 985 418 1005 427
unknown 0.7766 815 560 862 594
unknown 0.7755 1085 523 1100 536
unknown 0.7723 1337 231 1353 244
unknown 0.7493 1056 501 1076 512
unknown 0.7431 1089 451 1116 470
unknown 0.6976 986 379 994 391
unknown 0.6789 1331 325 1345 345
unknown 0.6703 977 432 989 445
unknown 0.6489 1056 424 1075 435
unknown 0.6404 1006 489 1018 502
unknown 0.6151 1306 301 1321 311
unknown 0.5779 1025 459 1033 481
unknown 0.3230 1052 459 1070 473
