connector 0.9858 1231 478 1408 656
connector 0.9540 515 824 587 859
resistor 0.9702 1173 326 1185 351
resistor 0.9572 1165 271 1177 293
resistor 0.9138 1197 231 1209 255
resistor 0.9137 1251 422 1263 446
resistor 0.9067 1387 367 1400 390
resistor 0.8665 1403 368 1415 388
resistor 0.8642 1240 801 1247 821
resistor 0.8438 1294 383 1321 403
resistor 0.8185 1211 233 1222 256
resistor 0.8095 1126 550 1149 563
resistor 0.7944 1119 720 1142 748
resistor 0.7920 784 535 811 551
resistor 0.7713 1278 423 1290 450
resistor 0.7552 1038 442 1063 454
resistor 0.7257 935 504 963 516
resistor 0.7012 1146 328 1158 349
resistor 0.3855 1159 325 1174 351
pads 0.9505 510 758 522 785
pads 0.9009 1141 701 1153 730
pads 0.8865 1273 828 1327 855
pads 0.8772 529 757 557 774
pads 0.8663 1005 411 1023 438
pads 0.8421 1035 415 1071 439
pads 0.8380 530 746 557 758
pads 0.7775 898 203 1049 264
pads 0.6441 738 535 759 551
capacitor 0.9822 1317 727 1329 753
capacitor 0.9747 1318 347 1329 372
capacitor 0.9599 605 571 619 598
capacitor 0.9328 1084 477 1091 497
capacitor 0.9267 628 578 643 601
capacitor 0.9248 756 738 776 766
capacitor 0.9192 1222 732 1243 759
capacitor 0.9079 503 684 526 696
capacitor 0.9025 1129 326 1141 348
capacitor 0.8921 513 576 528 602
capacitor 0.8843 1324 450 1364 465
capacitor 0.8691 1226 710 1239 734
capacitor 0.8625 1106 606 1130 618
capacitor 0.8429 1235 815 1245 837
capacitor 0.8203 1060 672 1068 695
capacitor 0.8182 620 648 647 660
capacitor 0.8153 1096 652 1127 661
capacitor 0.7987 565 572 577 598
capacitor 0.7965 1083 669 1107 692
capacitor 0.7953 1066 698 1091 710
capacitor 0.7942 620 660 646 672
capacitor 0.7821 970 707 989 749
capacitor 0.7777 900 704 920 723
capacitor 0.7738 815 471 858 511
capacitor 0.7705 584 574 596 599
capacitor 0.7615 511 524 534 562
capacitor 0.7504 616 695 643 704
capacitor 0.7456 503 613 526 625
capacitor 0.7355 995 688 1009 715
capacitor 0.7323 792 489 811 514
capacitor 0.7052 865 497 904 516
capacitor 0.6793 896 563 908 591
capacitor 0.6657 1021 686 1033 709
capacitor 0.6556 584 691 597 718
capacitor 0.6440 619 602 646 613
capacitor 0.6310 1013 465 1025 490
capacitor 0.6094 1239 703 1252 728
capacitor 0.5169 618 579 632 601
capacitor 0.4439 799 737 816 762
text 0.9869 908 569 927 608
text 0.9784 541 566 557 602
text 0.9781 599 601 616 629
text 0.9767 912 725 931 765
text 0.9755 1130 603 1146 643
text 0.9729 1255 829 1270 843
text 0.9698 1319 680 1337 721
text 0.9675 1133 353 1153 385
text 0.9674 1279 368 1318 383
text 0.9643 1316 325 1333 344
text 0.9627 978 504 993 532
text 0.9614 1045 696 1060 732
text 0.9601 740 820 837 840
text 0.9582 479 531 495 559
text 0.9570 997 501 1027 516
text 0.9547 542 691 557 719
text 0.9543 970 746 986 785
text 0.9538 557 513 599 532
text 0.9530 745 262 787 282
text 0.9483 499 626 530 644
text 0.9444 592 434 611 473
text 0.9432 1220 357 1240 376
text 0.9395 569 688 583 722
text 0.9314 1196 384 1228 403
text 0.9291 277 797 317 816
text 0.9270 646 642 678 659
text 0.9257 1154 352 1173 383
text 0.9233 826 520 850 536
text 0.9220 1282 680 1302 700
text 0.9212 1283 247 1313 266
text 0.9204 1103 688 1126 714
text 0.9178 506 787 526 816
text 0.9176 1184 696 1222 714
text 0.9158 1065 439 1083 458
text 0.9152 1174 734 1213 750
text 0.9147 1002 447 1027 483
text 0.9143 1345 388 1384 407
text 0.9134 1278 446 1294 477
text 0.9095 522 329 561 349
text 0.9079 694 645 713 676
text 0.9029 538 531 557 559
text 0.8969 523 294 561 313
text 0.8968 280 575 319 593
text 0.8963 647 454 686 473
text 0.8889 252 672 292 688
text 0.8854 1279 312 1298 333
text 0.8827 811 736 830 770
text 0.8819 1162 473 1200 492
text 0.8818 234 255 271 274
text 0.8806 556 741 588 758
text 0.8806 1095 431 1115 464
text 0.8749 234 352 276 368
text 0.8740 1400 329 1418 361
text 0.8718 276 540 318 559
text 0.8703 869 517 900 536
text 0.8696 647 571 665 598
text 0.8680 449 649 468 686
text 0.8607 1126 645 1153 661
text 0.8604 740 383 780 399
text 0.8603 429 516 467 532
text 0.8587 1249 855 1282 871
text 0.8583 1232 835 1248 870
text 0.8572 927 516 958 531
text 0.8550 691 414 728 431
text 0.8531 464 805 505 820
text 0.8493 1181 680 1224 696
text 0.8481 765 492 797 513
text 0.8480 1052 391 1077 410
text 0.8471 1191 454 1234 469
text 0.8464 1301 447 1321 473
text 0.8431 464 579 483 618
text 0.8415 865 434 908 453
text 0.8362 615 555 646 574
text 0.8354 1012 710 1033 751
text 0.8353 648 691 685 707
text 0.8341 1290 182 1305 213
text 0.8321 1205 488 1227 638
text 0.8310 1107 240 1138 255
text 0.8294 1123 660 1165 676
text 0.8281 710 734 740 754
text 0.8260 1240 317 1251 337
text 0.8250 1141 268 1162 293
text 0.8245 927 469 960 487
text 0.8204 1363 451 1395 466
text 0.8198 276 831 316 851
text 0.8195 721 840 765 863
text 0.8179 1204 792 1224 823
text 0.8169 1400 659 1416 680
text 0.8163 1106 726 1132 754
text 0.8157 767 777 806 793
text 0.8077 812 777 841 797
text 0.8074 979 384 1018 403
text 0.8064 1017 770 1068 789
text 0.8048 1185 754 1223 770
text 0.8010 784 520 815 536
text 0.7978 736 193 752 231
text 0.7960 1262 383 1283 418
text 0.7926 791 466 818 481
text 0.7915 758 843 849 863
text 0.7902 900 286 935 305
text 0.7856 1392 433 1407 453
text 0.7853 276 610 318 629
text 0.7841 341 262 382 281
text 0.7811 873 239 893 255
text 0.7795 577 599 592 630
text 0.7794 1173 351 1189 380
text 0.7781 856 820 885 840
text 0.7748 472 684 502 699
text 0.7746 647 601 678 617
text 0.7726 1320 395 1342 411
text 0.7694 553 598 572 629
text 0.7680 1244 446 1263 476
text 0.7655 1251 213 1267 245
text 0.7631 1119 564 1149 578
text 0.7630 277 867 315 887
text 0.7582 494 571 514 606
text 0.7573 1178 228 1193 252
text 0.7568 694 247 723 263
text 0.7533 863 840 928 863
text 0.7498 464 870 502 890
text 0.7490 1064 708 1096 726
text 0.7455 343 314 382 333
text 0.7414 1302 681 1318 719
text 0.7366 744 741 765 776
text 0.7342 522 367 562 383
text 0.7337 471 646 504 663
text 0.7258 1368 333 1388 353
text 0.7221 1220 774 1251 793
text 0.7186 733 520 759 536
text 0.7121 464 839 502 855
text 0.7105 1366 364 1385 385
text 0.7088 1116 350 1134 383
text 0.7085 1084 437 1099 465
text 0.7054 557 758 585 776
text 0.6834 994 411 1012 438
text 0.6801 342 282 385 302
text 0.6682 1337 322 1361 338
text 0.6670 1112 466 1134 495
text 0.6614 1225 240 1254 263
text 0.6569 1108 192 1138 213
text 0.6529 646 661 675 676
text 0.6036 1014 314 1045 329
text 0.6004 1102 212 1137 233
text 0.5405 1186 711 1222 731
pins 0.9861 416 231 484 394
pins 0.9812 358 772 425 903
pins 0.9792 848 194 884 335
pins 0.9713 604 314 732 360
pins 0.9684 362 182 413 227
pins 0.9670 357 514 428 647
pins 0.9666 297 648 441 772
pins 0.9640 272 202 300 274
pins 0.9429 304 403 446 514
pins 0.9327 1225 175 1251 247
pins 0.9005 303 901 451 955
pins 0.8952 600 880 1318 949
pins 0.8933 273 352 300 423
pins 0.8558 1056 190 1092 322
pins 0.8551 1298 173 1325 249
pins 0.8530 597 200 729 240
component 0.9025 1259 502 1282 605
component 0.7692 1338 280 1366 321
component 0.7381 1038 466 1067 489
component 0.7271 775 570 849 717
test 0.9343 1216 419 1247 453
test 0.9187 487 321 518 353
test 0.9048 756 229 791 262
test 0.9024 1181 186 1212 220
test 0.8928 868 454 905 489
test 0.8870 658 407 686 438
test 0.8788 487 357 519 391
test 0.8781 428 539 464 574
test 0.8779 487 286 519 321
test 0.8717 320 566 355 603
test 0.8559 428 832 461 863
test 0.8520 901 255 937 286
test 0.8469 237 224 268 255
test 0.8404 424 867 460 902
test 0.8324 690 267 724 301
test 0.8324 427 575 460 610
test 0.8282 386 239 425 271
test 0.8245 319 605 354 637
test 0.8197 319 789 355 824
test 0.8108 565 532 596 563
test 0.8107 757 190 788 227
test 0.8058 322 533 356 568
test 0.8056 319 824 354 859
test 0.7872 705 368 736 407
test 0.7774 1255 181 1286 208
test 0.7764 428 797 460 828
test 0.7720 1137 185 1173 220
test 0.7621 238 368 273 407
test 0.7579 1145 232 1176 262
test 0.7574 428 609 464 645
test 0.7517 1016 377 1051 411
test 0.7515 1102 400 1134 431
test 0.7407 1301 410 1336 450
test 0.7350 1011 278 1045 309
test 0.7171 1349 407 1384 439
test 0.7119 690 442 725 476
test 0.7096 611 434 647 469
test 0.6858 253 688 288 722
test 0.6740 386 307 419 337
test 0.6668 1315 243 1341 275
test 0.5932 385 271 420 305
test 0.5865 319 860 354 894
clock 0.9320 1251 799 1275 828
ic 0.9768 717 552 894 731
ic 0.9470 1196 263 1244 298
ic 0.8445 780 738 799 762
ic 0.8198 1255 719 1303 786
fuse 0.8600 1311 279 1394 324
transistor 0.9142 1243 271 1294 324
transistor 0.8715 1340 342 1368 380
transistor 0.8539 1189 311 1231 367
transistor 0.7444 1241 336 1278 364
ferrite 0.7630 1029 512 1056 524
ferrite 0.6709 1107 486 1131 504
ferrite 0.3330 1099 478 1125 502
inductor 0.7150 1240 680 1278 699
unknown 0.9552 1292 792 1303 804
unknown 0.9533 1073 613 1089 625
unknown 0.9456 1096 508 1122 521
unknown 0.9430 974 550 993 559
unknown 0.9419 1033 530 1044 552
unknown 0.9369 1076 508 1088 530
unknown 0.9350 1005 664 1013 687
unknown 0.9308 1071 641 1089 654
unknown 0.9273 1016 607 1035 624
unknown 0.9203 1025 567 1048 578
unknown 0.9189 1313 766 1329 777
unknown 0.9179 975 574 986 585
unknown 0.9173 1005 576 1017 590
unknown 0.9060 1310 786 1321 808
unknown 0.8671 1123 521 1145 532
unknown 0.8665 976 598 988 610
unknown 0.8639 984 683 996 699
unknown 0.8521 976 634 996 645
unknown 0.8478 1115 586 1140 598
unknown 0.8394 1091 630 1122 645
unknown 0.8355 1330 782 1352 812
unknown 0.8339 1053 567 1076 579
unknown 0.8247 1084 543 1105 559
unknown 0.7868 1044 641 1060 657
unknown 0.7790 1337 835 1352 847
unknown 0.7775 1048 596 1063 614
unknown 0.7595 1093 595 1120 617
unknown 0.7594 1080 567 1103 581
unknown 0.7487 1100 539 1122 552
unknown 0.7459 995 633 1023 641
unknown 0.7447 814 486 860 520
unknown 0.7309 983 653 1004 662
unknown 0.7273 1327 816 1337 829
unknown 0.7234 1332 731 1346 755
unknown 0.6840 1023 600 1035 622
unknown 0.6575 1305 767 1322 778
unknown 0.5939 1050 639 1078 651
unknown 0.3476 1033 638 1062 658
unknown 0.3057 1094 516 1123 529
