connector 0.9267 1112 102 1217 168
resistor 0.9668 922 90 933 114
resistor 0.9353 649 268 660 291
resistor 0.8847 630 201 655 213
resistor 0.8670 619 270 643 282
resistor 0.8506 904 93 916 114
capacitor 0.9804 1109 237 1166 278
capacitor 0.9551 1108 201 1159 237
capacitor 0.9402 1109 279 1158 315
pins 0.9866 1112 331 1151 351
pins 0.9822 613 322 659 339
pins 0.9758 616 123 657 141
pins 0.9631 904 33 919 68
pins 0.9546 699 30 877 68
pins 0.9099 503 15 665 81
pins 0.8892 613 183 657 198
pins 0.8333 950 33 1119 69
test 0.9609 1175 233 1219 291
led 0.9945 823 313 834 342
led 0.9890 751 315 763 342
led 0.9554 895 325 922 337
led 0.9454 841 315 853 342
led 0.9361 808 313 817 342
led 0.9278 733 316 746 342
led 0.9206 861 316 871 342
led 0.9195 769 313 781 342
led 0.8745 788 313 798 341
clock 0.8945 669 309 720 346
ic 0.9915 664 90 878 301
ic 0.9739 888 124 930 171
ic 0.9734 898 291 924 309
ic 0.9595 616 228 649 258
switch 0.9824 942 279 1092 355
switch 0.9640 10 215 54 256
fuse 0.9766 1109 172 1184 195
display 0.9857 58 123 567 300
transformer 0.9686 982 194 1092 260
transformer 0.9284 983 112 1093 178
