connector 0.9510 1111 213 1215 279
resistor 0.9450 921 267 933 291
resistor 0.9134 648 91 660 114
resistor 0.8745 904 267 917 289
resistor 0.8537 619 99 643 111
capacitor 0.9786 1109 66 1160 101
capacitor 0.9758 1107 105 1164 144
capacitor 0.9743 1108 144 1160 180
pins 0.9837 616 240 658 258
pins 0.9792 1112 30 1151 51
pins 0.9612 612 42 662 60
pins 0.9501 504 301 663 366
pins 0.9316 699 313 876 352
pins 0.8822 902 312 918 347
pins 0.7675 951 312 1121 347
pins 0.7594 615 184 659 200
test 0.9615 1173 92 1216 149
led 0.9841 751 39 762 66
led 0.9839 823 39 835 68
led 0.9313 733 39 748 65
led 0.8990 769 38 781 68
led 0.8912 841 39 853 66
led 0.8771 808 40 817 68
led 0.8630 895 45 922 57
led 0.8612 789 40 797 68
led 0.7240 861 39 869 67
clock 0.9191 669 36 721 72
ic 0.9890 665 80 878 293
ic 0.9774 898 72 924 90
ic 0.9564 889 211 930 258
ic 0.9052 616 123 649 153
switch 0.9877 942 26 1091 101
switch 0.9739 11 125 54 166
fuse 0.9882 1107 186 1184 210
display 0.9911 54 80 568 255
transformer 0.9649 982 120 1094 187
transformer 0.9206 983 202 1091 268
