connector 0.9112 28 103 134 167
resistor 0.9102 585 268 598 291
resistor 0.9084 605 270 628 283
resistor 0.8626 312 89 325 114
resistor 0.8510 348 92 360 114
resistor 0.8425 591 201 616 213
resistor 0.7243 331 93 343 114
resistor 0.3443 325 91 338 114
capacitor 0.9645 87 280 138 317
capacitor 0.9610 86 202 138 238
capacitor 0.9597 81 237 137 277
pins 0.9733 368 29 545 69
pins 0.9690 585 321 634 339
pins 0.9686 589 122 631 142
pins 0.9620 96 331 135 350
pins 0.9268 327 32 342 68
pins 0.9021 584 15 742 82
pins 0.8899 589 183 632 198
pins 0.8079 127 33 296 69
test 0.9590 26 234 73 290
led 0.9925 393 315 404 342
led 0.9882 466 313 478 341
led 0.9769 411 313 422 342
led 0.9567 483 315 495 341
led 0.9292 325 324 351 337
led 0.8929 428 313 438 341
led 0.8393 374 315 384 342
led 0.8245 499 315 513 342
led 0.7888 446 313 457 340
clock 0.9086 526 308 575 344
ic 0.9847 365 91 583 300
ic 0.9531 598 228 630 258
ic 0.8855 321 292 348 309
ic 0.7687 316 122 358 170
switch 0.9753 153 279 304 354
switch 0.9516 1193 216 1235 255
fuse 0.9827 61 171 138 196
display 0.9757 681 126 1185 302
transformer 0.9487 155 196 265 261
transformer 0.9380 157 111 262 180
