connector 0.9539 1111 214 1218 278
resistor 0.9452 922 267 934 291
resistor 0.9263 649 89 660 113
resistor 0.8828 619 99 643 111
resistor 0.8461 904 267 917 288
resistor 0.3571 623 174 655 191
resistor 0.3133 899 267 910 290
capacitor 0.9759 1109 65 1159 101
capacitor 0.9745 1109 143 1159 180
capacitor 0.9740 1108 104 1165 143
pins 0.9801 616 239 658 258
pins 0.9616 1110 29 1152 51
pins 0.9599 613 42 663 60
pins 0.9581 504 301 663 366
pins 0.9360 699 313 877 351
pins 0.8603 902 312 918 348
pins 0.7987 614 179 657 197
pins 0.7559 949 312 1123 346
test 0.9446 1173 92 1217 148
led 0.9791 751 40 763 67
led 0.9745 823 39 834 68
led 0.8971 733 38 748 66
led 0.8839 788 40 798 67
led 0.8642 769 39 781 68
led 0.8615 895 45 922 57
led 0.8276 808 41 817 68
led 0.7829 841 40 853 66
led 0.7621 861 39 869 68
led 0.3275 782 40 795 68
clock 0.8870 669 36 721 72
ic 0.9862 664 80 879 292
ic 0.9739 898 73 925 90
ic 0.9466 889 210 930 259
ic 0.8755 617 123 648 152
switch 0.9771 942 26 1093 102
switch 0.9622 11 126 54 166
fuse 0.9852 1108 187 1184 209
display 0.9799 62 83 560 257
transformer 0.9552 981 120 1095 186
transformer 0.9188 983 202 1091 269
