connector 0.9896 659 2355 1440 3488
connector 0.9888 678 801 1439 1879
connector 0.9861 3319 269 5095 771
connector 0.9834 1323 283 3092 803
connector 0.9815 5216 852 5716 2652
connector 0.9744 869 1892 1481 2224
connector 0.9658 5106 2883 5599 3471
connector 0.9445 2975 860 3498 953
connector 0.9058 5297 2731 5374 2828
connector 0.8183 2915 2634 3281 3012
connector 0.8017 2569 888 2762 989
connector 0.6300 2952 1188 3523 1387
connector 0.6032 5024 785 5121 903
resistor 0.5513 5102 2540 5225 2610
capacitor 0.9582 4738 2150 4793 2232
capacitor 0.9103 4837 2136 4920 2186
capacitor 0.9078 4043 2090 4111 2137
capacitor 0.8315 4036 1435 4114 1540
capacitor 0.8102 4718 1393 4780 1472
capacitor 0.7978 1541 2512 1594 2600
capacitor 0.7816 4785 1473 4860 1536
capacitor 0.7675 4082 1364 4129 1439
capacitor 0.7170 1468 2830 1509 2919
capacitor 0.7014 4010 1449 4079 1526
capacitor 0.6570 4473 2310 4517 2394
capacitor 0.6465 1452 2729 1497 2813
capacitor 0.6294 4787 2080 4864 2124
capacitor 0.6149 4128 1403 4172 1477
capacitor 0.3605 4126 2164 4168 2230
text 0.9818 3251 971 3307 1061
text 0.9764 1489 1968 1613 2181
text 0.9750 3135 1092 3179 1185
text 0.9724 4289 3722 4558 3777
text 0.9703 1480 3700 1800 3764
text 0.9688 3472 3726 3738 3777
text 0.9677 2934 3733 3201 3781
text 0.9652 4661 2524 4932 2570
text 0.9641 1790 2006 2011 2271
text 0.9640 3670 1100 4030 1143
text 0.9604 3733 3724 4014 3778
text 0.9590 2882 2555 3276 2627
text 0.9570 3062 1091 3109 1189
text 0.9569 1291 2251 1324 2282
text 0.9537 2818 1206 2863 1342
text 0.9522 1424 3074 1480 3132
text 0.9483 4211 1033 4649 1089
text 0.9442 3898 2469 4064 2511
text 0.9435 5231 826 5266 888
text 0.9430 3183 510 3269 554
text 0.9382 5306 2643 5396 2698
text 0.9381 4186 2169 4215 2227
text 0.9373 2896 2468 3100 2555
text 0.9333 2877 890 2965 948
text 0.9332 2830 2785 2949 2843
text 0.9325 1294 727 1340 788
text 0.9322 4567 3722 4816 3777
text 0.9320 2607 1016 2728 1076
text 0.9313 3672 2138 3822 2181
text 0.9310 4056 2210 4088 2270
text 0.9297 1911 3304 2352 3351
text 0.9231 1828 3695 2160 3751
text 0.9221 3164 972 3222 1071
text 0.9184 1442 1492 1738 1535
text 0.9175 1547 2279 1711 2325
text 0.9170 2117 1621 2820 1705
text 0.9163 1371 3187 1721 3233
text 0.9160 3815 2186 3856 2329
text 0.9152 2327 1178 2545 1340
text 0.9148 2214 3694 2516 3750
text 0.9137 978 2253 1008 2296
text 0.9117 1433 1353 1742 1408
text 0.9114 1238 3621 1470 3676
text 0.9111 1784 1804 1954 1861
text 0.9100 3108 665 3188 704
text 0.9023 5178 2669 5304 2730
text 0.8998 5063 2709 5106 2843
text 0.8995 3276 1103 3322 1176
text 0.8986 4847 2369 4926 2412
text 0.8946 3421 2528 3694 2570
text 0.8904 4155 787 4241 833
text 0.8903 2102 2209 2932 2467
text 0.8895 2500 3203 2618 3262
text 0.8891 4062 2045 4117 2088
text 0.8891 3208 3729 3474 3779
text 0.8876 2644 3002 2791 3045
text 0.8876 2569 3693 2894 3752
text 0.8875 4259 2521 4544 2586
text 0.8871 2324 3204 2443 3260
text 0.8854 2113 1080 2158 1157
text 0.8833 4793 2281 4834 2371
text 0.8778 2456 2501 2772 2558
text 0.8772 4720 1280 4763 1364
text 0.8769 2816 3202 2948 3260
text 0.8727 2790 1102 2862 1173
text 0.8722 4943 914 5109 960
text 0.8715 2559 1350 2632 1392
text 0.8698 1926 1304 2042 1361
text 0.8664 4439 2405 4502 2485
text 0.8638 1824 3016 1969 3047
text 0.8638 2337 3002 2436 3063
text 0.8612 3673 846 4052 1105
text 0.8612 2500 3001 2647 3046
text 0.8602 4813 3722 5098 3791
text 0.8563 5095 599 5175 658
text 0.8537 2863 1427 3522 1550
text 0.8523 4889 2081 4964 2123
text 0.8520 2199 1288 2315 1325
text 0.8496 5110 790 5211 845
text 0.8484 3813 2343 3855 2485
text 0.8409 4007 3723 4286 3779
text 0.8393 4084 1246 4129 1344
text 0.8350 2838 1564 3841 1702
text 0.8318 1434 1537 1769 1580
text 0.8312 3223 3060 3294 3214
text 0.8294 1552 1866 1717 1922
text 0.8282 3705 2485 3826 2528
text 0.8263 2619 1103 2734 1157
text 0.8220 2822 3001 2942 3044
text 0.8182 3409 1115 3451 1185
text 0.8173 3229 2237 3473 2292
text 0.8173 3425 971 3467 1059
text 0.8119 4001 2183 4072 2225
text 0.8088 2257 1413 2840 1602
text 0.8079 4764 1259 4807 1328
text 0.8042 1439 3309 1756 3362
text 0.8006 1986 3217 2115 3274
text 0.7972 1667 3015 1791 3058
text 0.7967 3180 790 3383 857
text 0.7965 2081 2860 2545 2916
text 0.7962 4940 985 5197 1041
text 0.7926 2472 915 2562 959
text 0.7911 5047 3448 5286 3491
text 0.7876 1395 2957 1718 2999
text 0.7874 1223 3564 1470 3620
text 0.7851 1439 2687 1517 2756
text 0.7815 3927 1491 3999 1540
text 0.7814 4488 2184 4518 2273
text 0.7809 2731 1350 2803 1391
text 0.7807 4158 970 4287 1028
text 0.7804 1795 1420 1869 1462
text 0.7790 2191 1021 2239 1092
text 0.7786 3279 1390 3361 1432
text 0.7785 2157 3003 2299 3060
text 0.7756 1450 2558 1523 2623
text 0.7700 2645 1348 2706 1391
text 0.7699 2991 961 3037 1059
text 0.7656 3527 1249 3610 1305
text 0.7638 5064 3489 5301 3532
text 0.7634 3881 1447 3972 1484
text 0.7615 2191 790 2257 846
text 0.7614 2084 975 2158 1074
text 0.7580 1434 829 1509 882
text 0.7573 1723 1280 1808 1355
text 0.7499 4892 1475 4977 1522
text 0.7496 3704 2309 3813 2354
text 0.7481 4914 1430 4993 1474
text 0.7434 4423 2109 4504 2165
text 0.7433 3339 967 3393 1057
text 0.7375 4103 2440 4233 2485
text 0.7326 1829 3218 1941 3273
text 0.7322 2122 845 2215 929
text 0.7317 2662 3211 2758 3266
text 0.7256 1348 2224 1434 2280
text 0.7243 2861 3331 2923 3389
text 0.7166 2227 843 2331 942
text 0.7163 1986 3004 2125 3058
text 0.7104 1663 2541 1803 2599
text 0.6928 4126 1302 4173 1374
text 0.6872 5132 1737 5204 1777
text 0.6870 4925 2172 4976 2229
text 0.6838 2564 803 2773 888
text 0.6811 1446 2917 1528 2982
text 0.6748 2155 3212 2279 3271
text 0.6645 3652 2353 3697 2486
text 0.6632 2984 1390 3054 1431
text 0.6609 1321 3505 1453 3563
text 0.6596 2071 2581 2778 2756
text 0.6573 4904 1015 5193 1091
text 0.6488 1438 1123 1538 1286
text 0.6425 3081 728 3174 783
text 0.6422 4087 1539 4158 1592
text 0.6383 5394 2700 5438 2874
text 0.6369 2862 3624 2935 3678
text 0.6356 3645 2180 3693 2328
text 0.6275 1597 2514 1651 2599
text 0.6205 3203 1090 3246 1177
text 0.6107 1670 3215 1785 3274
text 0.6094 3080 967 3136 1062
text 0.5943 2923 791 3072 870
text 0.5892 2172 1047 2201 1130
text 0.5749 3092 1390 3164 1433
text 0.5248 5044 2458 5206 2594
text 0.4293 2052 972 2114 1057
text 0.3878 3063 973 3110 1058
text 0.3811 2165 789 2226 851
text 0.3779 1617 2536 1728 2604
text 0.3547 4376 2434 4515 2494
text 0.3308 3701 2461 3813 2513
text 0.3191 5293 2753 5375 2872
text 0.3170 1502 2965 1751 3011
text 0.3138 4934 2176 5000 2246
text 0.3025 4146 952 4272 1010
component 0.9912 1871 1707 1898 1738
component 0.9752 4675 2165 4704 2210
component 0.9628 2120 1187 2143 1219
component 0.9344 4861 2258 4931 2339
component 0.9295 5134 2614 5194 2641
component 0.9239 1798 1334 1870 1389
component 0.8907 4430 2183 4458 2227
component 0.8843 2217 1167 2288 1243
component 0.8779 2242 917 2300 986
component 0.8774 3223 726 3284 773
component 0.8289 5095 2384 5196 2457
component 0.7903 2131 906 2198 984
component 0.7895 5102 2512 5200 2570
led 0.9523 2689 3059 2747 3175
led 0.8110 2864 3063 2911 3189
led 0.7747 2515 3058 2589 3192
led 0.7551 1583 2319 1653 2442
led 0.6261 1798 1669 1855 1794
ic 0.9876 4154 1536 4752 2108
ic 0.9170 4290 800 4532 1036
ic 0.8900 1536 2596 1786 2948
ic 0.8884 1550 906 2085 1292
ic 0.7769 3189 646 3274 712
switch 0.9238 3477 3292 3695 3723
switch 0.9166 3742 3279 3967 3723
switch 0.9155 4558 3287 4778 3723
switch 0.9056 4820 3272 5046 3722
switch 0.8990 3200 3287 3436 3724
switch 0.8970 2933 3289 3163 3728
switch 0.8837 4279 3280 4512 3728
switch 0.8770 4014 3296 4236 3719
electrolytic 0.6058 4839 2223 4958 2363
button 0.9664 2213 3379 2444 3676
button 0.9562 2578 3373 2817 3677
button 0.9352 1842 3376 2085 3678
button 0.9250 1488 1600 1781 1849
button 0.8801 1481 3381 1723 3692
jumper 0.9151 2534 1141 2619 1346
jumper 0.8890 1466 3015 1590 3189
jumper 0.8337 2621 1144 2719 1347
jumper 0.6146 4819 786 5021 905
jumper 0.3803 2662 1153 2777 1352
display 0.9892 3280 2579 5066 3259
