connector 0.9899 57 51 79 93
connector 0.9851 57 404 80 445
connector 0.9655 6 3 784 48
connector 0.9516 555 226 580 271
connector 0.9344 763 185 788 350
connector 0.9292 30 139 53 166
connector 0.8633 53 143 80 168
connector 0.7972 9 215 34 283
connector 0.6970 8 449 788 497
resistor 0.9826 536 148 549 176
resistor 0.9749 377 402 404 414
resistor 0.9721 376 95 403 108
resistor 0.9700 204 343 246 367
resistor 0.9669 376 375 403 387
resistor 0.9648 540 320 571 331
resistor 0.9506 376 64 403 77
resistor 0.9487 38 247 65 262
resistor 0.9419 521 260 553 275
resistor 0.9279 519 149 532 176
resistor 0.9150 717 275 745 289
resistor 0.9142 511 187 521 216
resistor 0.9050 530 382 551 406
resistor 0.8904 719 226 746 239
resistor 0.8802 376 431 403 443
resistor 0.8725 377 123 404 135
resistor 0.8544 717 243 746 256
resistor 0.7979 542 335 569 348
resistor 0.7967 717 258 746 271
resistor 0.7458 674 193 717 220
resistor 0.6369 409 383 453 410
resistor 0.3726 411 85 451 116
pads 0.9863 569 62 746 189
pads 0.9780 509 364 524 393
pads 0.9704 507 303 525 333
pads 0.9624 509 336 524 363
pads 0.9427 540 301 571 316
pads 0.9343 540 283 568 300
emi 0.9853 203 243 245 270
emi 0.9745 201 137 244 160
capacitor 0.9654 47 191 80 241
capacitor 0.9642 251 229 282 280
capacitor 0.9600 196 172 226 221
capacitor 0.9565 250 91 282 143
capacitor 0.9364 251 172 280 224
capacitor 0.9154 49 301 82 351
capacitor 0.9116 133 241 184 270
capacitor 0.9028 143 125 192 156
capacitor 0.8959 89 126 140 152
capacitor 0.8442 251 287 282 338
capacitor 0.8039 200 287 231 338
capacitor 0.7690 17 300 49 353
text 0.9892 186 243 200 273
text 0.9850 376 387 394 402
text 0.9829 524 341 536 361
text 0.9825 375 360 402 374
text 0.9822 1 202 41 214
text 0.9814 525 295 536 314
text 0.9805 551 193 580 203
text 0.9798 521 276 536 289
text 0.9793 165 64 196 81
text 0.9792 40 50 55 91
text 0.9790 582 228 592 256
text 0.9783 278 414 290 435
text 0.9778 0 30 11 51
text 0.9762 321 130 352 141
text 0.9745 750 231 763 284
text 0.9730 526 410 555 425
text 0.9722 753 364 763 403
text 0.9721 56 279 82 291
text 0.9710 373 80 400 93
text 0.9709 57 166 84 185
text 0.9707 1 477 14 499
text 0.9702 750 292 761 320
text 0.9686 423 127 461 141
text 0.9675 552 149 563 175
text 0.9675 84 333 94 359
text 0.9671 507 245 519 262
text 0.9650 742 345 755 363
text 0.9650 7 287 34 295
text 0.9642 0 5 10 23
text 0.9638 507 218 517 244
text 0.9638 227 51 261 68
text 0.9626 459 56 472 87
text 0.9615 6 193 38 204
text 0.9612 40 403 57 432
text 0.9606 652 116 720 133
text 0.9603 661 195 673 218
text 0.9588 552 56 563 83
text 0.9588 250 414 263 435
text 0.9577 644 412 741 443
text 0.9568 263 416 276 435
text 0.9564 754 435 775 446
text 0.9564 594 337 617 351
text 0.9543 689 226 717 239
text 0.9526 319 356 348 368
text 0.9525 507 149 517 175
text 0.9513 82 66 96 81
text 0.9501 247 360 276 374
text 0.9496 178 416 192 435
text 0.9489 569 287 594 301
text 0.9487 182 104 201 120
text 0.9455 463 429 499 447
text 0.9439 638 256 667 270
text 0.9437 0 454 13 472
text 0.9426 374 416 400 429
text 0.9406 746 143 759 175
text 0.9377 218 116 243 131
text 0.9358 163 358 177 377
text 0.9353 246 148 255 170
text 0.9352 740 366 751 403
text 0.9341 769 164 786 177
text 0.9333 486 368 501 393
text 0.9268 236 220 249 238
text 0.9236 194 415 209 435
text 0.9231 230 201 240 219
text 0.9186 769 351 786 362
text 0.9168 7 308 17 334
text 0.9165 236 414 247 435
text 0.9154 36 223 48 243
text 0.9147 373 108 399 120
text 0.9135 80 100 102 118
text 0.9115 549 180 566 191
text 0.9058 638 201 650 218
text 0.9035 415 412 446 429
text 0.9029 98 356 117 369
text 0.9023 571 335 588 348
text 0.9021 232 284 246 310
text 0.9018 746 185 761 204
text 0.8966 67 243 82 266
text 0.8925 236 173 249 192
text 0.8875 417 74 444 87
text 0.8872 374 52 392 62
text 0.8814 252 74 269 89
text 0.8812 690 274 717 289
text 0.8780 84 418 97 435
text 0.8769 689 243 717 258
text 0.8767 524 213 543 227
text 0.8709 84 391 94 404
text 0.8696 237 317 252 339
text 0.8683 570 320 592 331
text 0.8678 94 257 105 273
text 0.8656 92 237 107 250
text 0.8635 690 260 716 272
text 0.8542 65 366 86 381
text 0.8520 34 168 58 183
text 0.8195 569 304 594 316
text 0.7928 640 223 652 243
text 0.7890 85 255 94 274
text 0.7843 69 268 85 278
text 0.7835 222 416 234 435
text 0.7826 117 248 130 274
text 0.7673 9 360 17 380
component 0.9952 688 203 701 211
component 0.9879 311 385 358 418
component 0.9877 309 75 357 111
component 0.9877 425 391 438 400
component 0.9865 32 368 43 389
component 0.9839 106 193 174 226
component 0.9818 107 66 141 103
component 0.9807 342 181 452 316
component 0.9748 425 95 438 106
component 0.9670 609 266 621 275
component 0.9614 105 397 138 433
component 0.9610 602 376 611 381
component 0.9608 644 327 729 364
component 0.9433 218 350 232 360
component 0.9416 574 410 586 418
component 0.9363 106 306 177 343
component 0.9105 609 412 623 420
component 0.8940 586 412 597 420
component 0.8858 597 410 609 420
component 0.8844 586 373 598 383
component 0.8239 575 374 586 383
component 0.8036 611 376 619 383
test 0.9795 765 366 786 391
test 0.9720 152 356 163 378
test 0.9596 257 143 281 170
test 0.9505 7 168 36 191
test 0.9254 105 249 115 268
test 0.9154 84 235 92 254
test 0.8273 65 356 86 364
led 0.9814 263 384 276 414
led 0.9788 37 266 67 278
led 0.9738 251 385 261 412
led 0.9687 277 385 290 414
led 0.9622 207 385 219 412
led 0.9461 236 385 249 413
led 0.9059 222 383 234 414
led 0.8581 180 383 190 410
led 0.8207 555 206 583 218
led 0.6634 194 385 205 412
clock 0.9730 296 60 369 128
clock 0.9608 295 368 371 435
ic 0.9908 89 274 196 354
ic 0.9891 91 158 194 237
ic 0.9818 634 291 736 408
ic 0.9601 290 141 505 355
ic 0.9589 599 197 636 218
ic 0.9372 597 223 636 248
switch 0.9005 566 353 629 439
electrolytic 0.9819 93 50 175 120
electrolytic 0.9462 99 379 167 443
button 0.8687 512 54 551 132
button 0.8358 470 53 511 131
diode 0.9605 18 356 59 398
transistor 0.9780 519 227 551 259
jumper 0.9879 24 90 53 143
jumper 0.9751 51 92 78 146
inductor 0.9415 524 189 544 212
