connector 0.9896 660 2355 1439 3491
connector 0.9887 680 802 1438 1877
connector 0.9877 3325 266 5102 771
connector 0.9840 1328 282 3085 802
connector 0.9839 5217 854 5717 2651
connector 0.9739 870 1893 1481 2223
connector 0.9678 5107 2883 5599 3468
connector 0.9460 2974 861 3496 956
connector 0.8875 5298 2730 5375 2829
connector 0.8287 2914 2634 3281 3010
connector 0.7700 2571 889 2760 989
connector 0.7198 2959 1185 3520 1390
connector 0.6252 5024 785 5122 903
resistor 0.5365 5100 2539 5227 2612
capacitor 0.9397 4736 2152 4792 2234
capacitor 0.9262 4837 2137 4919 2186
capacitor 0.8977 4043 2093 4109 2138
capacitor 0.8534 4037 1438 4112 1539
capacitor 0.8205 4719 1395 4780 1468
capacitor 0.7865 1540 2514 1594 2602
capacitor 0.7683 4783 1478 4861 1537
capacitor 0.7425 4082 1368 4128 1438
capacitor 0.6767 1467 2829 1509 2916
capacitor 0.6587 4010 1449 4074 1525
capacitor 0.6402 1451 2728 1496 2813
capacitor 0.6378 4788 2080 4863 2125
capacitor 0.6357 4473 2310 4516 2393
capacitor 0.6239 4127 1405 4170 1477
capacitor 0.3828 4126 2162 4168 2226
capacitor 0.3463 1460 2798 1501 2892
text 0.9822 3250 971 3307 1061
text 0.9734 4289 3722 4560 3777
text 0.9727 1483 1970 1612 2183
text 0.9726 3135 1091 3178 1184
text 0.9686 2933 3733 3202 3781
text 0.9682 1481 3700 1798 3763
text 0.9677 3474 3726 3739 3777
text 0.9655 1790 2004 2013 2270
text 0.9629 3733 3725 4015 3778
text 0.9597 1291 2251 1324 2282
text 0.9593 4662 2526 4929 2570
text 0.9552 2889 2554 3270 2626
text 0.9536 2819 1204 2864 1341
text 0.9526 3672 1103 4036 1145
text 0.9512 1424 3076 1480 3131
text 0.9479 3061 1089 3109 1190
text 0.9446 5232 828 5267 888
text 0.9409 3905 2471 4061 2512
text 0.9395 1294 729 1341 790
text 0.9386 5309 2644 5396 2699
text 0.9379 4194 1033 4640 1088
text 0.9369 4185 2166 4213 2223
text 0.9338 3183 510 3268 553
text 0.9326 4568 3722 4816 3778
text 0.9314 2609 1017 2731 1076
text 0.9284 4056 2207 4087 2268
text 0.9275 2833 2787 2951 2843
text 0.9274 2896 2469 3100 2554
text 0.9264 3816 2182 3856 2325
text 0.9254 1443 1493 1739 1536
text 0.9252 3677 2139 3821 2180
text 0.9222 3164 973 3221 1069
text 0.9209 1930 3303 2354 3350
text 0.9199 2326 1178 2546 1340
text 0.9196 1544 2279 1710 2324
text 0.9164 1434 1348 1739 1404
text 0.9159 977 2253 1006 2296
text 0.9134 2879 888 2964 945
text 0.9080 4848 2369 4927 2411
text 0.9079 2217 3694 2517 3750
text 0.9076 5181 2669 5304 2729
text 0.9056 1240 3622 1470 3676
text 0.9054 1370 3188 1715 3233
text 0.9041 1831 3696 2159 3751
text 0.9031 1780 1805 1955 1864
text 0.9031 3108 664 3188 703
text 0.9028 5064 2711 5107 2844
text 0.9000 2559 1350 2630 1390
text 0.8999 2120 1622 2822 1704
text 0.8957 3420 2525 3693 2568
text 0.8956 2571 3693 2891 3751
text 0.8932 1924 1304 2045 1362
text 0.8895 3209 3728 3474 3779
text 0.8890 3279 1104 3324 1174
text 0.8881 2644 3003 2789 3045
text 0.8875 5093 599 5175 657
text 0.8873 4155 785 4240 829
text 0.8847 2102 2211 2932 2466
text 0.8821 2455 2501 2772 2557
text 0.8797 4255 2520 4542 2583
text 0.8786 4719 1286 4762 1365
text 0.8776 2790 1103 2863 1173
text 0.8751 3672 844 4054 1108
text 0.8739 2337 3004 2436 3059
text 0.8718 4944 914 5110 958
text 0.8703 2113 1082 2157 1157
text 0.8687 4815 3722 5098 3791
text 0.8669 4793 2282 4834 2371
text 0.8633 2501 3203 2618 3261
text 0.8575 4891 2080 4964 2123
text 0.8540 2328 3205 2442 3260
text 0.8499 4442 2406 4503 2485
text 0.8478 3228 2238 3477 2294
text 0.8475 5110 790 5210 844
text 0.8456 2857 1433 3529 1549
text 0.8449 2503 3001 2642 3045
text 0.8448 2817 3204 2946 3261
text 0.8431 1825 3016 1970 3046
text 0.8384 4057 2050 4115 2093
text 0.8346 4942 985 5195 1041
text 0.8330 3812 2341 3856 2487
text 0.8295 4007 3722 4285 3778
text 0.8237 2201 1288 2313 1325
text 0.8175 3425 971 3467 1058
text 0.8159 1556 1866 1715 1923
text 0.8141 2821 3001 2943 3044
text 0.8140 3222 3062 3292 3213
text 0.8132 3701 2484 3825 2529
text 0.8098 1432 1537 1770 1579
text 0.8072 2844 1566 3845 1703
text 0.8056 1435 3308 1762 3362
text 0.8009 3929 1490 4002 1539
text 0.7998 2085 2860 2550 2916
text 0.7997 1796 1420 1868 1461
text 0.7990 2269 1414 2827 1605
text 0.7990 2620 1104 2728 1158
text 0.7987 1988 3218 2117 3274
text 0.7958 4917 1433 4995 1474
text 0.7950 1392 2960 1729 3002
text 0.7947 3411 1116 3453 1187
text 0.7907 4002 2183 4070 2225
text 0.7886 4488 2186 4517 2271
text 0.7846 2188 1023 2237 1092
text 0.7827 2191 788 2257 844
text 0.7825 5045 3448 5285 3491
text 0.7819 4766 1261 4806 1329
text 0.7808 1451 2558 1522 2624
text 0.7799 1666 3015 1792 3058
text 0.7785 2645 1347 2706 1390
text 0.7784 2087 972 2157 1072
text 0.7776 4085 1247 4128 1344
text 0.7756 2991 961 3037 1059
text 0.7744 2731 1349 2806 1390
text 0.7718 1436 829 1510 883
text 0.7715 1440 2685 1517 2753
text 0.7705 3181 789 3377 858
text 0.7674 1722 1278 1807 1354
text 0.7669 2124 843 2216 928
text 0.7659 3525 1248 3612 1304
text 0.7646 1226 3565 1466 3619
text 0.7619 4161 973 4287 1029
text 0.7603 2159 3003 2302 3060
text 0.7497 2473 917 2562 960
text 0.7417 1350 2226 1439 2281
text 0.7401 5063 3489 5301 3532
text 0.7386 4892 1476 4976 1522
text 0.7359 3340 967 3394 1057
text 0.7335 1665 2542 1804 2598
text 0.7332 3282 1391 3361 1432
text 0.7278 1828 3220 1941 3274
text 0.7264 2862 3330 2921 3389
text 0.7254 3701 2310 3811 2354
text 0.7192 2155 3213 2280 3271
text 0.7166 3881 1445 3970 1482
text 0.7137 1987 3004 2127 3058
text 0.7097 2077 2581 2772 2758
text 0.7078 2564 804 2772 887
text 0.6998 4103 2440 4233 2484
text 0.6991 2220 843 2332 945
text 0.6956 4925 2175 4976 2229
text 0.6951 1323 3506 1451 3564
text 0.6876 4420 2112 4503 2169
text 0.6851 2661 3203 2776 3260
text 0.6850 4127 1305 4172 1374
text 0.6819 2987 1390 3057 1433
text 0.6777 5133 1737 5205 1777
text 0.6673 1437 1124 1539 1285
text 0.6646 3645 2177 3693 2327
text 0.6475 2863 3622 2935 3676
text 0.6470 3079 729 3173 784
text 0.6455 4087 1537 4157 1591
text 0.6398 1597 2515 1651 2599
text 0.6336 3654 2354 3697 2485
text 0.6284 1671 3218 1784 3275
text 0.6248 4911 1015 5189 1090
text 0.6203 3203 1088 3248 1175
text 0.6186 1448 2918 1527 2981
text 0.6154 5394 2700 5438 2873
text 0.5924 2172 1046 2201 1131
text 0.5826 2922 788 3075 870
text 0.5807 3093 1391 3161 1433
text 0.5805 3080 967 3136 1061
text 0.5388 5043 2457 5204 2589
text 0.3982 2052 970 2114 1057
text 0.3661 3699 2464 3812 2515
text 0.3619 2166 788 2227 851
text 0.3591 3054 972 3101 1058
text 0.3412 1610 2535 1722 2605
text 0.3160 2169 1022 2210 1087
text 0.3124 4146 953 4270 1009
text 0.3024 4374 2435 4513 2494
component 0.9913 1871 1706 1897 1736
component 0.9758 4678 2166 4705 2210
component 0.9602 2125 1187 2149 1219
component 0.9336 5135 2613 5195 2640
component 0.9334 4860 2257 4931 2339
component 0.9264 4432 2181 4459 2222
component 0.9193 1798 1333 1870 1389
component 0.8862 2245 917 2304 986
component 0.8825 3225 727 3281 773
component 0.8729 2216 1165 2288 1244
component 0.8465 5101 2384 5197 2456
component 0.7802 5103 2512 5201 2570
component 0.7427 2130 900 2200 985
led 0.9531 2690 3060 2748 3177
led 0.8073 2518 3057 2587 3193
led 0.8018 2863 3063 2911 3189
led 0.7311 1582 2319 1654 2446
led 0.7091 1797 1668 1854 1793
ic 0.9891 4156 1535 4750 2111
ic 0.9075 4289 800 4531 1036
ic 0.8943 1547 904 2086 1291
ic 0.8846 1538 2595 1785 2950
ic 0.7721 3190 646 3276 712
switch 0.9134 3477 3291 3695 3722
switch 0.9133 4560 3286 4778 3724
switch 0.9116 4819 3276 5049 3721
switch 0.9084 3743 3279 3968 3721
switch 0.9004 3201 3286 3434 3721
switch 0.8924 2933 3289 3164 3728
switch 0.8793 4279 3278 4512 3728
switch 0.8759 4013 3295 4234 3717
electrolytic 0.6309 4837 2224 4957 2363
button 0.9680 2213 3380 2444 3677
button 0.9569 2577 3371 2816 3679
button 0.9410 1842 3377 2086 3678
button 0.9172 1490 1597 1780 1850
button 0.8829 1481 3381 1723 3692
jumper 0.9139 2533 1142 2618 1345
jumper 0.8881 1465 3015 1593 3187
jumper 0.8752 2621 1145 2716 1346
jumper 0.6224 4820 785 5021 906
jumper 0.4058 2663 1152 2777 1353
display 0.9888 3285 2580 5061 3259
