connector 0.9818 0 40 41 556
connector 0.9378 46 556 553 599
connector 0.9374 46 0 552 41
connector 0.9363 555 40 599 550
resistor 0.9914 156 312 181 361
resistor 0.9804 221 495 243 546
resistor 0.9539 124 310 148 356
capacitor 0.9430 124 413 194 443
capacitor 0.9295 103 505 125 554
text 0.9829 166 277 190 311
text 0.9824 105 471 126 504
text 0.9784 128 357 152 396
text 0.9783 214 464 238 493
text 0.9750 338 414 361 453
text 0.9708 157 361 186 403
text 0.9708 205 435 251 459
text 0.9673 334 490 357 530
text 0.9657 100 273 158 296
text 0.9575 334 455 358 488
text 0.9574 243 455 259 496
text 0.9433 193 411 259 439
text 0.9412 259 527 326 552
text 0.9407 54 528 100 553
component 0.9866 380 465 539 524
component 0.9859 47 87 169 228
component 0.9728 256 75 483 372
component 0.9692 152 482 191 529
component 0.9562 92 332 106 381
component 0.8965 54 302 103 321
led 0.9838 262 416 327 442
led 0.9721 259 457 326 484
led 0.9431 264 494 326 519
ic 0.9921 135 463 208 542
ic 0.9901 40 59 182 272
ic 0.9859 204 53 540 401
ic 0.9790 362 413 556 556
switch 0.9805 48 295 116 418
unknown 0.9817 52 447 100 530
