connector 0.9532 555 30 598 561
connector 0.9514 45 0 553 41
connector 0.9162 0 43 42 554
connector 0.8960 45 556 548 598
resistor 0.9899 431 357 455 406
resistor 0.9828 347 289 370 335
resistor 0.9712 194 389 240 411
resistor 0.9667 481 135 543 191
resistor 0.9662 475 388 538 445
resistor 0.9654 285 467 344 518
resistor 0.9646 278 138 322 162
resistor 0.9639 249 410 296 433
resistor 0.9588 142 489 186 514
resistor 0.9506 193 417 239 437
resistor 0.9479 274 432 318 455
resistor 0.9458 191 442 239 459
resistor 0.9412 77 420 121 444
pads 0.9541 329 138 377 164
capacitor 0.9678 430 480 452 526
capacitor 0.9499 391 469 423 535
text 0.9873 436 321 456 351
text 0.9837 357 248 382 285
text 0.9755 360 505 387 544
text 0.9739 434 155 471 184
text 0.9727 242 436 272 461
text 0.9675 73 445 108 473
text 0.9666 261 524 293 547
text 0.9655 132 393 182 416
text 0.9654 318 109 364 135
text 0.9642 151 439 187 468
text 0.9629 133 416 180 440
text 0.9529 132 515 171 543
text 0.9502 484 253 523 280
text 0.9456 477 450 526 475
text 0.9454 38 44 213 78
text 0.9441 239 385 295 412
text 0.9419 488 522 551 556
text 0.9339 461 501 481 538
text 0.9238 305 523 351 550
text 0.9132 476 192 527 220
text 0.8857 265 109 312 134
component 0.9705 224 479 241 510
component 0.9593 491 318 523 338
component 0.9336 410 214 440 257
ic 0.9905 189 464 281 525
ic 0.9882 465 285 542 368
ic 0.9854 389 184 467 278
unknown 0.9921 482 77 525 119
unknown 0.9902 273 169 295 210
unknown 0.9896 157 338 183 386
unknown 0.9891 438 60 463 109
unknown 0.9888 133 76 158 121
unknown 0.9881 75 79 119 119
unknown 0.9873 484 482 521 519
unknown 0.9863 215 192 238 233
unknown 0.9862 210 156 255 184
unknown 0.9858 217 243 240 295
unknown 0.9841 315 173 360 197
unknown 0.9840 82 342 104 390
unknown 0.9820 400 132 426 174
unknown 0.9815 403 61 431 113
unknown 0.9810 77 483 123 523
unknown 0.9809 307 272 331 319
unknown 0.9807 207 97 236 143
unknown 0.9806 255 213 276 257
unknown 0.9787 274 256 299 300
unknown 0.9745 189 360 237 390
unknown 0.9722 282 325 331 348
unknown 0.9698 162 211 207 238
unknown 0.9698 367 76 391 122
unknown 0.9692 225 289 270 318
unknown 0.9626 50 213 94 240
unknown 0.9608 214 54 259 80
unknown 0.9608 52 342 77 387
unknown 0.9595 194 329 240 355
unknown 0.9595 132 285 179 311
unknown 0.9571 307 240 351 267
unknown 0.9567 96 215 144 242
unknown 0.9545 230 83 277 106
unknown 0.9533 77 249 123 277
unknown 0.9523 309 214 351 236
unknown 0.9441 272 54 317 81
unknown 0.9347 172 250 217 275
unknown 0.9058 205 528 253 553
unknown 0.9011 384 305 430 334
