connector 0.9599 556 43 598 553
connector 0.9538 45 0 553 41
connector 0.9337 45 557 552 598
connector 0.9266 0 42 42 548
resistor 0.9936 354 51 377 103
resistor 0.9872 416 236 442 285
resistor 0.9790 450 240 473 288
capacitor 0.9620 474 48 494 91
capacitor 0.9252 403 154 473 184
text 0.9855 471 93 493 126
text 0.9829 445 201 470 240
text 0.9819 360 105 383 134
text 0.9805 408 287 432 321
text 0.9788 338 102 354 144
text 0.9770 236 144 259 184
text 0.9734 410 194 441 237
text 0.9687 347 138 392 163
text 0.9674 241 68 263 109
text 0.9633 338 158 403 187
text 0.9527 239 107 263 144
text 0.9388 497 44 544 69
text 0.9298 439 301 497 324
text 0.9154 272 46 339 70
text 0.5133 452 291 487 304
component 0.9870 428 370 551 510
component 0.9808 59 75 217 132
component 0.9667 114 228 342 517
component 0.9548 491 215 505 267
component 0.9506 405 68 445 116
component 0.9244 494 276 544 296
led 0.9827 270 114 338 141
led 0.9489 270 155 335 181
led 0.9437 271 78 334 102
ic 0.9912 415 326 559 536
ic 0.9889 389 56 462 135
ic 0.9840 54 195 396 547
ic 0.9743 41 41 236 184
switch 0.9828 482 178 549 303
unknown 0.9825 498 67 545 150
