connector 0.9895 59 51 78 95
connector 0.9711 58 404 80 447
connector 0.9432 554 224 581 271
connector 0.9424 9 216 35 284
connector 0.9303 0 2 791 50
connector 0.8429 6 449 788 495
resistor 0.9649 38 237 65 253
resistor 0.9512 465 293 478 320
resistor 0.9370 537 230 551 256
resistor 0.9346 38 221 65 237
resistor 0.9221 350 264 359 293
resistor 0.8616 553 206 581 218
pads 0.9771 286 386 303 414
pads 0.9665 302 81 318 109
pads 0.9434 636 143 647 168
pads 0.9155 652 142 665 169
capacitor 0.9892 138 198 154 228
capacitor 0.9870 603 206 634 219
capacitor 0.9717 638 64 663 78
capacitor 0.9703 305 354 317 381
capacitor 0.9702 290 59 304 85
capacitor 0.9687 634 170 665 185
capacitor 0.9622 519 228 532 256
capacitor 0.9531 138 315 153 341
capacitor 0.8064 604 228 634 241
text 0.9846 225 341 257 354
text 0.9822 344 341 374 355
text 0.9810 276 55 289 85
text 0.9802 605 191 631 208
text 0.9779 638 185 665 200
text 0.9776 136 285 154 312
text 0.9775 538 256 551 287
text 0.9775 67 235 93 252
text 0.9763 471 142 499 156
text 0.9719 67 222 94 235
text 0.9713 117 143 142 158
text 0.9709 353 142 379 154
text 0.9708 702 143 733 155
text 0.9678 216 139 245 158
text 0.9676 521 254 534 284
text 0.9672 188 200 276 220
text 0.9671 663 143 679 171
text 0.9644 107 342 128 359
text 0.9630 501 338 529 354
text 0.9624 138 174 151 198
text 0.9610 300 325 319 354
text 0.9594 538 430 557 447
text 0.9516 303 52 317 82
text 0.9503 620 144 632 169
text 0.9430 637 53 665 64
text 0.9386 603 337 635 355
text 0.9323 205 178 260 201
text 0.9319 37 48 51 75
text 0.9306 681 334 711 348
text 0.9254 34 424 55 449
text 0.9251 282 358 296 386
text 0.9030 585 138 612 156
text 0.8961 606 243 634 258
text 0.8939 676 195 709 211
text 0.8493 465 268 481 295
text 0.7785 346 239 357 263
pins 0.9716 36 96 78 171
pins 0.9544 761 174 789 352
component 0.9920 678 222 715 253
component 0.9899 114 379 151 412
component 0.9866 589 379 625 412
component 0.9830 573 82 605 116
component 0.9827 472 379 507 412
component 0.9825 696 377 732 409
component 0.9803 680 83 711 116
component 0.9743 335 83 367 116
component 0.9734 99 82 130 115
component 0.9725 456 83 489 116
component 0.9706 232 379 267 412
component 0.9628 352 380 387 412
component 0.9572 215 81 246 116
test 0.9922 9 164 35 191
test 0.9878 761 362 790 391
test 0.9550 261 145 278 165
ic 0.9852 448 357 518 435
ic 0.9852 322 358 399 437
ic 0.9844 328 60 394 139
ic 0.9844 206 355 275 436
ic 0.9833 201 60 274 141
ic 0.9807 669 356 738 435
ic 0.9765 671 62 738 141
ic 0.9761 89 358 159 437
ic 0.9758 565 359 633 437
ic 0.9749 447 62 518 140
ic 0.9748 561 59 632 141
ic 0.9465 89 60 160 140
ic 0.9064 658 214 734 285
unknown 0.9915 525 89 538 110
unknown 0.9913 540 384 555 408
unknown 0.9828 182 385 196 406
unknown 0.9824 407 193 426 204
unknown 0.9798 405 93 417 110
unknown 0.9797 340 304 354 322
unknown 0.9796 169 93 182 112
unknown 0.9789 386 259 402 277
unknown 0.9775 405 237 419 258
unknown 0.9769 644 387 662 406
unknown 0.9752 396 283 417 296
unknown 0.9734 320 239 334 258
unknown 0.9722 361 285 380 297
unknown 0.9720 642 93 654 111
unknown 0.9695 386 305 397 322
unknown 0.9692 423 248 438 267
unknown 0.9691 388 170 407 183
unknown 0.9675 687 291 706 306
unknown 0.9642 359 240 372 258
unknown 0.9633 480 247 501 260
unknown 0.9547 421 387 437 406
unknown 0.9493 333 182 353 199
unknown 0.9455 376 239 390 256
unknown 0.9438 443 288 463 301
unknown 0.9402 304 387 320 408
unknown 0.9401 434 221 455 233
unknown 0.9376 443 189 462 202
unknown 0.9371 748 90 760 111
unknown 0.9346 388 218 409 231
unknown 0.9296 330 268 344 286
unknown 0.9268 351 193 364 212
unknown 0.9203 422 279 432 298
unknown 0.9065 352 221 363 241
unknown 0.8970 411 212 429 224
unknown 0.8917 284 91 298 109
unknown 0.8791 423 310 438 333
unknown 0.8739 71 386 82 406
unknown 0.8327 377 191 390 212
