connector 0.9464 45 556 552 598
connector 0.9351 554 44 599 548
connector 0.9317 44 0 548 41
connector 0.9202 0 45 42 550
resistor 0.9860 430 191 455 240
resistor 0.9846 347 262 370 308
resistor 0.9840 284 78 344 131
resistor 0.9659 142 84 186 109
resistor 0.9657 481 406 544 463
resistor 0.9603 273 143 318 165
resistor 0.9592 194 187 240 209
resistor 0.9577 191 138 239 155
resistor 0.9573 475 153 537 210
resistor 0.9568 75 153 122 178
resistor 0.9507 191 160 239 182
resistor 0.9470 248 166 295 187
resistor 0.9406 278 435 322 460
pads 0.9523 330 433 377 460
capacitor 0.9845 429 72 452 118
capacitor 0.9367 390 62 423 129
capacitor 0.3512 386 264 428 287
text 0.9880 435 246 456 276
text 0.9802 132 181 181 204
text 0.9744 357 312 382 350
text 0.9721 132 157 181 181
text 0.9700 260 50 294 74
text 0.9691 151 130 187 158
text 0.9656 488 41 550 76
text 0.9646 241 136 272 161
text 0.9633 360 53 387 93
text 0.9622 484 317 523 344
text 0.9577 317 462 365 488
text 0.9507 461 60 481 96
text 0.9500 74 122 108 152
text 0.9482 239 186 295 212
text 0.9448 305 49 352 75
text 0.9439 433 413 472 442
text 0.9381 475 120 528 149
text 0.9334 132 55 172 81
text 0.9282 264 462 313 491
text 0.9116 39 518 215 553
text 0.9085 477 378 527 406
component 0.9888 225 86 241 118
component 0.9323 491 259 521 279
component 0.9187 410 339 441 382
ic 0.9918 389 318 468 413
ic 0.9903 466 230 541 312
ic 0.9895 188 74 282 133
unknown 0.9919 132 476 158 522
unknown 0.9918 438 488 463 537
unknown 0.9909 484 78 521 115
unknown 0.9906 482 479 525 520
unknown 0.9868 81 207 105 256
unknown 0.9857 207 454 236 501
unknown 0.9846 156 211 182 259
unknown 0.9843 214 364 238 406
unknown 0.9803 254 340 276 384
unknown 0.9802 162 360 207 386
unknown 0.9798 194 241 240 269
unknown 0.9783 272 387 295 428
unknown 0.9750 400 423 426 465
unknown 0.9747 51 209 78 255
unknown 0.9739 75 478 120 518
unknown 0.9729 225 279 269 309
unknown 0.9717 77 73 122 115
unknown 0.9699 49 357 94 385
unknown 0.9685 307 279 331 325
unknown 0.9682 216 302 240 353
unknown 0.9680 210 413 255 441
unknown 0.9677 275 297 299 341
unknown 0.9677 273 516 318 543
unknown 0.9675 403 484 431 537
unknown 0.9665 132 287 178 313
unknown 0.9638 283 249 331 273
unknown 0.9605 307 329 352 357
unknown 0.9592 366 475 392 521
unknown 0.9552 190 210 237 236
unknown 0.9545 382 263 431 292
unknown 0.9506 316 401 359 424
unknown 0.9436 308 361 350 383
unknown 0.9387 172 322 217 347
unknown 0.9342 77 320 123 349
unknown 0.9223 230 491 275 514
unknown 0.9202 215 517 259 544
unknown 0.9192 206 44 253 69
unknown 0.8995 96 355 144 382
