connector 0.9869 59 50 78 95
connector 0.9801 59 404 80 447
connector 0.9393 10 217 36 285
connector 0.9356 0 3 790 50
connector 0.9311 554 223 581 271
connector 0.8649 7 449 788 495
resistor 0.9642 38 237 64 252
resistor 0.9533 465 292 478 319
resistor 0.9496 538 229 552 256
resistor 0.9472 38 222 64 237
resistor 0.9333 350 264 359 294
resistor 0.8398 553 206 581 218
pads 0.9753 285 385 303 414
pads 0.9631 302 81 318 109
pads 0.9612 636 143 648 168
pads 0.9375 652 141 665 169
capacitor 0.9893 138 198 153 227
capacitor 0.9859 603 206 634 218
capacitor 0.9831 290 59 303 85
capacitor 0.9764 638 64 663 78
capacitor 0.9723 634 170 664 185
capacitor 0.9668 305 355 317 381
capacitor 0.9643 519 228 532 256
capacitor 0.9578 138 314 153 342
capacitor 0.8035 605 228 633 242
text 0.9850 277 55 290 85
text 0.9841 224 341 257 354
text 0.9832 344 341 374 356
text 0.9824 637 185 665 201
text 0.9809 471 143 499 157
text 0.9782 605 191 631 208
text 0.9782 663 142 680 172
text 0.9780 538 256 551 287
text 0.9762 136 286 153 311
text 0.9738 189 201 276 220
text 0.9738 217 139 246 158
text 0.9733 67 235 94 253
text 0.9730 107 343 128 359
text 0.9720 138 174 152 198
text 0.9688 701 143 733 154
text 0.9688 67 221 93 236
text 0.9665 521 254 534 284
text 0.9665 116 143 142 159
text 0.9665 300 325 319 355
text 0.9645 303 52 317 83
text 0.9634 354 143 380 154
text 0.9566 501 339 529 354
text 0.9462 538 430 557 447
text 0.9430 681 333 711 349
text 0.9421 204 178 260 201
text 0.9420 639 53 665 64
text 0.9376 282 359 296 385
text 0.9271 604 337 634 355
text 0.9257 620 144 632 170
text 0.9242 606 243 634 258
text 0.9208 584 139 612 156
text 0.9203 37 48 51 74
text 0.9191 676 195 709 211
text 0.8908 34 423 55 449
text 0.8402 465 268 480 293
text 0.8165 346 239 357 264
pins 0.9694 35 96 78 169
pins 0.9407 761 187 789 350
component 0.9913 679 222 715 254
component 0.9901 114 380 151 412
component 0.9848 589 379 624 412
component 0.9848 573 83 605 116
component 0.9813 696 377 731 410
component 0.9810 473 379 507 412
component 0.9803 680 83 711 116
component 0.9779 99 82 130 115
component 0.9771 232 379 266 412
component 0.9769 457 83 488 116
component 0.9739 334 83 367 116
component 0.9541 352 380 387 413
component 0.9481 215 81 246 116
test 0.9932 10 164 36 191
test 0.9917 761 362 790 391
test 0.9685 261 145 279 166
ic 0.9850 205 354 274 437
ic 0.9849 322 358 399 437
ic 0.9835 449 358 519 435
ic 0.9827 327 60 393 139
ic 0.9817 201 60 274 141
ic 0.9803 669 356 738 435
ic 0.9799 561 60 632 142
ic 0.9793 670 62 738 141
ic 0.9785 564 358 633 437
ic 0.9779 446 62 518 141
ic 0.9687 90 359 159 437
ic 0.9576 89 60 161 141
ic 0.8806 657 214 734 285
unknown 0.9907 524 89 538 110
unknown 0.9902 539 384 555 408
unknown 0.9837 386 259 401 278
unknown 0.9797 339 305 353 322
unknown 0.9764 407 193 425 204
unknown 0.9759 361 285 380 296
unknown 0.9757 396 284 417 297
unknown 0.9747 688 291 707 306
unknown 0.9745 169 93 183 112
unknown 0.9733 644 387 663 406
unknown 0.9729 321 239 334 258
unknown 0.9723 182 385 196 406
unknown 0.9722 386 305 397 322
unknown 0.9721 359 239 372 258
unknown 0.9716 405 93 417 110
unknown 0.9669 423 248 438 267
unknown 0.9664 405 237 419 258
unknown 0.9643 388 170 407 183
unknown 0.9632 480 247 501 260
unknown 0.9610 444 289 463 301
unknown 0.9593 304 387 321 408
unknown 0.9565 332 183 353 199
unknown 0.9521 388 218 409 231
unknown 0.9474 421 387 437 406
unknown 0.9470 642 93 654 111
unknown 0.9443 434 222 455 233
unknown 0.9329 444 189 463 202
unknown 0.9307 377 239 390 256
unknown 0.9273 749 90 761 111
unknown 0.9266 351 193 365 212
unknown 0.9262 331 268 344 287
unknown 0.9091 411 212 428 224
unknown 0.9008 423 311 438 333
unknown 0.8987 422 279 432 298
unknown 0.8944 284 91 298 110
unknown 0.8924 351 221 363 241
unknown 0.8699 71 387 82 406
unknown 0.8511 377 191 390 212
