connector 0.9622 556 43 598 552
connector 0.9515 0 38 41 553
connector 0.9374 46 0 551 41
connector 0.9340 46 556 553 599
resistor 0.9928 416 312 442 361
resistor 0.9912 354 495 377 545
resistor 0.9711 449 310 474 357
capacitor 0.9775 472 505 494 554
capacitor 0.9314 403 414 473 443
text 0.9877 408 276 432 311
text 0.9860 471 471 493 504
text 0.9845 445 357 470 396
text 0.9819 360 464 383 493
text 0.9782 411 361 440 403
text 0.9745 236 414 259 454
text 0.9677 347 435 392 460
text 0.9657 272 528 338 552
text 0.9633 238 487 263 524
text 0.9598 439 274 498 296
text 0.9592 239 454 263 489
text 0.9568 338 410 404 439
text 0.9535 339 455 354 495
text 0.9073 497 528 543 553
component 0.9869 428 87 550 227
component 0.9822 60 465 217 524
component 0.9784 406 482 445 529
component 0.9754 114 75 341 372
component 0.9661 492 330 505 381
component 0.9327 495 302 543 321
led 0.9869 271 457 339 484
led 0.9841 271 416 336 442
led 0.9444 270 494 334 519
ic 0.9911 389 462 462 541
ic 0.9866 416 60 558 272
ic 0.9838 54 50 395 403
ic 0.9754 42 414 235 556
switch 0.9866 483 294 549 419
unknown 0.9782 497 449 545 528
