connector 0.9531 556 41 598 554
connector 0.9467 45 0 552 41
connector 0.9372 0 48 41 561
connector 0.9368 46 556 551 598
resistor 0.9926 354 52 377 103
resistor 0.9835 416 236 442 285
resistor 0.9726 449 240 474 288
capacitor 0.9548 474 48 494 90
capacitor 0.9005 403 154 473 184
text 0.9832 360 105 383 134
text 0.9823 445 201 469 240
text 0.9817 471 93 492 126
text 0.9762 407 287 432 321
text 0.9756 236 143 259 184
text 0.9730 240 69 263 109
text 0.9656 239 109 263 144
text 0.9578 338 102 354 144
text 0.9570 411 194 441 238
text 0.9453 338 158 404 187
text 0.9420 347 138 392 162
text 0.9397 496 44 544 68
text 0.9359 439 301 497 324
text 0.9101 272 46 339 70
component 0.9809 427 370 551 510
component 0.9642 60 75 216 132
component 0.9580 406 68 445 117
component 0.9578 491 215 506 266
component 0.9564 112 229 344 516
component 0.9254 493 276 545 295
led 0.9791 271 114 338 140
led 0.9572 270 156 335 181
led 0.9247 271 78 333 102
ic 0.9900 389 55 462 135
ic 0.9852 415 325 558 539
ic 0.9792 52 193 398 548
ic 0.9567 42 42 235 183
switch 0.9836 483 178 549 302
unknown 0.9898 497 68 545 148
