connector 0.9910 719 51 738 94
connector 0.9889 717 404 738 447
connector 0.9878 215 224 242 270
connector 0.9603 12 3 792 51
connector 0.9386 761 217 788 285
connector 0.8570 8 449 788 495
resistor 0.9641 732 222 759 237
resistor 0.9551 246 230 259 256
resistor 0.9465 437 263 446 295
resistor 0.9414 732 237 759 252
resistor 0.9225 318 292 332 319
resistor 0.8267 215 207 243 218
pads 0.9646 494 386 511 414
pads 0.9507 132 141 146 168
pads 0.9308 478 80 496 108
pads 0.7492 150 143 161 168
capacitor 0.9855 643 199 659 228
capacitor 0.9851 133 170 163 185
capacitor 0.9831 163 206 193 219
capacitor 0.9762 265 227 278 256
capacitor 0.9741 494 58 507 85
capacitor 0.9703 480 355 492 381
capacitor 0.9639 134 64 159 77
capacitor 0.9551 644 314 659 342
capacitor 0.8292 166 227 192 242
text 0.9810 644 285 660 311
text 0.9803 520 200 609 220
text 0.9800 423 341 453 356
text 0.9800 703 235 730 252
text 0.9780 703 222 730 235
text 0.9777 165 191 192 208
text 0.9769 552 140 580 158
text 0.9764 263 254 276 286
text 0.9749 655 143 680 158
text 0.9731 507 54 521 85
text 0.9729 133 52 159 64
text 0.9712 478 326 497 355
text 0.9692 246 256 259 287
text 0.9662 300 143 326 156
text 0.9655 132 185 160 200
text 0.9652 540 341 573 354
text 0.9639 645 174 659 199
text 0.9637 267 339 296 355
text 0.9626 65 143 95 154
text 0.9621 481 52 494 82
text 0.9618 163 337 194 354
text 0.9499 116 142 134 172
text 0.9495 669 343 690 359
text 0.9471 184 139 211 156
text 0.9455 317 268 332 292
text 0.9372 416 142 441 153
text 0.9300 86 334 117 349
text 0.9278 163 243 192 258
text 0.9273 240 430 259 447
text 0.9272 165 144 176 169
text 0.9241 88 195 120 210
text 0.9203 537 176 592 199
text 0.9136 746 49 759 73
text 0.8698 742 424 763 448
text 0.8234 502 359 515 385
text 0.8156 440 239 451 265
pins 0.9875 719 97 761 170
pins 0.9594 8 184 36 351
component 0.9915 82 222 117 255
component 0.9906 192 83 224 116
component 0.9857 86 83 117 116
component 0.9848 647 380 682 412
component 0.9844 173 380 207 411
component 0.9835 65 378 101 410
component 0.9796 666 82 699 115
component 0.9781 551 82 582 116
component 0.9747 308 84 340 116
component 0.9719 530 379 564 412
component 0.9654 430 83 463 116
component 0.9493 411 379 446 412
component 0.9462 291 380 325 412
test 0.9917 761 164 788 191
test 0.9896 8 362 36 390
test 0.9673 519 145 536 166
ic 0.9865 164 59 236 141
ic 0.9825 638 358 707 437
ic 0.9823 399 358 475 437
ic 0.9799 278 358 349 435
ic 0.9780 522 355 591 437
ic 0.9764 636 59 708 141
ic 0.9753 164 358 232 437
ic 0.9690 278 62 351 141
ic 0.9639 56 356 126 434
ic 0.9608 403 60 469 139
ic 0.9571 59 62 127 141
ic 0.9502 522 60 596 141
ic 0.8969 62 214 140 286
unknown 0.9872 259 89 273 111
unknown 0.9832 342 222 362 233
unknown 0.9805 240 384 257 409
unknown 0.9789 601 385 615 406
unknown 0.9783 396 259 411 277
unknown 0.9780 615 93 628 112
unknown 0.9776 381 283 401 297
unknown 0.9775 444 304 457 322
unknown 0.9769 463 239 476 258
unknown 0.9754 36 89 49 110
unknown 0.9693 90 291 109 306
unknown 0.9684 134 388 154 406
unknown 0.9631 359 387 374 406
unknown 0.9608 417 285 436 297
unknown 0.9593 477 388 494 409
unknown 0.9581 443 183 465 197
unknown 0.9541 334 189 353 203
unknown 0.9531 144 93 155 112
unknown 0.9513 406 239 419 258
unknown 0.9500 368 212 385 224
unknown 0.9469 432 193 445 212
unknown 0.9466 296 246 316 260
unknown 0.9443 434 221 446 240
unknown 0.9442 406 192 420 212
unknown 0.9409 400 304 411 322
unknown 0.9394 380 93 392 110
unknown 0.9390 364 280 374 298
unknown 0.9370 378 237 391 258
unknown 0.9348 359 310 375 333
unknown 0.9343 453 267 466 287
unknown 0.9322 334 289 353 301
unknown 0.9311 359 249 374 267
unknown 0.9309 372 193 389 205
unknown 0.9197 499 91 513 110
unknown 0.9135 388 218 409 231
unknown 0.9086 389 171 408 182
unknown 0.8780 715 387 726 406
unknown 0.8349 425 240 437 258
