connector 0.9909 4523 471 5306 1628
connector 0.9901 4532 2098 5287 3163
connector 0.9866 854 3184 2667 3694
connector 0.9834 257 1307 743 3108
connector 0.9792 2870 3159 4639 3679
connector 0.9776 370 483 863 1072
connector 0.9617 4487 1753 5089 2065
connector 0.9044 2687 976 3036 1318
connector 0.9001 589 1125 673 1233
connector 0.8403 862 3072 947 3187
connector 0.8021 2462 2585 3029 2791
resistor 0.8436 2691 3188 2775 3232
resistor 0.7136 763 1534 835 1594
capacitor 0.9889 1195 2498 1251 2573
capacitor 0.8955 1052 1775 1134 1834
capacitor 0.8937 1511 1576 1553 1649
capacitor 0.8809 1180 1735 1237 1818
capacitor 0.8617 1793 2483 1840 2569
capacitor 0.8381 1843 2467 1947 2590
capacitor 0.8373 4373 1367 4435 1449
capacitor 0.8370 1063 2482 1149 2526
capacitor 0.8233 1453 1574 1495 1650
capacitor 0.7529 4461 1061 4502 1128
capacitor 0.7430 1857 2427 1930 2471
capacitor 0.7233 2708 3362 2778 3404
capacitor 0.6900 1135 1708 1179 1771
capacitor 0.6319 4474 1152 4516 1230
capacitor 0.3384 1129 1782 1176 1853
capacitor 0.3281 1129 2483 1183 2562
capacitor 0.3203 4454 1144 4502 1252
text 0.9798 4209 2639 4244 2672
text 0.9761 2232 183 2500 239
text 0.9759 1420 183 1689 239
text 0.9752 3952 1705 4168 1954
text 0.9752 4253 744 4586 786
text 0.9740 4170 211 4498 268
text 0.9738 4638 1677 4678 1708
text 0.9732 3457 213 3758 281
text 0.9701 1948 183 2225 240
text 0.9697 2116 1628 2159 1780
text 0.9659 3812 210 4130 269
text 0.9639 2576 2904 2631 3000
text 0.9583 2676 743 2750 900
text 0.9556 1178 1659 1224 1723
text 0.9554 2930 2899 2977 3005
text 0.9554 1687 182 1958 239
text 0.9466 3073 225 3396 282
text 0.9465 4259 2054 4421 2111
text 0.9462 1753 1754 1784 1806
text 0.9460 4365 1797 4495 1998
text 0.9448 1905 2873 2298 3116
text 0.9447 1930 2813 2299 2858
text 0.9387 2767 185 3035 243
text 0.9382 2503 184 2763 241
text 0.9364 1151 182 1408 238
text 0.9352 1454 1707 1486 1795
text 0.9345 4631 3176 4662 3233
text 0.9331 2662 2899 2718 3003
text 0.9331 4231 2568 4534 2612
text 0.9320 3264 2570 3323 2611
text 0.9313 1882 1695 1912 1755
text 0.9311 1035 1560 1122 1592
text 0.9311 702 3088 732 3134
text 0.9288 1343 2885 1768 2930
text 0.9256 3318 916 3462 959
text 0.9253 3666 916 3811 958
text 0.9250 4201 2515 4529 2571
text 0.9244 3017 1114 3134 1171
text 0.9241 1901 1447 2042 1506
text 0.9212 848 1434 939 1477
text 0.9209 4169 1377 4310 1421
text 0.9175 1726 1475 1872 1531
text 0.9158 2792 2785 2836 2873
text 0.9142 1163 2631 1208 2715
text 0.9129 4445 1357 4519 1405
text 0.9118 4964 1673 4993 1722
text 0.9115 3162 2255 3865 2342
text 0.9111 3422 1045 3880 1115
text 0.9058 3813 2803 3856 2887
text 0.9050 2644 2784 2690 2859
text 0.9033 3045 1488 3871 1766
text 0.9024 3351 699 3470 759
text 0.9023 2143 1778 2281 1822
text 0.8983 3047 572 3108 627
text 0.8981 2135 1445 2270 1485
text 0.8980 1681 2944 1813 3002
text 0.8960 876 183 1149 240
text 0.8956 4168 916 4301 961
text 0.8943 3613 612 4041 658
text 0.8935 2569 2787 2630 2843
text 0.8906 3137 2376 3701 2544
text 0.8906 3105 2620 3150 2770
text 0.8876 4490 842 4546 888
text 0.8873 2116 1477 2158 1616
text 0.8869 2778 3260 2862 3305
text 0.8856 4018 2111 4191 2153
text 0.8836 4264 1650 4429 1694
text 0.8807 1034 1393 1308 1451
text 0.8763 863 1120 905 1241
text 0.8734 3005 3020 3092 3074
text 0.8706 3701 700 3812 758
text 0.8676 659 430 928 471
text 0.8657 4240 959 4567 1000
text 0.8653 845 1318 921 1364
text 0.8627 3639 3086 3731 3116
text 0.8624 1998 2486 2086 2526
text 0.8601 967 1791 1034 1838
text 0.8563 4502 300 4728 346
text 0.8562 4305 1477 4390 1518
text 0.8546 3023 699 3144 759
text 0.8534 1800 2580 1843 2670
text 0.8517 3711 3119 3785 3175
text 0.8486 2508 1677 2747 1735
text 0.8472 1723 3130 1810 3186
text 0.8470 4190 2385 4533 2427
text 0.8440 3110 2788 3180 2861
text 0.8439 3765 3074 3840 3117
text 0.8426 3711 2642 3784 2685
text 0.8419 3998 916 4141 960
text 0.8412 3842 918 3988 959
text 0.8406 2867 1404 3072 1504
text 0.8395 1842 2623 1884 2715
text 0.8385 765 3132 863 3188
text 0.8381 4535 1678 4620 1735
text 0.8366 4226 601 4537 653
text 0.8360 3733 2843 3795 2918
text 0.8355 1856 1880 1912 1911
text 0.8348 2143 1600 2287 1649
text 0.8346 774 2945 1032 2987
text 0.8343 2747 2903 2802 3003
text 0.8340 4027 700 4143 758
text 0.8335 3202 1405 3505 1462
text 0.8314 3193 3078 3407 3175
text 0.8300 4460 3077 4532 3133
text 0.8233 3930 2599 4042 2671
text 0.8232 2790 3189 2873 3232
text 0.8172 3040 286 3103 342
text 0.8156 3185 915 3316 964
text 0.8152 2432 2411 3062 2567
text 0.8140 2703 1334 3071 1403
text 0.8103 4099 2513 4171 2541
text 0.8093 1006 1833 1080 1883
text 0.8076 2271 1391 2545 1434
text 0.8039 3507 917 3639 972
text 0.8013 2110 2254 3120 2399
text 0.8009 1469 1792 1557 1850
text 0.7967 3423 2613 3642 2774
text 0.7899 1871 1746 1952 1807
text 0.7850 2357 2658 2447 2714
text 0.7791 760 2181 833 2238
text 0.7768 663 1234 790 1293
text 0.7719 2921 2777 2978 2902
text 0.7698 3523 698 3635 759
text 0.7675 2273 1639 2316 1776
text 0.7671 1491 1476 1560 1559
text 0.7657 3338 2572 3409 2615
text 0.7611 3166 2571 3237 2614
text 0.7588 4460 1219 4525 1266
text 0.7551 3238 2888 3365 2946
text 0.7549 3021 916 3148 972
text 0.7505 2703 3401 2788 3445
text 0.7497 4517 398 4607 456
text 0.7443 958 2488 1053 2528
text 0.7424 4332 1362 4375 1448
text 0.7421 1816 2373 1881 2425
text 0.7379 2564 3098 2734 3170
text 0.7354 841 2873 1028 2917
text 0.7353 2887 3102 3023 3174
text 0.7349 2503 2903 2547 3000
text 0.7239 2270 1473 2315 1605
text 0.7119 992 1735 1036 1779
text 0.7089 2919 2525 2965 2573
text 0.7015 3195 699 3308 758
text 0.7013 3197 1205 3899 1376
text 0.6950 994 2441 1088 2491
text 0.6949 695 484 925 527
text 0.6916 577 1274 664 1320
text 0.6908 532 1085 573 1263
text 0.6780 4218 2412 4537 2466
text 0.6709 2854 2783 2902 2884
text 0.6626 1870 1386 2102 1436
text 0.6605 1468 1492 1509 1563
text 0.6567 1972 2440 2070 2479
text 0.6540 3653 2642 3737 2686
text 0.6427 4458 1018 4521 1054
text 0.6339 2513 2789 2562 2842
text 0.6320 3239 2802 3353 2858
text 0.6156 4429 2687 4528 2854
text 0.6081 874 3001 1031 3044
text 0.6006 791 3305 876 3375
text 0.5988 1133 1597 1172 1663
text 0.5890 3410 3005 3508 3057
text 0.5640 4188 684 4298 743
text 0.5182 3849 686 3983 753
text 0.4708 1443 1383 1674 1439
text 0.3810 3442 918 3604 963
text 0.3742 2629 2908 2691 3011
text 0.3488 808 2987 1050 3038
component 0.9896 1036 1635 1109 1706
component 0.9871 4071 2225 4101 2253
component 0.9868 3826 2745 3842 2774
component 0.9370 1266 1764 1294 1794
component 0.9268 1510 1737 1527 1779
component 0.9132 2719 3188 2747 3218
component 0.9091 4099 2572 4171 2626
component 0.8927 3738 2737 3793 2797
component 0.8882 776 1447 819 1477
component 0.8789 776 1334 819 1363
component 0.8500 791 1562 821 1579
component 0.7972 3777 2978 3840 3057
component 0.7678 3665 2970 3730 3043
component 0.6477 3667 2728 3727 2804
led 0.8428 3222 787 3278 902
led 0.8260 3059 785 3109 906
led 0.7891 4200 775 4273 900
led 0.7714 4314 1521 4388 1650
led 0.7642 3885 773 3955 902
led 0.7441 3552 786 3610 902
led 0.7323 4116 2170 4171 2294
ic 0.9862 1227 1853 1816 2423
ic 0.9514 3884 2674 4417 3071
ic 0.9368 1439 2931 1683 3158
ic 0.8299 4181 1022 4428 1367
ic 0.7816 2690 3260 2778 3316
switch 0.9514 1468 239 1695 686
switch 0.9514 2272 240 2495 683
switch 0.9440 1192 234 1414 680
switch 0.9407 2002 240 2225 687
switch 0.8973 2805 243 3034 688
switch 0.8787 2533 240 2775 691
switch 0.7748 924 235 1156 700
switch 0.7660 1740 251 1957 689
electrolytic 0.6460 3748 2940 3855 3089
button 0.9741 3525 281 3757 601
button 0.9725 3883 283 4126 587
button 0.9619 3157 287 3395 601
button 0.9211 4191 2111 4482 2352
button 0.9187 4241 270 4487 587
jumper 0.9199 3352 2615 3438 2818
jumper 0.9168 4382 779 4499 953
jumper 0.8870 3251 2617 3351 2815
jumper 0.7690 677 1118 843 1233
jumper 0.7101 951 3075 1148 3185
display 0.9893 901 717 2697 1388
