connector 0.9867 57 51 78 92
connector 0.9729 57 404 80 445
connector 0.9630 556 226 580 271
connector 0.9630 3 3 788 48
connector 0.9379 763 178 787 348
connector 0.9293 30 139 53 166
connector 0.8590 54 143 80 167
connector 0.8501 10 215 34 284
connector 0.7324 8 449 787 496
resistor 0.9798 536 148 550 175
resistor 0.9665 377 375 403 387
resistor 0.9657 377 402 403 414
resistor 0.9600 376 95 403 108
resistor 0.9564 540 320 570 331
resistor 0.9513 38 247 65 262
resistor 0.9503 519 148 533 175
resistor 0.9499 204 344 247 367
resistor 0.9429 521 260 553 275
resistor 0.9414 376 64 403 77
resistor 0.9315 511 188 520 215
resistor 0.9158 530 382 551 407
resistor 0.8833 717 276 745 289
resistor 0.8548 719 227 745 239
resistor 0.8546 377 124 404 136
resistor 0.8314 720 242 745 256
resistor 0.8196 717 258 746 271
resistor 0.8144 675 193 717 220
resistor 0.7925 376 431 403 443
resistor 0.7481 542 335 570 348
resistor 0.5523 409 382 453 410
resistor 0.3833 716 264 746 278
resistor 0.3445 411 86 452 115
pads 0.9881 568 62 746 189
pads 0.9740 507 303 524 333
pads 0.9709 509 364 524 393
pads 0.9664 509 336 524 362
pads 0.9524 540 300 571 316
pads 0.9087 540 283 568 300
emi 0.9819 203 243 246 270
emi 0.9651 201 136 244 160
capacitor 0.9665 48 191 80 241
capacitor 0.9648 251 230 282 280
capacitor 0.9599 196 171 226 222
capacitor 0.9482 249 91 282 143
capacitor 0.9387 133 240 185 270
capacitor 0.9147 251 173 280 224
capacitor 0.9025 49 301 82 350
capacitor 0.8734 88 126 140 152
capacitor 0.8716 143 125 192 156
capacitor 0.8221 251 287 282 338
capacitor 0.8194 200 287 231 338
capacitor 0.7916 17 300 50 353
text 0.9895 186 243 199 273
text 0.9826 521 276 536 289
text 0.9825 375 360 402 373
text 0.9819 377 387 393 402
text 0.9819 165 64 196 81
text 0.9797 524 341 536 360
text 0.9782 278 414 290 435
text 0.9781 248 360 276 373
text 0.9751 422 127 461 141
text 0.9746 57 166 83 185
text 0.9740 524 295 536 315
text 0.9737 40 50 55 91
text 0.9734 1 202 41 214
text 0.9731 320 129 352 141
text 0.9726 582 227 591 256
text 0.9724 0 29 11 50
text 0.9701 742 345 755 363
text 0.9697 373 79 400 93
text 0.9691 227 50 260 68
text 0.9685 750 292 761 320
text 0.9676 7 286 34 295
text 0.9667 1 477 16 499
text 0.9664 749 231 763 282
text 0.9663 551 148 563 175
text 0.9638 507 218 517 245
text 0.9627 459 56 472 87
text 0.9618 644 411 740 442
text 0.9617 753 364 763 402
text 0.9614 263 416 277 436
text 0.9608 551 193 580 202
text 0.9590 527 410 556 426
text 0.9588 55 279 81 290
text 0.9522 250 414 263 435
text 0.9515 0 5 11 23
text 0.9512 507 149 517 175
text 0.9503 594 337 617 350
text 0.9498 178 416 192 435
text 0.9496 219 116 242 131
text 0.9484 552 56 563 83
text 0.9478 690 225 717 239
text 0.9464 5 192 38 204
text 0.9456 661 196 672 218
text 0.9454 319 356 347 367
text 0.9449 40 403 57 432
text 0.9433 653 116 719 133
text 0.9429 415 412 446 429
text 0.9419 740 366 752 402
text 0.9410 507 244 519 262
text 0.9377 246 148 255 170
text 0.9375 753 435 775 446
text 0.9365 236 414 248 435
text 0.9362 84 333 94 358
text 0.9360 181 102 201 118
text 0.9342 194 415 210 435
text 0.9324 163 358 177 377
text 0.9312 0 454 13 472
text 0.9312 82 65 95 82
text 0.9310 638 256 667 270
text 0.9280 569 287 593 301
text 0.9269 746 143 759 174
text 0.9258 463 429 500 446
text 0.9255 768 164 786 178
text 0.9247 236 219 249 238
text 0.9150 486 368 501 393
text 0.9119 230 200 240 220
text 0.9117 7 308 17 333
text 0.9081 744 186 760 203
text 0.9053 375 416 399 429
text 0.9011 94 256 105 274
text 0.8995 690 274 717 289
text 0.8959 251 76 269 89
text 0.8923 571 335 588 349
text 0.8893 373 108 399 120
text 0.8864 769 351 786 362
text 0.8841 638 200 650 218
text 0.8827 236 175 248 194
text 0.8781 571 319 592 331
text 0.8747 84 391 94 405
text 0.8720 690 260 716 272
text 0.8696 231 283 245 308
text 0.8677 98 357 117 370
text 0.8650 80 100 101 118
text 0.8627 117 248 130 272
text 0.8609 65 367 86 381
text 0.8599 84 418 97 435
text 0.8592 549 179 567 191
text 0.8567 35 167 57 183
text 0.8525 92 237 107 250
text 0.8506 689 243 717 259
text 0.8423 569 304 594 316
text 0.8373 36 224 48 243
text 0.8287 85 254 94 275
text 0.8100 417 73 444 87
text 0.8087 524 213 543 227
text 0.8022 67 243 82 266
text 0.8008 639 224 649 243
text 0.7915 70 267 84 278
text 0.7893 238 312 251 337
text 0.7695 223 415 234 435
text 0.7601 375 52 392 62
text 0.7200 9 360 17 379
text 0.3009 521 215 537 230
component 0.9905 687 202 703 211
component 0.9894 309 75 357 112
component 0.9879 32 368 43 389
component 0.9868 311 385 357 418
component 0.9849 424 391 438 401
component 0.9832 106 193 175 225
component 0.9768 343 181 452 316
component 0.9748 107 65 143 102
component 0.9727 424 94 438 106
component 0.9549 609 266 622 276
component 0.9546 643 327 728 364
component 0.9424 105 396 138 433
component 0.9236 601 375 611 381
component 0.9165 609 412 623 420
component 0.9160 218 351 232 360
component 0.9111 105 306 177 343
component 0.9053 586 412 597 420
component 0.8744 575 374 586 383
component 0.8509 575 410 586 418
component 0.8250 597 410 610 420
component 0.8208 611 376 619 383
component 0.8099 585 374 597 383
test 0.9754 765 366 786 391
test 0.9714 152 356 162 378
test 0.9711 257 143 280 170
test 0.9564 7 168 36 191
test 0.8877 105 248 115 268
test 0.8467 84 235 92 255
test 0.8443 65 356 85 364
led 0.9762 263 383 277 414
led 0.9756 36 266 67 277
led 0.9659 251 385 261 412
led 0.9548 276 385 290 413
led 0.9378 207 384 219 412
led 0.9132 236 385 250 412
led 0.8598 223 384 234 413
led 0.8539 180 383 190 411
led 0.7512 553 208 581 219
led 0.6641 194 385 206 412
clock 0.9789 296 61 369 127
clock 0.9529 296 368 371 435
ic 0.9909 89 274 196 354
ic 0.9889 92 158 194 237
ic 0.9821 634 291 736 409
ic 0.9589 290 141 505 355
ic 0.9552 600 197 636 218
ic 0.9272 598 223 635 248
switch 0.9065 566 353 629 439
electrolytic 0.9829 94 50 174 119
electrolytic 0.9448 92 379 154 445
button 0.8630 513 53 552 130
button 0.8359 470 52 511 132
diode 0.9561 18 357 59 398
transistor 0.9816 519 228 552 258
jumper 0.9867 25 91 54 143
jumper 0.9804 52 92 79 147
inductor 0.9470 524 189 543 212
