connector 0.9907 719 51 738 95
connector 0.9889 717 404 738 447
connector 0.9865 215 224 242 270
connector 0.9546 14 3 790 50
connector 0.8909 761 217 788 285
connector 0.8662 8 449 789 495
resistor 0.9666 732 222 759 237
resistor 0.9524 246 230 259 257
resistor 0.9444 732 237 759 252
resistor 0.9415 437 263 446 295
resistor 0.9242 318 293 332 320
resistor 0.8272 215 206 243 218
pads 0.9650 494 386 511 415
pads 0.9470 132 141 146 168
pads 0.9352 478 80 496 108
pads 0.7563 150 143 161 168
capacitor 0.9860 133 170 163 185
capacitor 0.9851 643 198 659 227
capacitor 0.9842 163 206 193 219
capacitor 0.9777 494 58 507 85
capacitor 0.9764 265 228 278 256
capacitor 0.9707 480 355 492 381
capacitor 0.9673 133 64 159 77
capacitor 0.9639 644 315 659 342
capacitor 0.8179 166 227 192 242
text 0.9830 644 285 661 311
text 0.9827 520 200 609 220
text 0.9824 423 341 453 356
text 0.9817 703 235 730 253
text 0.9789 552 140 580 158
text 0.9778 704 222 730 235
text 0.9772 507 55 521 84
text 0.9755 263 255 276 285
text 0.9753 165 191 192 208
text 0.9738 133 52 159 64
text 0.9716 655 143 680 158
text 0.9707 478 326 498 354
text 0.9700 300 143 326 156
text 0.9698 246 256 259 287
text 0.9661 645 174 659 198
text 0.9647 132 185 160 200
text 0.9645 481 52 494 82
text 0.9643 540 341 573 354
text 0.9633 66 143 95 154
text 0.9613 268 339 295 355
text 0.9598 163 337 194 354
text 0.9553 117 142 133 172
text 0.9501 669 343 690 358
text 0.9493 317 268 332 292
text 0.9435 537 176 591 200
text 0.9426 240 430 259 447
text 0.9391 184 139 211 156
text 0.9326 165 144 177 169
text 0.9259 86 334 117 348
text 0.9238 88 195 120 210
text 0.9231 164 243 192 258
text 0.9052 416 142 442 153
text 0.9024 746 49 759 73
text 0.8708 742 423 763 449
text 0.8343 502 359 515 385
text 0.8186 440 239 451 265
pins 0.9874 719 97 761 170
pins 0.9644 8 182 36 354
component 0.9908 192 84 224 116
component 0.9903 83 221 117 255
component 0.9872 86 84 117 116
component 0.9836 645 380 682 412
component 0.9830 172 380 207 411
component 0.9824 65 378 101 410
component 0.9810 551 82 582 116
component 0.9796 667 82 699 115
component 0.9750 308 84 340 116
component 0.9714 530 380 565 412
component 0.9689 430 83 463 116
component 0.9569 290 380 325 411
component 0.9486 411 380 446 412
test 0.9924 761 164 788 191
test 0.9907 7 362 37 390
test 0.9710 519 145 536 166
ic 0.9855 165 59 236 141
ic 0.9832 399 358 475 437
ic 0.9827 637 358 707 437
ic 0.9801 278 358 349 435
ic 0.9764 636 60 708 140
ic 0.9762 165 358 232 437
ic 0.9742 522 355 591 437
ic 0.9669 278 62 351 141
ic 0.9662 56 356 126 433
ic 0.9645 403 60 469 139
ic 0.9537 59 62 127 142
ic 0.9522 522 60 596 141
ic 0.8952 63 214 140 285
unknown 0.9875 259 89 273 111
unknown 0.9808 342 222 362 233
unknown 0.9804 396 259 411 277
unknown 0.9797 381 283 401 297
unknown 0.9791 444 304 457 322
unknown 0.9790 240 385 257 410
unknown 0.9785 463 239 476 258
unknown 0.9781 615 93 627 112
unknown 0.9777 601 385 615 406
unknown 0.9724 36 89 50 110
unknown 0.9717 90 291 109 306
unknown 0.9648 359 387 374 406
unknown 0.9631 134 387 154 406
unknown 0.9622 477 388 494 409
unknown 0.9599 144 92 155 112
unknown 0.9594 443 183 465 197
unknown 0.9592 334 189 353 203
unknown 0.9549 417 285 436 297
unknown 0.9512 296 246 317 260
unknown 0.9491 406 239 419 258
unknown 0.9464 400 304 411 322
unknown 0.9463 434 221 446 240
unknown 0.9461 369 212 386 224
unknown 0.9430 432 193 445 212
unknown 0.9411 407 192 420 212
unknown 0.9408 378 237 391 258
unknown 0.9403 359 310 375 333
unknown 0.9374 372 193 389 204
unknown 0.9344 453 267 466 287
unknown 0.9344 334 289 353 301
unknown 0.9337 380 93 392 110
unknown 0.9309 359 249 374 268
unknown 0.9300 364 280 374 298
unknown 0.9205 499 91 513 110
unknown 0.9071 389 170 408 182
unknown 0.9039 715 387 726 405
unknown 0.8943 388 218 409 232
unknown 0.8211 424 240 437 258
