connector 0.9923 4521 2342 5307 3463
connector 0.9914 4528 801 5292 1883
connector 0.9843 2853 281 4632 802
connector 0.9806 849 266 2641 774
connector 0.9688 257 856 747 2629
connector 0.9569 375 2879 856 3477
connector 0.9455 591 2727 673 2837
connector 0.9310 2482 862 2985 959
connector 0.9264 4488 1896 5095 2224
connector 0.8238 2673 2642 3053 2998
connector 0.8232 3207 889 3405 987
connector 0.7157 864 790 949 899
connector 0.6234 2447 1188 3030 1386
resistor 0.5825 746 2539 836 2625
resistor 0.5725 1249 2153 1309 2224
capacitor 0.9607 1178 2153 1238 2224
capacitor 0.9500 1055 2108 1135 2184
capacitor 0.8843 1191 1393 1256 1464
capacitor 0.8814 1794 1406 1840 1474
capacitor 0.8731 4375 2514 4431 2598
capacitor 0.8362 1854 1465 1945 1539
capacitor 0.7901 1841 1364 1881 1440
capacitor 0.7554 1884 1446 1974 1509
capacitor 0.6779 1065 1430 1141 1482
capacitor 0.6322 4460 2826 4503 2915
capacitor 0.4964 1119 1468 1191 1533
text 0.9797 2658 972 2711 1063
text 0.9770 1422 3723 1689 3779
text 0.9769 3951 2009 4173 2276
text 0.9762 4172 3696 4484 3761
text 0.9736 2237 3727 2504 3780
text 0.9727 1030 2526 1307 2570
text 0.9698 4629 729 4667 789
text 0.9687 1750 2169 1790 2228
text 0.9658 1887 2468 2059 2512
text 0.9637 4359 1968 4487 2178
text 0.9621 1924 1103 2299 1149
text 0.9614 2784 1092 2836 1189
text 0.9603 4640 2252 4678 2285
text 0.9533 2863 2466 3076 2555
text 0.9528 1958 3720 2234 3776
text 0.9528 4230 1353 4534 1408
text 0.9516 4245 3190 4587 3231
text 0.9446 3741 1011 3782 1087
text 0.9437 3625 3303 4078 3354
text 0.9426 1151 3722 1409 3780
text 0.9423 4502 3622 4737 3683
text 0.9422 2114 2328 2159 2485
text 0.9417 3844 1028 3885 1075
text 0.9399 3520 3204 3639 3261
text 0.9390 872 3724 1152 3787
text 0.9358 2935 960 2979 1065
text 0.9351 1415 2514 1701 2582
text 0.9350 3044 3334 3108 3390
text 0.9334 1687 3723 1963 3779
text 0.9316 4264 2281 4428 2326
text 0.9302 2780 3731 3030 3783
text 0.9299 3041 2213 3883 2466
text 0.9284 3814 3694 4127 3753
text 0.9250 3021 3205 3148 3260
text 0.9230 1917 845 2305 1100
text 0.9204 4001 3015 4141 3046
text 0.9203 3262 1347 3325 1387
text 0.9198 3007 890 3095 951
text 0.9176 2501 3730 2764 3783
text 0.9161 2143 2483 2270 2527
text 0.9116 3813 1087 3856 1160
text 0.9078 3157 1417 3694 1606
text 0.9062 2574 959 2633 1060
text 0.9043 3451 3694 3760 3751
text 0.9039 3429 1180 3638 1347
text 0.9013 655 3489 919 3528
text 0.9009 1508 2409 1554 2485
text 0.9002 2135 2139 2293 2181
text 0.9002 1313 1032 1783 1090
text 0.9000 3126 1622 3862 1707
text 0.8975 2111 2180 2156 2340
text 0.8972 2648 1103 2710 1183
text 0.8954 3647 860 3727 944
text 0.8862 3106 1204 3154 1340
text 0.8850 4021 1811 4190 1867
text 0.8831 4196 3309 4509 3363
text 0.8828 3352 3203 3467 3263
text 0.8822 855 2604 922 2645
text 0.8783 1884 2208 1916 2269
text 0.8774 863 2717 906 2845
text 0.8755 2500 2240 2744 2298
text 0.8744 4490 3564 4738 3621
text 0.8689 3433 2860 3878 2919
text 0.8687 1798 1293 1839 1373
text 0.8660 2443 1432 3113 1540
text 0.8649 2271 2529 2541 2572
text 0.8637 580 2648 661 2701
text 0.8630 2126 1563 3128 1700
text 0.8585 2359 1248 2445 1304
text 0.8572 1857 2051 1916 2098
text 0.8564 3192 3202 3305 3262
text 0.8562 3678 3003 3813 3060
text 0.8559 530 2698 577 2870
text 0.8529 4203 1538 4514 1579
text 0.8519 3234 1103 3352 1161
text 0.8514 702 823 738 886
text 0.8485 1039 2369 1121 2411
text 0.8412 3326 3003 3477 3045
text 0.8411 2701 2556 3080 2628
text 0.8390 3076 3694 3392 3752
text 0.8373 1450 2185 1482 2273
text 0.8353 1726 2438 1860 2480
text 0.8350 2790 728 2873 780
text 0.8326 765 984 1036 1048
text 0.8286 852 2542 922 2583
text 0.8272 1996 1448 2083 1496
text 0.8264 849 2400 934 2466
text 0.8261 3711 787 3783 845
text 0.8258 2747 969 2805 1071
text 0.8238 3232 1015 3363 1074
text 0.8235 2921 1061 2977 1194
text 0.8212 4534 2227 4619 2280
text 0.8211 1148 2275 1188 2367
text 0.8203 1185 1278 1255 1366
text 0.8187 2502 971 2545 1059
text 0.8181 4213 1289 4247 1331
text 0.8176 1840 1245 1882 1348
text 0.8130 1728 787 1810 831
text 0.8117 3036 3622 3102 3678
text 0.8109 3853 3216 3977 3274
text 0.8100 1808 1531 1882 1587
text 0.8090 2699 512 2790 558
text 0.8088 3198 2499 3500 2559
text 0.8074 864 916 1016 959
text 0.8025 3166 1348 3237 1393
text 0.8016 2509 1117 2558 1186
text 0.8005 4961 2253 4991 2296
text 0.7985 4226 1491 4528 1535
text 0.7894 966 1432 1066 1474
text 0.7874 3527 2998 3636 3066
text 0.7871 4179 3009 4301 3056
text 0.7864 2782 667 2867 711
text 0.7852 3338 1346 3410 1391
text 0.7805 1165 1259 1207 1332
text 0.7798 850 2483 940 2524
text 0.7791 4488 3074 4545 3132
text 0.7781 4025 3217 4141 3274
text 0.7769 967 2166 1041 2225
text 0.7767 1963 1486 2052 1535
text 0.7688 761 785 860 844
text 0.7688 3697 3214 3810 3274
text 0.7686 995 1475 1087 1522
text 0.7674 4255 1867 4419 1923
text 0.7644 2575 1116 2629 1183
text 0.7559 4330 2515 4375 2596
text 0.7528 673 2668 793 2728
text 0.7437 3924 1301 4041 1356
text 0.7436 664 3454 930 3499
text 0.7418 4242 2955 4587 3002
text 0.7388 3180 3002 3324 3045
text 0.7332 4456 2695 4527 2734
text 0.7320 3109 1106 3182 1177
text 0.7316 2664 3073 2747 3223
text 0.7310 3767 1047 3800 1133
text 0.7307 3018 2785 3134 2844
text 0.7295 2272 2351 2316 2479
text 0.7294 1674 973 1807 1029
text 0.7280 1465 2410 1507 2485
text 0.7237 1478 2107 1552 2165
text 0.7235 4188 3216 4299 3274
text 0.7227 1895 2180 1951 2235
text 0.7222 4183 2534 4314 2593
text 0.7181 4100 1421 4169 1461
text 0.7173 3868 2999 3982 3066
text 0.7161 2803 1391 2890 1436
text 0.7081 2933 1383 2981 1436
text 0.7016 3196 803 3398 889
text 0.6971 793 603 874 662
text 0.6967 3413 916 3497 958
text 0.6948 2592 789 2742 859
text 0.6926 3655 1290 3746 1319
text 0.6748 4441 2557 4516 2618
text 0.6740 4513 3507 4604 3566
text 0.6695 2263 2187 2309 2351
text 0.6629 759 1729 837 1778
text 0.6605 3020 3002 3149 3046
text 0.6603 2893 791 3050 861
text 0.6508 4201 1404 4530 1447
text 0.6500 3197 2584 3895 2754
text 0.6347 2854 1074 2905 1190
text 0.6289 1006 2081 1076 2119
text 0.5511 4456 827 4529 885
text 0.5501 2569 1386 2739 1434
text 0.4737 4445 2933 4539 2999
text 0.4526 4419 1129 4533 1290
text 0.4023 4005 1689 4084 1779
text 0.3588 4265 2518 4382 2595
text 0.3440 1436 2169 1493 2263
text 0.3387 2767 968 2838 1071
text 0.3292 673 2684 825 2750
text 0.3211 3024 1404 3089 1460
text 0.3152 2285 2200 2321 2284
text 0.3124 2796 747 2904 813
text 0.3067 1007 2098 1093 2186
text 0.3022 4409 2535 4489 2625
component 0.9853 4071 1705 4099 1737
component 0.9691 3819 1186 3842 1219
component 0.9610 1507 2184 1524 2222
component 0.9401 3694 1173 3769 1222
component 0.9097 4100 1333 4170 1389
component 0.8986 2698 734 2749 773
component 0.8943 1264 2166 1296 2209
component 0.8674 777 2418 821 2456
component 0.8626 1035 2253 1108 2339
component 0.8271 764 2518 825 2559
component 0.7826 773 2609 819 2641
component 0.7633 780 2383 842 2429
component 0.7303 3767 903 3840 976
component 0.7005 3672 916 3725 992
led 0.8963 3220 3057 3280 3174
led 0.8180 3054 3059 3115 3186
led 0.7768 3384 3057 3457 3185
led 0.7621 3873 3068 3956 3183
led 0.7031 4317 2312 4389 2440
led 0.6418 4114 1676 4175 1789
ic 0.9821 1223 1534 1813 2106
ic 0.9384 1436 800 1678 1031
ic 0.9041 3881 906 4423 1290
ic 0.8943 4184 2596 4428 2945
ic 0.7247 2687 643 2777 711
switch 0.9355 1193 3295 1416 3723
switch 0.9246 2272 3288 2491 3723
switch 0.9174 2536 3292 2772 3724
switch 0.9137 2002 3282 2223 3723
switch 0.9029 1463 3288 1693 3722
switch 0.8837 2805 3284 3037 3732
switch 0.8636 1736 3292 1958 3715
switch 0.7893 923 3275 1154 3729
electrolytic 0.7006 1006 2226 1136 2360
button 0.9741 4185 1609 4491 1853
button 0.9676 3523 3377 3754 3676
button 0.9564 3151 3362 3391 3676
button 0.9470 3877 3378 4125 3677
button 0.9229 4237 3378 4485 3693
jumper 0.9632 3251 1144 3346 1348
jumper 0.9122 4372 3014 4492 3187
jumper 0.8954 3353 1146 3436 1347
jumper 0.7240 959 788 1146 903
display 0.9877 888 2578 2691 3262
