connector 0.9892 9 213 36 282
connector 0.9869 59 51 80 93
connector 0.9850 59 402 78 447
connector 0.9424 0 3 787 50
connector 0.9064 554 227 581 275
connector 0.8372 8 449 786 495
resistor 0.9726 538 241 552 268
resistor 0.9443 465 178 478 204
resistor 0.9373 553 279 582 291
resistor 0.9163 37 260 65 276
resistor 0.9113 351 203 359 233
resistor 0.8625 38 244 65 260
pads 0.9318 286 83 303 111
pads 0.9056 651 329 665 355
pads 0.9053 302 389 318 417
pads 0.8679 636 329 648 354
capacitor 0.9857 138 270 153 300
capacitor 0.9776 634 312 664 328
capacitor 0.9760 138 156 153 183
capacitor 0.9736 519 241 532 270
capacitor 0.9704 290 413 303 439
capacitor 0.9703 638 420 664 433
capacitor 0.9614 603 279 634 291
capacitor 0.9330 605 254 634 270
capacitor 0.9158 305 116 317 143
text 0.9835 303 414 317 445
text 0.9826 538 210 552 241
text 0.9824 224 143 257 156
text 0.9817 136 185 153 212
text 0.9800 702 343 732 355
text 0.9795 637 297 665 313
text 0.9791 344 141 374 156
text 0.9759 216 339 245 358
text 0.9758 277 412 290 443
text 0.9756 663 326 680 355
text 0.9700 203 298 261 320
text 0.9683 520 214 534 243
text 0.9638 620 328 632 353
text 0.9627 465 205 480 230
text 0.9611 67 262 93 276
text 0.9593 471 340 499 354
text 0.9585 501 143 530 158
text 0.9563 677 287 709 302
text 0.9560 107 139 128 155
text 0.9559 187 278 277 298
text 0.9525 605 239 634 254
text 0.9501 603 143 634 160
text 0.9446 34 50 55 76
text 0.9425 67 244 93 261
text 0.9421 117 339 142 354
text 0.9391 353 343 380 354
text 0.9389 283 112 296 139
text 0.9374 605 291 632 308
text 0.9306 681 149 711 164
text 0.9261 538 50 557 68
text 0.9233 639 433 665 445
text 0.9107 138 301 151 324
text 0.9104 586 341 614 358
text 0.9061 38 424 51 449
text 0.9003 346 233 357 258
text 0.8895 299 142 319 172
pins 0.9885 36 328 79 400
pins 0.9704 761 156 790 319
component 0.9951 679 243 715 276
component 0.9928 114 85 151 117
component 0.9904 572 381 605 414
component 0.9887 680 381 711 414
component 0.9876 472 85 507 117
component 0.9860 590 85 624 118
component 0.9853 696 87 732 120
component 0.9804 99 381 130 415
component 0.9799 232 85 267 118
component 0.9780 457 381 488 414
component 0.9723 334 382 366 414
component 0.9626 352 85 386 117
component 0.9359 215 381 246 416
test 0.9866 10 306 36 333
test 0.9802 761 106 790 135
test 0.9605 261 332 278 352
ic 0.9816 449 62 519 139
ic 0.9808 201 356 275 437
ic 0.9805 670 356 738 435
ic 0.9783 205 60 274 142
ic 0.9780 561 356 632 438
ic 0.9773 446 356 519 435
ic 0.9764 322 60 399 139
ic 0.9757 669 61 738 141
ic 0.9754 328 357 394 437
ic 0.9745 90 60 159 139
ic 0.9663 565 60 632 139
ic 0.9634 89 356 161 437
ic 0.9340 657 212 735 284
unknown 0.9821 386 220 401 239
unknown 0.9805 540 89 555 113
unknown 0.9798 644 91 663 110
unknown 0.9780 340 176 353 192
unknown 0.9768 525 387 538 408
unknown 0.9738 169 385 182 404
unknown 0.9737 183 91 196 112
unknown 0.9726 321 239 335 258
unknown 0.9722 386 176 398 192
unknown 0.9711 351 257 363 276
unknown 0.9700 304 89 320 110
unknown 0.9675 388 266 409 279
unknown 0.9646 434 264 455 276
unknown 0.9643 481 237 501 251
unknown 0.9638 407 293 426 305
unknown 0.9585 352 286 365 304
unknown 0.9563 749 386 761 408
unknown 0.9511 689 191 707 206
unknown 0.9483 422 201 432 218
unknown 0.9363 444 196 463 208
unknown 0.9361 423 229 438 250
unknown 0.9350 405 387 416 405
unknown 0.9347 444 295 463 309
unknown 0.9314 396 201 416 214
unknown 0.9297 642 385 654 404
unknown 0.9289 332 300 353 314
unknown 0.9284 389 314 407 327
unknown 0.9282 359 239 372 258
unknown 0.9262 284 387 300 406
unknown 0.9186 376 285 390 306
unknown 0.9158 405 239 419 260
unknown 0.9089 71 91 82 110
unknown 0.9081 411 274 428 286
unknown 0.8944 423 163 438 187
unknown 0.8935 423 91 438 110
unknown 0.8921 330 211 344 229
unknown 0.8567 361 201 381 212
unknown 0.8114 377 240 390 258
