connector 0.9910 4522 2342 5303 3466
connector 0.9909 4529 802 5296 1885
connector 0.9840 850 265 2650 773
connector 0.9831 2870 283 4635 798
connector 0.9778 252 859 745 2624
connector 0.9605 378 2879 858 3477
connector 0.9376 594 2730 671 2834
connector 0.9350 2480 860 2979 957
connector 0.9031 4490 1899 5094 2222
connector 0.8323 3203 889 3406 989
connector 0.8090 2671 2636 3055 3001
connector 0.7116 864 790 948 899
connector 0.6030 2444 1189 3038 1385
resistor 0.5921 745 2536 836 2627
resistor 0.5847 1250 2154 1308 2226
capacitor 0.9563 1176 2153 1235 2227
capacitor 0.9534 1056 2108 1136 2186
capacitor 0.8998 1191 1391 1255 1465
capacitor 0.8706 1801 1404 1842 1475
capacitor 0.8582 1854 1462 1943 1541
capacitor 0.8372 4376 2515 4431 2600
capacitor 0.7925 1842 1368 1882 1438
capacitor 0.7842 1887 1441 1975 1506
capacitor 0.7292 1069 1432 1144 1481
capacitor 0.7061 4460 2831 4503 2917
capacitor 0.4631 1119 1469 1190 1537
capacitor 0.3174 1156 1319 1235 1384
text 0.9826 2661 975 2714 1063
text 0.9767 3952 2007 4172 2275
text 0.9740 1425 3722 1688 3778
text 0.9727 2242 3726 2504 3780
text 0.9665 4178 3696 4484 3759
text 0.9654 1751 2168 1789 2225
text 0.9651 1030 2527 1303 2570
text 0.9617 2783 1091 2835 1189
text 0.9610 3844 1025 3886 1071
text 0.9603 1886 2469 2059 2511
text 0.9599 1964 3721 2238 3777
text 0.9597 4627 727 4668 790
text 0.9578 4643 2251 4680 2283
text 0.9567 4246 3190 4590 3231
text 0.9524 4357 1968 4489 2176
text 0.9520 1921 1102 2301 1148
text 0.9492 2859 2467 3077 2555
text 0.9486 2114 2329 2158 2481
text 0.9475 3741 1010 3782 1083
text 0.9475 3623 3304 4075 3354
text 0.9427 4230 1351 4532 1405
text 0.9418 4501 3624 4732 3685
text 0.9409 873 3723 1148 3787
text 0.9352 1154 3723 1406 3780
text 0.9347 2780 3730 3032 3783
text 0.9311 1693 3722 1960 3779
text 0.9305 3138 1621 3850 1704
text 0.9299 2141 2483 2268 2527
text 0.9289 2936 960 2977 1063
text 0.9281 4263 2280 4430 2325
text 0.9268 1913 847 2306 1097
text 0.9247 2499 3729 2764 3782
text 0.9238 3045 2214 3878 2470
text 0.9229 4002 3016 4139 3046
text 0.9229 3522 3203 3638 3261
text 0.9228 3045 3335 3112 3388
text 0.9206 3430 1179 3642 1346
text 0.9172 1414 2516 1699 2583
text 0.9134 3815 3695 4127 3753
text 0.9124 2574 959 2632 1059
text 0.9113 3814 1089 3855 1158
text 0.9084 653 3490 919 3530
text 0.9060 2114 2182 2157 2335
text 0.9045 1508 2413 1553 2484
text 0.9000 3007 888 3091 947
text 0.8943 3262 1348 3324 1389
text 0.8938 3106 1200 3155 1340
text 0.8938 1335 1032 1770 1090
text 0.8909 3354 3204 3467 3262
text 0.8888 1857 2053 1915 2098
text 0.8868 2649 1102 2708 1180
text 0.8859 2496 2239 2744 2298
text 0.8852 3025 3207 3148 3261
text 0.8838 3647 858 3728 942
text 0.8811 3429 2860 3877 2917
text 0.8801 3143 1419 3702 1605
text 0.8801 1884 2209 1916 2272
text 0.8760 3449 3694 3751 3751
text 0.8740 1730 2439 1856 2481
text 0.8732 853 2604 921 2645
text 0.8699 4024 1811 4192 1868
text 0.8695 1449 2187 1481 2272
text 0.8612 3330 3002 3469 3043
text 0.8601 2111 1563 3122 1702
text 0.8578 3184 2499 3512 2558
text 0.8566 581 2649 664 2702
text 0.8519 2704 2556 3078 2626
text 0.8505 3710 786 3785 846
text 0.8494 2273 2524 2537 2570
text 0.8484 703 825 738 886
text 0.8475 3236 1017 3370 1076
text 0.8468 3680 3005 3810 3058
text 0.8456 2454 1434 3102 1544
text 0.8449 2357 1244 2444 1302
text 0.8438 2149 2138 2284 2182
text 0.8422 3190 3203 3308 3262
text 0.8418 4490 3565 4734 3623
text 0.8403 3080 3694 3392 3752
text 0.8399 1039 2368 1119 2411
text 0.8384 3237 1104 3353 1162
text 0.8380 852 2543 922 2583
text 0.8363 1181 1274 1253 1362
text 0.8353 4205 1534 4513 1577
text 0.8287 1970 1483 2055 1534
text 0.8282 756 984 1038 1048
text 0.8269 4960 2251 4991 2292
text 0.8266 2923 1062 2979 1199
text 0.8248 532 2695 579 2872
text 0.8189 2789 733 2874 787
text 0.8161 2700 512 2790 557
text 0.8160 865 915 1028 959
text 0.8113 1802 1297 1841 1374
text 0.8107 3527 2999 3639 3064
text 0.8077 3039 3620 3104 3674
text 0.8068 1148 2278 1187 2367
text 0.8058 971 2172 1041 2228
text 0.8029 845 2400 934 2465
text 0.8026 1730 788 1810 831
text 0.8009 2509 1118 2559 1184
text 0.8001 2782 669 2868 712
text 0.7967 4178 3009 4299 3057
text 0.7907 797 604 879 662
text 0.7905 963 1433 1062 1474
text 0.7897 3924 1305 4043 1359
text 0.7888 2503 974 2546 1059
text 0.7888 4258 1868 4421 1923
text 0.7855 1998 1441 2083 1492
text 0.7852 3855 3217 3975 3275
text 0.7850 1810 1533 1885 1589
text 0.7837 3110 1105 3181 1174
text 0.7821 4224 1492 4529 1537
text 0.7791 1840 1247 1882 1347
text 0.7787 4489 3072 4545 3130
text 0.7770 2747 972 2800 1072
text 0.7767 864 2712 905 2847
text 0.7739 1896 2175 1949 2230
text 0.7738 4217 3295 4548 3356
text 0.7723 3183 3002 3323 3045
text 0.7688 762 789 860 846
text 0.7681 4213 1289 4247 1331
text 0.7571 667 3454 927 3499
text 0.7571 3168 1349 3236 1394
text 0.7535 3337 1346 3409 1393
text 0.7523 1466 2407 1507 2487
text 0.7507 3698 3214 3811 3275
text 0.7465 673 2668 795 2726
text 0.7459 4456 2695 4530 2734
text 0.7458 3016 2785 3133 2843
text 0.7454 2574 1117 2630 1181
text 0.7420 2934 1381 2982 1437
text 0.7410 4025 3219 4140 3275
text 0.7397 850 2487 939 2529
text 0.7387 4530 2227 4616 2280
text 0.7315 2274 2350 2316 2479
text 0.7296 3870 2998 3980 3068
text 0.7296 2803 1390 2889 1436
text 0.7277 4256 2957 4574 3001
text 0.7262 4331 2516 4376 2598
text 0.7217 2666 3074 2746 3222
text 0.7207 4201 1404 4530 1447
text 0.7096 759 1728 832 1777
text 0.7069 4181 2535 4315 2593
text 0.7068 3195 802 3401 892
text 0.7051 1685 976 1813 1030
text 0.7029 3767 1046 3800 1137
text 0.7026 4188 3218 4298 3274
text 0.7011 4099 1419 4170 1460
text 0.6935 998 1476 1089 1525
text 0.6884 4509 3509 4597 3564
text 0.6858 1167 1259 1209 1333
text 0.6821 3192 2584 3897 2755
text 0.6801 2591 791 2749 860
text 0.6801 2273 2201 2316 2324
text 0.6794 1480 2108 1551 2170
text 0.6756 3414 917 3497 959
text 0.6600 2854 1074 2905 1191
text 0.6586 3654 1290 3745 1318
text 0.6505 2887 785 3055 859
text 0.6195 2572 1386 2736 1432
text 0.6180 1006 2081 1074 2120
text 0.6131 4439 2559 4517 2618
text 0.5995 3022 3001 3146 3045
text 0.5592 4456 830 4531 886
text 0.5340 4450 2935 4537 2999
text 0.4267 4426 1135 4529 1290
text 0.3719 4269 2518 4380 2595
text 0.3676 2764 970 2829 1071
text 0.3582 4010 1693 4090 1778
text 0.3440 2796 749 2904 815
text 0.3391 4556 3522 4685 3578
text 0.3329 675 2686 827 2753
text 0.3180 1007 2099 1092 2188
text 0.3157 1433 2168 1492 2263
text 0.3023 2905 1384 2991 1457
component 0.9879 4072 1707 4099 1738
component 0.9678 3818 1186 3840 1218
component 0.9633 1508 2186 1526 2225
component 0.9297 3695 1172 3771 1223
component 0.9118 1265 2169 1294 2210
component 0.8974 2698 739 2750 780
component 0.8941 4099 1332 4171 1390
component 0.8710 779 2421 822 2457
component 0.8645 1037 2255 1107 2340
component 0.8273 764 2519 825 2560
component 0.7938 778 2384 842 2430
component 0.7624 773 2608 819 2640
component 0.7579 3768 903 3842 974
component 0.6998 3673 916 3724 991
component 0.3161 761 2514 835 2610
led 0.8969 3220 3056 3278 3172
led 0.8268 3055 3057 3114 3188
led 0.8188 3383 3057 3455 3186
led 0.7775 3875 3069 3954 3184
led 0.7319 4316 2315 4386 2444
led 0.6470 4115 1679 4174 1790
ic 0.9852 1225 1532 1814 2108
ic 0.9407 1436 799 1683 1031
ic 0.9073 3880 907 4422 1288
ic 0.8610 4182 2598 4429 2950
ic 0.7584 2689 644 2777 712
switch 0.9390 1192 3292 1414 3728
switch 0.9243 2272 3287 2493 3722
switch 0.9090 1467 3287 1696 3722
switch 0.9086 2535 3291 2772 3724
switch 0.9056 2004 3283 2223 3721
switch 0.8766 2804 3286 3036 3732
switch 0.8491 1733 3288 1959 3717
switch 0.7451 923 3273 1153 3730
electrolytic 0.7002 1007 2228 1135 2362
button 0.9700 3522 3378 3754 3678
button 0.9691 4186 1607 4490 1854
button 0.9505 3153 3358 3394 3677
button 0.9408 3876 3377 4126 3677
button 0.9179 4237 3381 4486 3690
jumper 0.9665 3250 1143 3346 1348
jumper 0.9210 4375 3017 4494 3186
jumper 0.8786 3351 1149 3434 1349
jumper 0.6806 954 787 1146 904
display 0.9862 884 2577 2694 3263
