connector 0.9866 4423 2331 4945 3175
connector 0.9780 4409 1582 4552 2272
connector 0.9775 1848 2340 2375 3195
connector 0.9726 2034 418 2358 586
connector 0.9723 2803 561 4186 699
connector 0.9595 4084 1114 4324 1538
connector 0.9271 2180 3314 3137 3404
connector 0.9131 2713 2571 4094 2710
connector 0.8744 4460 399 4707 944
connector 0.8666 3361 2271 3505 2353
connector 0.8614 2602 2976 2758 3103
connector 0.8566 3505 2032 3632 2344
connector 0.8513 4470 988 4721 1533
connector 0.8295 2417 603 2504 708
connector 0.7911 2245 889 2374 2278
resistor 0.9078 2641 646 2740 701
resistor 0.8308 3449 3160 3541 3217
capacitor 0.9631 3166 3009 3221 3108
capacitor 0.9178 3561 3005 3618 3106
capacitor 0.9063 3181 3162 3277 3219
capacitor 0.8906 3617 3006 3692 3103
capacitor 0.8829 3137 2907 3236 2964
capacitor 0.8716 3293 3161 3403 3219
capacitor 0.8680 3068 3161 3166 3218
capacitor 0.8002 2444 476 2542 531
capacitor 0.7309 2352 718 2401 816
capacitor 0.6299 3677 3005 3745 3104
text 0.9868 3980 3130 4223 3163
text 0.9859 3545 2748 3589 2850
text 0.9835 3873 2401 3928 2526
text 0.9811 3632 747 3689 858
text 0.9809 3067 1904 3110 1963
text 0.9756 3194 2410 3251 2525
text 0.9755 2869 2738 2912 2850
text 0.9734 4269 2201 4380 2257
text 0.9712 2410 1325 2709 1380
text 0.9711 3294 745 3349 858
text 0.9708 3971 744 4027 856
text 0.9681 3872 2738 3930 2854
text 0.9631 2953 745 3009 858
text 0.9628 3972 1240 4057 1450
text 0.9619 4071 3712 4141 3770
text 0.9611 2727 2737 2770 2851
text 0.9565 3506 3714 3576 3769
text 0.9563 3743 2251 3802 2512
text 0.9552 3535 2342 3590 2554
text 0.9527 3096 744 3150 857
text 0.9519 2540 2103 3150 2227
text 0.9516 3774 748 3825 858
text 0.9493 3196 2737 3250 2850
text 0.9491 2418 1649 2528 1719
text 0.9480 2411 1534 2668 1578
text 0.9474 3562 745 3617 847
text 0.9471 2417 2128 2518 2186
text 0.9466 4267 2608 4367 2910
text 0.9443 4157 3047 4371 3106
text 0.9436 2376 3713 2445 3770
text 0.9419 2939 3711 3011 3770
text 0.9415 2418 984 2531 1041
text 0.9400 2417 1861 2528 1918
text 0.9390 2925 2744 2982 2849
text 0.9388 3687 1919 3731 1964
text 0.9385 3052 1085 3108 1154
text 0.9374 3228 746 3285 857
text 0.9340 2997 1153 3038 1209
text 0.9314 3746 2748 3801 2851
text 0.9312 3325 3385 3392 3446
text 0.9307 3901 435 3959 546
text 0.9304 3339 2375 3392 2528
text 0.9292 4112 436 4169 551
text 0.9292 3632 3402 3701 3446
text 0.9292 2416 1466 2649 1511
text 0.9291 3603 2746 3660 2851
text 0.9275 3900 744 3956 844
text 0.9272 2515 618 2618 674
text 0.9266 3065 2742 3109 2850
text 0.9261 2418 1790 2517 1857
text 0.9238 4271 1662 4382 1707
text 0.9220 2065 2200 2197 2256
text 0.9211 2418 2002 2529 2058
text 0.9206 3404 2412 3454 2524
text 0.9198 3082 1296 3124 1366
text 0.9185 3406 2738 3448 2853
text 0.9147 3676 2244 3733 2527
text 0.9140 2065 1521 2196 1577
text 0.9139 2855 2413 2911 2525
text 0.9088 4281 1862 4380 1917
text 0.9072 2178 3388 2234 3458
text 0.9071 2417 1122 2525 1181
text 0.9070 2896 745 2942 856
text 0.9066 2392 3046 2598 3104
text 0.9049 2417 2199 2517 2255
text 0.9045 2417 1183 2716 1239
text 0.9035 4270 1791 4380 1848
text 0.9026 3435 744 3489 856
text 0.9002 2062 1458 2204 1511
text 0.8968 3775 435 3830 549
text 0.8965 2757 3047 2854 3103
text 0.8958 4296 2003 4381 2058
text 0.8942 2517 3402 2572 3460
text 0.8940 4012 1184 4043 1230
text 0.8931 3942 2746 4001 2861
text 0.8928 4015 2443 4070 2524
text 0.8927 3224 3712 3295 3770
text 0.8924 3293 403 3348 545
text 0.8920 4275 2130 4381 2186
text 0.8900 3789 3712 3859 3771
text 0.8871 3676 1083 3718 1155
text 0.8868 3335 2727 3390 2861
text 0.8833 4353 3726 4426 3771
text 0.8809 2659 3715 2714 3769
text 0.8802 2063 1860 2196 1919
text 0.8793 2551 1964 3075 2086
text 0.8770 2059 2134 2201 2187
text 0.8763 3985 435 4029 547
text 0.8739 4581 2199 4693 2257
text 0.8737 2064 1122 2204 1181
text 0.8727 3474 3387 3547 3443
text 0.8721 2954 406 3010 546
text 0.8720 3746 1155 3802 1211
text 0.8697 4111 730 4158 857
text 0.8681 2092 1663 2206 1720
text 0.8670 2857 3389 2910 3473
text 0.8670 2998 3387 3052 3475
text 0.8661 3254 2396 3315 2523
text 0.8638 2418 1932 2531 1987
text 0.8603 3942 2443 4000 2524
text 0.8588 2997 2741 3052 2850
text 0.8583 4352 1141 4438 1404
text 0.8570 2980 1777 3039 1819
text 0.8549 3096 411 3153 545
text 0.8501 3122 2358 3181 2525
text 0.8488 2926 2413 2981 2526
text 0.8488 2059 1184 2200 1247
text 0.8483 4546 3499 4733 3572
text 0.8441 2997 2410 3053 2526
text 0.8440 4578 2004 4678 2048
text 0.8420 3633 435 3688 547
text 0.8394 3238 409 3291 549
text 0.8379 2785 2412 2840 2524
text 0.8379 3786 3386 3856 3446
text 0.8311 3732 1776 3801 1820
text 0.8285 2062 1322 2201 1378
text 0.8240 3675 2741 3731 2849
text 0.8207 3802 2749 3861 2850
text 0.8188 3028 748 3079 858
text 0.8167 2517 689 2615 745
text 0.8137 2429 2584 2516 2927
text 0.8133 2316 3388 2363 3472
text 0.8121 3436 407 3491 545
text 0.8111 3365 744 3420 857
text 0.8071 4581 1791 4692 1847
text 0.8069 2726 2411 2775 2524
text 0.8038 3576 434 3631 546
text 0.8035 4380 520 4425 589
text 0.8011 2620 786 2816 829
text 0.8004 4014 2739 4070 2851
text 0.8003 2661 3386 2715 3454
text 0.7982 3901 3047 3999 3104
text 0.7981 2888 434 2954 547
text 0.7980 3364 407 3420 546
text 0.7973 3137 2752 3181 2849
text 0.7965 2789 3387 2841 3473
text 0.7956 3115 3389 3182 3472
text 0.7944 3025 412 3081 545
text 0.7922 4580 1862 4692 1919
text 0.7921 4381 1083 4423 1139
text 0.7919 3945 3402 4027 3444
text 0.7911 2092 1797 2205 1851
text 0.7896 4580 1659 4694 1709
text 0.7877 4408 3387 4495 3455
text 0.7811 2798 2737 2840 2848
text 0.7806 4581 2070 4691 2119
text 0.7766 4281 1594 4383 1648
text 0.7686 2516 759 2615 816
text 0.7646 3477 2743 3519 2851
text 0.7514 3817 1154 3872 1212
text 0.7501 3800 1778 3870 1820
text 0.7481 2093 985 2204 1041
text 0.7404 3674 1013 3717 1082
text 0.7378 2119 3404 2162 3457
text 0.7294 3464 2412 3519 2526
text 0.7277 3259 2733 3310 2853
text 0.7248 2094 914 2208 969
text 0.7247 2062 1253 2198 1310
text 0.7231 2092 1593 2210 1648
text 0.7230 2419 912 2530 973
text 0.7102 4044 742 4098 849
text 0.6982 4353 587 4437 822
text 0.6931 4288 2066 4379 2119
text 0.6925 2459 3388 2500 3461
text 0.6920 2248 3389 2302 3460
text 0.6917 2922 1777 2986 1819
text 0.6914 3705 751 3759 856
text 0.6856 4254 3387 4324 3458
text 0.6824 3611 2351 3662 2536
text 0.6437 2091 2003 2205 2059
text 0.6389 4583 1932 4692 1987
text 0.6298 4578 1593 4701 1649
text 0.6295 2068 1932 2205 1988
text 0.6054 2416 1580 2513 1637
text 0.6048 3704 444 3759 546
text 0.5939 3802 2423 3861 2525
text 0.5395 2440 1254 2649 1308
text 0.4996 3058 1019 3110 1072
text 0.3774 4275 1748 4383 1808
text 0.3592 3762 2398 3825 2534
text 0.3563 4044 442 4099 549
text 0.3117 4286 1902 4380 1963
text 0.3078 3689 1946 3732 1974
pins 0.9251 2912 1210 3052 1776
pins 0.8748 3733 1207 3886 1775
pins 0.8707 3115 1833 3677 1972
pins 0.8647 3116 1013 3680 1152
component 0.9886 3063 3032 3102 3078
component 0.9444 3472 3174 3509 3201
component 0.8724 2672 653 2697 678
led 0.9704 4053 3316 4198 3388
led 0.9107 3901 3317 4048 3382
led 0.9033 2629 716 2779 773
led 0.9014 4224 3311 4356 3389
led 0.8934 3748 3313 3885 3385
led 0.8747 4379 3315 4521 3390
led 0.8639 3589 3318 3734 3388
led 0.8615 3290 3315 3420 3384
clock 0.9185 3152 2026 3278 2349
ic 0.9791 2065 646 2347 828
ic 0.8965 3138 1239 3659 1759
ic 0.8755 3256 2903 3533 3119
button 0.9640 3447 3487 3633 3728
button 0.9607 2589 3485 2785 3728
button 0.9522 2866 3487 3065 3726
button 0.9507 3155 3487 3352 3725
button 0.9477 3999 3487 4200 3727
button 0.9426 4297 3486 4496 3724
button 0.9414 3721 3486 3918 3714
button 0.9358 2302 3486 2502 3713
button 0.8962 4551 3258 4732 3488
jumper 0.9231 3998 2974 4151 3049
jumper 0.7848 2407 731 2485 870
jumper 0.6039 3219 2271 3361 2354
unknown 0.9155 3322 2129 3377 2227
unknown 0.7995 3405 2128 3462 2227
