connector 0.9892 4422 717 4942 1567
connector 0.9795 4087 2355 4323 2782
connector 0.9775 1850 706 2375 1546
connector 0.9634 3505 1558 3633 1864
connector 0.9467 2035 3303 2357 3473
connector 0.9441 2805 3193 4181 3330
connector 0.9248 2714 1183 4094 1335
connector 0.9153 4410 1621 4550 2334
connector 0.9065 2418 3218 2503 3289
connector 0.8797 2061 502 3251 589
connector 0.8642 3361 1535 3505 1621
connector 0.8570 4469 2932 4704 3503
connector 0.8284 2599 785 2756 925
connector 0.8180 2247 1661 2376 3038
connector 0.7954 4467 2350 4718 2904
connector 0.7794 2417 3102 2499 3221
resistor 0.8447 2645 3203 2741 3246
resistor 0.6860 3448 689 3550 730
capacitor 0.9687 3166 787 3223 886
capacitor 0.9275 3617 787 3684 886
capacitor 0.9108 2444 3376 2537 3416
capacitor 0.8876 3065 688 3170 745
capacitor 0.8781 3560 785 3618 885
capacitor 0.8584 3138 929 3234 985
capacitor 0.8497 3180 687 3278 745
capacitor 0.8326 3294 688 3404 730
capacitor 0.6855 2358 3088 2402 3186
text 0.9857 3546 1041 3591 1154
text 0.9779 3633 447 3702 504
text 0.9764 2869 1041 2912 1152
text 0.9750 3535 1341 3590 1550
text 0.9743 3066 1041 3110 1150
text 0.9718 3873 1371 3930 1509
text 0.9701 3506 136 3575 179
text 0.9674 2516 432 2572 493
text 0.9671 2656 137 2716 178
text 0.9671 3874 1037 3928 1153
text 0.9654 4156 857 4367 914
text 0.9650 2411 2445 2693 2498
text 0.9641 2417 2652 2712 2708
text 0.9640 4268 987 4369 1280
text 0.9631 4270 2185 4379 2243
text 0.9625 2940 137 3011 179
text 0.9621 3902 3049 3958 3154
text 0.9620 3054 2754 3109 2812
text 0.9616 3197 1041 3250 1152
text 0.9614 2754 859 2854 928
text 0.9607 3194 1365 3252 1483
text 0.9603 3562 3049 3620 3149
text 0.9601 3069 433 3123 492
text 0.9588 2415 2313 2673 2369
text 0.9577 2413 1840 2526 1894
text 0.9571 3434 3048 3490 3158
text 0.9564 4408 447 4494 504
text 0.9562 3632 3360 3688 3459
text 0.9559 2417 2791 2529 2836
text 0.9554 2727 1039 2770 1153
text 0.9545 2726 434 2771 503
text 0.9519 2176 433 2232 503
text 0.9481 3981 3359 4029 3458
text 0.9444 3973 2447 4056 2670
text 0.9442 2375 136 2447 177
text 0.9430 3633 3046 3689 3147
text 0.9415 2418 2174 2529 2241
text 0.9415 3337 1042 3391 1180
text 0.9382 4281 1973 4383 2028
text 0.9374 2319 435 2362 503
text 0.9369 3674 2751 3718 2807
text 0.9354 3745 1380 3802 1664
text 0.9352 4268 1634 4382 1692
text 0.9344 2419 2519 2710 2567
text 0.9343 3971 3049 4028 3159
text 0.9337 2064 1973 2192 2030
text 0.9330 2061 1635 2191 1690
text 0.9327 4012 1366 4070 1452
text 0.9309 2855 433 2910 504
text 0.9295 2658 434 2715 504
text 0.9289 2385 434 2431 503
text 0.9279 3903 3360 3958 3459
text 0.9278 3292 3042 3350 3156
text 0.9274 2419 1974 2529 2030
text 0.9271 2429 977 2516 1312
text 0.9250 2419 2850 2530 2920
text 0.9222 3323 447 3392 505
text 0.9212 2567 1801 3097 1934
text 0.9208 3745 2694 3801 2737
text 0.9207 3774 3045 3824 3152
text 0.9196 4580 1848 4676 1904
text 0.9195 2063 2312 2195 2370
text 0.9184 3789 449 3857 504
text 0.9183 2417 1776 2524 1830
text 0.9179 2998 430 3053 504
text 0.9159 2855 1380 2910 1478
text 0.9153 4550 333 4734 391
text 0.9135 3065 1932 3110 1990
text 0.9129 2387 870 2605 928
text 0.9129 3222 136 3292 179
text 0.9125 3405 1041 3447 1153
text 0.9115 2998 1041 3052 1153
text 0.9114 2925 1040 2981 1150
text 0.9097 3786 123 3857 179
text 0.9084 2894 3040 2943 3159
text 0.9077 4015 1044 4070 1153
text 0.9032 4072 123 4140 179
text 0.9027 3577 3360 3628 3462
text 0.9026 4012 2666 4043 2723
text 0.9003 3096 3037 3150 3147
text 0.8996 2417 2114 2531 2171
text 0.8989 2094 2849 2205 2905
text 0.8984 2419 2044 2523 2101
text 0.8979 2092 2114 2206 2173
text 0.8971 4352 2485 4439 2748
text 0.8952 3336 1366 3392 1520
text 0.8949 4351 122 4424 181
text 0.8901 2517 3217 2613 3274
text 0.8890 3900 786 3999 843
text 0.8885 3113 1379 3182 1536
text 0.8885 2062 2652 2203 2708
text 0.8850 2997 2681 3040 2735
text 0.8844 3677 1039 3733 1152
text 0.8841 4160 788 4365 842
text 0.8828 3988 726 4225 764
text 0.8818 4276 2116 4383 2173
text 0.8795 3455 1362 3519 1474
text 0.8776 3081 2540 3123 2595
text 0.8769 4353 3076 4438 3300
text 0.8741 2953 3039 3010 3149
text 0.8670 2548 1663 3152 1789
text 0.8665 2419 1705 2523 1762
text 0.8663 4113 3359 4170 3457
text 0.8656 4270 2045 4381 2101
text 0.8654 2998 1369 3053 1478
text 0.8649 2515 3090 2615 3133
text 0.8647 2981 2072 3038 2114
text 0.8632 2094 2187 2204 2244
text 0.8631 3236 3361 3293 3500
text 0.8631 4273 1706 4381 1762
text 0.8630 2418 1648 2517 1693
text 0.8591 4582 1632 4692 1691
text 0.8576 3888 855 4002 915
text 0.8569 3689 1933 3731 1989
text 0.8558 3604 1039 3658 1150
text 0.8553 3943 1039 4000 1154
text 0.8544 2727 1378 2780 1480
text 0.8541 3477 448 3548 504
text 0.8523 3676 1367 3732 1659
text 0.8451 4581 2184 4693 2228
text 0.8429 4582 1973 4691 2030
text 0.8425 3235 3037 3280 3148
text 0.8418 3802 1043 3869 1153
text 0.8381 4254 448 4324 505
text 0.8373 3799 2073 3872 2115
text 0.8350 2798 433 2840 503
text 0.8346 4112 3035 4157 3162
text 0.8346 2063 2789 2205 2839
text 0.8334 3293 3359 3348 3502
text 0.8318 3746 1040 3802 1154
text 0.8308 2066 1910 2205 1963
text 0.8287 2065 1775 2198 1832
text 0.8276 2064 2453 2203 2508
text 0.8237 3264 1039 3319 1171
text 0.8230 2063 2512 2205 2567
text 0.8220 2886 3345 2954 3473
text 0.8177 2460 434 2501 505
text 0.8171 2954 3342 3010 3496
text 0.8153 2784 1381 2841 1477
text 0.8112 2798 1042 2840 1152
text 0.8060 3478 1041 3519 1154
text 0.8045 4579 1776 4694 1833
text 0.7981 2586 433 2640 504
text 0.7980 4277 1903 4382 1959
text 0.7962 4044 3360 4099 3458
text 0.7954 3704 3361 3760 3456
text 0.7941 2062 1706 2198 1761
text 0.7915 2118 433 2162 504
text 0.7833 3735 2073 3802 2114
text 0.7830 2246 433 2299 505
text 0.7812 3776 3357 3828 3462
text 0.7796 3138 1041 3181 1152
text 0.7714 2927 428 2980 504
text 0.7690 3613 1347 3663 1539
text 0.7587 2925 1379 2981 1478
text 0.7517 4380 2753 4424 2809
text 0.7445 4580 1910 4692 1964
text 0.7424 4381 3315 4425 3369
text 0.7384 4287 1847 4383 1903
text 0.7370 3095 3346 3152 3498
text 0.7367 3818 2695 3873 2738
text 0.7349 4580 2114 4692 2170
text 0.7282 2061 2384 2202 2440
text 0.7248 3026 3358 3080 3485
text 0.7222 2092 1849 2205 1905
text 0.7219 4580 1705 4696 1762
text 0.7042 2394 801 2604 857
text 0.7024 4584 2045 4693 2100
text 0.6988 3942 449 4026 505
text 0.6975 2754 786 2856 845
text 0.6913 2419 2385 2643 2439
text 0.6885 2094 2045 2207 2101
text 0.6879 4043 3048 4098 3160
text 0.6816 3255 1372 3309 1517
text 0.6784 3138 434 3180 503
text 0.6762 3435 3350 3491 3498
text 0.6690 2925 2072 2980 2113
text 0.6576 3367 3359 3432 3501
text 0.6559 3801 1381 3859 1463
text 0.6498 2063 2724 2204 2779
text 0.6339 2418 2722 2515 2766
text 0.6003 2649 3062 2816 3119
text 0.5401 3704 3049 3759 3149
text 0.3691 4263 1749 4383 1803
text 0.3564 2916 2672 2968 2731
text 0.3548 3365 3047 3420 3157
text 0.3525 2508 3109 2617 3152
text 0.3384 3179 3349 3253 3502
text 0.3237 4279 2009 4380 2068
text 0.3189 3066 3361 3129 3499
pins 0.9172 2911 2117 3051 2682
pins 0.9048 3733 2110 3887 2683
pins 0.8893 3111 1917 3685 2057
pins 0.8780 3114 2740 3677 2889
component 0.9877 3064 828 3092 856
component 0.9650 2671 3218 2699 3245
component 0.9400 3476 703 3506 731
led 0.9724 4381 503 4518 574
led 0.9675 4057 504 4199 575
led 0.9585 3291 518 3421 577
led 0.9405 3744 506 3886 587
led 0.9318 3590 517 3732 574
led 0.9046 3897 503 4045 576
led 0.9002 2628 3120 2758 3188
led 0.8154 4224 503 4354 576
led 0.7945 3434 517 3578 574
clock 0.9576 3154 1549 3282 1858
ic 0.9598 2061 3063 2343 3260
ic 0.9068 3139 2141 3657 2665
ic 0.7517 3251 788 3536 1001
button 0.9697 2305 183 2500 405
button 0.9684 3447 167 3632 403
button 0.9673 2869 178 3064 406
button 0.9646 3150 177 3349 419
button 0.9643 2587 179 2784 406
button 0.9636 4000 175 4199 406
button 0.9450 3720 179 3911 404
button 0.8819 4298 181 4493 400
button 0.8733 4554 403 4734 632
jumper 0.8167 4000 855 4155 928
jumper 0.8100 3220 1537 3366 1621
unknown 0.9075 3320 1664 3375 1761
unknown 0.8734 3405 1663 3461 1763
