capacitor 0.9856 586 494 623 533
capacitor 0.9801 545 541 584 574
capacitor 0.9772 365 530 405 565
capacitor 0.9725 843 499 853 532
capacitor 0.9714 459 230 493 240
capacitor 0.9645 823 558 863 574
capacitor 0.9568 305 483 322 517
capacitor 0.9532 680 299 712 309
capacitor 0.9527 459 211 491 224
capacitor 0.9477 886 186 924 197
capacitor 0.9465 766 579 801 595
capacitor 0.9427 137 666 151 696
capacitor 0.9381 118 318 150 332
capacitor 0.9352 843 183 873 193
capacitor 0.9284 888 202 922 213
capacitor 0.9232 660 552 697 569
capacitor 0.9222 757 448 792 461
capacitor 0.9208 261 400 275 433
capacitor 0.9006 598 288 630 301
capacitor 0.8888 660 398 675 434
capacitor 0.8838 749 276 762 310
capacitor 0.8817 525 232 539 268
capacitor 0.8805 247 221 283 235
capacitor 0.8742 365 257 379 290
capacitor 0.8651 248 205 281 216
capacitor 0.8602 827 499 843 531
capacitor 0.8543 809 526 823 558
capacitor 0.8467 718 299 746 312
capacitor 0.8260 636 241 669 254
capacitor 0.8142 856 500 868 533
capacitor 0.8113 842 204 877 213
capacitor 0.8025 462 594 493 609
capacitor 0.7973 130 194 165 208
capacitor 0.7949 281 398 292 431
capacitor 0.7944 461 612 493 624
capacitor 0.7920 564 241 597 254
capacitor 0.7805 845 329 878 340
capacitor 0.7666 463 193 495 205
capacitor 0.7452 756 392 793 406
capacitor 0.7441 759 483 793 494
capacitor 0.6854 116 263 149 274
