capacitor 0.9856 586 494 623 534
capacitor 0.9786 545 541 585 574
capacitor 0.9693 365 530 404 564
capacitor 0.9686 842 500 854 532
capacitor 0.9624 823 557 862 574
capacitor 0.9594 459 230 492 240
capacitor 0.9501 118 317 151 331
capacitor 0.9487 305 484 322 517
capacitor 0.9481 765 579 801 596
capacitor 0.9373 886 186 924 197
capacitor 0.9358 679 299 714 310
capacitor 0.9320 262 400 275 433
capacitor 0.9318 137 666 152 696
capacitor 0.9286 843 183 873 194
capacitor 0.9194 887 202 922 213
capacitor 0.9130 459 211 491 224
capacitor 0.9009 660 552 696 568
capacitor 0.8986 749 276 763 311
capacitor 0.8845 660 398 675 434
capacitor 0.8837 365 256 379 290
capacitor 0.8814 757 447 792 461
capacitor 0.8781 598 287 631 301
capacitor 0.8711 248 205 281 216
capacitor 0.8705 525 232 539 268
capacitor 0.8564 247 221 283 236
capacitor 0.8501 826 499 842 531
capacitor 0.8287 718 299 746 312
capacitor 0.8219 281 398 292 431
capacitor 0.8207 636 240 669 254
capacitor 0.8174 809 524 824 558
capacitor 0.8043 460 612 492 624
capacitor 0.7865 461 595 493 610
capacitor 0.7748 841 205 878 214
capacitor 0.7716 856 500 867 533
capacitor 0.7484 845 329 879 340
capacitor 0.7410 129 193 165 208
capacitor 0.7315 463 192 494 205
capacitor 0.7260 756 392 793 405
capacitor 0.7203 759 483 793 494
capacitor 0.6883 117 263 149 274
capacitor 0.6624 563 241 597 255
capacitor 0.3408 460 196 491 211
capacitor 0.3136 719 292 746 307
