capacitor 0.9809 842 263 854 296
capacitor 0.9771 587 264 622 301
capacitor 0.9692 545 222 583 257
capacitor 0.9691 366 232 406 267
capacitor 0.9559 460 555 493 566
capacitor 0.9434 597 494 631 508
capacitor 0.9361 660 362 675 398
capacitor 0.9344 659 227 696 243
capacitor 0.9272 823 224 862 239
capacitor 0.9247 137 101 151 130
capacitor 0.9245 129 587 166 602
capacitor 0.9216 461 186 492 202
capacitor 0.9206 305 282 321 312
capacitor 0.9165 247 560 284 574
capacitor 0.9127 765 202 801 216
capacitor 0.9117 261 363 275 396
capacitor 0.9109 844 455 878 467
capacitor 0.9061 636 541 669 555
capacitor 0.9034 886 599 924 610
capacitor 0.8989 248 579 281 591
capacitor 0.8989 756 335 794 349
capacitor 0.8971 462 590 495 602
capacitor 0.8864 841 584 878 593
capacitor 0.8827 748 488 763 520
capacitor 0.8776 760 301 792 313
capacitor 0.8773 117 464 150 478
capacitor 0.8748 116 522 149 533
capacitor 0.8748 564 541 598 555
capacitor 0.8740 886 585 922 597
capacitor 0.8658 856 264 868 295
capacitor 0.8652 526 528 540 563
capacitor 0.8468 842 602 873 613
capacitor 0.8230 364 507 379 539
capacitor 0.8164 809 238 823 272
capacitor 0.8104 681 486 713 497
capacitor 0.7850 757 392 793 406
capacitor 0.7790 459 173 494 185
capacitor 0.7671 460 572 490 584
capacitor 0.7531 825 267 843 296
capacitor 0.7141 717 483 746 497
capacitor 0.7043 280 364 292 397
