capacitor 0.9744 519 262 556 302
capacitor 0.9741 269 602 299 612
capacitor 0.9722 737 233 776 268
capacitor 0.9711 558 222 597 257
capacitor 0.9703 265 456 297 467
capacitor 0.9624 603 527 617 563
capacitor 0.9599 820 282 837 312
capacitor 0.9451 379 485 393 518
capacitor 0.9359 991 464 1024 478
capacitor 0.9306 860 561 894 574
capacitor 0.9294 650 555 682 566
capacitor 0.9260 266 585 300 593
capacitor 0.9230 288 261 300 296
capacitor 0.9177 319 238 333 272
capacitor 0.9134 868 363 881 396
capacitor 0.9054 349 301 382 312
capacitor 0.9030 978 588 1014 602
capacitor 0.9019 341 202 377 216
capacitor 0.9018 281 224 319 238
capacitor 0.8977 544 541 578 555
capacitor 0.8897 650 186 680 202
capacitor 0.8872 217 598 256 610
capacitor 0.8860 468 361 482 397
capacitor 0.8839 473 541 506 555
capacitor 0.8830 513 495 545 508
capacitor 0.8774 862 580 894 591
capacitor 0.8730 650 172 683 183
capacitor 0.8706 274 263 286 295
capacitor 0.8705 446 227 481 243
capacitor 0.8656 994 521 1027 532
capacitor 0.8645 991 100 1004 130
capacitor 0.8605 300 265 317 296
capacitor 0.8539 349 392 385 406
capacitor 0.8452 850 365 862 396
capacitor 0.8392 764 504 778 539
capacitor 0.8190 649 590 683 602
capacitor 0.8115 349 335 386 348
capacitor 0.7962 396 483 422 497
capacitor 0.7740 220 585 256 596
capacitor 0.7554 429 486 463 497
capacitor 0.7400 652 571 681 585
