connector 0.9868 2551 1691 2638 2209
connector 0.9866 2827 1684 2924 2197
connector 0.9787 3116 2325 3459 2432
connector 0.9740 858 1966 1076 2198
connector 0.9643 3109 436 3442 534
connector 0.9628 848 2326 1094 2541
connector 0.9516 3033 265 3517 376
connector 0.9474 3747 870 3825 1298
connector 0.9152 3062 2483 3531 2602
connector 0.8943 3747 1384 3835 1797
switch 0.7867 57 2320 195 2434
text 0.9710 3508 1971 3727 2058
text 0.9297 3542 2235 3647 2332
text 0.8775 246 1215 297 1458
text 0.8508 3515 447 3737 519
pins 0.9837 278 1910 502 2131
pins 0.9823 1687 1150 1747 1493
pins 0.9767 351 456 702 573
pins 0.9760 1047 664 1116 1090
pins 0.9742 2452 318 2733 367
pins 0.9729 1126 2531 1188 2599
pins 0.9718 1651 339 1849 474
pins 0.9709 2073 781 2215 850
pins 0.9699 2245 1740 2441 1925
pins 0.9695 3460 940 3558 1709
pins 0.9674 1434 724 1483 879
pins 0.9645 1915 1178 2066 1256
pins 0.9616 1918 1651 2177 1721
pins 0.9578 261 2229 571 2487
pins 0.9512 3142 937 3240 1718
pins 0.9385 2157 2195 2434 2264
pins 0.9364 1550 1860 1781 1912
pins 0.9347 281 295 764 406
pins 0.8970 1077 1753 1462 1958
pins 0.8915 2091 2528 2150 2599
pins 0.8673 1078 309 1462 522
pins 0.8517 2721 1471 2880 1540
