connector 0.9877 120 953 887 1899
connector 0.9813 191 136 905 464
connector 0.9779 3132 524 3468 614
connector 0.9733 0 488 1085 672
connector 0.9671 888 2046 1096 2256
connector 0.9491 888 2381 1096 2603
connector 0.9460 3067 359 3532 443
connector 0.9428 2484 389 2756 444
connector 0.9087 200 1944 495 2144
connector 0.9052 2847 1772 2924 2263
connector 0.8666 2161 2271 2451 2329
connector 0.8449 3134 2406 3473 2506
connector 0.8183 3068 2572 3528 2657
connector 0.7579 2574 1754 2652 2272
connector 0.7489 3765 960 3844 1367
connector 0.7376 3475 998 3586 1802
connector 0.6827 3765 1465 3844 1877
connector 0.6691 3153 1003 3259 1779
resistor 0.9506 1713 980 1780 1010
resistor 0.9495 929 1306 998 1335
resistor 0.9327 2743 1422 2806 1455
resistor 0.9269 297 732 375 763
resistor 0.9221 1728 1750 1806 1782
resistor 0.8965 929 1533 1009 1562
resistor 0.8831 3507 2245 3578 2275
resistor 0.8786 927 1346 1008 1383
resistor 0.8724 1729 1832 1808 1861
resistor 0.8410 1641 2611 1669 2689
resistor 0.8036 937 672 1038 704
resistor 0.7956 2726 902 2837 972
resistor 0.7696 1729 1119 1760 1198
resistor 0.7595 2036 2610 2066 2690
resistor 0.7537 1245 763 1319 791
resistor 0.7388 931 1482 1008 1514
resistor 0.6505 298 692 369 721
resistor 0.5827 2731 588 2831 656
resistor 0.3583 855 1420 897 1450
pads 0.9769 1891 1408 2125 1640
pads 0.9579 1749 1928 1800 1979
pads 0.9297 2134 1729 2190 1771
pads 0.6976 2276 2119 2312 2185
capacitor 0.9840 2066 2472 2093 2552
capacitor 0.9705 1849 1495 1878 1564
capacitor 0.9702 2135 1493 2163 1561
capacitor 0.9526 2740 1285 2806 1307
capacitor 0.9417 2620 1003 2647 1082
capacitor 0.9413 1136 1424 1207 1454
capacitor 0.9331 1364 1109 1394 1188
capacitor 0.9318 1223 1069 1295 1098
capacitor 0.9297 1532 1118 1561 1186
capacitor 0.9277 2095 2174 2116 2245
capacitor 0.9118 1157 942 1187 1016
capacitor 0.9117 2371 1562 2401 1631
capacitor 0.9114 2540 998 2569 1076
capacitor 0.9087 1474 950 1541 985
capacitor 0.9040 2148 1123 2211 1153
capacitor 0.9021 2548 1557 2578 1622
capacitor 0.8931 1325 1118 1354 1188
capacitor 0.8879 2384 978 2411 1061
capacitor 0.8857 1593 890 1673 922
capacitor 0.8848 2441 1555 2477 1629
capacitor 0.8768 2440 994 2481 1072
capacitor 0.8513 2145 1281 2224 1315
capacitor 0.8321 1701 1335 1778 1365
capacitor 0.7987 1413 1118 1442 1187
capacitor 0.7905 1490 1123 1521 1190
capacitor 0.7877 2738 1336 2806 1369
capacitor 0.7436 931 1446 1008 1474
capacitor 0.7368 3626 832 3658 902
capacitor 0.6945 1216 1642 1294 1682
capacitor 0.6767 1403 1661 1432 1739
capacitor 0.6631 1492 1660 1521 1739
text 0.9828 1700 1680 1728 1723
text 0.9754 2322 910 2342 940
text 0.9748 2389 911 2409 941
text 0.9747 1452 2035 1482 2118
text 0.9738 1443 604 1483 695
text 0.9736 1521 802 1551 830
text 0.9716 3587 2234 3618 2274
text 0.9703 1918 455 2136 508
text 0.9696 2786 396 2835 427
text 0.9693 2482 1821 2510 1878
text 0.9691 1205 1595 1233 1622
text 0.9678 1522 900 1560 931
text 0.9675 799 959 830 989
text 0.9675 3420 673 3441 723
text 0.9661 643 694 681 761
text 0.9652 2214 1732 2254 1771
text 0.9652 1184 317 1446 357
text 0.9644 1917 2104 1957 2136
text 0.9644 2509 2145 2559 2176
text 0.9643 1028 1532 1077 1562
text 0.9634 1851 1580 1879 1631
text 0.9630 1572 485 1678 582
text 0.9630 2943 1819 2976 1850
text 0.9624 2797 1917 2836 1941
text 0.9612 2775 1820 2835 1850
text 0.9605 2074 2552 2097 2582
text 0.9597 1918 407 2133 445
text 0.9590 2320 2195 2351 2264
text 0.9580 1612 732 1642 763
text 0.9562 2062 1689 2085 1721
text 0.9560 551 694 582 763
text 0.9543 1512 387 1542 457
text 0.9539 1170 1761 1435 1791
text 0.9535 2460 908 2479 939
text 0.9526 908 743 1017 783
text 0.9525 3656 2393 3687 2432
text 0.9524 2785 2233 2838 2263
text 0.9522 3418 2246 3458 2316
text 0.9496 3057 1591 3141 1626
text 0.9496 2482 319 2777 357
text 0.9484 2709 1570 2737 1639
text 0.9482 602 2353 634 2413
text 0.9480 3054 1268 3142 1305
text 0.9468 3240 961 3489 1000
text 0.9462 542 2139 808 2243
text 0.9462 1027 1346 1076 1375
text 0.9461 2933 2047 2975 2077
text 0.9459 1918 356 2134 397
text 0.9456 2322 2041 2353 2078
text 0.9454 3360 1266 3468 1305
text 0.9454 1028 1435 1082 1465
text 0.9451 2023 793 2282 832
text 0.9447 2166 355 2391 395
text 0.9444 2788 2047 2835 2076
text 0.9441 1156 754 1186 803
text 0.9438 1254 604 1287 746
text 0.9412 1048 2234 1088 2265
text 0.9412 1037 1108 1076 1137
text 0.9397 1048 1881 1076 1938
text 0.9395 1749 1989 1779 2068
text 0.9393 1711 1277 1769 1316
text 0.9387 2174 406 2392 445
text 0.9382 2849 1143 2925 1416
text 0.9381 1314 1660 1343 1702
text 0.9376 2244 623 2273 763
text 0.9374 2003 1344 2056 1373
text 0.9372 2630 462 2668 535
text 0.9371 3056 1217 3141 1256
text 0.9358 1819 1128 1849 1179
text 0.9348 2745 1187 2798 1216
text 0.9344 3083 1034 3142 1069
text 0.9324 2231 2196 2271 2266
text 0.9322 3055 1361 3142 1397
text 0.9309 1611 2274 1640 2304
text 0.9307 947 1967 999 2039
text 0.9302 3053 1127 3143 1167
text 0.9298 3361 1177 3468 1217
text 0.9294 3362 1128 3468 1167
text 0.9293 2676 2008 2707 2038
text 0.9283 3360 1357 3469 1395
text 0.9278 2667 1782 2717 1809
text 0.9255 1668 1978 1698 2096
text 0.9254 3368 1592 3468 1624
text 0.9249 1661 1563 1688 1611
text 0.9239 2926 2005 2975 2031
text 0.9235 3365 1038 3470 1071
text 0.9232 2434 2630 2867 2691
text 0.9221 2973 673 3024 704
text 0.9217 2145 1684 2171 1730
text 0.9198 2144 1787 2186 1871
text 0.9195 2668 2145 2717 2175
text 0.9194 2927 1910 2975 1940
text 0.9191 1818 1750 1859 1780
text 0.9183 1828 1938 1876 1968
text 0.9178 2706 1498 2759 1535
text 0.9176 2678 1917 2709 1948
text 0.9169 3133 674 3163 732
text 0.9169 1562 981 1612 1011
text 0.9161 499 691 538 771
text 0.9155 870 960 918 990
text 0.9146 2777 1780 2835 1801
text 0.9146 1423 1046 1442 1101
text 0.9130 2687 576 2717 632
text 0.9126 928 1048 1018 1089
text 0.9108 2510 2096 2559 2125
text 0.9107 2789 2007 2836 2037
text 0.9104 1076 2551 1107 2591
text 0.9099 237 732 285 762
text 0.9096 1214 2037 1244 2116
text 0.9095 2054 1790 2094 1878
text 0.9090 2788 2148 2837 2177
text 0.9088 1990 2516 2032 2576
text 0.9084 3057 1540 3144 1581
text 0.9081 2935 2235 2985 2266
text 0.9078 2175 495 2389 535
text 0.9047 2520 2008 2560 2036
text 0.9042 246 2304 304 2343
text 0.9040 2085 2116 2112 2147
text 0.9036 2076 2275 2106 2305
text 0.9026 1924 288 2405 327
text 0.9024 1334 605 1374 698
text 0.9017 2144 941 2204 979
text 0.9006 2677 1820 2708 1849
text 0.9004 1799 1188 1878 1452
text 0.8992 1670 1504 1720 1532
text 0.8986 1681 889 1729 920
text 0.8971 2688 682 2717 732
text 0.8965 1602 1020 1650 1039
text 0.8964 1185 2185 1226 2216
text 0.8954 2888 1519 2926 1654
text 0.8933 2885 486 2935 524
text 0.8910 1127 612 1156 675
text 0.8906 3311 672 3350 743
text 0.8903 2827 2344 2877 2374
text 0.8897 1264 2047 1295 2126
text 0.8895 3360 1450 3470 1487
text 0.8890 2371 2214 2400 2263
text 0.8887 1209 608 1245 750
text 0.8883 2720 461 2759 538
text 0.8881 1007 446 1056 467
text 0.8869 3598 2284 3628 2314
text 0.8862 1133 2046 1150 2097
text 0.8860 3043 880 3112 910
text 0.8855 2027 593 2094 631
text 0.8842 2373 2039 2401 2077
text 0.8827 415 693 444 753
text 0.8820 3327 2272 3357 2324
text 0.8814 2687 784 2717 833
text 0.8805 2688 888 2718 940
text 0.8805 2580 826 2607 880
text 0.8803 3053 1455 3143 1492
text 0.8801 2688 1063 2742 1098
text 0.8791 1661 2450 1688 2498
text 0.8790 2224 2660 2292 2698
text 0.8770 3548 812 3568 864
text 0.8754 1352 2045 1384 2116
text 0.8744 1818 1829 1857 1860
text 0.8742 2420 1010 2441 1058
text 0.8734 2293 1592 2312 1632
text 0.8732 237 2481 327 2531
text 0.8718 1957 665 1997 703
text 0.8713 2104 1376 2134 1397
text 0.8698 2173 1356 2222 1377
text 0.8683 1740 1018 1786 1049
text 0.8683 1975 1690 1999 1721
text 0.8677 1665 1887 1703 1924
text 0.8664 1367 1653 1406 1732
text 0.8654 2669 2056 2710 2093
text 0.8654 2450 2284 2491 2315
text 0.8648 2668 2235 2726 2266
text 0.8631 887 861 1016 901
text 0.8626 1028 802 1077 833
text 0.8623 2618 948 2640 998
text 0.8562 3368 1493 3467 1531
text 0.8561 2630 1649 2666 1687
text 0.8558 2289 1742 2437 1780
text 0.8556 1157 1195 1205 1227
text 0.8554 2876 880 2924 912
text 0.8553 1768 2087 1827 2117
text 0.8549 1323 2660 1373 2690
text 0.8541 3267 673 3303 740
text 0.8539 949 2610 1037 2661
text 0.8533 1482 2640 1562 2680
text 0.8527 3369 1681 3470 1719
text 0.8519 2501 2235 2562 2265
text 0.8515 1808 573 1868 604
text 0.8497 2117 2570 2164 2604
text 0.8477 1187 751 1237 781
text 0.8466 236 2195 274 2216
text 0.8452 2300 2522 2331 2552
text 0.8431 1709 1434 1760 1464
text 0.8406 3094 2177 3492 2216
text 0.8403 2927 2145 2974 2176
text 0.8359 3194 2256 3231 2322
text 0.8356 2567 592 2602 649
text 0.8349 3232 2255 3270 2323
text 0.8336 1028 1306 1076 1334
text 0.8316 1572 1984 1612 2067
text 0.8314 325 784 720 821
text 0.8313 236 694 286 722
text 0.8298 2492 463 2521 534
text 0.8290 1542 2096 1582 2135
text 0.8290 2175 1149 2222 1178
text 0.8258 2975 722 3024 753
text 0.8255 2134 2115 2162 2146
text 0.8252 1710 2561 1738 2592
text 0.8248 403 2197 444 2225
text 0.8247 920 368 967 396
text 0.8244 1757 2642 1846 2682
text 0.8239 505 1238 544 1624
text 0.8232 3013 1683 3139 1722
text 0.8223 2203 1505 2234 1554
text 0.8210 1265 1148 1292 1199
text 0.8172 1194 2634 1251 2709
text 0.8152 2573 675 2602 732
text 0.8104 3224 674 3261 732
text 0.8100 2520 1820 2559 1851
text 0.8099 1719 1651 1761 1681
text 0.8069 1175 609 1197 704
text 0.8059 2522 1703 2780 1743
text 0.8049 360 2552 729 2659
text 0.8029 2935 1780 2995 1810
text 0.8005 2530 464 2567 530
text 0.7973 2906 2571 2935 2600
text 0.7960 1420 782 1479 824
text 0.7948 3101 764 3495 804
text 0.7918 3174 673 3211 762
text 0.7895 2520 1918 2560 1948
text 0.7894 2574 750 2607 803
text 0.7882 2675 459 2706 536
text 0.7872 2865 961 2934 1001
text 0.7849 3283 1395 3321 1463
text 0.7847 1105 1157 1144 1187
text 0.7840 1185 2543 1213 2573
text 0.7811 2529 907 2544 945
text 0.7809 1144 1344 1196 1375
text 0.7808 1710 1363 1762 1396
text 0.7773 2262 2085 2312 2115
text 0.7733 2579 465 2619 533
text 0.7733 2500 1770 2562 1810
text 0.7702 3656 1247 3696 1630
text 0.7687 1782 289 1887 337
text 0.7670 857 802 905 830
text 0.7635 1229 1672 1286 1704
text 0.7616 2135 1405 2164 1452
text 0.7593 1176 2045 1196 2108
text 0.7567 1492 1751 1513 1790
text 0.7536 2430 2074 2478 2105
text 0.7514 2886 385 2935 416
text 0.7503 1718 2636 1752 2684
text 0.7489 1403 2042 1433 2110
text 0.7471 2146 2524 2174 2567
text 0.7466 2126 1254 2199 1285
text 0.7438 3359 1405 3469 1444
text 0.7422 3540 1811 3577 1839
text 0.7419 492 1959 531 1988
text 0.7412 3717 1324 3755 1356
text 0.7356 3607 1394 3647 1462
text 0.7346 3212 1820 3253 1850
text 0.7339 3192 2007 3738 2087
text 0.7330 3707 1453 3747 1483
text 0.7310 3376 1726 3468 1762
text 0.7309 3007 1729 3146 1764
text 0.7141 2520 1571 2549 1623
text 0.7087 460 693 491 776
text 0.7016 1769 2593 1818 2620
text 0.6935 1976 1149 2074 1228
text 0.6905 2441 1643 2461 1700
text 0.6881 1967 1789 1996 1870
text 0.6841 3055 1405 3142 1444
text 0.6832 3369 2237 3408 2325
text 0.6817 1809 1642 1839 1692
text 0.6725 2827 1484 2878 1525
text 0.6690 2678 1093 2711 1124
text 0.6685 2520 1953 2559 1989
text 0.6684 2590 2269 2630 2303
text 0.6631 2275 2196 2311 2265
text 0.6598 3025 1772 3144 1810
text 0.6570 2123 2251 2158 2298
text 0.6557 911 1097 959 1128
text 0.6467 3057 1168 3143 1207
text 0.6459 2518 2042 2559 2072
text 0.6453 3656 842 3686 903
text 0.6397 3371 1090 3466 1119
text 0.6326 1571 1879 1668 1927
text 0.6296 2521 1009 2541 1072
text 0.6295 2679 1957 2709 1988
text 0.5787 2267 2037 2304 2078
text 0.5729 959 702 1015 730
text 0.3823 3704 1331 3747 1360
text 0.3815 3060 1493 3143 1532
text 0.3239 1146 1335 1193 1360
text 0.3156 615 691 653 763
text 0.3083 2667 2043 2714 2071
component 0.9973 1786 1149 1800 1178
component 0.9945 1457 1139 1474 1168
component 0.9942 1927 2631 1946 2660
component 0.9935 2398 2135 2410 2156
component 0.9902 1598 1682 1613 1710
component 0.9899 1749 813 1759 841
component 0.9891 2637 1573 2657 1603
component 0.9871 938 812 972 829
component 0.9863 2329 1200 2630 1463
component 0.9862 1292 1275 1592 1515
component 0.9858 1553 1672 1571 1705
component 0.9856 1749 713 1759 733
component 0.9855 1700 394 1847 548
component 0.9835 1581 1139 1602 1169
component 0.9812 959 1356 978 1376
component 0.9786 889 1061 901 1088
component 0.9760 1686 2631 1699 2659
component 0.9759 1364 763 1383 782
component 0.9705 1258 871 1395 1007
component 0.9697 1758 1839 1777 1860
component 0.9696 325 700 344 713
component 0.9686 1573 791 1678 863
component 0.9661 2768 610 2796 636
component 0.9648 959 1497 978 1514
component 0.9608 1650 2632 1661 2662
component 0.9604 3065 683 3093 702
component 0.9568 2768 921 2806 948
component 0.9558 1758 1760 1778 1779
component 0.9540 1571 1762 1602 1781
component 0.9532 2332 1021 2352 1049
component 0.9460 1018 489 1039 506
component 0.9408 1112 1979 1467 2009
component 0.9369 1274 771 1295 784
component 0.9333 1614 928 1648 952
component 0.9305 978 682 1006 701
component 0.9256 324 743 345 762
component 0.9182 2847 1701 2865 1730
component 0.9104 1294 2632 1313 2669
component 0.9079 3063 731 3094 751
component 0.9047 2035 2640 2055 2671
component 0.8978 1509 985 1536 1014
component 0.8977 958 1306 978 1326
component 0.8969 1159 2266 1237 2393
component 0.8960 2312 1830 2392 1860
component 0.8818 1100 532 1463 564
component 0.8760 3538 2294 3558 2314
component 0.8748 2758 820 2798 850
component 0.8711 3539 2253 3558 2267
component 0.8670 347 2371 446 2485
component 0.8664 1246 2630 1275 2671
component 0.8655 2291 2464 2359 2510
component 0.8590 1256 1846 1366 1871
component 0.8552 1293 2544 1333 2590
component 0.8425 2275 1969 2443 1998
component 0.8348 869 1420 889 1437
component 0.8184 1247 398 1327 426
component 0.8011 2756 710 2796 740
component 0.7816 1566 2532 1599 2580
component 0.7656 2766 1435 2787 1455
component 0.7253 1738 989 1758 1009
component 0.7224 1097 1013 1117 1127
test 0.9426 2116 2602 2154 2659
test 0.9314 1717 1514 1767 1564
test 0.9265 2018 652 2097 722
test 0.9055 1721 1228 1766 1276
test 0.8932 2227 2563 2300 2630
test 0.8908 1463 891 1523 942
test 0.8875 1147 2599 1205 2660
test 0.8614 2945 851 3023 930
test 0.8443 1461 801 1518 847
test 0.6868 1465 852 1524 892
led 0.9660 1402 2620 1452 2671
led 0.9586 2302 823 2355 892
led 0.9575 2302 582 2352 643
led 0.9508 1028 721 1077 791
led 0.9391 2777 1671 2828 1741
led 0.9362 2372 743 2423 811
led 0.9215 2304 744 2361 811
led 0.9176 2302 662 2360 732
led 0.9053 2373 821 2420 891
led 0.9009 2370 662 2424 733
led 0.8628 2441 829 2491 890
led 0.8626 1027 1038 1076 1098
led 0.8553 2509 664 2558 732
led 0.8514 1028 845 1076 911
led 0.7826 2510 743 2560 811
led 0.7753 2439 663 2489 733
led 0.7686 2442 746 2500 811
led 0.7498 2510 583 2560 644
led 0.7397 2431 582 2491 644
led 0.7208 2363 583 2421 645
led 0.6703 2512 821 2557 890
clock 0.6950 1561 767 1689 881
ic 0.9910 2266 1091 2690 1525
ic 0.9742 1296 2255 1650 2513
ic 0.9732 1235 1201 1672 1632
ic 0.9718 1788 2256 2115 2510
ic 0.9597 1212 819 1440 1055
ic 0.8870 1132 2222 1262 2433
ic 0.8533 1848 2631 1908 2672
ic 0.7268 2325 2115 2381 2187
switch 0.9895 1076 389 1501 574
switch 0.9729 1084 1830 1504 2019
switch 0.9591 2246 1823 2470 2007
switch 0.9528 67 2295 582 2541
electrolytic 0.9789 2229 2451 2401 2512
electrolytic 0.9748 930 950 1058 1010
electrolytic 0.9668 2254 1562 2292 1671
electrolytic 0.9506 1852 2145 2058 2236
electrolytic 0.9501 2122 1198 2221 1238
electrolytic 0.9389 1216 1108 1302 1148
electrolytic 0.9378 1126 1275 1216 1317
electrolytic 0.9355 1226 2522 1390 2591
electrolytic 0.9086 1696 1612 1788 1647
electrolytic 0.9059 2254 970 2291 1077
electrolytic 0.8894 2135 2164 2172 2272
electrolytic 0.8813 1680 2316 1729 2435
electrolytic 0.8802 1785 2533 1965 2591
electrolytic 0.8748 3590 801 3626 901
electrolytic 0.8688 1663 1103 1691 1199
electrolytic 0.8646 1306 1059 1401 1098
electrolytic 0.8579 1494 1010 1577 1049
electrolytic 0.8553 2126 2366 2194 2511
electrolytic 0.8325 2670 1030 2766 1068
electrolytic 0.7979 1473 2512 1654 2580
electrolytic 0.7875 1381 2146 1607 2233
electrolytic 0.7771 1157 812 1184 906
electrolytic 0.7632 2669 1543 2709 1650
electrolytic 0.6380 1167 1583 1197 1692
button 0.8984 2104 830 2223 950
button 0.8197 2759 1523 2871 1647
button 0.8052 1958 1227 2075 1335
transistor 0.9179 1632 2125 1819 2245
jumper 0.9424 1945 1731 2084 1771
jumper 0.9076 1551 1928 1710 1976
unknown 0.6870 1076 730 1150 1103
potentiometer 0.9177 1682 388 1864 570
