connector 0.9809 661 438 987 535
connector 0.9795 1177 1681 1274 2197
connector 0.9745 3025 1969 3243 2197
connector 0.9743 1461 1697 1551 2207
connector 0.9675 3006 2324 3250 2541
connector 0.9614 266 1386 353 1801
connector 0.9555 642 2325 979 2433
connector 0.9476 574 2482 1038 2603
connector 0.9458 277 871 357 1293
connector 0.9208 599 268 1067 375
switch 0.9389 3906 2318 4043 2433
text 0.9589 373 1969 595 2057
text 0.9434 454 2235 567 2334
text 0.8915 366 446 590 514
text 0.7865 3806 1216 3855 1483
pins 0.9878 2618 726 2669 880
pins 0.9856 2257 338 2449 473
pins 0.9793 1376 318 1652 365
pins 0.9768 2034 1176 2186 1255
pins 0.9758 3598 1909 3825 2126
pins 0.9689 860 930 958 1734
pins 0.9673 2352 1148 2413 1496
pins 0.9655 1660 1739 1858 1927
pins 0.9655 3528 2223 3838 2487
pins 0.9648 1931 1653 2189 1721
pins 0.9627 542 938 641 1725
pins 0.9571 1886 779 2025 851
pins 0.9540 1671 2195 1943 2266
pins 0.9529 3333 296 3807 407
pins 0.9490 2985 662 3054 1089
pins 0.9328 3398 454 3746 572
pins 0.9031 1949 2532 2008 2600
pins 0.8778 2330 1862 2577 1914
pins 0.8775 2638 1751 3027 1956
pins 0.8707 1219 1473 1377 1539
pins 0.8683 2639 310 3023 521
pins 0.8674 2920 2527 2977 2602
