connector 0.9802 1175 786 1273 1318
connector 0.9664 659 2462 993 2562
connector 0.9663 580 407 1029 514
connector 0.9654 636 564 973 674
connector 0.9628 1460 790 1551 1312
connector 0.9582 3023 803 3241 1030
connector 0.9544 3005 459 3251 673
connector 0.9538 277 1713 356 2138
connector 0.9452 588 2622 1071 2730
connector 0.8668 266 1207 355 1628
switch 0.9061 3903 563 4045 686
text 0.9718 380 948 590 1029
text 0.9354 452 667 565 763
text 0.8574 3805 1521 3855 1782
text 0.7962 371 2480 580 2563
pins 0.9895 2618 2118 2668 2271
pins 0.9889 2985 1908 3052 2338
pins 0.9842 2256 2522 2450 2673
pins 0.9762 3397 2433 3739 2539
pins 0.9717 3335 2587 3809 2699
pins 0.9715 2030 1749 2182 1829
pins 0.9705 1662 1070 1857 1254
pins 0.9667 3601 867 3824 1098
pins 0.9606 1928 1273 2191 1345
pins 0.9585 2349 1498 2412 1851
pins 0.9583 1887 2155 2027 2224
pins 0.9546 1948 407 2009 465
pins 0.9466 859 1264 958 2083
pins 0.9450 541 1247 639 2051
pins 0.9389 3528 503 3837 780
pins 0.9281 1222 1463 1372 1526
pins 0.9171 2915 398 2975 465
pins 0.9098 1378 2640 1644 2679
pins 0.9031 2639 1042 3024 1248
pins 0.8846 2643 2477 3026 2689
pins 0.8663 1671 741 1949 801
pins 0.8340 2325 1089 2559 1136
