connector 0.9818 1175 787 1273 1320
connector 0.9694 1461 793 1552 1318
connector 0.9682 634 563 974 674
connector 0.9639 3025 803 3239 1028
connector 0.9634 3003 456 3250 676
connector 0.9628 660 2464 987 2562
connector 0.9605 569 408 1041 515
connector 0.9536 276 1709 357 2139
connector 0.9493 585 2623 1074 2730
connector 0.9355 266 1206 355 1621
switch 0.9338 3901 563 4044 683
text 0.9677 375 949 592 1033
text 0.9274 456 666 565 763
text 0.8727 3806 1524 3854 1782
text 0.8462 362 2482 590 2563
pins 0.9934 2618 2113 2668 2272
pins 0.9888 2986 1911 3054 2336
pins 0.9838 2254 2524 2451 2672
pins 0.9782 3399 2436 3745 2539
pins 0.9755 3340 2590 3804 2701
pins 0.9750 3599 869 3825 1098
pins 0.9697 1662 1066 1860 1256
pins 0.9637 2350 1493 2410 1861
pins 0.9595 1887 2156 2026 2224
pins 0.9546 861 1270 958 2079
pins 0.9529 2033 1753 2183 1833
pins 0.9518 1947 407 2009 465
pins 0.9499 3526 502 3835 779
pins 0.9434 541 1247 639 2052
pins 0.9425 1222 1463 1374 1525
pins 0.9410 1374 2640 1649 2681
pins 0.9288 2639 2473 3028 2688
pins 0.9283 2639 1039 3024 1248
pins 0.9192 2915 398 2975 465
pins 0.9145 1931 1272 2184 1345
pins 0.8990 1672 741 1942 802
pins 0.8532 2326 1089 2557 1138
