connector 0.9895 3215 1102 3981 2048
connector 0.9770 3191 2530 3916 2858
connector 0.9737 1339 2554 1618 2613
connector 0.9691 3005 397 3213 614
connector 0.9519 3008 2336 4108 2513
connector 0.9500 257 1646 336 2040
connector 0.9438 3005 742 3211 961
connector 0.9358 571 2559 1025 2641
connector 0.9306 259 1127 335 1533
connector 0.9220 639 2393 972 2471
connector 0.9158 1647 671 1927 731
connector 0.9036 1176 724 1253 1237
connector 0.8564 515 1217 621 2000
connector 0.8291 3609 859 3908 1057
connector 0.8165 839 1201 948 2006
connector 0.7887 1452 736 1530 1233
connector 0.7810 569 346 1031 434
connector 0.7365 629 496 970 594
resistor 0.9300 2086 322 2116 369
resistor 0.9220 3094 2166 3192 2196
resistor 0.9207 3039 2491 3105 2522
resistor 0.9194 2323 1987 2392 2018
resistor 0.9145 1264 2135 1374 2208
resistor 0.9038 2430 320 2461 386
resistor 0.8640 1264 2234 1376 2314
resistor 0.8566 3063 2294 3161 2325
resistor 0.8008 3093 1622 3174 1655
resistor 0.7917 2519 1277 2550 1345
resistor 0.7881 1293 1544 1363 1574
resistor 0.7432 3726 2234 3805 2265
resistor 0.7357 1640 811 1670 884
resistor 0.7354 3094 1433 3174 1471
resistor 0.7221 3103 1671 3174 1701
resistor 0.6966 2479 1219 2551 1247
resistor 0.6959 2037 319 2065 388
resistor 0.5304 1262 2048 1367 2097
resistor 0.4817 1264 2342 1377 2419
resistor 0.3524 2302 1219 2372 1257
pads 0.9924 1972 1358 2215 1591
pads 0.9538 1910 1226 1966 1275
pads 0.9236 2304 1030 2354 1079
pads 0.8116 1783 819 1820 881
capacitor 0.9896 1936 1436 1967 1516
capacitor 0.9871 1631 1927 1660 1998
capacitor 0.9870 2577 1808 2607 1889
capacitor 0.9825 1632 1371 1661 1443
capacitor 0.9814 2223 1426 2254 1515
capacitor 0.9711 1692 1948 1718 2020
capacitor 0.9699 1532 1929 1562 1999
capacitor 0.9695 2895 1543 2967 1581
capacitor 0.9659 1453 1927 1482 2000
capacitor 0.9641 1700 1364 1729 1444
capacitor 0.9595 2805 1909 2875 1940
capacitor 0.9546 1887 1853 1955 1890
capacitor 0.9521 2706 1811 2737 1890
capacitor 0.9340 1295 1693 1363 1722
capacitor 0.9101 1986 751 2008 820
capacitor 0.9080 2324 1632 2401 1672
capacitor 0.9061 1876 1691 1956 1724
capacitor 0.8991 2007 454 2037 528
capacitor 0.8783 3093 1534 3172 1564
capacitor 0.8645 446 2098 473 2176
capacitor 0.8640 2553 2019 2627 2057
capacitor 0.8293 2328 1559 2401 1591
capacitor 0.7765 2431 2078 2503 2109
capacitor 0.7701 1295 1643 1355 1672
capacitor 0.7592 2667 1267 2698 1335
capacitor 0.7444 2809 1323 2885 1356
capacitor 0.7235 2749 1807 2779 1888
capacitor 0.7227 2329 1382 2389 1432
capacitor 0.6212 2916 1990 2945 2057
text 0.9901 2006 416 2026 448
text 0.9860 2372 1287 2402 1346
text 0.9838 2245 1138 2283 1168
text 0.9776 3657 2246 3685 2314
text 0.9765 2324 942 2353 1019
text 0.9738 2103 1278 2128 1308
text 0.9734 633 1603 740 1640
text 0.9731 1591 1123 1621 1188
text 0.9724 3271 2017 3300 2038
text 0.9702 1123 1148 1159 1176
text 0.9700 415 575 444 605
text 0.9688 1127 922 1168 951
text 0.9675 960 1604 1052 1642
text 0.9668 1463 2002 1483 2049
text 0.9668 1384 2375 1414 2424
text 0.9656 2254 1817 2283 1870
text 0.9648 1693 2057 1714 2097
text 0.9633 1232 307 1663 368
text 0.9632 1331 2640 1620 2683
text 0.9625 1384 2058 1412 2116
text 0.9624 2245 1227 2282 1258
text 0.9620 3814 2235 3864 2264
text 0.9620 2876 790 2916 811
text 0.9615 2886 427 2914 456
text 0.9605 2559 2542 2589 2611
text 0.9603 1347 1473 1393 1504
text 0.9592 1176 1582 1255 1855
text 0.9574 1697 733 1733 794
text 0.9572 2493 941 2529 1018
text 0.9568 2541 2117 2580 2145
text 0.9563 2865 2215 2914 2245
text 0.9540 1384 2165 1413 2215
text 0.9537 1542 1058 1581 1090
text 0.9530 1434 2474 1473 2543
text 0.9522 959 1517 1051 1553
text 0.9517 961 1833 1047 1869
text 0.9513 1748 732 1789 803
text 0.9512 2662 2651 2920 2690
text 0.9506 2818 2245 2846 2391
text 0.9496 3025 1623 3074 1653
text 0.9489 1818 2166 2076 2205
text 0.9487 2551 2168 2580 2196
text 0.9483 615 1997 858 2038
text 0.9480 2223 1030 2273 1068
text 0.9477 1265 732 1315 764
text 0.9464 1168 2483 1217 2511
text 0.9460 959 1927 1016 1964
text 0.9459 1116 733 1166 763
text 0.9459 2672 1206 2925 1244
text 0.9448 960 1465 1046 1503
text 0.9445 1847 1226 1888 1267
text 0.9443 1963 2552 2186 2591
text 0.9437 1929 1272 1951 1308
text 0.9435 3774 475 3866 524
text 0.9434 2086 431 2118 487
text 0.9426 2334 1691 2391 1720
text 0.9409 2414 506 2442 544
text 0.9386 635 1700 740 1736
text 0.9385 2105 1130 2134 1215
text 0.9381 1757 2066 1779 2087
text 0.9368 2808 882 2838 960
text 0.9364 635 1513 740 1551
text 0.9332 1610 683 1648 711
text 0.9331 2104 2305 2144 2333
text 0.9331 1917 1127 1956 1215
text 0.9322 961 1695 1050 1732
text 0.9322 2657 1911 2679 1959
text 0.9317 829 684 868 753
text 0.9313 3609 2221 3638 2306
text 0.9310 3182 2008 3232 2037
text 0.9308 2225 1551 2300 1817
text 0.9307 1970 2601 2190 2640
text 0.9307 2905 1623 2957 1653
text 0.9305 3292 752 3559 859
text 0.9299 2906 911 2926 952
text 0.9287 2006 1120 2045 1217
text 0.9285 3014 741 3054 771
text 0.9280 2620 2313 2660 2392
text 0.9274 1264 921 1313 949
text 0.9270 633 1931 737 1969
text 0.9270 2402 900 2433 1017
text 0.9266 3518 2245 3551 2312
text 0.9265 2862 309 2895 336
text 0.9264 1126 831 1174 861
text 0.9254 2948 2334 2969 2383
text 0.9244 3423 2249 3458 2316
text 0.9231 2013 1268 2032 1308
text 0.9218 1263 1010 1314 1040
text 0.9199 2420 2412 2530 2511
text 0.9197 1385 2266 1416 2325
text 0.9188 2660 2185 2687 2220
text 0.9179 959 1740 1047 1780
text 0.9178 2887 1927 2924 1958
text 0.9167 1768 456 1799 485
text 0.9162 635 1790 741 1829
text 0.9154 3065 338 3150 386
text 0.9153 1700 930 1729 961
text 0.9141 1076 2246 1128 2284
text 0.9136 1127 1059 1173 1090
text 0.9132 2220 1366 2253 1416
text 0.9123 1265 831 1315 862
text 0.9074 2313 1949 2363 1979
text 0.9067 2410 1388 2440 1434
text 0.9061 1828 2240 1859 2374
text 0.9058 2717 881 2748 961
text 0.9042 1553 2059 1576 2106
text 0.9042 1789 1365 1809 1406
text 0.9041 3103 961 3155 1028
text 0.9039 1286 1335 1335 1368
text 0.9033 1807 307 1876 348
text 0.9025 2905 2333 2926 2385
text 0.9022 1540 1196 1600 1226
text 0.9021 1619 2055 1641 2095
text 0.9017 662 2277 682 2323
text 0.9008 1896 2027 1956 2057
text 0.9001 1868 1445 1897 1496
text 0.8982 3024 1673 3074 1702
text 0.8961 1987 851 2016 892
text 0.8948 1265 2573 1315 2603
text 0.8945 1876 1622 1928 1653
text 0.8942 1264 1058 1307 1088
text 0.8935 2459 2235 2491 2264
text 0.8924 605 783 994 822
text 0.8907 2590 1209 2610 1256
text 0.8904 1382 832 1433 861
text 0.8889 987 2088 1055 2127
text 0.8889 1923 1715 1975 1750
text 0.8886 3025 1069 3053 1128
text 0.8884 1366 1902 1411 1929
text 0.8872 3024 1484 3073 1514
text 0.8862 3370 2184 3773 2214
text 0.8857 2454 1958 2500 1985
text 0.8844 1927 428 1959 478
text 0.8844 1164 396 1196 436
text 0.8844 2866 1371 2894 1410
text 0.8841 1165 2000 1235 2039
text 0.8832 1938 1542 1965 1602
text 0.8828 633 1375 733 1415
text 0.8826 958 1375 1048 1416
text 0.8823 3025 1860 3065 1889
text 0.8821 1640 1305 1659 1353
text 0.8800 2404 1076 2436 1111
text 0.8790 2727 2303 2771 2393
text 0.8770 1392 1148 1422 1176
text 0.8766 3086 2097 3218 2146
text 0.8765 2619 888 2650 962
text 0.8754 1543 732 1600 764
text 0.8741 3086 2226 3190 2263
text 0.8736 1267 1147 1330 1176
text 0.8731 1393 2474 1424 2542
text 0.8726 1444 1308 1483 1354
text 0.8714 1542 1009 1582 1040
text 0.8697 1678 1224 1810 1258
text 0.8685 605 2198 1012 2248
text 0.8679 3044 2531 3094 2562
text 0.8678 2995 416 3025 447
text 0.8678 1374 733 1434 772
text 0.8655 3025 2168 3082 2205
text 0.8647 2462 1057 2528 1110
text 0.8643 1391 1060 1423 1090
text 0.8641 2729 308 2777 336
text 0.8639 1709 2670 2172 2719
text 0.8629 2537 317 2620 356
text 0.8617 633 1839 738 1871
text 0.8604 1706 2600 1943 2640
text 0.8593 1540 1147 1582 1177
text 0.8590 484 734 513 762
text 0.8590 3190 2167 3240 2196
text 0.8587 958 1285 1082 1318
text 0.8581 1530 2481 1570 2534
text 0.8576 2362 407 2391 437
text 0.8575 1394 920 1433 951
text 0.8575 2145 862 2183 890
text 0.8574 2382 1465 2430 1493
text 0.8544 3142 1870 3193 1898
text 0.8507 3567 1010 3606 1050
text 0.8503 3816 2284 3865 2313
text 0.8503 2950 909 2968 950
text 0.8493 1127 1008 1178 1040
text 0.8483 1266 1196 1326 1226
text 0.8480 1542 832 1592 861
text 0.8478 959 1326 1047 1366
text 0.8457 1393 1009 1423 1039
text 0.8446 632 1464 731 1503
text 0.8413 1961 2501 2186 2551
text 0.8403 1716 2461 1930 2501
text 0.8365 3130 2610 3182 2639
text 0.8306 1829 734 1867 804
text 0.8287 3797 652 3856 702
text 0.8228 3024 1535 3072 1564
text 0.8218 1303 1781 1354 1810
text 0.8217 630 1285 730 1318
text 0.8215 634 1326 731 1365
text 0.8211 1748 2027 1776 2076
text 0.8150 344 1642 385 1672
text 0.8149 2802 1800 2842 1848
text 0.8146 2956 1818 2999 1853
text 0.8142 1790 894 1834 937
text 0.8139 1939 396 1986 427
text 0.8139 2473 318 2511 348
text 0.8122 2344 1317 2378 1353
text 0.8121 2276 316 2342 357
text 0.8113 2273 880 2334 909
text 0.8109 2896 1771 2945 1801
text 0.8101 2286 367 2334 408
text 0.8079 781 1544 820 1602
text 0.8066 1302 1610 1355 1643
text 0.8059 1382 1189 1435 1227
text 0.8027 1392 1870 1422 1900
text 0.8026 1175 1347 1214 1481
text 0.8018 1716 2553 1928 2602
text 0.7981 1620 901 1670 931
text 0.7966 888 2243 926 2327
text 0.7963 2372 2077 2420 2117
text 0.7955 3558 1378 3597 1761
text 0.7951 1552 1386 1581 1437
text 0.7950 2462 693 2491 722
text 0.7938 3082 1908 3172 1949
text 0.7933 1998 693 2026 723
text 0.7926 961 1188 1078 1226
text 0.7914 870 684 909 750
text 0.7865 3468 584 3499 644
text 0.7854 635 1236 728 1275
text 0.7852 1175 2086 1227 2118
text 0.7839 356 1513 395 1544
text 0.7817 1209 619 1280 660
text 0.7815 2554 1898 2598 1952
text 0.7805 3390 2248 3411 2314
text 0.7793 641 684 679 754
text 0.7782 1581 2473 1611 2538
text 0.7779 740 674 770 723
text 0.7772 2264 1306 2292 1365
text 0.7749 454 1544 496 1602
text 0.7738 1110 1198 1165 1226
text 0.7723 1937 852 1965 892
text 0.7705 3656 781 3696 810
text 0.7693 1226 1485 1282 1513
text 0.7692 2124 318 2148 377
text 0.7652 473 682 514 711
text 0.7638 2439 1284 2468 1333
text 0.7625 1543 920 1582 952
text 0.7621 1472 693 1511 721
text 0.7598 404 1375 443 1762
text 0.7596 1544 873 1591 902
text 0.7593 2008 2363 2077 2403
text 0.7593 3825 783 3865 802
text 0.7586 2204 2667 2323 2713
text 0.7567 2697 1295 2749 1338
text 0.7558 1078 2295 1124 2325
text 0.7536 2676 2305 2716 2392
text 0.7532 1660 1938 1682 1985
text 0.7521 1382 780 1432 812
text 0.7491 850 1156 890 1187
text 0.7485 368 912 913 1000
text 0.7464 2491 1989 2540 2017
text 0.7336 2819 1299 2866 1327
text 0.7334 1967 1603 1997 1634
text 0.7306 1652 732 1694 801
text 0.7304 2027 1780 2125 1850
text 0.7301 2903 1935 2954 1988
text 0.7274 1541 781 1591 812
text 0.7265 2351 2049 2401 2077
text 0.7261 962 1236 1097 1269
text 0.7254 2234 2393 2291 2423
text 0.7090 633 1880 732 1919
text 0.7086 1651 931 1687 970
text 0.7059 521 1157 563 1186
text 0.7042 961 1647 1047 1681
text 0.7028 1880 733 1915 812
text 0.7024 3381 335 3744 445
text 0.7017 751 2258 789 2324
text 0.6997 1349 1265 1591 1307
text 0.6916 3469 2244 3507 2306
text 0.6886 2520 871 2560 902
text 0.6864 2044 1633 2096 1663
text 0.6821 961 1792 1040 1829
text 0.6812 690 687 733 771
text 0.6811 2669 892 2698 959
text 0.6799 3089 2258 3154 2296
text 0.6739 1484 2474 1524 2532
text 0.6654 2915 2194 2944 2243
text 0.6623 1165 2581 1214 2619
text 0.6461 1786 916 1829 965
text 0.6458 415 2107 442 2156
text 0.6322 1867 1741 1915 1762
text 0.6299 1492 1386 1522 1437
text 0.6212 634 1650 740 1682
text 0.6196 800 2250 856 2319
text 0.6116 2909 1849 2956 1879
text 0.6025 2898 316 2937 347
text 0.5973 633 1562 740 1596
text 0.5930 957 1563 1047 1595
text 0.5844 975 2274 1040 2335
text 0.5825 840 2268 880 2323
text 0.5334 1790 733 1828 802
text 0.3751 2752 881 2790 960
text 0.3517 953 1423 1045 1459
text 0.3269 1904 1725 1970 1766
text 0.3221 2484 1973 2539 2000
text 0.3163 512 2109 556 2186
text 0.3072 3554 2221 3597 2302
component 0.9968 1688 841 1699 862
component 0.9967 3202 1919 3212 1939
component 0.9947 2627 1827 2659 1862
component 0.9926 2322 1137 2343 1157
component 0.9895 2342 2156 2353 2185
component 0.9893 2301 1828 2311 1848
component 0.9890 2719 2224 2738 2237
component 0.9889 2323 1229 2343 1247
component 0.9886 2502 1829 2520 1858
component 0.9876 1444 1403 1463 1426
component 0.9857 2155 347 2175 367
component 0.9854 2255 2452 2403 2599
component 0.9835 3123 1481 3144 1503
component 0.9833 2342 2265 2354 2292
component 0.9781 2531 1295 2548 1325
component 0.9746 3756 2235 3776 2254
component 0.9736 2866 612 2944 733
component 0.9731 2635 990 2989 1029
component 0.9727 1474 1543 1769 1796
component 0.9725 2489 1295 2501 1315
component 0.9701 3124 1629 3142 1649
component 0.9699 2569 1991 2589 2013
component 0.9686 544 690 563 703
component 0.9672 1315 1552 1334 1566
component 0.9637 2439 337 2452 368
component 0.9631 2455 2050 2483 2070
component 0.9630 1709 1139 1788 1169
component 0.9630 1304 2364 1334 2392
component 0.9550 2806 2214 2826 2234
component 0.9507 3123 1673 3143 1692
component 0.9499 2704 2001 2848 2137
component 0.9494 2422 2137 2529 2213
component 0.9465 1006 2255 1036 2274
component 0.9449 2509 1490 2802 1719
component 0.9418 2503 1226 2526 1240
component 0.9311 1303 2156 1340 2187
component 0.9295 3093 2305 3123 2323
component 0.9240 3756 2286 3776 2304
component 0.9235 1235 1277 1254 1306
component 0.9116 1751 1949 1771 1980
component 0.9078 1303 2257 1342 2294
component 0.9067 3134 2174 3159 2188
component 0.9022 995 2298 1039 2326
component 0.9014 1650 839 1660 863
component 0.8838 2636 2443 2991 2475
component 0.8794 2783 337 2813 371
component 0.8709 1295 2056 1331 2080
component 0.8667 3064 2493 3083 2512
component 0.8641 2767 1127 2841 1157
component 0.8606 2984 1884 3003 1999
component 0.8499 2343 1993 2362 2016
component 0.8492 3213 1565 3232 1583
component 0.8334 1656 1000 1834 1039
component 0.8179 1744 497 1803 537
component 0.8024 544 734 563 754
component 0.7935 2767 406 2809 457
component 0.7719 2826 336 2856 367
component 0.7628 2760 2573 2862 2610
component 0.7589 2500 416 2530 465
component 0.7469 3657 525 3756 632
component 0.6394 2046 336 2066 367
component 0.3031 2770 1128 2895 1164
test 0.9611 1800 367 1877 446
test 0.9459 1946 338 1985 397
test 0.9064 1077 2065 1156 2155
test 0.8941 2897 347 2956 397
test 0.8692 2332 1437 2384 1493
test 0.8657 2581 2099 2637 2155
test 0.8230 2332 1721 2381 1782
test 0.8106 2008 2276 2084 2352
test 0.7779 2588 2158 2637 2203
led 0.9724 3027 2206 3075 2275
led 0.9631 1750 2106 1799 2175
led 0.9455 1275 1255 1325 1325
led 0.9417 3023 1898 3075 1968
led 0.9266 1681 2105 1731 2175
led 0.9214 1681 2276 1730 2334
led 0.9184 1605 2187 1661 2256
led 0.9125 1740 2273 1798 2334
led 0.9098 3025 2096 3073 2163
led 0.9075 1611 2274 1665 2335
led 0.9062 1681 2196 1730 2256
led 0.8861 1540 2105 1592 2176
led 0.8846 1540 2191 1592 2253
led 0.8670 1614 2353 1671 2413
led 0.8667 1684 2353 1740 2413
led 0.8516 1612 2107 1660 2175
led 0.8512 1740 2187 1800 2257
led 0.8491 1748 2353 1799 2413
led 0.8429 1540 2354 1591 2422
led 0.7847 2651 326 2699 375
led 0.7808 1539 2275 1592 2334
clock 0.8293 2403 2120 2540 2236
ic 0.9927 1412 1480 1840 1912
ic 0.9833 2452 496 2808 751
ic 0.9804 2439 1362 2857 1789
ic 0.9676 1982 485 2312 743
ic 0.9220 2657 1951 2896 2186
ic 0.9006 2837 564 2968 777
ic 0.8616 2194 326 2252 376
ic 0.7535 1716 814 1776 888
switch 0.9677 2598 2431 3025 2612
switch 0.9586 2596 979 3015 1166
switch 0.9563 3516 468 4036 702
switch 0.9051 1631 998 1860 1188
electrolytic 0.9724 3041 1989 3168 2046
electrolytic 0.9721 1807 1929 1847 2038
electrolytic 0.9708 1690 483 1878 556
electrolytic 0.9670 2887 1691 2974 1730
electrolytic 0.9561 474 2099 514 2195
electrolytic 0.9379 2701 1910 2796 1941
electrolytic 0.9322 1881 1766 1975 1801
electrolytic 0.9306 2701 404 2874 476
electrolytic 0.9272 2410 1803 2441 1896
electrolytic 0.9164 1930 723 1970 831
electrolytic 0.8905 2487 775 2716 852
electrolytic 0.8827 2374 564 2422 685
electrolytic 0.8809 1335 1935 1432 1967
electrolytic 0.8797 2795 1848 2883 1891
electrolytic 0.8523 2140 408 2314 463
electrolytic 0.8464 2310 1356 2412 1406
electrolytic 0.8419 1179 655 1310 724
electrolytic 0.8275 1395 1348 1432 1466
electrolytic 0.8261 2043 774 2254 850
electrolytic 0.8245 2512 1942 2608 1980
electrolytic 0.7907 2455 412 2633 486
electrolytic 0.7803 1809 1325 1848 1437
electrolytic 0.7466 1907 485 1977 633
electrolytic 0.7086 2905 1340 2935 1412
electrolytic 0.6716 2915 2090 2945 2184
button 0.9209 1880 2057 1994 2174
button 0.8934 2028 1666 2146 1772
button 0.8917 1222 1366 1341 1484
transistor 0.9486 2285 763 2468 880
jumper 0.9352 2017 1227 2153 1278
jumper 0.8693 2391 1029 2544 1079
unknown 0.8496 2954 1861 3025 2277
