connector 0.9898 3213 1103 3984 2049
connector 0.9763 3198 2532 3909 2859
connector 0.9716 1339 2554 1621 2613
connector 0.9664 3005 397 3212 615
connector 0.9531 3006 2335 4107 2513
connector 0.9485 567 2559 1034 2640
connector 0.9448 256 1643 337 2038
connector 0.9436 3005 743 3211 961
connector 0.9262 257 1128 336 1533
connector 0.9130 1647 671 1922 730
connector 0.9103 637 2395 976 2475
connector 0.9054 1175 725 1253 1236
connector 0.8401 3609 859 3908 1058
connector 0.8401 516 1217 621 1994
connector 0.8341 842 1206 949 2004
connector 0.7757 1452 736 1528 1232
connector 0.7597 573 346 1023 435
connector 0.7312 631 495 965 595
resistor 0.9374 1262 2133 1374 2207
resistor 0.9240 3094 2166 3194 2197
resistor 0.9205 3039 2491 3105 2522
resistor 0.9082 2321 1988 2393 2020
resistor 0.9006 2086 319 2118 368
resistor 0.8989 2432 318 2461 384
resistor 0.8691 1263 2236 1376 2313
resistor 0.8576 3065 2295 3161 2325
resistor 0.8090 1292 1545 1363 1573
resistor 0.7831 3726 2234 3805 2265
resistor 0.7725 3093 1623 3173 1654
resistor 0.7665 2519 1278 2551 1346
resistor 0.7546 1640 812 1671 887
resistor 0.7319 2479 1218 2551 1247
resistor 0.7286 3095 1434 3174 1472
resistor 0.7059 2038 318 2067 387
resistor 0.6989 3104 1671 3173 1701
resistor 0.6239 1260 2048 1369 2098
resistor 0.4355 1262 2342 1377 2419
pads 0.9922 1973 1358 2215 1590
pads 0.9432 1910 1226 1967 1276
pads 0.9252 2304 1031 2354 1079
pads 0.8393 1780 817 1817 880
capacitor 0.9923 1936 1434 1967 1515
capacitor 0.9885 2576 1808 2606 1892
capacitor 0.9839 1631 1927 1661 1998
capacitor 0.9798 2224 1427 2254 1514
capacitor 0.9794 1632 1373 1660 1443
capacitor 0.9729 1532 1926 1562 2000
capacitor 0.9705 2895 1543 2967 1582
capacitor 0.9622 1700 1365 1729 1442
capacitor 0.9617 1452 1927 1481 2002
capacitor 0.9589 1689 1947 1717 2020
capacitor 0.9497 2806 1908 2875 1938
capacitor 0.9426 1887 1849 1960 1889
capacitor 0.9395 2709 1812 2742 1892
capacitor 0.9317 1294 1692 1364 1721
capacitor 0.9314 2005 453 2036 531
capacitor 0.9230 1985 752 2007 821
capacitor 0.8873 2323 1633 2400 1672
capacitor 0.8841 1879 1694 1956 1726
capacitor 0.8832 446 2098 473 2177
capacitor 0.8727 3094 1533 3172 1564
capacitor 0.8551 2555 2019 2627 2057
capacitor 0.8053 2432 2079 2504 2109
capacitor 0.7864 2668 1267 2698 1338
capacitor 0.7603 1293 1644 1356 1672
capacitor 0.7499 2748 1807 2779 1888
capacitor 0.7231 2325 1559 2402 1594
capacitor 0.7198 2809 1322 2886 1355
capacitor 0.6769 2325 1378 2390 1433
capacitor 0.6227 2915 1990 2945 2057
capacitor 0.3395 2315 1572 2408 1609
text 0.9892 2006 417 2026 448
text 0.9857 2372 1285 2403 1345
text 0.9808 3657 2248 3684 2313
text 0.9797 3273 2016 3303 2037
text 0.9780 2324 941 2353 1019
text 0.9760 632 1603 741 1640
text 0.9752 2244 1138 2284 1169
text 0.9719 1383 2375 1414 2423
text 0.9719 2103 1276 2130 1305
text 0.9715 1124 1147 1161 1176
text 0.9714 1591 1122 1621 1187
text 0.9705 1127 921 1168 950
text 0.9701 1463 2002 1483 2050
text 0.9679 3814 2235 3864 2264
text 0.9673 959 1604 1051 1642
text 0.9672 1331 2641 1621 2681
text 0.9665 2492 941 2527 1017
text 0.9656 415 575 444 605
text 0.9622 1691 2055 1714 2097
text 0.9618 2876 790 2915 811
text 0.9613 1697 730 1734 793
text 0.9608 1347 1474 1393 1503
text 0.9606 1176 1580 1254 1850
text 0.9603 2253 1821 2282 1869
text 0.9602 1384 2058 1412 2115
text 0.9602 961 1833 1047 1869
text 0.9599 1234 306 1667 366
text 0.9592 3025 1622 3074 1651
text 0.9582 2867 2215 2914 2246
text 0.9571 2224 1029 2274 1066
text 0.9569 2885 426 2916 455
text 0.9568 1384 2166 1414 2217
text 0.9566 2657 1910 2679 1956
text 0.9566 1812 2164 2079 2204
text 0.9564 2559 2542 2589 2610
text 0.9554 1543 1059 1581 1091
text 0.9554 2818 2246 2847 2393
text 0.9553 616 1996 855 2036
text 0.9550 2244 1228 2283 1259
text 0.9536 1747 732 1789 802
text 0.9529 2331 1691 2389 1720
text 0.9513 1433 2473 1472 2541
text 0.9511 1265 733 1315 765
text 0.9496 2662 1204 2928 1245
text 0.9491 2540 2116 2580 2147
text 0.9486 1168 2484 1218 2512
text 0.9485 2668 2652 2916 2690
text 0.9469 960 1465 1046 1503
text 0.9468 958 1515 1051 1551
text 0.9453 957 1928 1020 1963
text 0.9427 2905 909 2926 951
text 0.9421 1968 2602 2185 2640
text 0.9419 2402 903 2433 1016
text 0.9418 635 1700 740 1736
text 0.9389 1848 1226 1888 1269
text 0.9381 3776 475 3866 523
text 0.9369 2015 1267 2036 1311
text 0.9366 2809 881 2838 957
text 0.9365 2863 308 2898 334
text 0.9363 1966 2553 2187 2592
text 0.9360 635 1515 740 1553
text 0.9356 3182 2008 3232 2037
text 0.9351 2414 505 2442 544
text 0.9345 1116 731 1167 762
text 0.9341 3286 753 3562 862
text 0.9336 1701 928 1731 960
text 0.9333 2905 1621 2956 1652
text 0.9326 3425 2249 3460 2315
text 0.9324 2222 1544 2303 1817
text 0.9316 829 683 868 753
text 0.9308 1263 1009 1314 1039
text 0.9308 2552 2167 2581 2195
text 0.9302 3517 2246 3550 2311
text 0.9299 1611 682 1650 713
text 0.9290 1932 1271 1954 1308
text 0.9287 1265 2571 1314 2603
text 0.9266 1866 1445 1896 1496
text 0.9264 1263 922 1314 949
text 0.9254 961 1696 1049 1733
text 0.9252 1898 2026 1957 2056
text 0.9230 2104 1129 2135 1217
text 0.9230 1126 830 1174 860
text 0.9226 2947 2335 2968 2383
text 0.9221 2619 2314 2659 2393
text 0.9212 2887 1928 2925 1958
text 0.9208 2718 880 2747 959
text 0.9199 3607 2221 3638 2308
text 0.9199 633 1930 738 1969
text 0.9194 1128 1057 1174 1089
text 0.9183 1917 1127 1957 1218
text 0.9180 1620 2057 1642 2097
text 0.9174 2006 1119 2046 1219
text 0.9173 634 1790 742 1829
text 0.9173 2801 1799 2837 1847
text 0.9170 1540 732 1601 764
text 0.9164 3013 741 3053 771
text 0.9160 2314 1947 2364 1977
text 0.9159 1394 2470 1424 2540
text 0.9142 2104 2304 2145 2334
text 0.9139 1807 306 1879 347
text 0.9130 1383 2267 1414 2323
text 0.9129 2905 2334 2925 2385
text 0.9118 2085 432 2119 487
text 0.9117 634 1376 734 1414
text 0.9115 1788 1365 1809 1407
text 0.9103 3102 963 3154 1030
text 0.9098 2419 2413 2531 2511
text 0.9084 2460 2236 2492 2265
text 0.9066 1758 2064 1781 2086
text 0.9060 1283 1335 1333 1370
text 0.9045 2219 1364 2251 1418
text 0.9027 1264 1058 1306 1088
text 0.9014 3067 338 3152 387
text 0.8998 3025 1069 3053 1127
text 0.8989 1265 830 1315 861
text 0.8975 958 1740 1045 1779
text 0.8969 1829 2237 1859 2375
text 0.8956 2948 907 2966 949
text 0.8944 604 782 995 822
text 0.8935 1926 429 1959 478
text 0.8922 1768 456 1799 485
text 0.8913 957 1375 1048 1415
text 0.8903 1078 2246 1127 2285
text 0.8894 1543 1196 1598 1225
text 0.8882 3023 1482 3073 1513
text 0.8876 2659 2183 2686 2218
text 0.8867 1702 2670 2176 2718
text 0.8845 2589 1209 2610 1258
text 0.8830 634 1464 733 1503
text 0.8830 2383 1463 2429 1493
text 0.8817 1266 1197 1323 1228
text 0.8815 482 733 512 762
text 0.8806 1382 832 1433 863
text 0.8790 1542 1008 1582 1040
text 0.8789 3025 2167 3083 2204
text 0.8786 662 2276 683 2322
text 0.8785 3025 1673 3073 1701
text 0.8771 1532 2479 1570 2533
text 0.8770 2403 1079 2438 1112
text 0.8770 1363 1902 1411 1929
text 0.8767 1552 2061 1576 2108
text 0.8753 1127 1008 1176 1040
text 0.8738 2728 2302 2770 2393
text 0.8736 1964 2502 2187 2550
text 0.8734 989 2089 1055 2127
text 0.8733 630 1286 732 1319
text 0.8731 2144 862 2182 890
text 0.8729 1167 1997 1237 2037
text 0.8724 3373 2185 3772 2215
text 0.8690 2410 1388 2440 1434
text 0.8687 2729 308 2778 336
text 0.8687 1675 1225 1812 1259
text 0.8684 1790 890 1835 935
text 0.8684 1711 2462 1932 2502
text 0.8680 3130 2609 3182 2639
text 0.8666 2538 317 2618 356
text 0.8658 1375 733 1434 771
text 0.8656 3024 1859 3064 1890
text 0.8655 741 673 771 725
text 0.8654 1265 1148 1329 1177
text 0.8632 2996 416 3025 448
text 0.8631 1394 1010 1423 1039
text 0.8621 1393 919 1434 950
text 0.8598 1541 832 1593 861
text 0.8588 958 1327 1048 1365
text 0.8586 3816 2286 3865 2315
text 0.8580 958 1286 1082 1319
text 0.8578 3084 2226 3191 2263
text 0.8577 890 2242 925 2325
text 0.8570 1640 1306 1660 1355
text 0.8563 1830 733 1867 803
text 0.8560 3084 2098 3220 2147
text 0.8552 2461 1060 2528 1111
text 0.8543 1393 1060 1423 1089
text 0.8537 2700 1294 2748 1336
text 0.8534 1541 1148 1581 1177
text 0.8532 1166 397 1195 436
text 0.8529 2454 1957 2502 1985
text 0.8526 2867 1371 2895 1413
text 0.8520 1443 1309 1484 1355
text 0.8506 1176 2086 1226 2118
text 0.8499 633 1839 737 1872
text 0.8485 1879 1621 1925 1653
text 0.8483 2618 886 2648 961
text 0.8480 3797 653 3855 703
text 0.8478 1919 1715 1974 1750
text 0.8455 3045 2531 3094 2560
text 0.8446 1937 1544 1965 1603
text 0.8445 1393 1148 1423 1175
text 0.8435 345 1641 384 1671
text 0.8435 2362 407 2390 437
text 0.8432 644 684 681 753
text 0.8414 3193 2165 3242 2195
text 0.8392 2285 367 2334 408
text 0.8361 1749 2027 1777 2077
text 0.8351 3082 1909 3171 1948
text 0.8326 3569 1010 3606 1050
text 0.8319 1703 2602 1943 2641
text 0.8289 354 1513 395 1543
text 0.8286 2273 881 2331 910
text 0.8282 3468 583 3499 646
text 0.8277 2897 1769 2944 1799
text 0.8246 634 1326 733 1365
text 0.8237 1716 2553 1927 2599
text 0.8231 618 2196 999 2255
text 0.8221 1988 852 2017 891
text 0.8220 3143 1869 3192 1898
text 0.8204 3024 1533 3074 1563
text 0.8160 2343 1317 2377 1353
text 0.8127 1553 1386 1580 1435
text 0.8105 1392 1869 1422 1900
text 0.8101 1303 1780 1354 1809
text 0.8098 960 1188 1078 1226
text 0.8096 870 683 910 751
text 0.8093 1383 1189 1434 1224
text 0.8082 1174 1346 1213 1484
text 0.8073 2461 693 2490 721
text 0.8072 1299 1612 1355 1644
text 0.8070 3556 1380 3595 1761
text 0.8045 1998 692 2026 723
text 0.7975 2372 2078 2420 2117
text 0.7949 473 683 513 712
text 0.7932 1582 2475 1611 2540
text 0.7880 2491 1989 2541 2018
text 0.7850 1622 901 1670 931
text 0.7849 1542 920 1581 951
text 0.7849 1939 397 1986 427
text 0.7843 2263 1304 2293 1366
text 0.7820 2278 316 2342 357
text 0.7779 1383 781 1432 812
text 0.7779 2954 1818 2996 1854
text 0.7722 2213 2658 2322 2711
text 0.7711 2551 1901 2600 1956
text 0.7662 1111 1196 1165 1224
text 0.7652 2473 317 2508 347
text 0.7649 3826 782 3865 802
text 0.7621 2816 1295 2867 1325
text 0.7614 634 1237 730 1275
text 0.7612 3655 783 3695 810
text 0.7603 3390 2249 3411 2314
text 0.7586 2519 871 2558 902
text 0.7575 2904 1934 2954 1986
text 0.7566 454 1544 496 1602
text 0.7563 780 1543 819 1603
text 0.7559 850 1156 890 1188
text 0.7516 1473 693 1512 722
text 0.7513 1226 1484 1282 1514
text 0.7501 752 2259 791 2324
text 0.7474 2669 890 2698 958
text 0.7468 2006 2363 2076 2405
text 0.7461 1937 851 1964 893
text 0.7457 522 1157 564 1186
text 0.7428 960 1647 1046 1681
text 0.7412 963 1236 1096 1269
text 0.7400 1966 1605 1996 1634
text 0.7398 633 1879 735 1919
text 0.7364 1209 619 1280 660
text 0.7358 1352 1264 1586 1305
text 0.7353 2235 2392 2292 2422
text 0.7292 1543 872 1591 901
text 0.7291 3089 2260 3154 2297
text 0.7280 2352 2049 2401 2078
text 0.7255 2677 2306 2716 2392
text 0.7239 1652 732 1691 801
text 0.7199 2439 1286 2469 1335
text 0.7185 1541 781 1592 811
text 0.7183 1881 733 1915 813
text 0.7144 406 1365 443 1776
text 0.7118 2916 2195 2945 2241
text 0.7117 1659 1940 1682 1989
text 0.7086 1078 2295 1125 2325
text 0.7077 801 2247 855 2325
text 0.7064 959 1790 1039 1827
text 0.7060 366 910 915 1000
text 0.7024 2124 318 2148 374
text 0.7010 2028 1780 2124 1849
text 0.6939 1484 2472 1523 2533
text 0.6848 1651 931 1688 970
text 0.6777 2044 1632 2095 1661
text 0.6678 3382 336 3744 444
text 0.6535 3469 2245 3506 2306
text 0.6489 416 2106 443 2155
text 0.6466 634 1650 740 1682
text 0.6456 1784 914 1828 965
text 0.6396 957 1563 1046 1595
text 0.6375 691 685 731 772
text 0.6333 2908 1850 2954 1878
text 0.6226 1492 1385 1521 1434
text 0.6189 2899 315 2936 347
text 0.6067 633 1562 741 1596
text 0.5876 1164 2582 1212 2620
text 0.5580 1790 732 1829 801
text 0.5451 973 2273 1041 2335
text 0.5253 1868 1739 1915 1762
text 0.5086 841 2268 878 2322
text 0.3844 2753 881 2790 958
text 0.3642 1902 1726 1970 1767
text 0.3521 512 2109 556 2186
text 0.3447 955 1425 1045 1461
text 0.3226 3558 2221 3601 2304
text 0.3105 3160 1872 3205 1903
text 0.3104 2486 1976 2540 2004
text 0.3049 728 680 775 766
component 0.9970 3202 1918 3212 1938
component 0.9968 1689 841 1701 862
component 0.9957 2627 1829 2656 1862
component 0.9915 2323 1138 2343 1157
component 0.9903 2301 1829 2312 1850
component 0.9901 2501 1831 2519 1859
component 0.9894 2342 2158 2352 2186
component 0.9891 2323 1228 2343 1246
component 0.9886 1443 1404 1464 1427
component 0.9862 2719 2223 2738 2238
component 0.9858 2342 2265 2354 2293
component 0.9855 2255 2452 2403 2600
component 0.9819 2154 347 2175 367
component 0.9808 3123 1480 3144 1502
component 0.9771 2531 1297 2548 1328
component 0.9761 2867 614 2943 731
component 0.9760 2489 1295 2501 1315
component 0.9728 2634 990 2990 1030
component 0.9721 3756 2235 3776 2254
component 0.9687 3124 1630 3142 1650
component 0.9684 2569 1991 2590 2013
component 0.9670 1315 1551 1334 1565
component 0.9641 1708 1139 1788 1169
component 0.9634 1470 1541 1770 1795
component 0.9624 544 692 564 704
component 0.9597 2456 2050 2484 2069
component 0.9569 2507 1486 2802 1722
component 0.9566 3124 1672 3143 1692
component 0.9537 2439 337 2453 367
component 0.9534 1006 2255 1037 2274
component 0.9514 2806 2214 2826 2234
component 0.9513 1303 2363 1335 2393
component 0.9491 2704 1998 2845 2138
component 0.9428 2503 1226 2525 1240
component 0.9422 2423 2137 2530 2215
component 0.9342 3094 2306 3122 2324
component 0.9326 2784 337 2812 370
component 0.9326 1750 1947 1770 1980
component 0.9254 1303 2156 1340 2188
component 0.9207 1650 840 1660 864
component 0.9149 1237 1276 1256 1306
component 0.9131 3757 2286 3777 2304
component 0.9070 995 2297 1038 2325
component 0.9031 3134 2174 3159 2188
component 0.8996 544 734 564 752
component 0.8965 1302 2257 1341 2295
component 0.8932 1296 2056 1332 2080
component 0.8781 2635 2443 2987 2475
component 0.8553 2985 1884 3004 1997
component 0.8457 2767 1127 2842 1156
component 0.8439 2342 1994 2363 2018
component 0.8415 3215 1565 3233 1583
component 0.8398 3064 2493 3084 2513
component 0.8265 1745 497 1805 536
component 0.8129 1659 1000 1834 1039
component 0.7890 2762 2573 2862 2610
component 0.7827 2501 417 2531 464
component 0.7534 3655 525 3757 634
component 0.7277 2826 334 2856 369
component 0.7204 2046 333 2065 364
component 0.7188 2765 409 2808 459
test 0.9539 1800 368 1877 445
test 0.9373 1947 338 1986 397
test 0.8991 1077 2066 1156 2153
test 0.8546 2898 346 2956 397
test 0.8403 2333 1435 2384 1493
test 0.8330 2582 2098 2637 2156
test 0.8120 2334 1720 2382 1780
test 0.8046 2008 2275 2084 2350
test 0.7771 2588 2160 2640 2205
led 0.9746 3026 2207 3075 2274
led 0.9700 1749 2106 1799 2175
led 0.9524 1275 1255 1325 1326
led 0.9332 3022 1899 3073 1972
led 0.9301 1680 2106 1730 2174
led 0.9177 1680 2276 1731 2334
led 0.9107 1606 2188 1662 2256
led 0.9016 3025 2096 3074 2162
led 0.8977 1615 2354 1671 2414
led 0.8973 1679 2194 1729 2256
led 0.8889 1741 2274 1799 2334
led 0.8873 1541 2105 1593 2175
led 0.8833 1611 2274 1665 2335
led 0.8770 1739 2187 1798 2256
led 0.8647 1682 2353 1739 2414
led 0.8609 1541 2192 1592 2254
led 0.8360 1612 2105 1662 2176
led 0.8360 1541 2353 1592 2423
led 0.8353 1750 2353 1799 2415
led 0.7836 2649 326 2699 375
led 0.7742 1540 2274 1593 2334
clock 0.8393 2404 2121 2540 2237
ic 0.9938 1414 1478 1841 1912
ic 0.9823 2449 496 2807 750
ic 0.9822 2434 1360 2862 1790
ic 0.9687 1983 484 2312 741
ic 0.9207 2657 1950 2892 2184
ic 0.8890 2194 326 2251 374
ic 0.8884 2837 566 2968 776
ic 0.7350 1717 813 1777 885
switch 0.9709 2596 2430 3024 2614
switch 0.9616 2598 976 3016 1166
switch 0.9582 3515 469 4037 703
switch 0.9181 1630 998 1860 1188
electrolytic 0.9726 1688 482 1881 555
electrolytic 0.9676 1808 1929 1848 2039
electrolytic 0.9670 3042 1988 3169 2046
electrolytic 0.9638 2886 1691 2975 1730
electrolytic 0.9521 473 2099 513 2195
electrolytic 0.9395 2410 1800 2443 1898
electrolytic 0.9390 1881 1766 1975 1805
electrolytic 0.9347 2701 406 2871 476
electrolytic 0.9159 2488 777 2714 853
electrolytic 0.9153 2701 1909 2796 1940
electrolytic 0.9142 1929 721 1969 833
electrolytic 0.8949 1334 1936 1431 1968
electrolytic 0.8876 2374 563 2421 685
electrolytic 0.8585 2136 407 2315 464
electrolytic 0.8579 1177 656 1312 726
electrolytic 0.8458 2798 1847 2881 1889
electrolytic 0.8195 2310 1356 2410 1410
electrolytic 0.8185 1395 1345 1431 1468
electrolytic 0.8128 2512 1941 2607 1979
electrolytic 0.8112 2042 771 2254 848
electrolytic 0.7947 1809 1325 1848 1437
electrolytic 0.7896 1907 486 1975 632
electrolytic 0.7472 2906 1339 2935 1412
electrolytic 0.7265 2455 414 2630 487
electrolytic 0.6537 2915 2088 2945 2185
button 0.9102 1881 2056 1994 2174
button 0.8829 1226 1366 1344 1484
button 0.8780 2028 1666 2143 1772
transistor 0.9394 2284 765 2468 881
jumper 0.9280 2014 1226 2150 1276
jumper 0.8910 2391 1029 2546 1078
unknown 0.8727 2954 1867 3025 2276
unknown 0.3079 2926 1870 2987 2226
