connector 0.9897 3178 947 3715 1354
connector 0.9885 3172 0 3707 389
connector 0.9869 3172 1453 3725 1868
connector 0.9850 3172 463 3709 860
connector 0.9841 10 1507 453 1826
connector 0.9697 1511 1507 1564 1633
connector 0.9574 72 987 279 1190
connector 0.9550 62 1242 271 1452
connector 0.9498 1283 1097 1703 1196
connector 0.9156 782 433 918 605
connector 0.9133 1298 942 1696 1050
connector 0.9101 1302 178 1585 267
connector 0.8994 784 186 917 416
connector 0.8927 1701 31 1834 163
connector 0.8797 2748 897 2899 1316
connector 0.8707 1287 1231 1694 1332
connector 0.8653 511 194 627 351
connector 0.8644 502 490 628 632
connector 0.8558 600 1610 717 1754
connector 0.8488 503 347 630 494
connector 0.8384 1939 1537 2074 1686
connector 0.8243 1972 203 2407 276
connector 0.7922 1295 815 1709 918
connector 0.7348 854 797 988 1109
resistor 0.9704 818 1626 876 1661
resistor 0.9311 504 1012 556 1049
resistor 0.9104 1230 429 1264 492
resistor 0.8831 800 1559 834 1615
resistor 0.8721 682 995 737 1030
resistor 0.8217 683 1029 737 1066
resistor 0.7922 1628 60 1700 170
resistor 0.6530 1279 438 1312 490
resistor 0.5920 349 261 413 293
resistor 0.5912 846 1488 872 1540
pads 0.9717 2083 1644 2675 1867
pads 0.9481 883 1490 916 1543
pads 0.7730 821 1701 875 1752
capacitor 0.9785 809 1159 844 1219
capacitor 0.9603 441 1274 476 1335
capacitor 0.9474 936 1491 970 1553
capacitor 0.9324 654 1185 688 1237
capacitor 0.9143 1223 1400 1287 1526
capacitor 0.9118 288 1156 324 1215
capacitor 0.9020 811 1488 837 1544
capacitor 0.8725 494 1281 550 1312
capacitor 0.8667 922 1630 962 1687
capacitor 0.8650 960 1375 1077 1438
capacitor 0.7892 1464 1643 1503 1701
capacitor 0.7674 345 1132 377 1183
capacitor 0.6799 692 1177 729 1237
capacitor 0.6621 1424 1638 1455 1702
capacitor 0.6375 621 957 656 1011
text 0.9919 883 1645 908 1686
text 0.9880 1592 78 1627 169
text 0.9828 314 1101 341 1164
text 0.9812 298 1830 350 1851
text 0.9790 1456 71 1492 193
text 0.9735 269 114 394 150
text 0.9732 268 889 332 931
text 0.9712 262 744 398 787
text 0.9697 748 446 781 528
text 0.9664 914 285 1049 320
text 0.9638 270 321 396 356
text 0.9632 271 536 396 572
text 0.9617 1815 175 1853 202
text 0.9617 916 329 1041 374
text 0.9616 1295 1381 1333 1451
text 0.9612 898 652 917 698
text 0.9611 575 986 619 1030
text 0.9609 728 1699 759 1761
text 0.9607 1655 1552 1764 1588
text 0.9598 883 1436 908 1472
text 0.9592 755 1461 775 1489
text 0.9584 1548 70 1583 196
text 0.9583 521 769 567 796
text 0.9566 890 158 918 185
text 0.9560 1096 23 1132 133
text 0.9549 1601 1674 1646 1712
text 0.9546 1619 1068 1646 1102
text 0.9535 1672 913 1692 950
text 0.9511 1881 174 1933 202
text 0.9454 432 1337 486 1360
text 0.9449 729 1600 756 1662
text 0.9425 275 1408 532 1444
text 0.9409 916 383 1039 419
text 0.9391 811 1114 852 1146
text 0.9390 638 393 763 437
text 0.9389 1466 1732 1512 1758
text 0.9386 1411 0 1560 32
text 0.9373 1181 32 1222 166
text 0.9370 864 95 943 139
text 0.9344 784 652 837 697
text 0.9341 925 193 1012 230
text 0.9339 2050 1571 2069 1607
text 0.9319 2599 1849 2635 1876
text 0.9293 368 1823 412 1848
text 0.9287 2266 95 2446 131
text 0.9238 800 96 846 140
text 0.9226 1215 1184 1269 1210
text 0.9218 639 265 771 302
text 0.9215 440 1563 466 1586
text 0.9203 467 1049 529 1076
text 0.9203 469 357 502 427
text 0.9201 1626 923 1654 959
text 0.9180 349 456 404 481
text 0.9172 339 832 395 855
text 0.9161 379 1211 421 1240
text 0.9154 665 1760 753 1796
text 0.9152 2086 1634 2132 1668
text 0.9110 1069 428 1124 464
text 0.9080 845 1220 889 1246
text 0.9065 727 1238 764 1258
text 0.9063 538 661 618 697
text 0.9052 2516 95 2599 131
text 0.9052 1064 1131 1166 1163
text 0.9048 280 590 334 634
text 0.9033 809 1419 835 1472
text 0.9026 2149 49 2194 76
text 0.9008 2040 0 2251 31
text 0.9000 1320 17 1357 192
text 0.8990 187 752 246 808
text 0.8974 635 545 763 582
text 0.8962 649 1076 675 1134
text 0.8946 468 491 495 563
text 0.8941 280 679 333 724
text 0.8914 1672 1804 1756 1840
text 0.8912 368 1078 395 1130
text 0.8909 233 1850 288 1887
text 0.8907 299 19 464 90
text 0.8894 739 1030 790 1056
text 0.8893 782 150 863 193
text 0.8881 1771 1608 1813 1632
text 0.8822 329 1208 374 1247
text 0.8804 180 532 259 571
text 0.8786 179 320 262 356
text 0.8779 1096 293 1149 337
text 0.8763 875 18 925 49
text 0.8763 350 616 403 642
text 0.8759 1728 1684 1770 1706
text 0.8753 1627 5 1690 31
text 0.8751 359 140 414 176
text 0.8749 275 463 342 500
text 0.8718 820 1822 863 1840
text 0.8705 349 402 404 427
text 0.8703 1402 302 1460 337
text 0.8683 2590 1635 2627 1670
text 0.8665 415 798 475 832
text 0.8656 315 1517 369 1554
text 0.8651 1980 174 2016 197
text 0.8641 997 517 1077 562
text 0.8623 2337 0 2401 23
text 0.8618 918 472 936 509
text 0.8607 737 995 800 1022
text 0.8572 637 500 710 535
text 0.8572 2481 0 2545 23
text 0.8568 1151 1761 1187 1794
text 0.8562 809 1364 836 1408
text 0.8479 1603 384 1910 417
text 0.8474 899 1111 950 1146
text 0.8467 1064 1182 1099 1209
text 0.8461 2796 1364 2832 1384
text 0.8411 467 193 503 266
text 0.8406 178 106 268 146
text 0.8404 1473 1454 1575 1489
text 0.8402 838 1778 864 1813
text 0.8399 281 804 333 843
text 0.8371 278 1284 314 1309
text 0.8368 290 1039 334 1056
text 0.8323 221 146 260 178
text 0.8318 1557 1787 1609 1821
text 0.8288 502 1875 549 1905
text 0.8269 494 1319 547 1339
text 0.8259 1614 418 2082 446
text 0.8198 351 671 401 710
text 0.8191 1403 1454 1457 1488
text 0.8151 1133 1364 1170 1390
text 0.8145 927 770 962 788
text 0.8086 835 1068 872 1086
text 0.8077 198 1220 234 1246
text 0.8072 2017 1851 2160 1888
text 0.7959 630 1172 648 1212
text 0.7959 282 375 341 418
text 0.7935 647 932 704 959
text 0.7917 549 1636 584 1713
text 0.7879 1862 1535 1940 1569
text 0.7848 738 770 801 796
text 0.7847 1412 1733 1456 1759
text 0.7845 1414 115 1447 194
text 0.7837 1719 292 1772 380
text 0.7816 1832 0 1897 39
text 0.7730 798 5 878 42
text 0.7657 612 1146 647 1173
text 0.7650 404 373 463 413
text 0.7650 636 212 718 256
text 0.7645 621 5 656 77
text 0.7626 915 427 998 462
text 0.7611 289 1005 375 1039
text 0.7576 351 195 414 222
text 0.7474 556 1444 601 1471
text 0.7453 845 1434 872 1469
text 0.7420 637 358 717 392
text 0.7375 584 1768 647 1796
text 0.7344 729 1136 761 1186
text 0.7330 920 1489 945 1534
text 0.7312 637 318 695 351
text 0.7238 1268 35 1310 166
text 0.7222 736 959 793 985
text 0.7107 468 1844 549 1876
text 0.7006 1566 1517 1635 1553
text 0.6979 766 1885 820 1903
text 0.6971 2086 1681 2103 1713
text 0.6839 638 592 684 627
text 0.6770 214 572 252 603
text 0.6757 288 167 341 204
text 0.6727 407 581 460 617
text 0.6665 278 248 342 294
text 0.6528 773 1099 812 1136
text 0.6352 215 356 257 383
text 0.6349 253 77 306 104
text 0.5571 805 50 945 93
text 0.3398 767 1107 806 1151
component 0.9894 370 280 386 293
component 0.9837 1034 1537 1069 1605
component 0.9733 1817 993 1941 1048
component 0.9678 847 1675 864 1702
component 0.9598 2209 871 2330 1416
component 0.9554 1798 1281 1925 1331
component 0.9550 1809 1137 1934 1192
component 0.9464 2327 961 2621 1398
component 0.9457 2031 938 2112 1164
component 0.9443 1826 850 1945 906
component 0.9204 1655 96 1672 148
component 0.9192 2141 1162 2179 1363
component 0.9176 360 698 377 715
component 0.9163 350 897 380 932
component 0.9134 880 1564 928 1615
component 0.8954 127 672 161 723
component 0.8343 135 459 170 510
component 0.8139 693 1002 718 1021
component 0.8063 144 243 180 292
component 0.8019 1286 444 1315 469
component 0.7369 126 895 162 940
test 0.9544 1664 1592 1764 1670
test 0.9277 2457 23 2562 94
test 0.8984 551 1822 656 1897
test 0.8895 665 1818 756 1894
test 0.8779 2314 22 2412 96
test 0.8736 945 105 1042 186
test 0.8683 2051 30 2143 103
test 0.6537 1538 1707 1638 1777
test 0.6491 1664 1699 1763 1780
led 0.8735 342 797 396 833
led 0.7538 352 582 406 617
led 0.7229 359 168 413 203
led 0.7033 350 373 405 401
ic 0.9640 1702 678 2740 1535
ic 0.9525 418 1094 611 1263
ic 0.8920 740 1138 810 1218
ic 0.6258 860 1552 953 1622
ic 0.5676 566 1022 648 1067
switch 0.9797 76 559 253 737
switch 0.9779 72 777 251 952
switch 0.9650 79 347 260 518
switch 0.9622 89 140 266 312
switch 0.9268 1997 1687 2077 1838
electrolytic 0.9419 550 1258 764 1451
electrolytic 0.8483 541 1456 760 1618
button 0.8961 928 22 1089 104
diode 0.8058 1106 1417 1187 1555
diode 0.6703 466 1526 549 1667
transistor 0.9665 973 1669 1115 1779
jumper 0.9791 1152 159 1223 292
jumper 0.9584 1674 168 1717 256
jumper 0.9513 1420 1503 1512 1634
jumper 0.9371 1719 159 1773 257
jumper 0.9242 1584 167 1628 246
jumper 0.9178 1252 159 1312 290
jumper 0.9121 665 0 791 139
jumper 0.8811 1107 159 1168 293
jumper 0.8224 1628 167 1672 255
jumper 0.4622 1202 164 1262 293
inductor 0.8783 1123 1571 1341 1763
