connector 0.9868 26 0 562 380
connector 0.9865 17 956 562 1346
connector 0.9863 22 463 561 860
connector 0.9783 5 1454 557 1867
connector 0.9724 3462 1241 3673 1454
connector 0.9590 3284 1505 3724 1822
connector 0.9533 3454 989 3661 1190
connector 0.9454 2167 1505 2221 1631
connector 0.9418 3009 1610 3132 1750
connector 0.9408 2034 1095 2451 1195
connector 0.9199 2149 176 2429 271
connector 0.9046 2033 940 2439 1049
connector 0.9029 837 901 984 1311
connector 0.9007 2817 430 2949 605
connector 0.8929 3104 348 3230 493
connector 0.8860 3104 489 3230 634
connector 0.8834 2039 1233 2442 1333
connector 0.8677 2814 183 2951 418
connector 0.8646 2030 815 2442 917
connector 0.8499 1317 203 1756 278
connector 0.8107 2741 797 2877 1110
connector 0.8078 3103 198 3220 355
connector 0.7955 1898 35 2031 158
connector 0.7410 1654 1535 1791 1681
resistor 0.9077 2851 1629 2914 1662
resistor 0.8926 2997 1030 3050 1067
resistor 0.8908 3175 1013 3229 1049
resistor 0.8527 2895 1560 2933 1615
resistor 0.8173 2466 425 2501 494
resistor 0.8010 3082 1082 3117 1128
resistor 0.6941 3328 697 3390 724
resistor 0.6073 2861 1489 2886 1542
pads 0.9536 1049 1640 1650 1865
pads 0.9394 2824 1489 2850 1542
pads 0.9253 2883 1661 2923 1713
pads 0.8437 2859 1723 2923 1752
capacitor 0.9696 2895 1488 2923 1544
capacitor 0.9633 3256 1278 3293 1338
capacitor 0.9385 3408 1157 3442 1217
capacitor 0.9326 2763 1489 2798 1551
capacitor 0.9238 2449 1403 2508 1525
capacitor 0.9232 2230 1644 2268 1703
capacitor 0.9214 3048 1181 3079 1238
capacitor 0.9123 2886 1155 2922 1218
capacitor 0.9034 2653 1371 2772 1436
capacitor 0.8581 3185 1283 3238 1316
capacitor 0.8095 2768 1635 2806 1688
capacitor 0.7988 2850 1159 2880 1218
capacitor 0.7669 3005 1170 3041 1238
capacitor 0.7411 3077 961 3114 1013
text 0.9832 1600 1634 1644 1669
text 0.9821 3392 1106 3420 1168
text 0.9817 3311 1210 3355 1238
text 0.9813 3335 1077 3363 1135
text 0.9774 2896 1418 2921 1471
text 0.9759 2398 1380 2436 1453
text 0.9736 2717 194 2805 230
text 0.9733 2974 1116 2996 1177
text 0.9707 2689 330 2815 376
text 0.9705 1737 175 1764 193
text 0.9699 3328 615 3382 641
text 0.9691 2956 1463 2978 1490
text 0.9676 3197 1408 3451 1445
text 0.9671 1963 1680 2005 1704
text 0.9649 1097 1849 1132 1876
text 0.9637 2105 76 2142 168
text 0.9625 2680 285 2810 319
text 0.9623 3266 1561 3292 1579
text 0.9609 1627 1681 1646 1713
text 0.9605 3319 194 3382 220
text 0.9593 3393 375 3455 418
text 0.9583 3401 805 3455 842
text 0.9582 2978 1598 3003 1657
text 0.9581 3247 1337 3299 1360
text 0.9570 3331 113 3462 149
text 0.9547 3338 742 3471 788
text 0.9524 1962 294 2013 382
text 0.9523 2932 995 2993 1022
text 0.9519 3400 590 3455 636
text 0.9503 3339 536 3465 573
text 0.9499 1969 1553 2074 1587
text 0.9496 2509 32 2553 169
text 0.9493 2815 652 2833 700
text 0.9487 2565 1131 2671 1165
text 0.9480 3399 680 3453 724
text 0.9475 2239 71 2275 194
text 0.9470 3336 320 3459 356
text 0.9459 3114 993 3157 1023
text 0.9456 3391 167 3445 203
text 0.9450 1105 1635 1143 1668
text 0.9431 2885 96 2933 139
text 0.9430 2977 1696 3004 1757
text 0.9428 2812 159 2843 185
text 0.9406 1286 95 1467 130
text 0.9405 2040 917 2060 949
text 0.9400 1799 175 1854 202
text 0.9377 3056 1078 3085 1132
text 0.9364 2599 26 2635 129
text 0.9362 2779 1112 2836 1148
text 0.9348 2545 1760 2582 1793
text 0.9347 2609 428 2663 464
text 0.9336 2824 1649 2853 1687
text 0.9330 3083 1146 3122 1176
text 0.9322 2897 652 2949 699
text 0.9312 3328 399 3381 427
text 0.9305 2122 1787 2177 1821
text 0.9279 2464 31 2509 171
text 0.9260 3031 932 3085 958
text 0.9246 3474 359 3517 384
text 0.9228 3382 1831 3434 1852
text 0.9193 2932 770 2998 797
text 0.9190 2881 1112 2925 1145
text 0.9188 1133 96 1216 130
text 0.9144 3110 660 3195 702
text 0.9117 3402 1039 3446 1058
text 0.9113 2972 1237 3003 1259
text 0.9106 1663 1572 1681 1609
text 0.9097 2087 1675 2155 1735
text 0.9092 3319 1827 3364 1852
text 0.9091 2790 96 2868 139
text 0.9087 2950 444 2985 530
text 0.9079 2078 923 2104 958
text 0.9075 3165 770 3210 797
text 0.9047 1881 175 1916 202
text 0.9038 2375 17 2411 192
text 0.9026 2172 0 2323 32
text 0.8974 2770 769 2806 788
text 0.8959 3470 320 3553 357
text 0.8943 3481 579 3516 599
text 0.8942 2655 518 2738 564
text 0.8921 3021 500 3094 536
text 0.8917 3229 356 3265 427
text 0.8901 2327 29 2365 194
text 0.8877 1790 1533 1871 1572
text 0.8876 3398 968 3437 1005
text 0.8876 2150 65 2185 196
text 0.8850 2826 1436 2853 1474
text 0.8801 2968 393 3092 437
text 0.8792 2807 17 2873 52
text 0.8764 2971 546 3101 584
text 0.8756 2096 1517 2164 1554
text 0.8746 3391 464 3454 499
text 0.8742 1978 1805 2062 1839
text 0.8736 3086 1770 3148 1798
text 0.8703 3474 745 3553 787
text 0.8697 3489 787 3525 808
text 0.8693 2905 1780 2932 1814
text 0.8682 3401 892 3463 932
text 0.8680 2087 1067 2114 1102
text 0.8665 3473 534 3554 572
text 0.8655 3364 1221 3402 1247
text 0.8653 2958 267 3097 304
text 0.8626 1329 0 1393 22
text 0.8625 1478 0 1692 31
text 0.8596 2685 382 2816 418
text 0.8565 3392 249 3454 293
text 0.8516 3337 886 3392 917
text 0.8494 3011 355 3094 391
text 0.8481 2271 1732 2323 1758
text 0.8472 1832 0 1897 40
text 0.8451 3472 147 3512 175
text 0.8435 2464 1183 2519 1210
text 0.8430 2863 1780 2895 1812
text 0.8420 2898 1362 2922 1407
text 0.8418 3446 1849 3500 1886
text 0.8389 3337 831 3392 857
text 0.8354 3426 75 3485 104
text 0.8319 3466 106 3554 149
text 0.8313 1539 50 1581 76
text 0.8295 3201 1049 3262 1075
text 0.8295 2914 1885 2968 1904
text 0.8283 3356 1004 3440 1039
text 0.8259 3320 139 3373 174
text 0.8244 3186 1319 3238 1338
text 0.8235 3364 1518 3418 1552
text 0.8225 1717 174 1727 192
text 0.8204 3011 212 3095 257
text 0.8177 2868 148 2947 193
text 0.8174 3255 797 3320 833
text 0.8169 3085 1176 3104 1210
text 0.8169 3050 591 3094 626
text 0.8120 3501 1220 3535 1249
text 0.8110 2736 428 2813 464
text 0.8103 3420 1283 3455 1310
text 0.8090 2285 97 2321 192
text 0.8087 2853 6 2930 41
text 0.8071 2978 1759 3069 1795
text 0.8068 1577 1850 1715 1886
text 0.8060 2941 1030 2995 1058
text 0.8056 2581 293 2634 337
text 0.7932 2634 1185 2662 1211
text 0.7919 2861 1065 2898 1085
text 0.7914 3329 455 3382 482
text 0.7842 3130 1444 3174 1471
text 0.7754 1187 0 1250 22
text 0.7754 1648 417 2122 445
text 0.7733 1825 384 2133 418
text 0.7721 3201 19 3321 69
text 0.7683 2786 1491 2815 1535
text 0.7676 3185 1838 3265 1873
text 0.7668 2843 1205 2887 1247
text 0.7645 1919 1606 1961 1632
text 0.7546 2870 1822 2917 1840
text 0.7536 2565 1363 2601 1390
text 0.7445 2159 1454 2257 1490
text 0.7419 2269 1462 2326 1489
text 0.7309 3229 194 3265 268
text 0.7261 3275 581 3329 617
text 0.7241 899 1362 936 1386
text 0.7163 2797 471 2815 511
text 0.7158 3236 493 3265 562
text 0.7156 2045 5 2104 31
text 0.6955 2272 304 2336 336
text 0.6953 3149 1630 3183 1711
text 0.6839 3184 1876 3232 1903
text 0.6679 2220 1733 2266 1759
text 0.6452 2806 51 2929 96
text 0.6284 2861 1433 2887 1470
text 0.6161 3076 7 3112 74
text 0.4043 2916 1103 2962 1140
text 0.3552 2878 1829 2921 1848
text 0.3077 2999 334 3101 372
component 0.9893 3347 284 3362 294
component 0.9616 1619 931 1699 1166
component 0.9601 3012 1003 3039 1021
component 0.9594 2059 99 2078 148
component 0.9513 1799 1138 1927 1192
component 0.9414 1404 865 1521 1426
component 0.9401 3355 697 3373 715
component 0.9342 1792 994 1915 1049
component 0.9330 2806 1565 2851 1615
component 0.9323 2663 1534 2699 1606
component 0.9272 2429 446 2447 465
component 0.9170 3356 915 3380 931
component 0.9144 1803 1280 1930 1334
component 0.9123 1111 962 1403 1397
component 0.8932 1553 1168 1592 1356
component 0.8906 3556 239 3589 293
component 0.8745 3572 673 3607 723
component 0.8742 2870 1677 2878 1698
component 0.8735 1789 849 1908 905
component 0.8661 3562 458 3599 509
component 0.8147 3572 897 3607 940
test 0.9509 1970 1588 2069 1669
test 0.9103 3077 1820 3185 1898
test 0.8845 2690 104 2788 185
test 0.8694 1968 1698 2069 1783
test 0.8368 1591 32 1679 103
test 0.8150 3317 23 3425 104
test 0.8117 1322 21 1416 96
test 0.7462 3105 702 3202 766
test 0.7101 1174 22 1275 94
test 0.6196 2975 1812 3070 1891
led 0.8827 3334 798 3391 832
ic 0.9704 1000 686 2027 1531
ic 0.9476 3122 1094 3316 1264
ic 0.7199 2924 1139 2995 1223
ic 0.6431 2778 1558 2869 1621
ic 0.5663 3086 1023 3165 1066
switch 0.9779 3475 348 3652 519
switch 0.9738 3480 563 3653 737
switch 0.9713 3463 140 3643 309
switch 0.9700 3482 776 3663 954
switch 0.8132 1655 1685 1735 1841
electrolytic 0.9779 2971 1252 3181 1456
electrolytic 0.8116 2978 1457 3191 1614
electrolytic 0.7877 2994 1064 3051 1171
button 0.9226 2646 24 2804 104
diode 0.8571 2543 1415 2624 1552
diode 0.8455 3183 1530 3264 1668
transistor 0.9575 2617 1668 2760 1777
jumper 0.9614 2943 0 3067 140
jumper 0.9539 2510 158 2583 291
jumper 0.9512 2106 167 2151 249
jumper 0.9506 1960 160 2020 259
jumper 0.9459 2015 168 2061 257
jumper 0.9230 2222 1500 2310 1633
jumper 0.8603 2566 159 2628 294
jumper 0.7525 2058 168 2104 258
jumper 0.6783 2420 161 2481 293
inductor 0.9155 2389 1570 2611 1762
