connector 0.9895 3171 1511 3706 1902
connector 0.9887 3178 545 3715 953
connector 0.9797 3173 1042 3708 1442
connector 0.9619 62 453 273 658
connector 0.9580 1 73 447 396
connector 0.9532 3173 42 3724 440
connector 0.9419 1701 1741 1835 1873
connector 0.9360 1511 267 1563 399
connector 0.9273 1296 847 1703 958
connector 0.9256 854 795 990 1106
connector 0.9139 595 149 719 295
connector 0.9094 2748 588 2899 1009
connector 0.8971 1282 573 1693 667
connector 0.8883 72 709 279 911
connector 0.8880 1968 1623 2411 1699
connector 0.8837 1287 704 1703 802
connector 0.8647 509 1551 628 1705
connector 0.8600 503 1269 631 1405
connector 0.8510 1299 1636 1593 1727
connector 0.8371 783 1484 916 1711
connector 0.8267 503 1407 629 1551
connector 0.7764 782 1292 921 1478
connector 0.7695 1295 984 1708 1086
connector 0.7350 1942 215 2073 366
resistor 0.8769 798 283 835 346
resistor 0.8661 682 842 737 871
resistor 0.8653 845 188 872 240
resistor 0.8601 681 915 735 945
resistor 0.8493 819 246 881 275
resistor 0.8413 505 851 555 886
resistor 0.7786 339 1014 395 1047
resistor 0.7320 1235 1417 1270 1467
resistor 0.7270 346 1230 402 1265
resistor 0.7180 844 377 871 414
resistor 0.6901 351 1380 403 1416
resistor 0.6779 620 774 657 824
resistor 0.6593 349 1627 412 1657
resistor 0.6533 1630 1736 1698 1841
pads 0.9728 2083 30 2670 256
capacitor 0.9607 1465 192 1500 265
capacitor 0.9468 1222 381 1286 510
capacitor 0.9366 814 687 845 746
capacitor 0.9203 655 664 685 717
capacitor 0.8938 491 589 548 615
capacitor 0.8582 961 462 1081 526
capacitor 0.8227 926 213 964 280
capacitor 0.7690 851 680 881 742
capacitor 0.7181 935 347 971 409
capacitor 0.6018 618 894 657 935
capacitor 0.4618 694 665 729 724
text 0.9872 728 645 761 663
text 0.9826 914 1527 1045 1569
text 0.9793 900 1202 918 1246
text 0.9787 1881 1696 1931 1723
text 0.9778 314 743 341 797
text 0.9756 888 1713 918 1741
text 0.9755 1593 1731 1630 1819
text 0.9751 920 1625 1040 1661
text 0.9704 730 238 755 302
text 0.9696 273 1400 343 1440
text 0.9682 755 408 772 443
text 0.9680 1672 951 1693 985
text 0.9676 271 1327 391 1367
text 0.9670 1818 1695 1855 1723
text 0.9651 521 1106 566 1132
text 0.9648 745 1371 783 1451
text 0.9646 368 51 413 78
text 0.9632 1322 1718 1357 1885
text 0.9629 270 454 534 498
text 0.9605 998 1346 1072 1382
text 0.9594 1296 448 1334 516
text 0.9583 2598 28 2635 51
text 0.9581 1366 1709 1402 1882
text 0.9571 915 1484 1045 1525
text 0.9567 275 1059 332 1094
text 0.9561 1960 1705 2015 1735
text 0.9555 264 1113 397 1156
text 0.9547 1660 314 1765 348
text 0.9521 1609 193 1648 220
text 0.9493 295 50 348 77
text 0.9489 269 968 332 1012
text 0.9488 468 1333 493 1416
text 0.9484 1183 1735 1223 1867
text 0.9449 811 497 838 536
text 0.9443 1618 804 1645 833
text 0.9442 468 25 547 59
text 0.9424 268 1542 391 1579
text 0.9424 1767 267 1812 292
text 0.9416 736 849 789 869
text 0.9404 637 1319 763 1354
text 0.9388 800 1769 847 1805
text 0.9383 1456 1709 1492 1832
text 0.9375 1549 1713 1583 1829
text 0.9373 647 755 678 824
text 0.9372 726 140 754 202
text 0.9359 277 1175 332 1220
text 0.9349 2086 231 2130 270
text 0.9329 666 103 754 141
text 0.9317 378 658 420 689
text 0.9313 432 542 485 563
text 0.9313 1475 411 1574 445
text 0.9295 277 1274 334 1310
text 0.9266 228 16 287 51
text 0.9261 542 1203 619 1238
text 0.9259 271 1752 396 1796
text 0.9240 340 1050 396 1072
text 0.9235 2050 300 2067 336
text 0.9230 2265 1767 2444 1803
text 0.9217 2589 231 2625 266
text 0.9164 179 1749 269 1794
text 0.9147 584 104 647 133
text 0.9127 348 1418 405 1445
text 0.9098 368 776 396 834
text 0.9092 1095 1562 1150 1606
text 0.9069 349 1473 405 1499
text 0.9061 442 321 469 348
text 0.9058 632 1272 683 1308
text 0.9041 349 1204 401 1229
text 0.9036 635 1463 763 1506
text 0.9018 880 223 919 258
text 0.9016 1628 949 1654 977
text 0.9013 468 1476 502 1548
text 0.8985 1721 1518 1773 1608
text 0.8933 1628 1877 1689 1897
text 0.8927 912 366 940 409
text 0.8897 898 762 953 797
text 0.8862 737 878 798 904
text 0.8853 1097 1773 1132 1881
text 0.8836 630 689 647 731
text 0.8830 863 1765 944 1804
text 0.8740 410 1069 477 1103
text 0.8697 359 1723 412 1760
text 0.8681 289 869 373 906
text 0.8622 819 62 861 89
text 0.8620 178 1544 260 1580
text 0.8599 348 1266 403 1292
text 0.8592 1401 1562 1463 1605
text 0.8589 763 0 820 22
text 0.8587 495 561 548 581
text 0.8573 1606 1454 2068 1482
text 0.8554 1063 734 1171 770
text 0.8526 866 1849 922 1878
text 0.8501 576 874 622 905
text 0.8489 730 730 767 791
text 0.8465 1215 690 1265 721
text 0.8436 2134 1822 2192 1849
text 0.8420 1068 1438 1124 1472
text 0.8380 287 840 343 871
text 0.8363 1411 147 1455 167
text 0.8346 221 1731 259 1754
text 0.8345 1599 1483 1905 1517
text 0.8331 2049 1868 2189 1902
text 0.8323 1562 346 1633 384
text 0.8307 548 181 584 267
text 0.8295 2018 15 2161 58
text 0.8288 638 1596 766 1635
text 0.8226 2519 1769 2600 1804
text 0.8211 1268 1733 1308 1868
text 0.8148 1150 104 1186 140
text 0.8087 1861 328 1942 373
text 0.8061 466 835 527 863
text 0.8031 180 1335 258 1370
text 0.7986 287 1697 341 1740
text 0.7954 1671 66 1754 102
text 0.7952 924 1669 1010 1705
text 0.7933 781 1714 857 1749
text 0.7924 1468 148 1512 174
text 0.7923 290 1848 462 1894
text 0.7895 278 590 314 618
text 0.7835 1728 194 1773 220
text 0.7781 216 1516 257 1543
text 0.7771 916 1436 999 1472
text 0.7766 926 1111 962 1129
text 0.7696 807 758 848 787
text 0.7689 314 348 369 382
text 0.7675 647 950 700 968
text 0.7625 838 87 866 121
text 0.7620 1068 689 1099 725
text 0.7500 2086 195 2105 222
text 0.7375 736 1108 800 1133
text 0.7357 838 823 873 842
text 0.7355 178 1121 257 1155
text 0.7345 1403 1873 1557 1903
text 0.7313 1770 1661 1791 1687
text 0.7297 557 437 601 455
text 0.7274 504 4 549 23
text 0.7251 204 1092 248 1115
text 0.7163 796 1815 941 1851
text 0.7126 637 1425 689 1460
text 0.7120 404 1291 461 1320
text 0.7081 916 1384 936 1431
text 0.7014 775 779 811 805
text 0.6984 1829 1859 1899 1905
text 0.6927 279 1604 341 1649
text 0.6919 637 1374 701 1409
text 0.6861 612 737 648 817
text 0.6835 405 1489 462 1536
text 0.6817 846 428 873 463
text 0.6803 2340 1885 2400 1903
text 0.6802 637 1552 692 1588
text 0.6772 279 1482 340 1527
text 0.6754 1403 409 1456 446
text 0.6713 354 1677 414 1706
text 0.6659 782 1210 835 1257
text 0.6617 797 1843 920 1894
text 0.6540 1410 1706 1447 1781
text 0.6536 469 1633 502 1705
text 0.6491 635 1646 724 1687
text 0.6455 623 1828 657 1899
text 0.6452 2797 518 2832 536
text 0.6336 1134 507 1169 535
text 0.6289 214 1309 250 1332
text 0.6264 2483 1885 2545 1903
text 0.5952 844 652 888 676
text 0.5689 637 1508 720 1551
text 0.5353 199 653 238 690
text 0.5337 1559 76 1633 126
text 0.4660 641 1528 695 1566
text 0.4549 322 653 370 695
text 0.4398 1556 77 1615 106
text 0.3927 346 1736 408 1768
text 0.3911 626 1793 670 1894
text 0.3431 859 654 887 714
text 0.3394 2020 1880 2248 1910
text 0.3243 736 905 800 935
text 0.3189 208 1525 253 1552
text 0.3054 181 656 221 689
text 0.3016 1134 1739 1176 1867
component 0.9832 1034 292 1066 357
component 0.9790 368 1607 386 1624
component 0.9668 2033 741 2116 972
component 0.9476 2329 508 2620 935
component 0.9461 345 966 384 992
component 0.9321 882 283 924 341
component 0.9300 1654 1761 1673 1803
component 0.9165 694 885 718 904
component 0.8969 849 201 863 229
component 0.8917 2213 476 2330 1044
component 0.8910 358 1180 381 1205
component 0.8808 1817 850 1934 909
component 0.8682 1802 571 1922 627
component 0.8530 1829 998 1950 1050
component 0.8315 2142 559 2179 734
component 0.8138 141 1608 182 1657
component 0.8105 129 1391 167 1440
component 0.8016 1286 1434 1305 1454
component 0.7919 128 1176 162 1227
component 0.7497 1809 705 1924 760
component 0.7041 127 957 162 1004
test 0.8750 1664 230 1763 312
test 0.8558 2453 1803 2564 1875
test 0.8210 522 1121 630 1203
test 0.8192 662 5 758 80
test 0.8071 1535 122 1633 195
test 0.7917 550 6 653 83
test 0.7707 2309 1804 2412 1876
test 0.7162 865 1128 963 1200
test 0.6978 760 1130 856 1202
test 0.6838 944 1715 1042 1795
test 0.6446 1664 121 1764 198
ic 0.9664 417 639 610 808
ic 0.9617 1712 365 2735 1225
ic 0.9251 571 833 647 878
ic 0.8359 1824 1649 1859 1687
ic 0.6352 741 676 812 759
switch 0.9115 1995 61 2077 216
switch 0.8827 72 949 250 1123
switch 0.8630 80 1164 253 1339
switch 0.7987 85 1383 259 1552
switch 0.7325 90 1590 268 1770
electrolytic 0.9357 545 449 762 646
electrolytic 0.8394 544 280 755 448
button 0.7082 925 1796 1093 1875
diode 0.7623 1104 345 1188 487
diode 0.7508 467 228 546 374
transistor 0.9620 975 123 1116 229
jumper 0.9420 1419 268 1509 397
jumper 0.9213 1717 1644 1768 1738
jumper 0.9205 1159 1607 1223 1739
jumper 0.8998 664 1757 790 1914
jumper 0.8991 1589 1650 1642 1733
jumper 0.8736 1672 1649 1717 1732
jumper 0.8663 1106 1608 1169 1738
jumper 0.8378 1199 1606 1268 1741
jumper 0.7773 1245 1614 1315 1745
jumper 0.4722 1623 1650 1671 1732
jumper 0.3183 1129 1614 1196 1735
inductor 0.8625 1122 139 1337 327
inductor 0.8427 325 685 378 716
