connector 0.9891 3173 1513 3705 1904
connector 0.9864 3178 544 3715 953
connector 0.9788 3171 1040 3709 1444
connector 0.9746 3173 39 3725 444
connector 0.9706 61 453 272 659
connector 0.9617 1510 268 1563 397
connector 0.9509 3 73 447 396
connector 0.9366 1701 1743 1837 1876
connector 0.9335 1290 850 1709 958
connector 0.9316 853 791 991 1108
connector 0.9273 2748 589 2899 1012
connector 0.9148 1967 1625 2423 1698
connector 0.9029 598 151 717 295
connector 0.9011 1280 574 1693 670
connector 0.8956 782 1481 915 1713
connector 0.8925 1283 703 1704 804
connector 0.8888 510 1552 627 1707
connector 0.8785 74 710 277 910
connector 0.8683 502 1271 628 1406
connector 0.8665 1300 1638 1594 1727
connector 0.8627 501 1409 628 1552
connector 0.8594 1295 985 1705 1085
connector 0.8045 782 1290 917 1480
connector 0.7994 1942 217 2073 367
resistor 0.8993 799 283 833 347
resistor 0.8800 681 842 737 870
resistor 0.8741 678 914 735 944
resistor 0.8719 845 187 872 238
resistor 0.8558 819 245 881 276
resistor 0.8138 505 849 556 886
resistor 0.7937 843 376 870 417
resistor 0.7437 338 1013 395 1049
resistor 0.7237 1629 1737 1697 1839
resistor 0.7173 1232 1419 1266 1468
resistor 0.6985 348 1628 411 1657
resistor 0.6973 346 1230 402 1265
resistor 0.6369 620 773 656 824
resistor 0.6315 349 1380 404 1418
resistor 0.3249 343 1446 398 1485
pads 0.9657 2083 28 2670 255
capacitor 0.9651 813 687 844 744
capacitor 0.9563 1222 380 1285 507
capacitor 0.9554 1465 193 1499 265
capacitor 0.9178 492 589 548 616
capacitor 0.9127 655 664 684 718
capacitor 0.8786 961 460 1079 527
capacitor 0.8218 926 212 962 275
capacitor 0.7926 936 350 970 407
capacitor 0.7889 852 682 881 744
capacitor 0.6411 619 892 657 934
capacitor 0.5128 693 664 730 725
capacitor 0.3207 348 752 372 811
text 0.9889 729 646 763 664
text 0.9832 914 1527 1044 1571
text 0.9789 920 1625 1040 1661
text 0.9788 1880 1698 1933 1724
text 0.9766 899 1202 918 1246
text 0.9762 314 744 340 797
text 0.9742 1592 1734 1626 1820
text 0.9729 1672 950 1692 986
text 0.9725 522 1106 563 1132
text 0.9724 889 1714 918 1741
text 0.9707 745 1371 782 1452
text 0.9702 267 1328 394 1368
text 0.9682 729 237 755 301
text 0.9670 1323 1713 1358 1887
text 0.9668 274 1402 341 1442
text 0.9664 1368 1706 1403 1881
text 0.9661 757 411 776 445
text 0.9634 264 1113 397 1156
text 0.9621 1816 1697 1853 1723
text 0.9616 809 493 836 536
text 0.9607 999 1345 1078 1382
text 0.9591 367 51 411 77
text 0.9587 275 454 536 497
text 0.9586 915 1485 1042 1524
text 0.9544 2600 28 2634 51
text 0.9530 2048 300 2067 338
text 0.9525 801 1768 845 1804
text 0.9523 2087 230 2131 269
text 0.9518 294 49 346 77
text 0.9517 1957 1703 2015 1734
text 0.9501 275 1058 331 1095
text 0.9497 1610 193 1647 219
text 0.9489 269 968 334 1011
text 0.9468 1658 314 1766 348
text 0.9465 467 1335 494 1418
text 0.9463 377 659 419 689
text 0.9461 647 754 677 823
text 0.9457 1457 1703 1492 1829
text 0.9456 270 1542 394 1579
text 0.9444 1295 450 1330 516
text 0.9432 1548 1707 1582 1830
text 0.9431 1618 805 1645 833
text 0.9430 1768 267 1812 292
text 0.9423 637 1318 762 1354
text 0.9413 542 1202 620 1237
text 0.9408 1182 1737 1223 1867
text 0.9398 663 103 754 141
text 0.9375 442 323 469 349
text 0.9364 272 1750 397 1796
text 0.9362 1473 411 1572 445
text 0.9357 469 24 548 58
text 0.9354 434 543 487 564
text 0.9344 735 849 789 869
text 0.9318 348 1418 404 1445
text 0.9315 2590 231 2626 267
text 0.9304 278 1174 333 1219
text 0.9269 727 138 754 202
text 0.9261 584 105 646 132
text 0.9260 2266 1768 2445 1804
text 0.9241 339 1050 396 1073
text 0.9185 630 1273 682 1309
text 0.9167 350 1204 401 1229
text 0.9139 1097 1772 1133 1884
text 0.9131 1860 330 1943 374
text 0.9130 1097 1561 1148 1606
text 0.9121 1627 1876 1690 1896
text 0.9107 866 1849 923 1879
text 0.9096 348 1472 404 1500
text 0.9069 412 1069 474 1103
text 0.9030 1629 949 1655 977
text 0.9010 736 877 799 903
text 0.9004 178 1751 271 1794
text 0.8993 233 14 288 48
text 0.8974 368 777 394 834
text 0.8973 637 1462 762 1505
text 0.8970 864 1765 945 1804
text 0.8967 879 223 921 257
text 0.8936 1722 1517 1772 1607
text 0.8918 348 1266 403 1292
text 0.8910 288 870 369 907
text 0.8906 821 60 862 86
text 0.8866 179 1544 262 1580
text 0.8864 765 0 819 22
text 0.8861 279 1274 334 1310
text 0.8803 467 1476 502 1548
text 0.8789 224 1731 261 1752
text 0.8779 900 763 952 796
text 0.8747 630 687 647 726
text 0.8710 2050 1868 2194 1903
text 0.8705 2516 1768 2599 1804
text 0.8696 1672 66 1754 102
text 0.8647 467 834 528 862
text 0.8620 1214 690 1265 723
text 0.8606 361 1724 413 1762
text 0.8598 288 1697 341 1740
text 0.8510 1609 1454 2066 1482
text 0.8503 287 839 339 869
text 0.8446 548 180 584 269
text 0.8400 1402 1561 1465 1605
text 0.8382 640 1596 763 1634
text 0.8370 494 561 548 580
text 0.8361 1069 1437 1126 1471
text 0.8353 576 875 619 907
text 0.8310 1061 734 1169 769
text 0.8307 1564 347 1636 385
text 0.8285 1467 149 1510 175
text 0.8246 912 368 942 409
text 0.8239 1592 1482 1912 1516
text 0.8234 731 730 769 788
text 0.8160 838 86 866 119
text 0.8129 2018 14 2161 57
text 0.8126 810 760 848 788
text 0.8117 277 590 313 618
text 0.8116 1268 1733 1309 1867
text 0.8051 315 347 369 383
text 0.8050 924 1669 1010 1705
text 0.7983 781 1715 859 1750
text 0.7935 1410 148 1456 167
text 0.7918 1150 103 1186 138
text 0.7873 2134 1823 2190 1849
text 0.7827 179 1335 259 1373
text 0.7824 1728 195 1772 221
text 0.7774 556 436 600 455
text 0.7759 298 1844 453 1891
text 0.7686 206 1092 247 1116
text 0.7644 648 950 703 968
text 0.7620 217 1516 256 1543
text 0.7615 2086 193 2104 221
text 0.7603 737 1107 800 1132
text 0.7598 177 1121 259 1156
text 0.7561 1068 689 1100 724
text 0.7542 916 1436 1000 1472
text 0.7531 926 1112 963 1130
text 0.7492 783 1212 834 1256
text 0.7465 638 1554 692 1589
text 0.7436 279 1607 341 1651
text 0.7428 612 735 648 817
text 0.7405 916 1390 936 1436
text 0.7393 837 825 872 844
text 0.7388 1832 1860 1898 1903
text 0.7288 637 1426 691 1461
text 0.7165 621 1823 657 1901
text 0.7133 405 1489 462 1537
text 0.7130 845 423 872 463
text 0.7108 1406 1874 1556 1903
text 0.7099 279 1480 340 1527
text 0.7080 354 1676 414 1705
text 0.7018 504 4 546 24
text 0.6833 844 653 888 676
text 0.6805 805 1813 938 1850
text 0.6788 638 1374 704 1409
text 0.6772 469 1635 503 1708
text 0.6743 2340 1886 2400 1903
text 0.6699 214 1309 250 1333
text 0.6655 406 1291 459 1320
text 0.6649 2796 518 2832 536
text 0.6600 634 1646 719 1687
text 0.6466 1403 409 1456 447
text 0.6464 639 1508 719 1550
text 0.6420 798 1843 916 1895
text 0.6274 1769 1660 1791 1687
text 0.6264 1134 508 1169 535
text 0.6250 775 779 810 805
text 0.6225 2482 1885 2545 1903
text 0.6051 1410 1705 1448 1784
text 0.5633 199 653 237 690
text 0.4446 1558 78 1632 129
text 0.4283 323 654 369 696
text 0.4038 1554 76 1616 105
text 0.3880 2078 190 2099 221
text 0.3641 641 1532 696 1568
text 0.3370 183 656 224 690
text 0.3251 2022 1881 2246 1910
text 0.3169 730 908 800 939
text 0.3168 626 1793 670 1895
text 0.3145 209 1525 255 1553
text 0.3030 1133 1740 1176 1868
component 0.9884 1034 294 1067 361
component 0.9767 2032 746 2115 976
component 0.9741 367 1606 386 1623
component 0.9543 346 967 382 994
component 0.9411 2330 508 2616 940
component 0.9395 879 283 924 340
component 0.9323 1654 1761 1672 1802
component 0.9060 1816 850 1935 910
component 0.9042 2212 482 2328 1041
component 0.9036 691 884 717 904
component 0.8958 1833 1002 1944 1046
component 0.8957 359 1181 380 1206
component 0.8798 849 200 864 228
component 0.8579 1802 572 1920 626
component 0.8448 142 1607 180 1652
component 0.8351 2142 555 2177 737
component 0.8066 128 1175 163 1225
component 0.7997 1286 1436 1305 1455
component 0.7939 129 1390 167 1434
component 0.7821 1809 715 1934 771
component 0.7538 127 958 161 1001
test 0.8757 524 1120 630 1202
test 0.8694 2454 1803 2562 1875
test 0.8678 1665 230 1762 311
test 0.8275 1535 122 1633 195
test 0.8226 659 5 756 83
test 0.7876 2311 1803 2412 1874
test 0.7692 550 3 658 84
test 0.7294 864 1127 962 1202
test 0.7198 1665 121 1762 199
test 0.6730 759 1131 855 1202
test 0.6482 942 1716 1042 1793
ic 0.9683 1712 363 2733 1227
ic 0.9627 417 641 609 805
ic 0.9312 569 833 645 879
ic 0.8677 1827 1650 1863 1686
ic 0.5799 739 681 809 760
switch 0.9141 1995 58 2077 213
switch 0.8900 76 1165 253 1337
switch 0.8898 72 950 252 1124
switch 0.8408 83 1386 256 1551
switch 0.7728 85 1592 265 1768
electrolytic 0.9458 547 455 765 649
electrolytic 0.8859 544 276 756 454
button 0.7561 927 1795 1091 1878
diode 0.8354 468 226 547 373
diode 0.7493 1104 344 1186 483
transistor 0.9410 975 121 1117 230
jumper 0.9492 1420 267 1507 397
jumper 0.9251 1719 1643 1769 1741
jumper 0.9162 666 1759 794 1909
jumper 0.9077 1157 1606 1225 1739
jumper 0.8918 1596 1650 1647 1733
jumper 0.8780 1106 1607 1167 1739
jumper 0.8617 1676 1651 1720 1732
jumper 0.8131 1243 1613 1312 1747
jumper 0.8016 1197 1608 1265 1741
jumper 0.6374 1629 1649 1672 1732
inductor 0.8732 1126 140 1335 325
inductor 0.8554 326 687 377 717
