connector 0.9882 29 1514 556 1905
connector 0.9839 18 547 561 944
connector 0.9791 20 1040 562 1441
connector 0.9703 4 38 557 443
connector 0.9677 3460 454 3673 664
connector 0.9627 3013 148 3126 295
connector 0.9589 2167 267 2220 397
connector 0.9583 2029 707 2452 805
connector 0.9564 1894 1742 2033 1877
connector 0.9531 3282 82 3723 399
connector 0.9331 2030 849 2438 960
connector 0.9318 2037 570 2438 669
connector 0.9128 835 587 985 1011
connector 0.8941 2744 785 2874 1106
connector 0.8692 2138 1638 2417 1729
connector 0.8503 1313 1625 1763 1696
connector 0.8486 3105 1265 3231 1406
connector 0.8332 3105 1406 3229 1550
connector 0.8212 3104 1548 3220 1705
connector 0.8095 3454 706 3664 912
connector 0.7634 2816 1290 2949 1481
connector 0.7592 2813 1480 2948 1712
connector 0.7404 1655 221 1791 365
connector 0.7374 2025 984 2440 1086
resistor 0.9330 2899 286 2930 347
resistor 0.9243 2466 1418 2498 1470
resistor 0.8950 3174 851 3230 885
resistor 0.8446 2852 249 2911 277
resistor 0.8353 2859 189 2888 240
resistor 0.8339 3078 774 3111 824
resistor 0.8143 3336 1016 3391 1047
resistor 0.7495 3330 1176 3390 1210
resistor 0.6791 3001 871 3051 904
resistor 0.6779 2996 841 3051 868
pads 0.9754 1051 29 1645 258
pads 0.8684 2887 186 2921 251
capacitor 0.9625 2653 466 2773 526
capacitor 0.9516 3048 662 3076 718
capacitor 0.9359 2447 381 2509 504
capacitor 0.8929 2896 356 2923 410
capacitor 0.8910 2229 194 2266 267
capacitor 0.8865 2773 214 2807 274
capacitor 0.8749 2888 688 2923 743
capacitor 0.8640 3183 590 3238 617
capacitor 0.8110 2851 679 2879 743
capacitor 0.8044 2766 345 2799 408
capacitor 0.8003 3077 888 3113 941
capacitor 0.7182 3006 663 3041 724
text 0.9884 2104 1729 2140 1825
text 0.9862 3337 774 3364 832
text 0.9821 3249 544 3300 563
text 0.9812 2978 242 3004 303
text 0.9800 1737 1705 1763 1723
text 0.9781 3059 770 3083 826
text 0.9747 2815 1202 2833 1248
text 0.9715 2401 447 2437 516
text 0.9696 3198 456 3452 499
text 0.9688 3336 1329 3459 1371
text 0.9675 1798 1698 1852 1723
text 0.9669 3392 740 3419 794
text 0.9621 2955 414 2979 442
text 0.9615 2889 1768 2932 1804
text 0.9602 1962 194 2005 220
text 0.9596 2040 949 2058 989
text 0.9593 2813 1717 2841 1743
text 0.9589 2690 1527 2814 1572
text 0.9587 1098 30 1134 51
text 0.9571 1788 328 1868 371
text 0.9560 1881 1696 1916 1723
text 0.9530 3401 1273 3454 1311
text 0.9528 3392 1697 3446 1741
text 0.9527 3400 1179 3454 1220
text 0.9524 1107 231 1142 269
text 0.9507 2088 805 2114 832
text 0.9503 2375 1715 2413 1887
text 0.9496 3311 663 3354 688
text 0.9483 1601 230 1645 269
text 0.9439 2972 731 3001 767
text 0.9412 1286 1771 1467 1804
text 0.9406 3400 839 3445 863
text 0.9370 2328 1707 2365 1889
text 0.9363 3470 1731 3506 1750
text 0.9356 3336 1112 3472 1157
text 0.9350 2949 1375 2985 1454
text 0.9349 2239 1707 2276 1830
text 0.9348 1978 67 2058 103
text 0.9346 2899 503 2928 534
text 0.9331 2598 1769 2634 1886
text 0.9312 2789 1759 2866 1803
text 0.9295 3333 1751 3462 1795
text 0.9293 2158 409 2260 445
text 0.9282 2544 104 2581 137
text 0.9278 2940 849 2990 869
text 0.9277 1135 1769 1216 1804
text 0.9276 3113 876 3156 905
text 0.9272 1967 316 2067 347
text 0.9259 3382 49 3434 76
text 0.9253 3472 1543 3553 1581
text 0.9253 3321 52 3364 77
text 0.9231 2768 1113 2807 1133
text 0.9223 3112 1201 3192 1237
text 0.9222 2967 1463 3095 1507
text 0.9221 3327 1263 3381 1291
text 0.9204 3238 1338 3265 1414
text 0.9175 2692 1624 2815 1664
text 0.9163 3040 1553 3092 1588
text 0.9151 3366 346 3416 382
text 0.9132 2658 1345 2739 1382
text 0.9124 3401 1058 3455 1094
text 0.9112 1960 1519 2012 1607
text 0.9081 2688 1483 2812 1524
text 0.9019 3393 1609 3453 1651
text 0.9013 3392 1481 3454 1524
text 0.8975 2635 690 2661 721
text 0.8960 2961 1597 3095 1634
text 0.8943 3338 1544 3460 1580
text 0.8942 2868 60 2913 85
text 0.8925 1663 301 1680 339
text 0.8892 2940 915 2995 941
text 0.8869 2864 88 2894 124
text 0.8865 2464 1743 2506 1867
text 0.8862 2934 1109 2995 1133
text 0.8834 1576 14 1717 57
text 0.8820 1911 267 1962 293
text 0.8816 2149 1704 2184 1831
text 0.8807 2979 139 3006 202
text 0.8802 3319 1676 3380 1703
text 0.8800 1712 1707 1727 1731
text 0.8785 2883 756 2922 786
text 0.8761 3444 14 3500 51
text 0.8749 2895 1213 2950 1256
text 0.8735 3229 1475 3266 1551
text 0.8694 3336 1051 3392 1079
text 0.8692 3083 103 3148 129
text 0.8652 2914 0 2969 21
text 0.8651 3329 1472 3382 1498
text 0.8650 3401 968 3463 1012
text 0.8647 1656 1454 2121 1480
text 0.8626 3168 1105 3212 1130
text 0.8621 2078 948 2106 977
text 0.8567 3474 1338 3554 1374
text 0.8539 2819 429 2851 465
text 0.8501 3184 22 3265 57
text 0.8499 2848 1860 2933 1895
text 0.8497 3198 828 3255 858
text 0.8475 3183 563 3239 583
text 0.8393 2967 644 3004 664
text 0.8349 2607 1436 2662 1473
text 0.8340 2804 1850 2860 1883
text 0.8315 1832 1859 1896 1904
text 0.8303 2507 1742 2551 1863
text 0.8294 3050 1273 3094 1308
text 0.8292 3185 1 3231 22
text 0.8290 2902 86 2929 124
text 0.8273 2467 691 2518 724
text 0.8273 3474 1120 3551 1156
text 0.8259 3267 322 3292 346
text 0.8251 2080 347 2158 383
text 0.8240 1831 1482 2133 1516
text 0.8226 2962 1318 3102 1355
text 0.8220 2086 196 2120 221
text 0.8182 3327 1418 3383 1445
text 0.8174 899 518 936 537
text 0.8156 1628 194 1647 222
text 0.8109 3024 1372 3093 1411
text 0.8099 2980 104 3068 139
text 0.8015 3148 182 3184 264
text 0.7999 3029 950 3082 968
text 0.7991 3359 869 3446 906
text 0.7933 2818 221 2853 260
text 0.7884 3392 1401 3452 1443
text 0.7868 3490 1091 3527 1123
text 0.7813 3129 435 3177 456
text 0.7807 3337 994 3391 1016
text 0.7775 3085 692 3104 727
text 0.7772 3462 1750 3550 1796
text 0.7709 2748 1437 2811 1472
text 0.7698 2582 1561 2634 1605
text 0.7693 2784 762 2832 796
text 0.7684 2356 1436 2409 1462
text 0.7640 3480 1310 3522 1340
text 0.7591 2563 509 2600 536
text 0.7558 3293 1868 3318 1885
text 0.7531 2562 736 2662 768
text 0.7449 3276 1291 3327 1319
text 0.7414 2124 80 2174 114
text 0.7401 2038 1875 2106 1895
text 0.7323 3256 1068 3319 1102
text 0.7294 2264 1559 2329 1606
text 0.7269 3417 589 3455 615
text 0.7153 1331 1886 1389 1903
text 0.7091 2224 148 2265 174
text 0.7081 3403 671 3447 714
text 0.7044 3474 1517 3515 1543
text 0.7027 2845 653 2885 680
text 0.7004 1536 1823 1584 1850
text 0.6932 3496 653 3535 682
text 0.6868 2921 777 2957 806
text 0.6860 2276 412 2331 446
text 0.6854 3229 1637 3264 1705
text 0.6809 2798 1397 2815 1440
text 0.6808 2861 823 2896 842
text 0.6663 2788 363 2815 405
text 0.6532 2718 1670 2804 1706
text 0.6456 2807 1812 2927 1849
text 0.6439 2252 147 2315 170
text 0.6426 1543 1832 1679 1904
text 0.6393 2860 426 2887 461
text 0.6372 1186 1886 1249 1903
text 0.6353 2176 1872 2318 1903
text 0.6265 2872 1714 2950 1751
text 0.6028 2935 878 2993 905
text 0.5946 2263 1661 2344 1783
text 0.5839 3013 1506 3094 1551
text 0.5792 3014 1643 3093 1685
text 0.5783 1940 1658 1967 1690
text 0.5781 3076 1822 3112 1900
text 0.5702 3085 726 3121 774
text 0.4480 3363 648 3402 675
text 0.4221 3085 714 3109 753
text 0.3982 3482 1302 3515 1329
text 0.3875 2774 1409 2816 1448
text 0.3693 3308 1740 3375 1779
text 0.3542 1496 1879 1692 1913
text 0.3500 3423 579 3457 607
text 0.3445 3473 1525 3530 1564
text 0.3163 2285 1722 2321 1844
component 0.9848 3347 1607 3366 1623
component 0.9805 2059 1757 2078 1800
component 0.9735 2662 288 2700 365
component 0.9695 2810 290 2849 337
component 0.9634 1405 484 1520 1046
component 0.9588 3354 1185 3373 1203
component 0.9548 1618 742 1700 975
component 0.9489 3553 1607 3587 1663
component 0.9419 2869 204 2879 233
component 0.9310 1116 507 1402 941
component 0.9287 1806 705 1924 766
component 0.9165 1555 552 1590 736
component 0.9072 1793 850 1918 910
component 0.9051 3012 887 3038 905
component 0.8890 3563 1389 3598 1439
component 0.8784 3355 966 3381 987
component 0.8737 2430 1435 2448 1454
component 0.8577 1788 995 1909 1051
component 0.8253 3570 1176 3607 1227
component 0.7999 1808 568 1934 620
component 0.7362 3570 959 3609 1006
test 0.9221 1967 233 2068 310
test 0.8771 2876 1129 2978 1202
test 0.8270 3104 1122 3210 1200
test 0.7826 1966 119 2065 202
test 0.7826 1317 1803 1420 1874
test 0.7580 3317 1804 3427 1876
test 0.7553 3078 4 3183 79
test 0.7376 2687 1717 2787 1795
test 0.7023 1171 1802 1277 1877
test 0.6430 1591 1800 1680 1869
test 0.6016 2770 1130 2871 1203
test 0.5963 2979 3 3066 84
ic 0.9711 3121 642 3316 807
ic 0.9532 991 366 2027 1228
ic 0.8949 3082 834 3160 878
ic 0.8611 1870 1652 1905 1688
ic 0.7053 2922 680 2995 764
switch 0.9265 3482 949 3664 1121
switch 0.8948 3483 1166 3650 1339
switch 0.8584 3472 1380 3649 1553
switch 0.8556 1656 56 1738 211
switch 0.7691 3462 1592 3642 1769
electrolytic 0.9624 2971 448 3185 645
electrolytic 0.8266 2976 285 3192 457
electrolytic 0.7601 2991 749 3058 839
button 0.8617 2643 1796 2805 1873
diode 0.9193 3185 232 3266 369
diode 0.7459 2547 346 2625 483
transistor 0.9075 2617 121 2760 227
jumper 0.9487 2016 1652 2057 1733
jumper 0.9475 2941 1759 3070 1911
jumper 0.9392 2222 267 2313 399
jumper 0.9246 1965 1645 2015 1737
jumper 0.8933 2104 1650 2149 1731
jumper 0.8729 2508 1606 2584 1742
jumper 0.8453 2461 1605 2536 1741
jumper 0.8246 2566 1605 2627 1744
jumper 0.6818 2421 1615 2488 1746
jumper 0.6238 2060 1653 2103 1732
inductor 0.8475 2394 137 2605 328
inductor 0.8204 3356 680 3409 716
