connector 0.9889 3172 1512 3706 1903
connector 0.9865 3177 545 3715 953
connector 0.9794 3170 1040 3710 1444
connector 0.9728 3173 40 3725 443
connector 0.9701 1510 269 1564 400
connector 0.9686 61 453 273 658
connector 0.9522 4 73 446 396
connector 0.9484 2748 582 2897 1010
connector 0.9383 1698 1744 1838 1875
connector 0.9371 1289 850 1709 958
connector 0.9325 852 791 991 1107
connector 0.9141 598 150 717 293
connector 0.9100 1966 1625 2419 1698
connector 0.9044 1280 572 1692 670
connector 0.8882 1283 703 1704 803
connector 0.8847 510 1551 628 1707
connector 0.8778 782 1481 914 1715
connector 0.8773 502 1411 628 1550
connector 0.8769 74 709 277 910
connector 0.8652 503 1271 629 1407
connector 0.8548 1293 984 1707 1085
connector 0.8547 1298 1639 1596 1727
connector 0.8183 1942 216 2072 364
connector 0.7835 782 1291 917 1479
resistor 0.9021 799 284 831 345
resistor 0.8823 682 840 737 870
resistor 0.8717 819 246 881 275
resistor 0.8597 681 910 734 943
resistor 0.8558 845 188 872 239
resistor 0.8242 505 850 557 886
resistor 0.7916 843 376 869 415
resistor 0.7465 339 1013 394 1049
resistor 0.7030 1232 1420 1268 1469
resistor 0.6912 345 1230 402 1265
resistor 0.6843 1631 1734 1692 1837
resistor 0.6743 349 1629 412 1657
resistor 0.6334 621 771 656 824
resistor 0.6026 350 1381 404 1417
pads 0.9634 2082 30 2668 256
capacitor 0.9648 811 685 843 744
capacitor 0.9522 1222 380 1285 509
capacitor 0.9494 1465 194 1501 266
capacitor 0.9359 654 663 685 717
capacitor 0.9146 492 589 548 616
capacitor 0.8659 960 463 1083 530
capacitor 0.8332 851 681 881 743
capacitor 0.8262 934 342 969 412
capacitor 0.7888 925 212 959 272
capacitor 0.6757 619 894 657 936
capacitor 0.4759 693 662 729 724
capacitor 0.3043 348 754 372 811
text 0.9900 729 645 762 663
text 0.9824 915 1527 1044 1570
text 0.9812 1880 1697 1931 1723
text 0.9791 920 1625 1040 1661
text 0.9790 898 1203 916 1245
text 0.9772 314 745 340 798
text 0.9765 1593 1732 1627 1820
text 0.9734 522 1104 563 1130
text 0.9732 890 1715 919 1742
text 0.9730 728 237 754 301
text 0.9715 1673 950 1692 986
text 0.9701 268 1328 393 1369
text 0.9697 746 1370 783 1452
text 0.9684 1817 1696 1854 1723
text 0.9681 1323 1712 1358 1882
text 0.9655 368 51 412 77
text 0.9654 810 493 836 537
text 0.9640 274 1402 341 1442
text 0.9631 264 1112 397 1156
text 0.9630 999 1346 1076 1382
text 0.9624 1957 1703 2014 1735
text 0.9613 757 410 776 441
text 0.9610 276 454 536 498
text 0.9601 1368 1706 1403 1878
text 0.9595 275 1058 332 1095
text 0.9591 913 1483 1043 1523
text 0.9589 2087 231 2133 270
text 0.9553 269 969 333 1012
text 0.9553 1456 1703 1491 1829
text 0.9537 801 1768 845 1804
text 0.9514 269 1542 393 1579
text 0.9511 468 1339 494 1417
text 0.9506 2599 27 2633 51
text 0.9499 1657 314 1767 348
text 0.9498 647 756 676 827
text 0.9495 271 1751 398 1795
text 0.9479 1295 448 1331 517
text 0.9472 293 49 346 77
text 0.9458 1181 1735 1223 1867
text 0.9453 1617 804 1643 833
text 0.9448 347 1417 405 1445
text 0.9445 1768 267 1815 292
text 0.9439 435 543 486 564
text 0.9404 442 321 469 347
text 0.9398 377 658 420 689
text 0.9394 637 1318 763 1354
text 0.9385 1548 1709 1583 1829
text 0.9375 2590 231 2626 266
text 0.9366 1610 193 1648 219
text 0.9363 1474 412 1570 444
text 0.9362 726 139 752 204
text 0.9332 2047 299 2066 337
text 0.9324 541 1202 619 1237
text 0.9312 471 24 549 59
text 0.9295 2263 1768 2442 1805
text 0.9295 585 105 647 132
text 0.9277 1721 1516 1772 1609
text 0.9275 663 104 753 142
text 0.9271 349 1205 402 1229
text 0.9246 368 779 394 834
text 0.9223 278 1174 334 1219
text 0.9208 736 849 790 870
text 0.9157 340 1049 396 1073
text 0.9148 631 1273 682 1309
text 0.9132 411 1068 475 1104
text 0.9110 1097 1561 1148 1605
text 0.9095 1629 949 1654 977
text 0.9092 1628 1876 1689 1896
text 0.9089 1097 1773 1133 1886
text 0.9076 736 878 799 905
text 0.9069 177 1751 270 1795
text 0.9050 232 15 288 49
text 0.9011 862 1765 944 1804
text 0.9006 348 1471 403 1498
text 0.9002 1870 329 1946 373
text 0.8994 224 1731 261 1753
text 0.8982 864 1846 924 1878
text 0.8918 288 869 368 907
text 0.8898 178 1544 261 1580
text 0.8874 880 223 920 259
text 0.8868 348 1265 404 1292
text 0.8825 900 761 952 795
text 0.8786 1404 1561 1463 1605
text 0.8766 630 688 648 730
text 0.8729 636 1462 763 1506
text 0.8726 279 1274 334 1311
text 0.8698 1673 66 1754 103
text 0.8685 467 1475 502 1549
text 0.8661 361 1725 412 1761
text 0.8660 1606 1453 2072 1480
text 0.8614 765 0 818 22
text 0.8607 1564 345 1635 383
text 0.8596 288 1698 340 1740
text 0.8593 287 839 339 870
text 0.8593 314 347 369 382
text 0.8592 494 561 548 580
text 0.8584 1214 690 1266 722
text 0.8583 821 60 863 86
text 0.8547 1464 148 1512 175
text 0.8520 640 1596 764 1633
text 0.8518 577 875 620 906
text 0.8468 837 86 865 120
text 0.8459 2515 1769 2598 1804
text 0.8437 553 174 588 254
text 0.8434 913 368 941 412
text 0.8428 466 834 527 861
text 0.8419 925 1670 1009 1705
text 0.8418 811 760 850 789
text 0.8345 278 590 312 617
text 0.8290 727 737 765 793
text 0.8290 2137 1821 2192 1848
text 0.8281 1150 105 1187 139
text 0.8273 2040 1867 2184 1904
text 0.8247 1068 1437 1125 1471
text 0.8231 2018 14 2160 57
text 0.8186 1269 1733 1310 1865
text 0.7967 279 1606 340 1650
text 0.7904 916 1436 1001 1471
text 0.7842 1067 733 1169 768
text 0.7834 915 1389 935 1434
text 0.7827 1592 1480 1910 1514
text 0.7827 1832 1859 1897 1902
text 0.7804 179 1335 259 1373
text 0.7789 782 1714 857 1750
text 0.7761 217 1517 256 1542
text 0.7718 556 435 599 454
text 0.7706 2086 193 2104 220
text 0.7629 1404 409 1457 446
text 0.7627 844 426 873 464
text 0.7609 299 1845 455 1893
text 0.7551 177 1120 258 1155
text 0.7540 1725 193 1769 221
text 0.7495 204 1092 246 1116
text 0.7489 738 1107 801 1132
text 0.7479 1068 687 1100 721
text 0.7455 404 1489 462 1537
text 0.7443 1411 149 1456 168
text 0.7384 837 823 872 842
text 0.7381 620 1821 657 1900
text 0.7371 647 949 701 968
text 0.7354 926 1111 964 1130
text 0.7321 638 1552 691 1588
text 0.7208 470 1634 503 1709
text 0.7172 405 1291 459 1320
text 0.7129 505 4 546 24
text 0.7087 611 736 648 818
text 0.7073 846 654 886 676
text 0.7029 638 1426 691 1460
text 0.6999 280 1481 342 1526
text 0.6899 214 1309 250 1333
text 0.6876 2340 1885 2400 1903
text 0.6860 638 1374 704 1409
text 0.6801 354 1677 413 1704
text 0.6713 2795 518 2831 536
text 0.6638 802 1812 940 1850
text 0.6538 782 1211 833 1255
text 0.6486 799 1843 916 1896
text 0.6441 1403 1875 1555 1902
text 0.6398 634 1646 721 1686
text 0.6300 2483 1885 2545 1903
text 0.6268 775 778 810 804
text 0.6257 1411 1707 1447 1783
text 0.6079 638 1507 717 1550
text 0.5964 1134 508 1168 536
text 0.5932 1766 1660 1788 1687
text 0.5853 199 653 237 690
text 0.4742 1555 76 1633 125
text 0.4409 2078 189 2099 220
text 0.3937 641 1529 696 1566
text 0.3461 322 654 367 697
text 0.3438 2022 1880 2242 1911
text 0.3327 2183 1824 2235 1852
text 0.3102 1133 1740 1176 1867
component 0.9903 1033 297 1068 364
component 0.9804 2031 743 2114 972
component 0.9745 367 1605 386 1622
component 0.9487 346 968 383 995
component 0.9473 2330 507 2616 940
component 0.9333 1654 1760 1672 1801
component 0.9239 876 283 921 340
component 0.9204 693 884 717 904
component 0.9161 849 201 864 228
component 0.9141 1816 850 1934 909
component 0.8860 2211 478 2329 1045
component 0.8849 358 1179 380 1204
component 0.8828 1825 997 1945 1051
component 0.8652 2143 557 2177 736
component 0.8400 1802 572 1924 626
component 0.8268 141 1606 183 1658
component 0.8017 128 1174 163 1223
component 0.7867 1805 716 1927 771
component 0.7847 129 1389 169 1435
component 0.7525 1286 1435 1305 1455
component 0.7433 127 957 161 1002
test 0.8816 2455 1803 2561 1874
test 0.8698 524 1121 630 1203
test 0.8689 1664 231 1762 310
test 0.8349 659 4 756 84
test 0.8286 1533 122 1635 194
test 0.8028 2310 1802 2411 1874
test 0.7692 551 4 657 83
test 0.7266 1665 122 1761 199
test 0.7139 944 1715 1041 1794
test 0.6847 862 1129 963 1203
test 0.6453 758 1130 856 1202
ic 0.9664 417 641 609 806
ic 0.9654 1711 363 2734 1227
ic 0.9066 569 832 645 878
ic 0.8839 1825 1650 1859 1687
ic 0.5816 741 681 808 761
switch 0.9121 1995 57 2077 211
switch 0.8911 71 951 250 1122
switch 0.8791 78 1164 250 1340
switch 0.8257 83 1385 257 1550
switch 0.7369 86 1594 266 1766
electrolytic 0.9479 547 453 764 648
electrolytic 0.8804 544 277 756 453
button 0.7796 929 1795 1090 1876
diode 0.7935 468 229 546 373
diode 0.7411 1105 345 1186 485
transistor 0.9502 974 121 1117 230
jumper 0.9482 1419 270 1507 398
jumper 0.9245 1719 1645 1769 1741
jumper 0.9225 1158 1606 1224 1739
jumper 0.9131 667 1760 794 1910
jumper 0.8939 1595 1651 1645 1733
jumper 0.8859 1107 1606 1168 1740
jumper 0.8556 1673 1651 1718 1731
jumper 0.8243 1197 1608 1267 1741
jumper 0.8121 1247 1614 1314 1746
jumper 0.5834 1629 1651 1671 1732
inductor 0.8687 1126 141 1336 325
inductor 0.8575 327 686 377 717
