connector 0.9903 388 14 504 131
connector 0.9898 225 11 342 132
connector 0.9859 423 492 540 613
connector 0.9858 586 494 703 611
connector 0.9831 733 367 916 483
connector 0.9781 734 201 916 316
connector 0.9174 18 283 78 571
connector 0.9040 611 318 714 337
connector 0.8845 614 377 709 399
resistor 0.9800 585 262 608 311
resistor 0.9785 530 398 575 421
resistor 0.9750 528 264 577 287
resistor 0.9670 85 375 107 421
resistor 0.9622 557 205 590 231
resistor 0.9529 655 206 686 231
resistor 0.9440 564 470 601 487
resistor 0.9425 374 359 418 385
resistor 0.9417 479 398 523 420
resistor 0.9099 371 299 419 324
resistor 0.8741 585 377 608 426
resistor 0.8732 478 264 523 287
resistor 0.8437 526 471 562 488
resistor 0.8386 113 251 141 278
resistor 0.6387 664 459 711 483
pads 0.9760 376 264 415 285
pads 0.9690 425 263 473 288
pads 0.9647 330 452 416 532
pads 0.9591 423 395 474 423
pads 0.9195 377 401 414 419
pads 0.8614 346 536 384 555
pads 0.8295 397 326 416 361
emi 0.9761 152 438 191 491
emi 0.9085 154 320 189 371
capacitor 0.9758 447 340 464 374
capacitor 0.9726 262 194 277 229
capacitor 0.9725 534 343 568 363
capacitor 0.9544 304 194 322 230
capacitor 0.9466 310 299 345 318
capacitor 0.9346 222 196 240 229
capacitor 0.9288 222 394 286 434
capacitor 0.9278 349 143 365 175
capacitor 0.9269 346 377 366 432
capacitor 0.9210 272 477 286 511
capacitor 0.9190 300 374 342 432
capacitor 0.8993 160 507 197 573
capacitor 0.8872 253 536 315 575
capacitor 0.8833 282 344 318 364
capacitor 0.8719 209 434 240 452
capacitor 0.8664 208 538 239 553
capacitor 0.8654 618 408 653 426
capacitor 0.8493 535 322 568 340
capacitor 0.8139 127 388 191 425
capacitor 0.7950 448 296 465 331
capacitor 0.7443 425 453 441 487
capacitor 0.6996 615 269 652 289
capacitor 0.6954 171 286 202 303
capacitor 0.6743 377 142 396 177
text 0.9893 346 558 384 580
text 0.9866 754 103 778 159
text 0.9858 108 438 146 461
text 0.9845 349 289 368 326
text 0.9845 239 132 279 152
text 0.9838 585 242 610 260
text 0.9826 25 590 59 612
text 0.9824 630 200 652 238
text 0.9808 208 587 242 610
text 0.9803 711 210 729 246
text 0.9787 388 539 416 560
text 0.9778 711 251 731 289
text 0.9772 322 335 343 376
text 0.9772 118 297 156 317
text 0.9764 564 570 582 611
text 0.9762 146 64 180 85
text 0.9752 281 194 299 234
text 0.9749 739 333 789 350
text 0.9745 312 275 343 298
text 0.9744 112 359 150 380
text 0.9739 348 336 366 370
text 0.9736 378 386 411 401
text 0.9729 168 205 194 224
text 0.9705 598 31 642 50
text 0.9702 558 59 598 81
text 0.9699 441 449 461 486
text 0.9689 52 571 66 588
text 0.9686 288 132 319 150
text 0.9684 484 242 511 263
text 0.9683 491 467 525 485
text 0.9668 253 461 290 476
text 0.9660 484 421 511 441
text 0.9627 410 134 450 150
text 0.9620 16 571 33 588
text 0.9611 82 421 121 441
text 0.9600 15 246 37 267
text 0.9580 377 420 409 437
text 0.9575 415 325 433 361
text 0.9573 319 432 354 452
text 0.9561 385 246 411 265
text 0.9559 212 165 251 185
text 0.9558 46 247 74 266
text 0.9557 488 364 515 384
text 0.9556 196 359 229 377
text 0.9553 581 319 612 337
text 0.9543 211 327 236 346
text 0.9538 552 361 577 382
text 0.9534 330 138 348 173
text 0.9534 259 580 298 600
text 0.9524 537 245 566 262
text 0.9516 635 474 660 492
text 0.9511 622 441 671 457
text 0.9509 711 352 730 370
text 0.9494 244 435 280 456
text 0.9489 536 201 553 240
text 0.9488 465 130 500 150
text 0.9476 603 172 614 193
text 0.9451 532 425 561 445
text 0.9430 425 295 445 320
text 0.9425 194 474 216 499
text 0.9415 435 242 462 264
text 0.9411 206 258 220 300
text 0.9381 440 424 467 443
text 0.9355 50 38 69 161
text 0.9331 470 289 537 306
text 0.9306 401 570 420 617
text 0.9298 106 220 142 242
text 0.9276 713 380 733 420
text 0.9188 428 358 447 382
text 0.9169 458 473 489 491
text 0.9095 197 502 217 538
text 0.9094 712 486 731 534
text 0.8976 31 51 49 154
text 0.8966 164 582 201 606
text 0.8943 584 427 610 443
text 0.8921 600 474 634 490
text 0.8915 589 13 641 31
text 0.8905 623 247 646 267
text 0.8904 709 291 730 311
text 0.8883 580 356 615 372
text 0.8883 260 515 292 536
text 0.8880 635 458 659 474
text 0.8773 650 59 690 79
text 0.8769 714 434 731 466
text 0.8678 11 35 36 170
text 0.8643 617 426 645 442
text 0.8638 700 172 714 192
text 0.8591 110 463 132 481
text 0.8349 738 515 780 531
text 0.8301 398 139 414 175
text 0.8263 547 300 575 322
text 0.8142 325 209 342 234
text 0.8123 248 372 284 392
text 0.8093 517 445 601 463
text 0.8043 659 410 713 425
text 0.8016 325 178 423 198
text 0.7954 291 517 331 536
text 0.6888 281 362 313 377
component 0.9905 177 234 191 247
component 0.9803 644 106 703 117
component 0.9797 221 479 252 511
component 0.9742 300 487 311 502
component 0.9708 115 155 181 167
component 0.9681 486 325 513 353
component 0.9674 231 256 283 316
component 0.9553 546 106 605 119
component 0.9523 491 270 507 281
component 0.9428 640 152 703 167
component 0.9342 121 108 177 122
component 0.9233 544 154 604 165
component 0.8984 387 306 403 317
component 0.8862 389 367 403 377
component 0.8699 676 465 694 476
component 0.7747 493 403 509 415
component 0.6756 108 500 129 516
test 0.9919 205 556 242 589
test 0.9011 645 14 681 49
test 0.8998 675 428 700 455
test 0.8065 285 436 311 463
led 0.9261 737 489 788 514
ic 0.9869 220 246 302 327
ic 0.9442 478 318 522 360
switch 0.9862 528 82 621 192
switch 0.9848 630 81 719 189
switch 0.9842 103 84 195 193
diode 0.8092 87 481 149 530
jumper 0.9565 617 291 710 317
jumper 0.8293 615 354 714 379
inductor 0.9528 158 226 210 256
