connector 0.9922 374 492 491 613
connector 0.9917 570 11 690 132
connector 0.9917 211 493 328 610
connector 0.9902 409 13 526 131
connector 0.9889 0 200 181 317
connector 0.9885 0 366 181 485
connector 0.9604 838 267 895 563
connector 0.9497 205 377 302 399
connector 0.8555 197 317 303 337
resistor 0.9797 806 375 829 421
resistor 0.9642 390 397 435 421
resistor 0.9542 323 205 357 232
resistor 0.9477 494 360 541 385
resistor 0.9399 228 205 259 231
resistor 0.9379 339 398 382 421
resistor 0.9267 772 251 802 277
resistor 0.9245 337 264 386 287
resistor 0.9245 390 264 439 287
resistor 0.9198 306 260 329 311
resistor 0.8840 314 470 350 487
resistor 0.8209 351 471 384 487
resistor 0.7655 496 303 541 325
resistor 0.4881 306 377 329 426
pads 0.9743 495 401 537 419
pads 0.9735 496 452 584 533
pads 0.9718 498 265 535 285
pads 0.9539 500 327 518 362
pads 0.9485 441 263 491 288
pads 0.9479 442 395 492 423
pads 0.8654 529 535 567 555
emi 0.9349 723 437 762 492
emi 0.8976 723 318 761 374
capacitor 0.9848 637 194 652 230
capacitor 0.9810 548 143 564 176
capacitor 0.9716 568 299 604 317
capacitor 0.9669 346 344 379 364
capacitor 0.9558 598 344 632 363
capacitor 0.9549 673 196 691 230
capacitor 0.9496 592 194 610 230
capacitor 0.9442 628 394 692 433
capacitor 0.9365 547 377 568 433
capacitor 0.9316 573 376 613 431
capacitor 0.9269 517 141 536 177
capacitor 0.9261 448 336 466 374
capacitor 0.9070 715 506 753 574
capacitor 0.9045 262 407 295 425
capacitor 0.8918 596 535 662 576
capacitor 0.8374 673 434 705 453
capacitor 0.8208 725 388 787 424
capacitor 0.8020 674 538 704 553
capacitor 0.7819 452 298 466 328
capacitor 0.7807 262 268 298 288
capacitor 0.7672 346 322 380 340
capacitor 0.7539 628 478 641 511
capacitor 0.7231 473 454 488 487
capacitor 0.6359 711 287 743 302
text 0.9903 531 558 568 580
text 0.9901 454 447 474 487
text 0.9872 767 440 807 460
text 0.9851 262 200 284 239
text 0.9842 125 333 176 350
text 0.9838 635 132 675 152
text 0.9837 136 104 160 158
text 0.9835 734 63 769 86
text 0.9807 504 418 537 437
text 0.9805 855 591 888 612
text 0.9793 547 289 564 326
text 0.9783 225 59 263 79
text 0.9782 494 571 513 615
text 0.9778 332 571 350 610
text 0.9753 848 571 862 589
text 0.9752 183 485 201 535
text 0.9748 465 134 504 150
text 0.9745 614 195 633 233
text 0.9744 347 245 375 262
text 0.9739 549 334 567 370
text 0.9719 402 242 429 262
text 0.9719 672 587 705 611
text 0.9719 720 206 744 225
text 0.9709 764 359 802 379
text 0.9709 881 571 897 588
text 0.9706 271 31 315 50
text 0.9703 698 474 721 500
text 0.9701 570 275 601 297
text 0.9698 678 326 704 345
text 0.9682 839 247 867 267
text 0.9679 451 242 478 264
text 0.9650 595 133 626 150
text 0.9650 663 165 703 185
text 0.9628 279 474 314 489
text 0.9623 560 432 596 452
text 0.9619 398 363 425 383
text 0.9615 877 247 899 267
text 0.9604 337 361 362 381
text 0.9596 316 60 356 82
text 0.9595 772 221 808 242
text 0.9583 198 172 212 193
text 0.9573 181 382 199 421
text 0.9551 299 172 310 193
text 0.9544 757 297 795 318
text 0.9544 565 139 583 176
text 0.9518 182 433 200 467
text 0.9482 500 138 515 175
text 0.9475 303 243 329 260
text 0.9463 183 291 205 311
text 0.9461 615 580 654 600
text 0.9439 268 247 291 266
text 0.9434 501 246 528 266
text 0.9416 571 335 593 377
text 0.9414 377 289 443 306
text 0.9392 403 421 429 441
text 0.9391 182 251 202 290
text 0.9373 625 460 661 476
text 0.9372 255 458 280 473
text 0.9369 467 360 485 382
text 0.9333 794 420 830 440
text 0.9330 498 540 526 560
text 0.9329 482 324 500 361
text 0.9325 183 352 202 370
text 0.9323 414 130 449 150
text 0.9319 634 435 670 456
text 0.9301 685 357 718 376
text 0.9273 843 39 863 157
text 0.9258 185 212 202 246
text 0.9233 387 467 424 486
text 0.9220 572 209 588 235
text 0.9220 448 426 474 443
text 0.9210 714 582 750 606
text 0.9193 253 474 278 491
text 0.9188 425 473 453 491
text 0.9187 469 296 490 319
text 0.9186 503 386 535 402
text 0.9161 353 425 380 444
text 0.9132 361 201 376 240
text 0.9031 693 257 707 299
text 0.8992 276 12 326 31
text 0.8949 242 440 290 456
text 0.8865 302 320 333 337
text 0.8819 866 49 883 150
text 0.8790 132 516 176 531
text 0.8766 296 357 332 372
text 0.8711 599 361 631 376
text 0.8642 695 505 715 535
text 0.8626 490 179 588 198
text 0.8597 631 374 661 394
text 0.8417 319 446 394 462
text 0.8139 621 515 654 536
text 0.8089 878 34 903 174
text 0.7993 782 463 805 481
text 0.7862 303 426 328 442
text 0.7824 584 517 616 534
text 0.7650 339 302 366 321
text 0.6552 206 410 259 426
text 0.6182 268 427 296 442
component 0.9801 660 479 691 512
component 0.9706 722 234 738 247
component 0.9639 633 254 684 318
component 0.9540 406 269 423 281
component 0.9530 210 106 269 118
component 0.9436 400 324 429 351
component 0.9425 310 106 368 119
component 0.9425 213 152 271 167
component 0.9321 603 486 615 503
component 0.9230 310 154 371 165
component 0.9173 733 155 799 167
component 0.9101 736 108 794 122
component 0.8776 219 465 236 476
component 0.8370 405 403 421 415
component 0.8138 511 309 525 317
component 0.6328 510 368 525 378
component 0.6041 785 500 808 514
test 0.9807 672 554 709 590
test 0.9543 233 14 269 48
test 0.8586 213 427 239 454
test 0.7769 603 437 627 462
led 0.9794 126 489 176 514
ic 0.9687 613 247 694 324
ic 0.9443 393 317 436 359
switch 0.9907 294 82 385 194
switch 0.9868 719 84 811 194
switch 0.9842 196 81 285 189
diode 0.7583 765 479 825 532
jumper 0.8359 203 292 299 318
jumper 0.8091 203 353 296 380
inductor 0.9591 704 226 756 256
