connector 0.9911 225 10 342 132
connector 0.9900 387 12 504 132
connector 0.9860 422 492 540 613
connector 0.9846 733 366 916 483
connector 0.9838 732 200 916 317
connector 0.9835 586 493 703 611
connector 0.9182 18 282 77 571
connector 0.9182 612 378 706 399
connector 0.9108 611 317 716 337
resistor 0.9799 585 261 607 310
resistor 0.9776 530 398 575 421
resistor 0.9763 529 264 577 287
resistor 0.9716 556 204 590 231
resistor 0.9663 86 375 107 421
resistor 0.9516 373 359 419 385
resistor 0.9495 655 205 686 231
resistor 0.9112 565 470 600 487
resistor 0.9104 371 299 419 324
resistor 0.8927 479 398 524 421
resistor 0.8792 585 377 608 425
resistor 0.8596 112 251 142 277
resistor 0.8514 478 264 524 287
resistor 0.8292 527 472 560 488
resistor 0.5548 664 458 712 483
pads 0.9768 424 263 473 288
pads 0.9720 376 264 415 285
pads 0.9616 330 451 417 532
pads 0.9551 423 394 473 423
pads 0.9240 377 400 414 419
pads 0.9122 346 536 385 555
pads 0.8653 395 328 413 359
emi 0.9803 151 438 190 492
emi 0.9145 153 319 189 373
capacitor 0.9757 262 194 277 230
capacitor 0.9756 534 344 569 363
capacitor 0.9722 447 340 464 373
capacitor 0.9546 310 299 345 318
capacitor 0.9546 222 195 240 229
capacitor 0.9542 304 194 322 230
capacitor 0.9471 350 142 366 175
capacitor 0.9439 161 506 197 573
capacitor 0.9405 345 377 366 432
capacitor 0.9254 221 394 286 434
capacitor 0.9252 298 374 341 432
capacitor 0.9064 272 475 286 511
capacitor 0.8850 618 407 653 426
capacitor 0.8736 209 538 239 553
capacitor 0.8590 282 344 317 364
capacitor 0.8580 252 536 316 575
capacitor 0.8276 209 434 241 452
capacitor 0.8215 535 322 568 340
capacitor 0.7799 448 296 465 331
capacitor 0.7457 128 387 190 425
capacitor 0.7359 377 142 396 177
capacitor 0.7297 426 453 441 488
capacitor 0.7274 171 287 201 302
capacitor 0.7090 614 268 653 289
text 0.9882 346 558 384 580
text 0.9857 350 288 368 326
text 0.9854 754 103 778 159
text 0.9843 239 132 278 152
text 0.9833 630 201 651 238
text 0.9831 208 586 241 610
text 0.9822 322 335 343 377
text 0.9813 711 211 729 246
text 0.9808 26 591 59 612
text 0.9801 107 439 145 460
text 0.9798 168 205 194 225
text 0.9798 711 252 731 288
text 0.9785 118 298 157 317
text 0.9780 388 540 416 560
text 0.9768 564 571 582 610
text 0.9767 586 242 609 260
text 0.9766 111 359 149 378
text 0.9761 146 64 181 86
text 0.9757 737 333 788 350
text 0.9756 490 467 525 486
text 0.9754 312 275 342 298
text 0.9749 281 195 299 234
text 0.9748 558 60 598 81
text 0.9733 288 132 319 150
text 0.9728 484 242 512 262
text 0.9710 347 336 365 370
text 0.9704 52 570 66 588
text 0.9699 598 30 642 50
text 0.9698 17 571 32 589
text 0.9673 621 441 669 456
text 0.9667 193 473 216 499
text 0.9658 378 385 411 401
text 0.9657 441 449 460 486
text 0.9657 415 325 433 361
text 0.9613 484 421 511 441
text 0.9609 15 247 37 267
text 0.9605 377 419 409 437
text 0.9602 488 363 515 383
text 0.9593 259 580 298 600
text 0.9588 210 327 235 346
text 0.9583 552 362 577 382
text 0.9581 464 130 500 150
text 0.9578 254 461 291 476
text 0.9577 195 359 229 377
text 0.9576 211 166 250 186
text 0.9570 331 139 348 173
text 0.9566 633 474 661 492
text 0.9563 603 173 615 193
text 0.9558 410 134 449 150
text 0.9544 581 319 612 337
text 0.9543 385 247 411 266
text 0.9536 46 247 73 267
text 0.9529 537 244 566 262
text 0.9498 83 421 119 441
text 0.9497 532 425 561 445
text 0.9478 429 359 447 383
text 0.9474 536 201 553 240
text 0.9470 425 294 444 319
text 0.9455 457 473 488 492
text 0.9448 206 259 220 299
text 0.9437 439 425 466 443
text 0.9425 105 220 142 242
text 0.9409 318 433 353 452
text 0.9400 435 243 462 264
text 0.9358 709 291 730 311
text 0.9355 472 288 536 305
text 0.9319 50 40 69 157
text 0.9306 712 486 732 534
text 0.9303 400 570 420 617
text 0.9299 711 352 730 370
text 0.9288 244 435 280 456
text 0.9283 589 14 640 31
text 0.9251 198 503 218 539
text 0.9243 584 426 609 442
text 0.9181 712 381 734 421
text 0.9134 634 458 660 474
text 0.9041 165 582 201 606
text 0.9031 623 246 646 266
text 0.8941 713 434 732 466
text 0.8820 700 171 714 191
text 0.8798 650 59 690 79
text 0.8786 582 357 616 372
text 0.8774 261 515 292 535
text 0.8662 30 50 48 154
text 0.8634 548 302 575 321
text 0.8618 599 473 632 490
text 0.8614 399 139 414 175
text 0.8388 249 372 282 391
text 0.8365 325 209 341 234
text 0.8303 738 515 779 531
text 0.8297 110 463 132 481
text 0.8274 326 178 423 198
text 0.8140 10 36 38 164
text 0.7940 618 426 646 441
text 0.7547 517 445 603 464
text 0.7340 291 517 334 536
text 0.7316 660 410 712 425
text 0.6908 282 361 313 377
text 0.3540 542 316 574 339
component 0.9895 177 233 191 248
component 0.9748 220 479 253 512
component 0.9705 116 155 180 167
component 0.9683 229 253 281 316
component 0.9662 646 106 702 118
component 0.9635 491 270 507 281
component 0.9500 544 106 605 120
component 0.9419 486 324 513 353
component 0.9351 641 152 702 166
component 0.9268 298 485 311 504
component 0.9262 122 108 177 122
component 0.9254 543 155 603 165
component 0.9128 387 306 403 317
component 0.8422 389 367 404 378
component 0.7354 674 463 695 477
component 0.6945 493 404 509 415
component 0.5870 106 501 128 517
test 0.9884 206 556 242 588
test 0.9633 645 14 681 48
test 0.8731 285 437 311 463
test 0.8449 675 428 700 456
led 0.9270 737 488 788 514
ic 0.9850 220 246 301 326
ic 0.9510 478 318 521 359
switch 0.9877 103 84 195 194
switch 0.9866 528 82 620 193
switch 0.9859 630 81 718 190
diode 0.8457 88 480 149 531
jumper 0.9298 611 291 714 317
jumper 0.9100 617 353 711 380
inductor 0.9533 159 225 208 255
