connector 0.9883 387 13 504 132
connector 0.9882 422 491 540 612
connector 0.9875 225 11 343 132
connector 0.9873 586 494 703 612
connector 0.9821 733 368 916 482
connector 0.9779 734 200 916 317
connector 0.9561 615 377 710 399
connector 0.8913 608 317 718 338
connector 0.8857 19 284 79 570
resistor 0.9773 586 261 607 311
resistor 0.9739 85 375 108 420
resistor 0.9735 529 264 577 287
resistor 0.9734 530 398 575 421
resistor 0.9623 564 470 602 487
resistor 0.9598 556 205 589 232
resistor 0.9565 655 206 686 231
resistor 0.9200 479 398 522 419
resistor 0.9150 374 360 418 385
resistor 0.9077 585 377 608 426
resistor 0.9039 526 471 559 488
resistor 0.8978 371 299 419 324
resistor 0.8575 664 458 711 483
resistor 0.8460 478 265 524 287
resistor 0.8375 112 251 141 278
pads 0.9738 330 451 416 533
pads 0.9676 377 265 415 285
pads 0.9526 424 263 474 288
pads 0.9467 423 394 474 423
pads 0.9243 377 400 413 418
pads 0.9104 396 325 416 361
pads 0.7936 346 535 386 555
emi 0.9693 152 439 190 492
emi 0.9139 154 320 189 372
capacitor 0.9745 262 194 277 229
capacitor 0.9743 447 339 465 373
capacitor 0.9709 534 344 568 363
capacitor 0.9648 304 194 321 229
capacitor 0.9429 310 300 345 318
capacitor 0.9425 349 142 365 175
capacitor 0.9400 300 375 341 432
capacitor 0.9364 222 196 240 229
capacitor 0.9310 272 476 286 511
capacitor 0.9290 346 377 365 432
capacitor 0.9154 160 506 197 573
capacitor 0.9089 223 395 285 434
capacitor 0.8955 209 539 239 554
capacitor 0.8793 282 344 317 363
capacitor 0.8728 209 434 239 453
capacitor 0.8656 253 535 316 575
capacitor 0.8654 535 322 568 339
capacitor 0.8072 618 408 652 425
capacitor 0.7882 172 287 201 303
capacitor 0.7777 448 296 465 331
capacitor 0.7643 615 268 652 289
capacitor 0.7392 377 142 397 177
capacitor 0.7041 128 388 190 425
capacitor 0.7039 425 453 441 487
text 0.9878 347 559 383 580
text 0.9868 754 103 778 160
text 0.9858 350 289 368 326
text 0.9850 239 132 278 152
text 0.9833 630 200 652 238
text 0.9831 208 587 242 610
text 0.9825 26 591 59 613
text 0.9801 321 334 343 377
text 0.9789 107 439 145 461
text 0.9787 711 210 729 247
text 0.9777 118 297 156 317
text 0.9768 312 275 343 298
text 0.9764 585 243 609 260
text 0.9761 348 336 366 371
text 0.9760 146 64 180 86
text 0.9757 710 251 731 288
text 0.9747 281 194 299 234
text 0.9744 564 571 582 611
text 0.9735 739 333 788 350
text 0.9728 388 540 416 560
text 0.9724 111 360 149 379
text 0.9722 600 30 642 50
text 0.9720 168 205 193 225
text 0.9706 490 467 526 486
text 0.9702 558 59 597 81
text 0.9699 287 132 320 150
text 0.9699 442 448 461 487
text 0.9685 484 421 511 441
text 0.9682 378 385 412 402
text 0.9671 53 571 66 588
text 0.9660 485 242 510 263
text 0.9647 552 362 577 381
text 0.9641 253 461 290 476
text 0.9638 410 134 449 150
text 0.9623 46 248 74 267
text 0.9622 244 434 280 457
text 0.9620 17 571 32 589
text 0.9615 259 580 297 600
text 0.9610 212 165 250 185
text 0.9587 489 364 515 383
text 0.9585 15 246 36 268
text 0.9582 623 441 670 457
text 0.9574 83 421 121 441
text 0.9567 430 359 447 383
text 0.9563 633 474 661 492
text 0.9547 464 130 500 151
text 0.9547 536 201 552 239
text 0.9544 376 420 410 437
text 0.9544 537 245 566 263
text 0.9526 533 425 560 445
text 0.9525 440 425 467 443
text 0.9517 195 359 228 377
text 0.9511 385 246 411 265
text 0.9508 206 258 220 300
text 0.9505 319 433 354 453
text 0.9496 582 319 612 338
text 0.9478 436 243 462 264
text 0.9454 711 353 730 371
text 0.9438 425 295 444 320
text 0.9420 50 38 70 161
text 0.9415 713 380 733 420
text 0.9402 211 327 235 346
text 0.9358 414 325 433 362
text 0.9351 604 173 615 193
text 0.9319 623 247 646 267
text 0.9317 471 289 538 306
text 0.9309 583 426 609 443
text 0.9298 458 473 488 492
text 0.9276 330 138 348 173
text 0.9182 401 571 421 615
text 0.9092 618 425 645 441
text 0.9087 709 291 731 311
text 0.9057 105 220 142 242
text 0.8965 582 357 617 372
text 0.8933 165 582 201 605
text 0.8855 590 13 640 31
text 0.8815 650 59 690 79
text 0.8774 700 172 714 193
text 0.8773 713 485 732 535
text 0.8770 110 463 132 480
text 0.8714 261 515 290 535
text 0.8707 518 445 598 464
text 0.8696 635 459 659 474
text 0.8688 326 210 340 235
text 0.8641 30 51 48 153
text 0.8570 713 434 732 467
text 0.8558 11 37 37 168
text 0.8472 196 503 217 539
text 0.8424 548 302 575 322
text 0.8390 600 473 631 490
text 0.8312 194 475 216 500
text 0.8230 737 515 780 531
text 0.8190 397 143 413 174
text 0.8168 249 372 282 392
text 0.7848 326 178 423 198
text 0.7808 657 409 713 426
text 0.7589 290 518 333 536
text 0.6795 281 361 313 377
text 0.3588 542 315 574 339
component 0.9915 176 234 190 247
component 0.9847 645 105 704 116
component 0.9822 219 480 253 511
component 0.9723 486 325 513 353
component 0.9688 115 154 179 167
component 0.9616 546 106 606 119
component 0.9613 122 108 176 121
component 0.9578 641 152 703 167
component 0.9407 543 154 605 165
component 0.9405 230 255 282 318
component 0.9324 491 270 507 281
component 0.9248 299 486 311 503
component 0.9191 389 368 403 377
component 0.9108 387 306 403 317
component 0.7963 493 403 508 415
component 0.7616 677 464 695 476
component 0.7041 105 499 128 516
component 0.3412 102 490 134 520
test 0.9895 205 555 242 590
test 0.9028 675 429 700 454
test 0.8911 646 14 680 48
test 0.7835 285 437 311 463
led 0.9290 738 488 786 513
ic 0.9854 219 247 302 327
ic 0.9391 478 317 522 360
switch 0.9892 630 81 718 190
switch 0.9876 528 82 620 193
switch 0.9840 103 83 195 194
diode 0.7901 87 482 147 529
jumper 0.9587 615 290 710 317
jumper 0.8710 618 353 711 376
inductor 0.9420 158 226 209 256
