connector 0.9907 423 14 539 132
connector 0.9906 224 494 344 613
connector 0.9899 733 142 916 260
connector 0.9895 586 14 703 130
connector 0.9894 387 494 504 611
connector 0.9866 733 307 916 425
connector 0.9702 612 286 717 308
connector 0.9681 615 225 708 247
connector 0.9638 18 60 77 349
resistor 0.9672 586 313 608 363
resistor 0.9650 557 393 590 419
resistor 0.9639 531 203 575 227
resistor 0.9608 528 337 577 362
resistor 0.9557 654 395 686 419
resistor 0.9492 474 337 523 362
resistor 0.9425 86 204 107 249
resistor 0.9357 563 138 602 154
resistor 0.9269 374 241 418 264
resistor 0.9207 478 203 524 227
resistor 0.9096 586 201 608 247
resistor 0.8883 526 137 561 155
resistor 0.8564 112 348 141 375
resistor 0.8216 372 302 421 326
resistor 0.7343 663 141 712 168
pads 0.9945 424 201 473 231
pads 0.9652 330 90 416 175
pads 0.9652 423 337 473 362
pads 0.9588 378 207 416 225
pads 0.9558 346 71 385 90
pads 0.8909 377 339 415 359
pads 0.8305 396 265 414 297
emi 0.9802 152 135 191 184
emi 0.8677 154 255 189 304
capacitor 0.9889 536 262 568 280
capacitor 0.9841 262 394 277 430
capacitor 0.9741 447 249 465 286
capacitor 0.9679 222 192 286 231
capacitor 0.9642 310 306 346 326
capacitor 0.9618 222 396 240 430
capacitor 0.9605 272 114 286 145
capacitor 0.9583 301 191 341 251
capacitor 0.9500 350 448 365 481
capacitor 0.9358 209 172 241 192
capacitor 0.9280 345 194 366 247
capacitor 0.9200 252 51 317 88
capacitor 0.9189 615 336 651 357
capacitor 0.9014 304 394 322 430
capacitor 0.9011 425 137 440 173
capacitor 0.8781 209 70 240 86
capacitor 0.8707 281 262 318 280
capacitor 0.8486 535 284 568 302
capacitor 0.8276 128 200 191 238
capacitor 0.8127 448 294 465 329
capacitor 0.8070 379 447 397 484
capacitor 0.7918 160 52 197 117
capacitor 0.6840 171 322 202 338
capacitor 0.6782 618 201 651 216
text 0.9882 111 247 149 264
text 0.9881 144 540 181 562
text 0.9871 288 474 319 494
text 0.9846 26 12 59 36
text 0.9842 630 386 652 423
text 0.9832 312 329 344 350
text 0.9829 350 300 368 337
text 0.9827 586 364 609 382
text 0.9827 754 467 778 522
text 0.9825 738 276 788 291
text 0.9823 712 335 731 373
text 0.9809 346 44 383 66
text 0.9808 558 544 597 565
text 0.9802 321 250 343 291
text 0.9794 212 439 251 458
text 0.9778 348 256 365 291
text 0.9769 712 380 729 415
text 0.9760 209 14 242 38
text 0.9752 261 26 299 47
text 0.9744 553 245 577 263
text 0.9741 240 474 279 493
text 0.9738 108 163 146 185
text 0.9737 425 306 445 330
text 0.9737 377 187 409 205
text 0.9736 429 242 446 265
text 0.9722 603 432 615 452
text 0.9721 440 139 460 176
text 0.9718 465 474 500 494
text 0.9716 211 280 235 297
text 0.9708 330 450 348 488
text 0.9700 281 390 299 430
text 0.9688 436 361 462 381
text 0.9678 599 575 643 593
text 0.9674 564 14 581 53
text 0.9669 379 223 411 240
text 0.9668 711 256 731 273
text 0.9655 485 364 511 381
text 0.9644 469 320 536 335
text 0.9623 388 66 416 84
text 0.9608 709 313 731 333
text 0.9606 385 359 412 379
text 0.9598 713 158 729 191
text 0.9593 409 474 449 491
text 0.9585 47 358 74 377
text 0.9579 16 357 37 379
text 0.9575 17 37 32 55
text 0.9574 244 170 279 190
text 0.9573 198 87 218 123
text 0.9547 440 179 467 201
text 0.9535 400 8 420 55
text 0.9519 196 247 229 267
text 0.9484 83 183 120 203
text 0.9477 318 172 353 192
text 0.9450 165 21 200 42
text 0.9421 52 38 66 55
text 0.9419 491 139 526 158
text 0.9417 119 309 156 326
text 0.9407 105 384 142 403
text 0.9357 650 545 690 565
text 0.9351 537 361 565 378
text 0.9332 207 324 220 366
text 0.9328 537 386 553 422
text 0.9324 485 185 511 203
text 0.9314 589 593 640 610
text 0.9283 49 464 69 590
text 0.9272 168 399 193 418
text 0.9272 489 243 515 262
text 0.9270 713 90 731 139
text 0.9257 248 234 284 252
text 0.9245 193 125 215 151
text 0.9230 519 160 597 181
text 0.9216 714 205 732 246
text 0.9087 584 183 608 198
text 0.9085 323 428 422 446
text 0.9076 701 432 713 452
text 0.9071 582 288 613 304
text 0.9054 625 167 672 183
text 0.9039 600 136 630 151
text 0.8963 414 265 432 302
text 0.8953 581 253 618 269
text 0.8927 624 357 645 377
text 0.8903 459 135 488 152
text 0.8890 31 475 48 571
text 0.8848 635 132 661 149
text 0.8844 297 91 332 106
text 0.8841 284 248 317 266
text 0.8790 635 152 660 166
text 0.8764 547 302 574 321
text 0.8759 11 458 37 589
text 0.8743 533 182 561 199
text 0.8738 662 198 713 213
text 0.8670 259 88 295 108
text 0.8666 738 92 780 108
text 0.8641 254 150 291 163
text 0.8578 618 182 645 198
text 0.8351 110 143 131 163
text 0.7912 398 452 414 486
text 0.6334 326 390 341 416
component 0.9863 645 507 703 518
component 0.9861 219 115 253 145
component 0.9832 485 274 513 300
component 0.9769 115 459 180 470
component 0.9722 121 503 177 516
component 0.9644 491 344 507 355
component 0.9627 544 505 607 518
component 0.9611 543 459 604 472
component 0.9605 228 306 282 373
component 0.9560 176 378 191 390
component 0.9376 390 307 404 316
component 0.9284 299 121 311 140
component 0.9058 641 459 702 474
component 0.8852 389 247 403 258
component 0.8060 493 209 509 220
component 0.7301 678 150 694 161
component 0.7166 106 110 129 125
test 0.9860 205 36 242 68
test 0.9769 646 578 681 613
test 0.9103 677 170 700 198
test 0.7432 286 162 310 188
led 0.9117 737 112 787 137
ic 0.9852 220 298 302 379
ic 0.9365 477 265 522 308
switch 0.9902 103 432 196 540
switch 0.9894 528 432 621 542
switch 0.9894 631 437 719 543
diode 0.6852 90 93 147 146
jumper 0.9567 614 309 712 334
jumper 0.7260 618 246 708 271
inductor 0.9199 158 368 208 401
