connector 0.9915 422 13 539 132
connector 0.9899 225 494 343 612
connector 0.9891 586 14 702 130
connector 0.9890 387 494 504 610
connector 0.9872 734 142 916 259
connector 0.9856 733 307 916 424
connector 0.9796 612 286 715 308
connector 0.9653 18 60 76 350
connector 0.9607 615 225 708 247
resistor 0.9698 586 313 608 363
resistor 0.9664 531 203 575 227
resistor 0.9612 528 337 577 362
resistor 0.9608 655 395 686 419
resistor 0.9577 557 393 590 418
resistor 0.9480 86 203 107 249
resistor 0.9378 374 241 419 265
resistor 0.9375 474 337 524 362
resistor 0.9365 564 139 601 154
resistor 0.9201 477 203 524 227
resistor 0.9086 586 201 608 247
resistor 0.8686 527 137 561 154
resistor 0.8332 373 300 419 324
resistor 0.8310 112 349 141 375
resistor 0.6542 662 142 713 167
pads 0.9951 423 201 473 231
pads 0.9583 423 337 474 361
pads 0.9522 377 207 415 225
pads 0.9414 346 70 385 90
pads 0.9378 330 91 416 174
pads 0.8998 376 339 415 359
pads 0.8195 396 264 414 297
emi 0.9754 152 135 191 185
emi 0.8427 154 255 189 304
capacitor 0.9856 535 262 568 281
capacitor 0.9766 262 395 277 429
capacitor 0.9681 447 250 465 286
capacitor 0.9616 221 192 286 232
capacitor 0.9580 310 306 346 326
capacitor 0.9575 301 192 341 251
capacitor 0.9553 222 397 240 430
capacitor 0.9384 350 447 366 481
capacitor 0.9356 345 195 366 247
capacitor 0.9339 272 115 286 146
capacitor 0.9226 252 51 318 88
capacitor 0.9179 615 335 652 357
capacitor 0.9002 209 172 240 192
capacitor 0.8973 303 394 322 430
capacitor 0.8762 425 137 440 173
capacitor 0.8730 209 70 240 86
capacitor 0.8681 128 201 190 238
capacitor 0.8628 536 284 568 302
capacitor 0.8592 379 447 398 483
capacitor 0.8522 282 261 317 280
capacitor 0.8387 448 294 464 329
capacitor 0.8044 161 52 198 117
capacitor 0.7059 618 201 652 216
capacitor 0.6517 171 322 202 338
text 0.9873 145 540 181 562
text 0.9867 288 474 319 493
text 0.9859 112 247 150 265
text 0.9850 27 11 59 35
text 0.9832 753 467 778 522
text 0.9832 630 386 652 423
text 0.9818 312 328 343 350
text 0.9818 738 275 788 291
text 0.9813 346 44 383 66
text 0.9810 712 335 731 373
text 0.9809 349 299 368 337
text 0.9808 559 545 597 564
text 0.9800 585 364 609 381
text 0.9796 348 256 366 290
text 0.9793 212 439 252 459
text 0.9786 712 379 729 414
text 0.9783 321 249 343 290
text 0.9781 465 474 501 494
text 0.9777 259 26 298 46
text 0.9773 209 14 242 38
text 0.9747 376 187 410 205
text 0.9742 240 474 279 493
text 0.9739 429 243 447 265
text 0.9730 108 163 147 185
text 0.9723 425 306 445 330
text 0.9713 440 139 460 176
text 0.9708 330 450 348 487
text 0.9706 599 575 643 593
text 0.9703 564 14 581 53
text 0.9683 711 255 731 273
text 0.9682 709 313 731 333
text 0.9680 603 431 615 452
text 0.9676 484 363 511 381
text 0.9663 553 245 577 263
text 0.9659 471 319 536 335
text 0.9647 436 361 462 381
text 0.9647 401 8 421 55
text 0.9642 388 66 416 83
text 0.9637 244 169 279 190
text 0.9608 211 280 235 298
text 0.9589 410 474 449 491
text 0.9570 196 247 229 267
text 0.9560 282 390 299 430
text 0.9556 17 37 33 55
text 0.9547 15 357 37 379
text 0.9541 378 222 412 240
text 0.9527 319 172 354 192
text 0.9512 385 359 412 379
text 0.9498 52 37 66 55
text 0.9484 165 20 200 42
text 0.9480 105 384 142 403
text 0.9460 651 545 690 564
text 0.9448 440 178 465 199
text 0.9437 589 593 640 610
text 0.9431 83 183 121 203
text 0.9417 489 242 515 262
text 0.9417 713 158 730 190
text 0.9411 45 357 74 377
text 0.9358 119 309 155 326
text 0.9351 484 185 511 203
text 0.9349 198 87 217 123
text 0.9340 168 399 194 418
text 0.9310 538 360 566 378
text 0.9306 491 139 526 157
text 0.9295 537 385 553 423
text 0.9217 207 324 220 366
text 0.9186 624 167 671 183
text 0.9164 415 265 432 302
text 0.9159 584 183 608 198
text 0.9154 50 465 69 589
text 0.9122 193 124 215 151
text 0.9089 713 90 731 139
text 0.9025 519 160 599 180
text 0.9025 624 357 645 377
text 0.9012 322 428 423 445
text 0.9008 247 234 284 251
text 0.8995 11 455 37 590
text 0.8861 582 288 613 304
text 0.8826 663 198 712 213
text 0.8774 713 203 733 244
text 0.8747 601 136 634 150
text 0.8732 701 432 714 452
text 0.8714 582 253 617 269
text 0.8699 634 151 660 166
text 0.8682 532 182 561 200
text 0.8673 282 246 314 264
text 0.8647 297 91 332 106
text 0.8643 634 133 661 149
text 0.8626 547 302 574 321
text 0.8620 30 472 48 573
text 0.8606 254 150 291 163
text 0.8568 459 134 488 152
text 0.8552 259 88 295 108
text 0.8435 109 143 131 163
text 0.8334 738 93 780 108
text 0.8282 618 182 645 198
text 0.8222 398 452 414 486
text 0.6961 326 391 341 416
component 0.9854 220 114 253 145
component 0.9851 645 507 703 518
component 0.9816 485 274 513 300
component 0.9767 115 458 182 470
component 0.9718 120 502 177 516
component 0.9629 230 307 282 372
component 0.9587 491 344 506 355
component 0.9552 176 378 191 390
component 0.9544 544 505 607 518
component 0.9528 543 458 604 472
component 0.9443 300 122 311 139
component 0.9346 390 307 404 317
component 0.8885 641 458 703 473
component 0.8770 389 247 403 258
component 0.8046 493 210 509 220
component 0.7445 678 150 694 161
component 0.6977 107 111 129 125
component 0.3414 103 107 132 133
test 0.9842 204 36 242 68
test 0.9704 646 578 680 613
test 0.9049 676 170 700 198
test 0.7446 286 161 311 188
led 0.9236 738 112 786 137
ic 0.9860 220 298 301 379
ic 0.9323 477 265 522 308
switch 0.9890 103 432 196 540
switch 0.9882 631 437 720 543
switch 0.9879 528 432 621 542
diode 0.7055 90 93 148 146
jumper 0.9501 614 309 711 333
jumper 0.6751 616 247 711 271
inductor 0.9062 158 368 208 401
