connector 0.9909 387 13 504 132
connector 0.9906 224 11 342 131
connector 0.9863 422 492 540 613
connector 0.9862 586 494 703 611
connector 0.9841 733 367 916 483
connector 0.9816 733 200 916 317
connector 0.9242 615 378 708 399
connector 0.9120 18 284 78 570
connector 0.8790 610 317 716 337
resistor 0.9792 530 398 575 421
resistor 0.9778 528 264 577 287
resistor 0.9776 585 262 608 311
resistor 0.9661 86 375 108 421
resistor 0.9656 557 205 589 231
resistor 0.9557 655 206 686 231
resistor 0.9377 374 360 418 385
resistor 0.9363 479 398 523 420
resistor 0.9250 563 470 602 487
resistor 0.9126 371 299 420 324
resistor 0.9041 585 378 608 426
resistor 0.8919 526 471 561 487
resistor 0.8839 477 264 524 287
resistor 0.8579 112 251 141 278
resistor 0.7251 664 458 711 483
pads 0.9728 330 451 416 533
pads 0.9725 377 264 415 285
pads 0.9644 424 263 474 289
pads 0.9538 423 394 474 423
pads 0.9022 377 401 414 419
pads 0.8797 397 327 415 361
pads 0.8733 347 536 384 555
emi 0.9805 152 438 191 491
emi 0.8750 154 320 189 372
capacitor 0.9796 534 343 568 363
capacitor 0.9777 447 340 465 374
capacitor 0.9770 262 194 277 229
capacitor 0.9592 304 194 322 229
capacitor 0.9571 310 300 345 318
capacitor 0.9445 222 196 240 229
capacitor 0.9442 346 376 366 432
capacitor 0.9387 350 143 365 174
capacitor 0.9297 301 374 341 432
capacitor 0.9281 160 506 197 573
capacitor 0.9267 273 478 286 511
capacitor 0.9244 222 394 286 433
capacitor 0.9134 210 434 240 452
capacitor 0.9028 282 344 317 363
capacitor 0.8802 252 535 315 575
capacitor 0.8766 209 538 239 553
capacitor 0.8650 618 408 653 426
capacitor 0.8619 535 322 568 340
capacitor 0.8408 127 388 190 425
capacitor 0.7762 425 453 440 487
capacitor 0.7547 448 296 464 331
capacitor 0.7535 615 269 652 289
capacitor 0.7193 171 287 201 302
capacitor 0.7000 377 142 396 177
text 0.9888 346 558 383 580
text 0.9867 754 103 778 159
text 0.9867 350 289 368 326
text 0.9865 240 132 279 152
text 0.9840 585 242 610 261
text 0.9834 108 439 146 461
text 0.9832 209 587 242 611
text 0.9832 630 201 652 238
text 0.9822 25 591 59 612
text 0.9811 322 335 343 377
text 0.9797 711 211 729 246
text 0.9791 348 336 365 370
text 0.9787 118 298 156 317
text 0.9781 146 64 180 85
text 0.9776 312 275 343 298
text 0.9775 388 540 416 560
text 0.9763 168 205 194 225
text 0.9762 564 571 582 611
text 0.9755 711 252 731 289
text 0.9750 281 194 299 234
text 0.9743 252 461 290 477
text 0.9738 288 132 319 150
text 0.9735 738 333 788 350
text 0.9731 599 31 642 50
text 0.9725 378 385 412 401
text 0.9721 112 359 149 379
text 0.9717 53 571 66 588
text 0.9715 558 59 597 81
text 0.9709 17 571 32 589
text 0.9687 491 467 526 486
text 0.9683 441 449 460 487
text 0.9657 484 242 511 263
text 0.9644 484 421 511 441
text 0.9630 410 134 449 150
text 0.9627 377 419 409 437
text 0.9604 211 165 250 185
text 0.9598 489 364 515 384
text 0.9586 415 325 433 361
text 0.9583 634 474 661 492
text 0.9579 83 421 120 441
text 0.9576 259 580 298 600
text 0.9566 196 359 229 377
text 0.9554 211 327 235 346
text 0.9552 537 245 566 263
text 0.9549 15 246 37 267
text 0.9549 536 201 552 239
text 0.9545 330 138 348 173
text 0.9543 604 173 615 193
text 0.9541 46 247 74 267
text 0.9520 465 130 500 150
text 0.9519 552 361 577 382
text 0.9514 319 432 354 452
text 0.9501 385 246 411 265
text 0.9492 401 570 421 616
text 0.9488 207 259 220 300
text 0.9471 533 425 561 445
text 0.9439 440 425 466 443
text 0.9435 244 434 280 456
text 0.9433 425 295 445 319
text 0.9430 581 319 612 337
text 0.9407 624 442 671 457
text 0.9403 436 243 462 264
text 0.9390 470 289 537 306
text 0.9387 711 353 730 371
text 0.9376 429 359 447 382
text 0.9375 709 291 730 311
text 0.9330 105 220 142 242
text 0.9326 713 381 733 421
text 0.9298 197 501 217 537
text 0.9233 50 37 70 161
text 0.9222 458 473 489 491
text 0.9199 584 427 610 442
text 0.9164 194 475 216 499
text 0.9099 712 487 732 534
text 0.9085 589 13 640 31
text 0.9068 165 582 200 606
text 0.9028 714 434 731 465
text 0.8991 624 247 645 266
text 0.8976 260 515 291 535
text 0.8929 12 37 37 169
text 0.8873 582 357 617 372
text 0.8856 618 426 645 442
text 0.8833 635 459 659 474
text 0.8805 650 60 690 79
text 0.8792 701 172 714 192
text 0.8657 30 51 48 154
text 0.8640 599 473 632 489
text 0.8604 738 515 780 531
text 0.8513 326 178 421 198
text 0.8360 325 209 341 234
text 0.8357 398 138 414 175
text 0.8342 517 446 601 463
text 0.8307 111 463 132 481
text 0.8208 658 410 712 425
text 0.8127 248 372 282 392
text 0.7981 547 301 576 322
text 0.7605 291 517 332 535
text 0.6921 281 362 314 377
component 0.9901 177 234 191 248
component 0.9821 645 106 703 117
component 0.9804 220 480 252 511
component 0.9700 115 154 180 167
component 0.9696 486 324 513 353
component 0.9690 545 106 605 119
component 0.9589 299 486 311 503
component 0.9569 230 255 282 317
component 0.9505 491 270 507 281
component 0.9496 641 153 702 167
component 0.9455 122 108 178 121
component 0.9378 544 154 605 165
component 0.8987 387 306 403 317
component 0.8882 389 367 403 377
component 0.8546 677 464 694 476
component 0.7580 493 403 508 415
component 0.7153 107 499 129 516
test 0.9897 205 556 242 589
test 0.9281 645 14 681 48
test 0.8997 675 428 700 455
test 0.7991 285 437 311 463
led 0.9144 737 489 787 513
ic 0.9859 219 246 302 327
ic 0.9324 478 318 522 359
switch 0.9890 527 82 621 192
switch 0.9883 630 81 718 189
switch 0.9857 102 83 195 194
diode 0.8194 88 481 150 531
jumper 0.9588 614 291 712 318
jumper 0.9207 617 354 711 380
inductor 0.9451 159 224 208 256
