connector 0.9917 906 24 1014 277
connector 0.9899 910 328 1009 596
connector 0.9439 119 49 177 557
connector 0.8309 80 115 120 364
resistor 0.9600 842 482 874 497
resistor 0.9571 845 369 874 384
resistor 0.9529 814 566 845 583
resistor 0.9512 819 31 852 47
resistor 0.9491 843 389 873 404
resistor 0.9397 844 407 872 422
resistor 0.9393 845 445 873 461
resistor 0.9341 844 462 874 480
resistor 0.9257 844 426 873 440
resistor 0.9227 820 174 851 192
resistor 0.9109 748 492 777 507
resistor 0.8868 819 128 851 143
resistor 0.8768 842 500 874 518
resistor 0.8759 748 512 777 526
resistor 0.8648 194 346 218 375
resistor 0.8506 81 554 112 568
resistor 0.8395 819 226 850 241
resistor 0.8056 749 362 777 374
resistor 0.7736 81 571 113 591
resistor 0.7708 748 402 779 417
resistor 0.7613 430 126 462 143
resistor 0.7160 748 339 777 356
resistor 0.7060 819 83 851 100
resistor 0.6222 748 456 777 470
resistor 0.5990 748 436 778 450
resistor 0.5954 749 415 778 429
pads 0.8887 748 532 777 544
pads 0.7968 749 379 778 394
pads 0.7939 748 473 778 487
pads 0.6819 748 322 777 337
emi 0.9582 399 563 442 589
emi 0.9206 179 459 206 499
emi 0.9144 413 146 457 169
emi 0.8431 447 31 491 54
emi 0.6828 192 207 216 249
capacitor 0.9669 615 384 637 396
capacitor 0.9552 615 433 639 443
capacitor 0.9543 594 233 622 246
capacitor 0.9496 328 383 368 408
capacitor 0.9466 713 172 733 181
capacitor 0.9415 559 69 600 95
capacitor 0.9415 440 61 462 72
capacitor 0.9406 543 371 564 382
capacitor 0.9402 709 234 733 246
capacitor 0.9367 701 312 743 339
capacitor 0.9361 709 158 735 170
capacitor 0.9337 685 246 723 276
capacitor 0.9292 590 504 613 514
capacitor 0.9274 711 73 733 83
capacitor 0.9248 586 564 625 591
capacitor 0.9237 683 388 704 399
capacitor 0.9194 802 84 813 109
capacitor 0.9182 568 234 590 246
capacitor 0.9128 440 485 460 495
capacitor 0.9126 711 192 734 202
capacitor 0.9027 607 184 629 199
capacitor 0.8997 684 450 704 460
capacitor 0.8903 393 226 421 241
capacitor 0.8873 681 344 704 357
capacitor 0.8815 334 320 378 347
capacitor 0.8773 682 483 704 495
capacitor 0.8760 810 539 849 566
capacitor 0.8738 554 512 576 525
capacitor 0.8720 196 256 219 268
capacitor 0.8698 384 369 404 382
capacitor 0.8591 19 357 64 381
capacitor 0.8440 486 229 509 239
capacitor 0.8439 20 214 66 240
capacitor 0.8415 710 57 731 69
capacitor 0.8409 615 480 637 492
capacitor 0.8397 713 96 733 106
capacitor 0.8387 820 517 841 529
capacitor 0.8354 630 249 671 276
capacitor 0.8320 801 128 813 150
capacitor 0.8303 629 22 672 47
capacitor 0.8270 554 549 576 561
capacitor 0.8255 845 327 883 352
capacitor 0.8240 681 20 722 46
capacitor 0.8007 711 206 732 217
capacitor 0.7728 709 219 733 229
capacitor 0.7647 802 229 812 249
capacitor 0.7641 711 119 733 130
capacitor 0.7632 711 105 732 117
capacitor 0.7624 485 340 511 354
capacitor 0.7624 403 553 424 561
capacitor 0.7573 398 340 419 354
capacitor 0.7572 649 310 690 337
capacitor 0.7548 181 440 203 453
capacitor 0.7542 802 179 812 205
capacitor 0.7491 814 421 836 433
capacitor 0.7467 681 357 704 372
capacitor 0.7382 615 342 639 354
capacitor 0.7326 467 62 492 74
capacitor 0.6677 716 549 755 576
capacitor 0.6571 710 142 733 154
capacitor 0.6159 607 89 629 103
capacitor 0.6062 681 497 704 510
capacitor 0.4012 682 401 706 411
capacitor 0.3667 602 136 627 152
text 0.9862 893 342 903 366
text 0.9812 773 36 814 46
text 0.9809 632 442 642 464
text 0.9809 465 552 489 564
text 0.9803 776 548 806 559
text 0.9794 681 276 704 288
text 0.9776 460 147 472 167
text 0.9753 494 32 504 58
text 0.9745 797 347 819 362
text 0.9731 893 492 903 504
text 0.9726 27 529 72 548
text 0.9707 734 56 758 69
text 0.9702 600 172 628 184
text 0.9680 430 74 462 88
text 0.9672 391 214 420 229
text 0.9671 797 441 818 456
text 0.9669 682 414 711 426
text 0.9667 462 74 491 88
text 0.9650 787 307 831 322
text 0.9640 888 106 903 118
text 0.9639 475 381 489 401
text 0.9638 583 552 605 564
text 0.9615 891 239 905 266
text 0.9610 630 354 644 376
text 0.9579 664 524 685 537
text 0.9576 734 157 757 170
text 0.9567 873 428 895 440
text 0.9562 632 495 642 517
text 0.9559 725 443 746 457
text 0.9558 426 553 462 564
text 0.9558 593 374 622 389
text 0.9555 873 389 890 401
text 0.9552 632 396 642 421
text 0.9550 724 401 747 414
text 0.9544 479 468 487 482
text 0.9542 483 214 511 228
text 0.9541 450 194 480 207
text 0.9532 679 507 709 521
text 0.9524 679 470 705 483
text 0.9505 888 401 903 415
text 0.9504 724 362 747 374
text 0.9502 565 96 591 108
text 0.9494 592 468 622 480
text 0.9491 856 554 885 566
text 0.9469 590 490 615 502
text 0.9468 871 414 896 426
text 0.9466 180 256 194 268
text 0.9463 553 224 563 236
text 0.9461 223 349 236 376
text 0.9450 861 49 894 61
text 0.9441 591 527 603 549
text 0.9439 734 119 757 130
text 0.9430 888 188 900 199
text 0.9420 27 499 77 517
text 0.9418 758 292 852 308
text 0.9400 800 71 814 84
text 0.9374 873 462 894 473
text 0.9368 724 470 748 483
text 0.9359 734 96 756 106
text 0.9356 735 170 759 182
text 0.9355 617 106 630 123
text 0.9353 733 71 757 83
text 0.9351 872 443 895 455
text 0.9338 741 271 867 298
text 0.9330 219 187 231 202
text 0.9314 851 86 868 98
text 0.9301 179 94 194 121
text 0.9299 851 128 867 141
text 0.9293 411 124 428 140
text 0.9275 726 37 748 49
text 0.9269 239 382 258 398
text 0.9260 630 276 649 291
text 0.9252 211 458 223 485
text 0.9251 827 49 846 61
text 0.9250 223 14 234 26
text 0.9233 552 525 582 537
text 0.9231 226 241 236 248
text 0.9226 386 241 396 260
text 0.9212 568 244 590 256
text 0.9204 680 423 704 435
text 0.9197 723 487 747 500
text 0.9174 45 199 60 214
text 0.9172 450 180 477 192
text 0.9170 276 430 310 441
text 0.9168 608 16 627 25
text 0.9166 779 418 814 433
text 0.9166 873 485 894 495
text 0.9158 376 471 384 485
text 0.9142 541 495 568 507
text 0.9137 238 421 253 438
text 0.9135 495 553 507 576
text 0.9109 610 324 642 337
text 0.9104 457 381 470 399
text 0.9098 735 140 764 152
text 0.9096 427 194 452 207
text 0.9090 733 219 765 229
text 0.9077 725 387 747 400
text 0.9074 726 517 746 526
text 0.9054 382 116 393 127
text 0.9052 221 56 231 76
text 0.9039 560 384 575 403
text 0.9028 696 566 706 581
text 0.9010 679 369 714 382
text 0.8985 874 502 895 516
text 0.8961 760 71 772 83
text 0.8959 725 420 746 433
text 0.8945 482 322 489 335
text 0.8938 562 472 580 485
text 0.8914 100 67 118 84
text 0.8911 708 571 730 586
text 0.8901 796 569 810 581
text 0.8885 709 350 721 359
text 0.8881 315 448 339 460
text 0.8879 460 458 472 473
text 0.8855 115 574 128 589
text 0.8853 649 509 672 522
text 0.8852 459 482 489 495
text 0.8829 650 460 675 473
text 0.8811 472 234 481 246
text 0.8781 649 413 671 426
text 0.8765 511 123 536 140
text 0.8747 786 517 814 532
text 0.8723 494 367 519 381
text 0.8690 43 345 61 359
text 0.8674 457 344 472 356
text 0.8653 846 312 867 324
text 0.8645 445 526 453 536
text 0.8638 592 27 613 39
text 0.8612 647 298 669 310
text 0.8609 544 108 559 121
text 0.8607 724 532 748 546
text 0.8596 590 221 625 233
text 0.8583 836 527 858 539
text 0.8555 696 300 717 310
text 0.8548 650 369 672 383
text 0.8527 723 343 748 357
text 0.8501 177 196 192 220
text 0.8419 679 460 707 470
text 0.8401 734 192 760 202
text 0.8400 597 78 626 88
text 0.8400 78 371 98 387
text 0.8358 216 527 226 549
text 0.8332 371 384 383 404
text 0.8296 445 564 458 588
text 0.8294 851 175 868 187
text 0.8284 489 497 499 509
text 0.8282 386 14 401 29
text 0.8281 408 179 440 194
text 0.8280 783 324 808 335
text 0.8252 438 366 462 379
text 0.8234 53 120 73 142
text 0.8227 267 340 290 354
text 0.8212 482 357 513 369
text 0.8180 101 372 118 387
text 0.8177 602 123 627 138
text 0.8159 590 441 619 456
text 0.8159 199 147 212 170
text 0.8156 506 569 527 579
text 0.8155 510 192 534 207
text 0.8123 88 108 110 121
text 0.8102 617 202 631 222
text 0.8061 761 116 776 128
text 0.8059 536 356 568 372
text 0.8051 560 323 575 340
text 0.7987 733 207 760 217
text 0.7980 734 106 755 116
text 0.7945 356 345 384 359
text 0.7911 342 408 364 423
text 0.7881 780 47 810 56
text 0.7848 275 440 312 454
text 0.7816 194 22 218 42
text 0.7783 113 554 127 571
text 0.7781 705 386 721 399
text 0.7687 375 357 404 371
text 0.7581 617 152 632 170
text 0.7577 243 340 265 354
text 0.7265 73 86 108 96
text 0.7214 381 140 399 152
text 0.7190 877 377 893 389
text 0.7178 272 263 285 276
text 0.7138 851 235 867 249
text 0.7090 620 64 632 79
text 0.7050 224 118 238 128
text 0.6941 177 524 199 541
text 0.6875 78 47 104 63
text 0.6841 341 281 364 295
text 0.6799 209 440 234 455
text 0.6568 438 539 462 551
text 0.6479 388 320 401 334
text 0.6478 223 142 238 150
text 0.6466 420 340 450 354
text 0.6410 561 539 582 553
text 0.6379 497 578 532 589
text 0.6245 734 231 762 242
text 0.6219 547 340 566 357
text 0.6004 791 559 809 568
text 0.3118 623 61 633 75
component 0.9907 401 414 451 455
component 0.9900 494 413 545 455
component 0.9859 652 204 676 229
component 0.9738 654 112 677 136
component 0.9708 510 153 536 179
component 0.9680 664 558 691 586
component 0.9580 239 507 351 571
component 0.9561 854 467 864 477
component 0.9532 854 487 864 495
component 0.9449 247 23 362 87
component 0.9430 196 406 226 433
component 0.9428 854 392 864 401
component 0.9391 853 504 864 514
component 0.9308 794 380 825 398
component 0.9273 508 83 536 115
component 0.9270 246 153 360 219
component 0.9239 512 524 531 551
component 0.9201 853 411 863 421
component 0.9184 851 429 863 438
component 0.8872 853 448 864 458
component 0.8802 654 63 676 90
component 0.8588 853 372 863 381
component 0.8564 209 288 241 314
component 0.8438 408 513 436 542
component 0.8263 796 478 825 497
component 0.8177 275 295 305 321
component 0.7937 652 155 679 181
test 0.9199 532 566 550 585
test 0.8810 76 63 100 83
test 0.8230 467 567 487 586
test 0.8042 435 204 456 224
test 0.7365 782 15 807 37
test 0.6783 454 206 474 224
test 0.6494 282 453 302 472
led 0.9751 861 32 895 47
led 0.9458 857 569 886 583
led 0.7902 84 512 113 527
led 0.6791 81 534 113 551
ic 0.9926 216 477 379 613
ic 0.9892 223 133 391 258
ic 0.9813 395 239 475 344
ic 0.9799 486 242 565 341
ic 0.9632 491 509 552 565
ic 0.9623 224 3 391 128
ic 0.9565 642 386 674 411
ic 0.9537 378 381 459 485
ic 0.9534 633 55 694 100
ic 0.9433 632 150 696 197
ic 0.9432 643 344 674 371
ic 0.9318 600 522 627 553
ic 0.9161 644 483 674 507
ic 0.8988 786 359 834 418
ic 0.8981 487 382 562 482
ic 0.8973 632 195 695 243
ic 0.8573 561 209 588 231
ic 0.8547 642 432 677 462
ic 0.8378 787 456 835 517
ic 0.8326 588 44 617 66
ic 0.7684 632 101 697 148
electrolytic 0.9007 186 393 237 443
electrolytic 0.8977 494 76 548 122
electrolytic 0.8833 320 258 375 285
electrolytic 0.8633 494 141 551 191
electrolytic 0.8507 320 460 371 482
electrolytic 0.7690 265 273 327 338
electrolytic 0.7272 651 543 700 594
electrolytic 0.7094 199 277 264 339
electrolytic 0.6853 385 490 443 546
diode 0.9351 453 502 485 536
unknown 0.8828 762 128 794 143
unknown 0.7858 763 84 795 100
unknown 0.7691 763 224 793 236
unknown 0.7249 764 180 793 197
