connector 0.9918 7 21 113 276
connector 0.9911 12 330 111 593
connector 0.9272 844 55 903 549
connector 0.8483 900 111 940 372
resistor 0.9734 243 491 273 507
resistor 0.9686 243 512 273 526
resistor 0.9636 148 388 176 404
resistor 0.9610 170 174 201 191
resistor 0.9555 147 369 176 385
resistor 0.9498 147 408 177 423
resistor 0.9373 176 566 207 583
resistor 0.9368 169 32 200 47
resistor 0.9365 147 445 177 461
resistor 0.9321 147 482 178 497
resistor 0.9266 148 463 177 480
resistor 0.9231 147 426 178 441
resistor 0.9119 243 456 272 470
resistor 0.9094 146 500 177 517
resistor 0.9019 168 128 200 143
resistor 0.8780 243 415 270 431
resistor 0.8720 243 435 272 450
resistor 0.8536 169 227 201 242
resistor 0.8302 801 348 826 373
resistor 0.8196 559 126 590 142
resistor 0.7956 907 571 940 590
resistor 0.7573 241 399 273 413
resistor 0.7527 169 84 201 100
resistor 0.6533 907 553 939 569
resistor 0.6468 243 361 271 375
resistor 0.5431 243 339 273 356
pads 0.9369 244 531 273 544
pads 0.9314 244 472 273 488
pads 0.7010 242 322 274 338
pads 0.6971 243 380 271 393
emi 0.9644 578 563 621 589
emi 0.9507 563 144 606 170
emi 0.9149 815 457 841 500
emi 0.8133 529 31 573 53
emi 0.5842 804 207 830 248
capacitor 0.9821 287 233 311 246
capacitor 0.9742 801 255 825 268
capacitor 0.9680 601 227 628 241
capacitor 0.9611 287 73 309 83
capacitor 0.9555 287 219 311 229
capacitor 0.9538 288 192 309 202
capacitor 0.9484 287 172 307 181
capacitor 0.9477 445 549 468 561
capacitor 0.9420 642 319 685 347
capacitor 0.9400 652 384 691 408
capacitor 0.9380 422 69 463 96
capacitor 0.9330 616 369 637 382
capacitor 0.9311 446 512 468 524
capacitor 0.9299 408 505 430 515
capacitor 0.9286 289 56 310 69
capacitor 0.9248 288 157 311 169
capacitor 0.9198 955 213 1001 241
capacitor 0.9185 288 95 307 105
capacitor 0.9104 208 229 219 249
capacitor 0.9091 208 180 218 204
capacitor 0.9051 457 372 476 382
capacitor 0.9009 430 233 453 246
capacitor 0.8936 351 249 391 276
capacitor 0.8896 206 83 219 108
capacitor 0.8783 332 311 371 337
capacitor 0.8721 279 313 319 339
capacitor 0.8717 317 389 338 400
capacitor 0.8696 598 552 617 559
capacitor 0.8688 348 21 391 46
capacitor 0.8665 297 19 337 47
capacitor 0.8659 298 245 336 276
capacitor 0.8624 396 564 434 591
capacitor 0.8542 382 433 406 443
capacitor 0.8523 172 540 211 566
capacitor 0.8391 383 481 405 493
capacitor 0.8374 559 61 580 72
capacitor 0.8307 289 120 309 131
capacitor 0.8266 287 142 310 153
capacitor 0.8255 179 517 202 529
capacitor 0.8149 391 185 415 199
capacitor 0.8091 317 358 338 371
capacitor 0.8036 315 345 339 357
capacitor 0.7853 317 497 339 509
capacitor 0.7825 206 128 219 150
capacitor 0.7791 382 384 406 396
capacitor 0.7744 265 548 304 575
capacitor 0.7725 317 450 336 460
capacitor 0.7527 317 401 339 412
capacitor 0.7446 316 481 339 495
capacitor 0.7442 510 340 535 355
capacitor 0.7342 185 421 206 433
capacitor 0.7339 817 441 839 452
capacitor 0.7256 550 170 570 181
capacitor 0.7226 392 138 416 152
capacitor 0.7214 512 229 534 239
capacitor 0.7191 398 233 425 246
capacitor 0.6954 561 485 581 495
capacitor 0.6923 529 62 553 74
capacitor 0.6889 288 105 309 118
capacitor 0.6785 391 89 412 103
capacitor 0.6559 957 357 1001 381
capacitor 0.6393 603 340 623 354
capacitor 0.5957 382 342 406 354
capacitor 0.5834 314 433 339 446
capacitor 0.4088 451 495 476 509
capacitor 0.3821 138 327 177 354
capacitor 0.3238 287 205 309 215
text 0.9907 516 32 526 58
text 0.9853 542 194 569 207
text 0.9838 131 388 147 401
text 0.9831 600 214 630 229
text 0.9823 116 239 130 265
text 0.9808 378 442 388 465
text 0.9794 216 548 242 559
text 0.9780 558 74 590 88
text 0.9759 201 347 224 362
text 0.9754 189 307 231 322
text 0.9748 393 172 420 185
text 0.9713 151 236 169 249
text 0.9710 312 507 342 521
text 0.9696 300 350 313 359
text 0.9690 276 442 295 453
text 0.9688 508 214 536 229
text 0.9682 790 187 802 201
text 0.9678 207 37 248 46
text 0.9670 276 517 294 526
text 0.9641 317 276 339 288
text 0.9630 529 74 558 89
text 0.9613 206 71 221 84
text 0.9606 152 175 170 187
text 0.9587 155 312 174 325
text 0.9545 263 71 288 83
text 0.9538 308 370 341 382
text 0.9524 406 489 430 502
text 0.9513 161 527 184 539
text 0.9500 416 551 437 564
text 0.9478 258 170 287 182
text 0.9471 636 471 644 485
text 0.9454 117 341 128 366
text 0.9452 539 233 548 246
text 0.9434 206 418 240 433
text 0.9424 563 564 575 588
text 0.9421 117 106 133 118
text 0.9414 299 387 315 399
text 0.9383 379 395 388 420
text 0.9366 266 95 287 106
text 0.9363 320 471 339 482
text 0.9360 401 441 430 455
text 0.9346 506 357 539 369
text 0.9329 533 467 543 482
text 0.9311 947 529 995 548
text 0.9311 379 494 388 516
text 0.9302 783 118 797 128
text 0.9302 274 401 296 413
text 0.9287 795 527 805 547
text 0.9282 272 487 297 500
text 0.9265 558 549 587 561
text 0.9264 263 56 288 69
text 0.9245 821 524 845 541
text 0.9222 378 324 410 337
text 0.9217 272 37 294 49
text 0.9214 440 473 457 485
text 0.9213 117 401 131 416
text 0.9210 797 457 809 486
text 0.9196 487 192 511 206
text 0.9184 399 374 428 388
text 0.9152 656 409 678 423
text 0.9146 418 526 430 549
text 0.9136 273 361 297 374
text 0.9129 532 381 546 400
text 0.9107 532 482 560 494
text 0.9088 549 147 561 165
text 0.9073 125 376 146 389
text 0.9065 636 385 649 404
text 0.9056 790 57 800 76
text 0.9053 376 355 391 376
text 0.9042 264 119 287 130
text 0.9033 120 189 133 199
text 0.9028 127 49 159 61
text 0.9027 767 422 783 438
text 0.9025 567 194 593 206
text 0.9022 551 382 563 398
text 0.9009 457 225 467 236
text 0.8997 903 371 920 387
text 0.8997 620 14 634 29
text 0.8984 134 553 164 566
text 0.8977 393 123 419 138
text 0.8975 273 342 297 357
text 0.8953 206 517 235 532
text 0.8941 272 469 296 482
text 0.8935 257 140 284 153
text 0.8933 438 540 459 554
text 0.8929 247 71 261 84
text 0.8926 351 297 374 310
text 0.8914 513 553 526 576
text 0.8888 258 206 287 217
text 0.8872 394 78 423 89
text 0.8848 302 300 324 309
text 0.8828 310 413 339 426
text 0.8820 389 152 403 169
text 0.8804 153 128 170 142
text 0.8799 260 192 287 202
text 0.8783 430 96 455 108
text 0.8782 447 323 460 339
text 0.8772 175 49 193 62
text 0.8719 370 276 392 289
text 0.8708 399 468 428 480
text 0.8670 174 293 260 307
text 0.8668 129 462 147 473
text 0.8665 125 428 147 440
text 0.8661 621 140 640 152
text 0.8655 290 571 312 586
text 0.8654 532 323 539 335
text 0.8652 804 22 826 42
text 0.8616 263 158 288 170
text 0.8610 152 86 169 98
text 0.8607 544 178 571 192
text 0.8592 350 368 371 384
text 0.8563 437 525 468 537
text 0.8562 214 324 238 334
text 0.8555 895 575 906 588
text 0.8534 213 559 241 568
text 0.8526 783 142 800 150
text 0.8525 348 413 371 426
text 0.8521 627 116 640 128
text 0.8520 548 458 560 470
text 0.8509 826 93 842 121
text 0.8504 129 485 147 494
text 0.8492 125 443 147 455
text 0.8484 827 255 841 268
text 0.8483 451 496 479 508
text 0.8469 212 47 241 56
text 0.8461 903 67 921 84
text 0.8435 809 148 822 169
text 0.8431 117 491 128 504
text 0.8388 204 441 223 456
text 0.8375 522 497 532 509
text 0.8358 639 345 664 359
text 0.8312 394 16 415 24
text 0.8219 948 119 969 143
text 0.8218 408 27 428 40
text 0.8196 126 413 149 425
text 0.8175 914 47 942 63
text 0.8101 445 384 460 402
text 0.8101 209 567 231 581
text 0.8096 452 358 486 371
text 0.8089 430 243 452 255
text 0.8086 273 532 298 546
text 0.8078 315 566 325 580
text 0.8054 593 124 610 139
text 0.8026 941 499 993 517
text 0.8016 532 551 556 564
text 0.8009 485 123 512 141
text 0.8000 909 109 932 120
text 0.7951 785 241 794 249
text 0.7943 272 387 294 399
text 0.7930 266 106 286 115
text 0.7909 680 448 705 460
text 0.7882 503 367 525 382
text 0.7866 275 421 294 433
text 0.7863 625 242 635 260
text 0.7860 349 509 371 521
text 0.7842 334 525 356 537
text 0.7841 579 179 611 193
text 0.7754 317 460 340 470
text 0.7719 125 502 147 516
text 0.7688 763 381 781 398
text 0.7655 244 116 261 128
text 0.7641 454 343 474 357
text 0.7622 396 221 431 233
text 0.7595 261 231 287 243
text 0.7587 151 272 277 296
text 0.7554 616 357 647 372
text 0.7530 784 350 797 376
text 0.7463 922 372 941 386
text 0.7404 787 14 800 27
text 0.7404 730 340 753 354
text 0.7359 831 197 844 218
text 0.7345 755 340 777 354
text 0.7285 461 107 475 121
text 0.7219 317 425 340 437
text 0.7065 347 461 371 473
text 0.7023 389 105 403 123
text 0.6965 493 568 514 578
text 0.6877 959 345 977 359
text 0.6851 571 340 599 354
text 0.6765 389 64 408 79
text 0.6721 493 578 520 588
text 0.6677 390 204 407 224
text 0.6623 711 431 746 441
text 0.6615 619 320 632 336
text 0.6571 895 554 908 571
text 0.6559 548 344 563 356
text 0.6508 959 199 974 214
text 0.6480 735 263 747 275
text 0.6443 914 86 947 96
text 0.6376 658 281 678 295
text 0.6281 388 62 399 76
text 0.6220 566 525 575 536
text 0.6183 708 441 743 452
text 0.5881 787 440 811 455
text 0.5685 558 541 581 554
text 0.5563 559 367 583 379
text 0.4904 271 455 294 468
text 0.3848 391 471 422 483
text 0.3279 273 391 295 405
text 0.3234 263 211 287 222
text 0.3214 126 488 143 501
component 0.9929 475 414 525 454
component 0.9861 343 109 369 134
component 0.9848 567 414 619 455
component 0.9746 344 205 368 230
component 0.9741 483 83 512 115
component 0.9695 670 507 782 571
component 0.9616 659 23 774 87
component 0.9490 157 411 167 420
component 0.9460 156 448 167 458
component 0.9397 157 372 167 381
component 0.9284 663 152 775 218
component 0.9267 485 152 513 179
component 0.9213 328 556 358 585
component 0.9162 192 381 225 399
component 0.9146 779 288 813 316
component 0.9062 157 467 167 477
component 0.8935 158 429 168 438
component 0.8932 157 487 167 494
component 0.8903 793 401 825 435
component 0.8863 717 296 745 321
component 0.8810 585 513 614 543
component 0.8652 488 523 509 551
component 0.8643 156 504 167 514
component 0.8359 190 479 222 496
component 0.7812 343 62 369 89
component 0.7703 157 392 167 402
component 0.7148 342 155 368 180
test 0.8554 545 207 565 224
test 0.8163 213 16 238 37
test 0.8150 918 62 944 84
test 0.7559 533 566 553 585
test 0.7362 566 204 584 224
test 0.7218 469 566 489 586
test 0.6975 718 452 738 472
test 0.3343 219 571 241 596
led 0.9694 128 31 159 47
led 0.9451 135 568 163 583
led 0.8976 908 512 937 527
led 0.5696 907 534 940 550
ic 0.9927 643 477 805 613
ic 0.9906 629 133 799 258
ic 0.9858 546 238 626 344
ic 0.9838 347 345 379 372
ic 0.9778 630 3 799 127
ic 0.9711 454 241 535 342
ic 0.9704 561 381 642 485
ic 0.9625 468 509 529 564
ic 0.9581 325 195 389 241
ic 0.9505 347 386 379 411
ic 0.9332 457 381 534 482
ic 0.9247 325 54 388 100
ic 0.9197 393 522 420 553
ic 0.9185 344 433 378 463
ic 0.9180 324 148 389 196
ic 0.9145 347 482 377 508
ic 0.8851 433 209 460 230
ic 0.8802 186 360 235 419
ic 0.8193 324 100 389 147
ic 0.7950 186 455 233 518
ic 0.6880 403 45 432 66
electrolytic 0.9294 648 459 704 482
electrolytic 0.9195 474 75 524 122
electrolytic 0.8838 784 390 835 443
electrolytic 0.8351 645 258 701 285
electrolytic 0.7840 471 140 527 191
electrolytic 0.7741 577 489 635 546
electrolytic 0.7369 759 276 822 340
electrolytic 0.7217 318 542 369 593
electrolytic 0.6937 688 273 759 339
diode 0.7169 535 501 567 537
unknown 0.8030 226 128 257 143
unknown 0.7667 226 224 258 236
unknown 0.7313 225 83 257 101
unknown 0.6369 226 178 259 197
