connector 0.9904 423 14 539 132
connector 0.9901 387 494 504 611
connector 0.9882 225 494 344 614
connector 0.9872 732 142 916 259
connector 0.9865 586 14 702 129
connector 0.9852 734 306 916 424
connector 0.9767 614 287 716 309
connector 0.9682 616 225 707 247
connector 0.9609 19 60 78 349
resistor 0.9752 586 313 608 363
resistor 0.9684 531 203 574 226
resistor 0.9637 85 203 107 250
resistor 0.9634 529 338 577 361
resistor 0.9555 557 392 590 419
resistor 0.9550 654 394 686 419
resistor 0.9364 564 138 602 155
resistor 0.9270 475 338 523 361
resistor 0.9196 375 240 418 264
resistor 0.9038 479 203 523 227
resistor 0.8836 586 202 608 246
resistor 0.8569 526 137 562 154
resistor 0.8347 373 300 418 323
resistor 0.8302 112 347 141 374
resistor 0.6626 663 142 712 167
pads 0.9938 423 201 474 231
pads 0.9693 330 89 416 175
pads 0.9435 378 207 417 226
pads 0.9412 422 337 474 361
pads 0.9216 346 71 385 91
pads 0.8772 376 339 415 359
pads 0.8489 395 264 416 298
emi 0.9785 152 135 191 184
emi 0.8047 155 255 189 302
capacitor 0.9859 262 395 277 430
capacitor 0.9858 536 262 569 280
capacitor 0.9748 222 191 286 231
capacitor 0.9704 447 250 465 286
capacitor 0.9614 302 191 341 252
capacitor 0.9600 310 306 346 326
capacitor 0.9599 222 397 240 430
capacitor 0.9494 345 193 366 246
capacitor 0.9312 350 448 365 481
capacitor 0.9105 615 335 652 357
capacitor 0.8988 253 52 317 89
capacitor 0.8941 210 70 240 86
capacitor 0.8938 272 114 287 147
capacitor 0.8877 304 393 322 430
capacitor 0.8717 209 172 240 191
capacitor 0.8532 425 137 440 173
capacitor 0.8330 128 200 192 238
capacitor 0.8234 449 295 465 332
capacitor 0.8138 536 284 568 302
capacitor 0.8113 281 261 318 280
capacitor 0.7874 160 52 198 117
capacitor 0.7742 379 448 398 485
capacitor 0.7313 618 201 651 216
capacitor 0.7176 172 322 203 337
text 0.9879 145 539 180 562
text 0.9872 288 474 319 494
text 0.9865 112 247 150 264
text 0.9853 26 12 59 35
text 0.9852 312 328 344 350
text 0.9832 754 468 778 522
text 0.9826 738 275 788 291
text 0.9822 558 545 597 565
text 0.9819 630 386 652 423
text 0.9817 711 335 732 372
text 0.9816 348 255 366 291
text 0.9813 350 300 368 337
text 0.9793 346 44 383 66
text 0.9784 209 14 242 38
text 0.9767 212 440 251 458
text 0.9764 108 163 146 185
text 0.9761 321 249 343 291
text 0.9757 426 306 444 331
text 0.9755 260 26 299 47
text 0.9755 240 474 278 494
text 0.9755 712 380 729 414
text 0.9752 586 363 609 381
text 0.9733 464 474 500 494
text 0.9705 441 140 460 177
text 0.9698 600 576 643 593
text 0.9685 429 242 446 264
text 0.9675 711 256 730 274
text 0.9672 485 363 510 382
text 0.9668 436 361 462 381
text 0.9668 377 187 410 205
text 0.9661 469 319 538 336
text 0.9651 552 245 577 263
text 0.9645 281 390 299 430
text 0.9640 564 14 582 52
text 0.9639 244 170 279 190
text 0.9620 330 450 348 487
text 0.9614 401 8 421 55
text 0.9610 603 431 614 452
text 0.9605 83 183 119 203
text 0.9595 211 280 235 298
text 0.9576 408 474 448 491
text 0.9574 165 20 200 42
text 0.9556 387 66 416 84
text 0.9551 47 357 74 377
text 0.9548 16 357 37 378
text 0.9529 709 313 730 332
text 0.9521 318 173 354 191
text 0.9512 440 179 466 200
text 0.9511 713 158 730 191
text 0.9505 196 247 229 267
text 0.9481 385 359 412 379
text 0.9466 650 545 690 564
text 0.9459 490 139 526 158
text 0.9457 105 384 142 404
text 0.9413 378 223 413 240
text 0.9408 119 308 156 326
text 0.9401 17 37 33 55
text 0.9396 589 593 639 610
text 0.9376 537 360 565 378
text 0.9361 484 185 511 203
text 0.9336 52 38 66 55
text 0.9329 537 386 553 423
text 0.9320 489 243 515 262
text 0.9305 169 399 193 419
text 0.9281 700 432 713 451
text 0.9255 198 86 218 123
text 0.9223 714 202 733 245
text 0.9222 584 183 608 199
text 0.9198 248 235 283 253
text 0.9149 206 323 221 367
text 0.9124 624 357 645 377
text 0.9123 624 167 672 183
text 0.9121 326 428 419 445
text 0.9104 30 475 48 570
text 0.9091 713 89 731 138
text 0.9035 49 464 70 589
text 0.9018 521 160 596 180
text 0.8887 581 253 618 269
text 0.8867 582 288 613 304
text 0.8827 634 151 660 166
text 0.8811 253 150 292 163
text 0.8766 601 137 630 151
text 0.8747 459 135 487 152
text 0.8675 635 132 662 150
text 0.8617 194 124 216 151
text 0.8523 12 460 36 585
text 0.8464 547 302 574 321
text 0.8456 259 88 296 108
text 0.8300 295 91 332 106
text 0.8299 532 182 561 199
text 0.8227 284 249 317 266
text 0.8198 661 198 714 213
text 0.8160 618 182 645 199
text 0.8132 737 92 780 108
text 0.8024 110 143 131 163
text 0.6709 325 391 341 416
text 0.6513 398 452 413 485
text 0.6440 414 265 433 303
component 0.9879 644 507 703 518
component 0.9877 219 114 253 145
component 0.9838 485 274 513 300
component 0.9803 116 458 180 470
component 0.9760 120 503 178 516
component 0.9699 543 505 607 518
component 0.9697 543 459 605 472
component 0.9693 176 378 191 390
component 0.9572 491 344 506 354
component 0.9548 228 305 280 374
component 0.9531 390 307 403 316
component 0.9202 642 459 702 474
component 0.9199 390 247 403 258
component 0.8860 299 122 310 139
component 0.7761 105 110 128 125
component 0.7425 493 209 509 220
component 0.7246 679 150 694 161
test 0.9825 204 36 242 68
test 0.9773 646 579 681 612
test 0.9050 676 170 700 198
test 0.6573 286 161 310 188
led 0.9268 737 113 786 136
ic 0.9860 219 298 301 380
ic 0.9330 476 266 522 307
switch 0.9905 103 431 196 540
switch 0.9898 528 432 621 542
switch 0.9893 629 434 718 542
diode 0.6025 90 94 147 145
jumper 0.9324 614 308 712 333
jumper 0.7266 619 247 709 271
inductor 0.9166 158 368 207 402
