connector 0.9908 10 16 111 281
connector 0.9895 8 336 114 589
connector 0.9533 844 58 901 564
connector 0.8208 901 244 939 495
resistor 0.9671 148 135 177 150
resistor 0.9634 148 210 177 225
resistor 0.9615 148 191 177 206
resistor 0.9607 148 172 177 187
resistor 0.9593 148 152 176 169
resistor 0.9524 243 239 271 251
resistor 0.9504 169 372 201 387
resistor 0.9450 169 566 201 581
resistor 0.9431 558 472 591 487
resistor 0.9365 147 96 178 113
resistor 0.9304 149 229 176 243
resistor 0.9294 169 472 201 487
resistor 0.9143 146 116 179 132
resistor 0.9028 243 258 273 273
resistor 0.8875 169 423 201 438
resistor 0.8790 244 88 272 100
resistor 0.8222 177 31 206 47
resistor 0.8127 243 105 273 120
resistor 0.7748 242 182 272 197
resistor 0.7710 801 239 826 267
resistor 0.7390 242 202 272 216
resistor 0.7283 243 142 273 160
resistor 0.7079 907 25 939 42
resistor 0.6541 169 512 201 532
resistor 0.6463 908 44 940 59
resistor 0.6276 242 162 272 178
pads 0.8907 242 276 272 291
pads 0.8849 243 69 272 83
pads 0.7388 242 219 272 234
pads 0.7288 243 126 272 140
emi 0.9502 579 24 622 52
emi 0.9268 563 446 606 469
emi 0.8229 814 116 842 157
emi 0.6461 805 364 829 406
emi 0.6453 529 559 574 583
capacitor 0.9810 600 371 627 387
capacitor 0.9720 289 545 309 556
capacitor 0.9687 287 509 306 517
capacitor 0.9675 288 531 308 539
capacitor 0.9627 172 47 211 73
capacitor 0.9543 287 367 312 379
capacitor 0.9543 287 411 309 423
capacitor 0.9491 287 434 308 441
capacitor 0.9401 430 367 452 382
capacitor 0.9388 617 231 637 243
capacitor 0.9348 408 98 430 108
capacitor 0.9328 316 117 339 130
capacitor 0.9312 602 258 622 271
capacitor 0.9273 957 232 1001 255
capacitor 0.9256 447 88 468 100
capacitor 0.9244 288 445 311 458
capacitor 0.9240 349 566 391 591
capacitor 0.9220 298 338 337 366
capacitor 0.9199 651 204 691 230
capacitor 0.9191 598 53 618 61
capacitor 0.9145 421 518 461 544
capacitor 0.9077 642 266 686 293
capacitor 0.9017 457 231 477 243
capacitor 0.8997 452 116 477 130
capacitor 0.8961 288 384 312 395
capacitor 0.8954 297 566 339 592
capacitor 0.8928 529 541 554 551
capacitor 0.8881 288 483 308 495
capacitor 0.8870 316 256 339 268
capacitor 0.8810 390 512 414 525
capacitor 0.8717 178 84 201 96
capacitor 0.8693 350 337 391 364
capacitor 0.8692 801 345 824 357
capacitor 0.8676 316 214 339 226
capacitor 0.8587 383 120 405 133
capacitor 0.8561 208 409 218 436
capacitor 0.8484 395 24 434 49
capacitor 0.8479 511 373 533 384
capacitor 0.8471 445 52 467 65
capacitor 0.8470 558 541 580 551
capacitor 0.8449 383 216 406 229
capacitor 0.8428 383 170 405 180
capacitor 0.8397 583 431 605 441
capacitor 0.8288 184 179 206 191
capacitor 0.8280 816 160 839 172
capacitor 0.8270 332 276 371 303
capacitor 0.8179 317 242 339 256
capacitor 0.7785 398 367 425 381
capacitor 0.7742 560 117 582 130
capacitor 0.7715 206 463 219 484
capacitor 0.7612 317 103 339 116
capacitor 0.7608 318 152 337 165
capacitor 0.7377 138 260 177 287
capacitor 0.7112 314 200 339 212
capacitor 0.6971 383 261 406 271
capacitor 0.6785 209 364 218 387
capacitor 0.6750 390 413 415 431
capacitor 0.6708 278 273 319 303
capacitor 0.6602 315 165 339 177
capacitor 0.6508 288 460 310 470
capacitor 0.6386 206 504 219 529
capacitor 0.6195 955 371 1001 399
capacitor 0.4329 266 37 307 63
capacitor 0.3525 548 431 571 442
capacitor 0.3097 169 81 192 93
text 0.9829 201 253 223 265
text 0.9820 378 148 389 170
text 0.9793 637 128 644 143
text 0.9787 516 554 526 583
text 0.9785 128 554 160 564
text 0.9778 275 88 294 97
text 0.9777 530 118 560 130
text 0.9754 790 412 801 425
text 0.9747 188 292 232 307
text 0.9742 320 131 339 143
text 0.9735 132 211 147 223
text 0.9711 457 376 468 389
text 0.9705 795 66 804 85
text 0.9689 379 194 389 217
text 0.9685 942 96 994 113
text 0.9679 117 493 132 507
text 0.9671 352 303 374 315
text 0.9643 117 247 127 271
text 0.9639 206 531 221 544
text 0.9637 213 56 242 66
text 0.9635 514 37 526 60
text 0.9627 529 525 558 541
text 0.9610 534 133 543 144
text 0.9609 393 430 421 440
text 0.9587 826 492 841 521
text 0.9578 273 113 298 127
text 0.9545 559 524 590 540
text 0.9544 119 413 133 426
text 0.9516 261 369 287 381
text 0.9507 405 111 430 123
text 0.9500 910 493 932 505
text 0.9500 259 431 287 443
text 0.9492 207 568 248 578
text 0.9489 114 350 129 376
text 0.9482 317 178 339 190
text 0.9477 394 524 423 533
text 0.9423 201 158 223 172
text 0.9403 273 132 296 143
text 0.9392 300 214 315 227
text 0.9387 521 103 531 115
text 0.9344 125 98 148 111
text 0.9331 736 339 748 352
text 0.9324 255 460 284 472
text 0.9321 299 254 312 266
text 0.9311 312 91 341 106
text 0.9307 959 253 977 268
text 0.9303 263 544 287 556
text 0.9290 784 239 797 264
text 0.9283 135 46 164 59
text 0.9283 128 120 148 130
text 0.9277 418 66 430 88
text 0.9272 379 97 388 118
text 0.9272 152 473 169 485
text 0.9268 501 234 526 246
text 0.9266 213 278 238 290
text 0.9258 810 443 822 465
text 0.9255 539 367 549 382
text 0.9250 348 93 371 105
text 0.9235 274 180 295 194
text 0.9224 125 175 147 185
text 0.9222 600 384 629 398
text 0.9212 379 276 410 288
text 0.9206 260 399 287 408
text 0.9205 388 443 402 460
text 0.9204 543 407 571 421
text 0.9188 682 152 706 165
text 0.9176 152 425 170 440
text 0.9174 152 364 169 376
text 0.9171 162 73 184 85
text 0.9153 916 549 943 566
text 0.9152 274 158 295 170
text 0.9147 154 290 174 302
text 0.9139 430 505 455 519
text 0.9125 548 142 560 155
text 0.9121 388 391 402 411
text 0.9094 371 324 391 336
text 0.9093 351 231 371 243
text 0.9088 509 385 537 399
text 0.9082 547 448 561 467
text 0.9057 168 305 261 323
text 0.9052 790 537 800 559
text 0.9031 307 232 343 244
text 0.9001 640 256 665 268
text 0.8972 273 239 297 253
text 0.8967 768 175 783 192
text 0.8966 400 160 430 172
text 0.8910 117 199 131 212
text 0.8910 125 159 147 169
text 0.8903 619 584 634 598
text 0.8898 438 78 469 88
text 0.8898 782 485 796 495
text 0.8896 637 210 649 229
text 0.8890 486 406 512 421
text 0.8877 563 24 575 49
text 0.8876 797 127 808 156
text 0.8844 895 24 906 36
text 0.8833 947 66 994 83
text 0.8822 248 531 260 543
text 0.8788 152 514 169 527
text 0.8767 826 345 841 359
text 0.8764 822 73 844 88
text 0.8763 947 472 966 494
text 0.8755 211 34 223 46
text 0.8745 531 279 539 292
text 0.8724 317 325 339 337
text 0.8723 126 226 145 238
text 0.8717 431 357 453 369
text 0.8675 399 225 428 238
text 0.8674 289 26 312 41
text 0.8673 390 490 403 507
text 0.8672 273 214 295 227
text 0.8629 263 443 287 458
text 0.8618 593 473 610 490
text 0.8606 399 133 428 145
text 0.8600 246 487 261 500
text 0.8584 315 32 324 46
text 0.8562 209 180 240 195
text 0.8560 348 140 371 152
text 0.8533 273 564 294 576
text 0.8529 453 105 479 116
text 0.8499 547 256 563 268
text 0.8474 895 42 908 59
text 0.8467 273 68 299 80
text 0.8453 272 256 298 271
text 0.8443 117 112 128 123
text 0.8419 263 529 288 544
text 0.8379 272 199 296 212
text 0.8374 763 216 780 231
text 0.8348 127 140 148 150
text 0.8346 443 212 458 229
text 0.8312 212 556 241 568
text 0.8287 174 553 194 564
text 0.8270 440 128 457 142
text 0.8250 206 83 236 96
text 0.8241 309 187 339 201
text 0.8233 568 79 575 88
text 0.8230 126 187 149 201
text 0.8224 335 79 356 89
text 0.8215 397 381 430 391
text 0.8213 730 258 752 273
text 0.8211 579 419 612 433
text 0.8211 392 588 414 596
text 0.8185 377 238 390 259
text 0.8176 568 408 594 421
text 0.8142 437 61 460 73
text 0.8125 417 51 438 61
text 0.8078 657 191 678 204
text 0.8069 302 303 325 313
text 0.8026 959 399 975 413
text 0.7966 461 491 477 504
text 0.7937 532 212 546 231
text 0.7884 485 473 511 490
text 0.7828 409 573 428 587
text 0.7823 551 216 563 231
text 0.7798 261 410 287 423
text 0.7788 914 517 948 527
text 0.7737 755 259 777 274
text 0.7717 559 61 584 73
text 0.7673 558 234 584 248
text 0.7646 454 256 473 271
text 0.7640 152 315 282 341
text 0.7618 627 487 639 497
text 0.7569 657 319 679 332
text 0.7537 349 187 371 200
text 0.7515 392 477 423 490
text 0.7502 447 273 460 290
text 0.7475 903 228 920 241
text 0.7474 265 492 286 508
text 0.7405 545 420 571 434
text 0.7351 625 354 635 371
text 0.7325 805 571 827 591
text 0.7282 493 36 513 46
text 0.7195 619 280 633 293
text 0.7192 489 25 524 36
text 0.7158 830 394 843 419
text 0.7110 388 537 400 551
text 0.7040 785 364 794 371
text 0.6978 617 241 646 256
text 0.6897 533 48 554 63
text 0.6893 788 585 799 598
text 0.6886 621 460 640 473
text 0.6395 455 244 484 260
text 0.6227 264 506 285 516
text 0.6210 902 529 920 548
text 0.6174 922 229 941 244
text 0.6119 708 160 746 174
text 0.6003 786 160 812 173
text 0.5994 571 259 600 273
text 0.5953 711 171 746 182
text 0.5615 783 463 798 470
text 0.5140 263 485 286 502
text 0.5063 506 244 537 257
text 0.4784 492 32 514 42
text 0.4517 274 139 296 152
text 0.4040 259 385 286 395
text 0.3642 390 381 409 400
text 0.3251 263 500 283 510
text 0.3083 390 481 403 499
component 0.9905 474 158 526 201
component 0.9856 669 42 782 105
component 0.9819 568 157 619 200
component 0.9720 330 29 355 55
component 0.9706 343 384 369 407
component 0.9677 157 100 168 108
component 0.9651 344 479 366 503
component 0.9594 344 526 365 552
component 0.9550 157 194 167 202
component 0.9523 485 499 511 530
component 0.9452 486 434 511 459
component 0.9343 661 395 773 460
component 0.9329 795 181 823 206
component 0.9309 488 61 508 87
component 0.9284 157 118 168 127
component 0.9214 659 527 774 590
component 0.9089 192 214 226 234
component 0.9085 157 212 167 221
component 0.9073 157 137 167 145
component 0.9042 586 73 615 101
component 0.8908 157 175 169 184
component 0.8446 192 116 224 136
component 0.8136 779 297 810 324
component 0.8097 156 231 167 241
component 0.8062 156 154 167 164
component 0.7936 715 293 744 317
component 0.7705 342 428 369 457
test 0.9515 469 27 490 47
test 0.9387 533 27 552 47
test 0.8872 565 389 585 409
test 0.8226 546 389 566 408
test 0.7697 214 577 238 598
test 0.7616 719 140 739 160
test 0.7542 223 19 243 42
test 0.7196 920 529 944 549
led 0.9739 127 566 160 581
led 0.9712 135 32 165 44
led 0.7188 908 86 937 101
led 0.6395 908 64 940 78
ic 0.9948 641 1 806 135
ic 0.9882 629 356 799 480
ic 0.9862 561 129 642 233
ic 0.9827 454 270 534 372
ic 0.9826 547 267 625 374
ic 0.9739 186 196 235 254
ic 0.9739 469 47 527 103
ic 0.9664 186 95 233 159
ic 0.9644 458 130 534 232
ic 0.9539 346 105 377 133
ic 0.9536 629 484 798 612
ic 0.9454 346 241 378 271
ic 0.9426 393 60 420 91
ic 0.9322 345 151 378 180
ic 0.9299 326 370 387 417
ic 0.9135 345 201 378 229
ic 0.9066 323 420 388 464
ic 0.8467 432 381 459 403
ic 0.8461 403 549 432 569
ic 0.8152 325 516 385 559
ic 0.8045 323 467 388 511
electrolytic 0.9691 649 131 702 152
electrolytic 0.9261 783 169 836 223
electrolytic 0.9203 644 328 698 354
electrolytic 0.9157 472 489 525 539
electrolytic 0.8953 472 421 527 472
electrolytic 0.7731 577 63 636 121
electrolytic 0.7530 320 20 369 73
electrolytic 0.7487 754 274 823 337
electrolytic 0.5423 686 276 756 341
diode 0.7086 534 77 568 110
unknown 0.8993 226 470 258 487
unknown 0.8571 226 377 258 389
unknown 0.7097 226 418 260 433
unknown 0.6027 227 512 259 531
