connector 0.9914 907 24 1014 277
connector 0.9902 911 329 1009 596
connector 0.9487 117 55 177 549
connector 0.7785 81 110 120 367
resistor 0.9575 815 566 844 583
resistor 0.9557 841 482 875 497
resistor 0.9532 843 389 873 405
resistor 0.9519 844 369 873 385
resistor 0.9440 845 445 873 461
resistor 0.9423 843 407 872 422
resistor 0.9373 820 31 852 47
resistor 0.9356 843 462 874 481
resistor 0.9216 748 493 777 507
resistor 0.9213 843 425 873 440
resistor 0.9085 748 512 777 527
resistor 0.9002 821 174 852 192
resistor 0.8780 820 128 851 143
resistor 0.8547 842 500 874 518
resistor 0.8427 819 226 850 242
resistor 0.8318 81 554 113 568
resistor 0.8169 749 362 776 374
resistor 0.7981 194 347 219 374
resistor 0.7912 81 571 113 590
resistor 0.7742 430 126 461 143
resistor 0.7225 748 403 779 418
resistor 0.7054 747 339 777 357
resistor 0.6517 749 415 777 429
resistor 0.6469 819 82 851 100
resistor 0.6310 748 436 777 450
resistor 0.6229 748 456 777 471
pads 0.8747 748 532 777 545
pads 0.8199 750 379 778 394
pads 0.7538 748 473 777 488
pads 0.6294 748 321 777 337
emi 0.9519 399 563 442 589
emi 0.9275 413 146 458 169
emi 0.8853 179 458 206 499
emi 0.8316 447 31 491 54
emi 0.6087 191 207 216 248
capacitor 0.9620 594 233 622 246
capacitor 0.9577 615 385 637 397
capacitor 0.9573 615 433 639 443
capacitor 0.9524 713 172 733 181
capacitor 0.9453 543 371 564 381
capacitor 0.9444 702 312 742 339
capacitor 0.9420 685 246 723 275
capacitor 0.9400 559 69 600 95
capacitor 0.9372 709 234 733 246
capacitor 0.9364 440 61 462 72
capacitor 0.9342 709 157 735 170
capacitor 0.9339 711 73 733 83
capacitor 0.9334 329 383 369 408
capacitor 0.9329 683 388 704 398
capacitor 0.9249 711 192 733 202
capacitor 0.9241 607 184 629 198
capacitor 0.9182 684 451 703 460
capacitor 0.9150 568 233 590 245
capacitor 0.9063 392 226 421 241
capacitor 0.9058 585 563 626 591
capacitor 0.9009 18 213 66 241
capacitor 0.8983 801 84 813 108
capacitor 0.8934 439 485 460 495
capacitor 0.8848 196 256 219 268
capacitor 0.8753 554 512 576 524
capacitor 0.8750 681 344 705 357
capacitor 0.8729 810 538 849 566
capacitor 0.8710 590 504 612 514
capacitor 0.8612 629 22 672 47
capacitor 0.8574 486 228 509 239
capacitor 0.8475 682 482 704 494
capacitor 0.8474 334 320 378 347
capacitor 0.8327 820 517 841 529
capacitor 0.8262 844 327 883 352
capacitor 0.8259 710 56 731 69
capacitor 0.8243 629 249 671 276
capacitor 0.8228 711 206 732 216
capacitor 0.8217 681 20 722 46
capacitor 0.8165 713 95 733 105
capacitor 0.8136 18 356 63 381
capacitor 0.8083 615 480 636 492
capacitor 0.7956 554 548 575 560
capacitor 0.7852 681 357 705 372
capacitor 0.7757 383 369 404 383
capacitor 0.7701 650 310 689 337
capacitor 0.7672 402 554 425 562
capacitor 0.7579 802 179 812 205
capacitor 0.7555 468 62 492 74
capacitor 0.7546 709 219 733 229
capacitor 0.7544 711 105 732 117
capacitor 0.7540 814 421 836 433
capacitor 0.7282 712 119 733 131
capacitor 0.7241 181 440 202 453
capacitor 0.7174 802 229 812 249
capacitor 0.7098 485 339 512 355
capacitor 0.6986 614 342 640 353
capacitor 0.6680 801 127 813 150
capacitor 0.6578 682 496 704 510
capacitor 0.6573 716 549 755 575
capacitor 0.6548 710 142 733 153
capacitor 0.6482 398 341 418 354
capacitor 0.6240 608 88 629 103
capacitor 0.4403 682 401 705 411
capacitor 0.4382 602 136 627 152
text 0.9883 893 342 903 366
text 0.9804 775 548 806 559
text 0.9794 682 276 704 288
text 0.9784 465 552 489 564
text 0.9778 773 35 813 46
text 0.9778 632 441 643 463
text 0.9773 460 147 472 168
text 0.9735 494 32 504 58
text 0.9734 734 56 758 69
text 0.9728 27 529 72 548
text 0.9725 462 73 491 88
text 0.9719 430 73 461 89
text 0.9690 893 492 903 504
text 0.9684 797 347 819 361
text 0.9661 593 374 621 388
text 0.9653 787 307 831 322
text 0.9635 797 441 818 455
text 0.9631 888 106 903 118
text 0.9626 592 468 621 480
text 0.9613 682 414 711 427
text 0.9602 480 468 486 482
text 0.9594 632 396 642 421
text 0.9587 873 428 895 440
text 0.9586 582 551 604 563
text 0.9582 723 471 747 483
text 0.9577 890 239 905 265
text 0.9568 392 214 421 229
text 0.9552 601 172 627 184
text 0.9546 725 402 747 414
text 0.9516 679 507 708 521
text 0.9513 475 381 489 401
text 0.9509 680 470 704 483
text 0.9498 873 389 890 401
text 0.9493 426 553 462 564
text 0.9476 663 524 686 537
text 0.9468 590 490 615 502
text 0.9453 224 348 236 375
text 0.9450 856 554 886 566
text 0.9445 450 194 479 207
text 0.9442 565 96 590 108
text 0.9440 629 354 645 376
text 0.9437 179 256 193 267
text 0.9429 872 414 897 426
text 0.9421 726 443 745 457
text 0.9386 734 158 757 170
text 0.9373 861 49 894 61
text 0.9366 888 188 900 199
text 0.9361 483 214 511 228
text 0.9360 733 70 757 83
text 0.9322 758 292 851 308
text 0.9314 618 105 630 122
text 0.9312 240 382 257 398
text 0.9311 873 443 895 454
text 0.9307 726 517 746 527
text 0.9306 632 494 642 516
text 0.9303 238 422 253 439
text 0.9294 553 224 563 235
text 0.9287 734 140 764 153
text 0.9286 223 14 234 27
text 0.9280 28 500 77 517
text 0.9272 734 96 755 107
text 0.9245 851 86 868 98
text 0.9239 851 128 867 141
text 0.9228 591 528 602 548
text 0.9220 800 71 814 83
text 0.9212 276 430 309 441
text 0.9210 680 424 704 436
text 0.9203 734 170 759 182
text 0.9196 494 553 506 576
text 0.9195 874 462 894 473
text 0.9186 726 37 747 49
text 0.9173 874 485 893 495
text 0.9172 708 571 729 586
text 0.9167 887 400 903 414
text 0.9167 226 241 236 248
text 0.9145 723 361 748 374
text 0.9145 649 509 672 522
text 0.9133 386 241 396 260
text 0.9110 608 16 627 25
text 0.9108 629 276 649 291
text 0.9079 382 116 393 127
text 0.9068 211 458 223 486
text 0.9065 46 199 61 214
text 0.9063 410 124 429 141
text 0.9049 610 324 642 337
text 0.9046 874 502 895 516
text 0.9036 559 384 576 401
text 0.9030 734 119 757 130
text 0.9025 219 187 231 201
text 0.9014 696 565 706 580
text 0.8996 221 56 231 75
text 0.8974 705 387 720 398
text 0.8974 734 219 765 229
text 0.8951 779 418 815 433
text 0.8940 511 123 536 140
text 0.8919 376 470 384 485
text 0.8908 427 194 453 206
text 0.8886 827 48 845 61
text 0.8849 178 94 194 121
text 0.8830 723 487 748 500
text 0.8822 568 244 589 256
text 0.8809 725 388 749 400
text 0.8780 796 568 811 579
text 0.8773 761 116 776 128
text 0.8742 542 494 567 507
text 0.8742 760 71 772 83
text 0.8737 726 420 745 432
text 0.8711 387 14 401 30
text 0.8645 552 524 581 536
text 0.8625 408 179 440 194
text 0.8614 458 381 470 399
text 0.8600 472 233 481 245
text 0.8599 647 297 668 310
text 0.8589 449 180 477 192
text 0.8558 740 271 869 298
text 0.8546 696 300 717 310
text 0.8515 836 527 858 539
text 0.8514 100 67 118 84
text 0.8503 724 532 748 546
text 0.8499 592 27 612 39
text 0.8484 648 413 669 425
text 0.8457 446 524 453 536
text 0.8424 786 517 815 531
text 0.8393 591 221 624 233
text 0.8391 845 312 865 324
text 0.8385 461 457 472 470
text 0.8375 851 175 868 188
text 0.8367 177 196 191 220
text 0.8338 43 345 61 360
text 0.8331 482 322 490 335
text 0.8326 560 323 575 340
text 0.8303 115 574 127 589
text 0.8302 618 201 631 222
text 0.8291 458 344 472 356
text 0.8289 78 371 98 386
text 0.8275 709 349 721 359
text 0.8250 650 460 674 473
text 0.8243 545 107 560 121
text 0.8204 596 78 628 88
text 0.8158 723 342 748 357
text 0.8150 679 460 707 470
text 0.8149 735 106 755 116
text 0.8136 733 207 760 217
text 0.8128 590 440 619 455
text 0.8107 489 496 498 508
text 0.8052 371 384 385 404
text 0.7997 445 564 458 588
text 0.7969 734 192 760 202
text 0.7951 783 324 807 335
text 0.7950 509 192 534 207
text 0.7947 459 482 488 494
text 0.7922 267 340 290 354
text 0.7874 374 357 404 371
text 0.7869 536 356 567 372
text 0.7866 562 472 579 485
text 0.7855 275 440 311 454
text 0.7853 216 528 226 549
text 0.7802 779 47 810 56
text 0.7796 52 120 73 142
text 0.7759 507 569 526 579
text 0.7701 481 357 513 370
text 0.7624 650 369 672 383
text 0.7624 438 367 462 380
text 0.7564 87 108 111 121
text 0.7557 101 372 118 387
text 0.7514 603 123 627 138
text 0.7509 193 22 217 42
text 0.7480 877 377 893 388
text 0.7464 315 448 341 460
text 0.7457 494 368 518 381
text 0.7377 113 554 127 571
text 0.7365 617 152 632 170
text 0.7282 242 340 265 354
text 0.7181 342 409 363 423
text 0.7174 198 148 212 171
text 0.7165 850 235 867 248
text 0.7063 680 369 711 382
text 0.6929 354 344 384 359
text 0.6896 342 281 364 295
text 0.6852 73 86 108 96
text 0.6835 176 524 198 541
text 0.6779 438 539 462 552
text 0.6714 389 320 401 334
text 0.6675 224 118 238 127
text 0.6647 619 65 632 78
text 0.6617 734 231 762 242
text 0.6608 547 341 565 357
text 0.6548 272 263 285 275
text 0.6456 561 539 581 554
text 0.6193 208 440 233 455
text 0.6155 496 578 533 589
text 0.6127 78 47 105 64
text 0.5965 223 142 238 150
text 0.5423 421 340 449 354
text 0.5171 791 559 809 569
text 0.3879 381 140 399 153
text 0.3243 605 215 628 232
text 0.3218 874 409 899 423
component 0.9911 401 414 451 455
component 0.9909 494 412 545 456
component 0.9861 651 205 677 229
component 0.9723 664 557 692 586
component 0.9707 654 112 677 136
component 0.9628 510 153 536 179
component 0.9619 854 487 864 495
component 0.9603 854 467 864 477
component 0.9585 238 507 350 570
component 0.9472 853 504 864 513
component 0.9414 195 405 227 433
component 0.9367 851 429 863 438
component 0.9365 247 24 361 87
component 0.9363 853 411 863 420
component 0.9345 853 391 864 401
component 0.9266 245 152 359 218
component 0.9200 795 380 825 399
component 0.9048 209 288 241 314
component 0.9039 853 448 864 458
component 0.8953 508 83 537 116
component 0.8881 512 524 531 551
component 0.8596 853 372 863 382
component 0.8460 408 513 436 542
component 0.8256 654 63 678 91
component 0.8200 796 478 826 497
component 0.8076 653 155 678 181
component 0.7974 274 295 305 321
test 0.8735 436 204 455 224
test 0.8730 532 566 550 585
test 0.8617 76 63 101 83
test 0.7640 467 567 488 586
test 0.7319 782 15 807 37
test 0.7102 281 454 302 471
test 0.6731 455 206 474 223
led 0.9719 862 31 895 46
led 0.9490 856 568 886 583
led 0.8454 83 512 113 527
led 0.6417 80 534 113 551
ic 0.9915 216 477 377 612
ic 0.9854 224 132 390 257
ic 0.9815 395 238 475 345
ic 0.9811 486 241 566 341
ic 0.9670 643 385 674 410
ic 0.9604 378 382 459 485
ic 0.9571 490 509 553 564
ic 0.9567 223 3 390 128
ic 0.9424 642 344 674 372
ic 0.9349 635 56 695 100
ic 0.9348 632 149 697 197
ic 0.9260 644 483 674 507
ic 0.9124 601 523 627 552
ic 0.9062 632 195 695 243
ic 0.8830 487 381 562 482
ic 0.8711 642 434 677 463
ic 0.8581 786 358 835 418
ic 0.8247 588 44 616 66
ic 0.7767 562 210 586 231
ic 0.7592 631 101 698 148
ic 0.7559 788 457 835 515
electrolytic 0.9091 186 393 238 442
electrolytic 0.9064 494 76 548 123
electrolytic 0.8684 321 258 377 286
electrolytic 0.8665 493 141 551 191
electrolytic 0.8323 317 459 370 482
electrolytic 0.7910 265 272 327 338
electrolytic 0.7338 384 490 444 546
electrolytic 0.7303 652 542 699 594
electrolytic 0.7056 199 276 264 340
diode 0.9100 454 502 485 535
unknown 0.8169 763 128 794 143
unknown 0.7551 763 85 795 100
unknown 0.7368 763 224 793 236
unknown 0.7012 764 180 793 196
