connector 0.9889 761 2573 1353 3099
connector 0.9724 400 2022 530 2807
connector 0.9590 2328 2642 2472 2814
resistor 0.9770 1944 2465 2128 2544
resistor 0.9541 1753 2457 1931 2551
resistor 0.9084 1456 2663 1552 2847
resistor 0.8733 1638 1784 1720 1971
resistor 0.8461 2274 1453 2453 1547
resistor 0.7989 1464 2550 1657 2635
capacitor 0.9908 1021 445 1124 670
capacitor 0.9896 449 1766 521 1937
capacitor 0.9872 626 2538 714 2728
capacitor 0.9860 1269 381 1355 569
capacitor 0.9839 2120 2648 2232 2867
capacitor 0.9828 898 449 1004 671
capacitor 0.9811 372 390 587 501
capacitor 0.9792 394 517 567 604
capacitor 0.9743 795 455 882 649
capacitor 0.9741 2458 710 2563 937
capacitor 0.9643 2227 1122 2329 1347
capacitor 0.9558 1533 1780 1614 1972
capacitor 0.9497 1373 381 1456 571
capacitor 0.9389 2676 1930 2854 2013
capacitor 0.8755 1185 376 1259 568
text 0.9868 1462 2848 1549 2993
text 0.9865 2105 2870 2240 2977
text 0.9865 417 719 569 808
text 0.9865 295 1916 440 2012
text 0.9861 1927 2873 2017 2986
text 0.9857 2393 1154 2481 1307
text 0.9848 819 2351 916 2448
text 0.9843 2667 1187 2778 1281
text 0.9829 305 2084 386 2221
text 0.9821 1849 374 1946 470
text 0.9818 2462 1015 2743 1112
text 0.9812 384 1177 490 1257
text 0.9805 305 2384 395 2531
text 0.9798 305 2558 386 2704
text 0.9792 859 927 1154 1454
text 0.9789 1310 2503 1461 2575
text 0.9786 2466 599 2610 686
text 0.9783 410 630 562 717
text 0.9767 295 2228 379 2374
text 0.9762 1335 565 1437 647
text 0.9758 1447 1763 1521 1914
text 0.9755 307 1587 403 1674
text 0.9745 2666 589 2908 829
text 0.9739 897 1730 986 1811
text 0.9739 932 677 1013 816
text 0.9738 297 2776 435 2855
text 0.9737 628 623 724 712
text 0.9735 2161 1450 2257 1531
text 0.9722 2232 2271 2349 2359
text 0.9702 1044 686 1125 838
text 0.9698 2754 1010 2895 1161
text 0.9698 1454 342 1534 447
text 0.9669 393 1658 538 1740
text 0.9669 2047 468 2868 567
text 0.9656 2249 1652 2344 1740
text 0.9651 986 1675 1083 1764
text 0.9635 431 2789 530 2862
text 0.9632 1744 1757 1816 1901
text 0.9632 836 2205 925 2279
text 0.9630 1235 2309 1341 2390
text 0.9620 2161 1594 2249 1676
text 0.9613 762 641 836 801
text 0.9605 1712 2179 1783 2284
text 0.9598 2420 2790 2524 2871
text 0.9573 1638 2852 1735 2930
text 0.9452 2706 1845 2857 1929
text 0.9289 1959 2553 2111 2632
text 0.9250 803 2487 907 2568
text 0.9202 1317 2430 1467 2509
text 0.9087 602 2743 747 2830
text 0.9075 2282 2604 2337 2678
text 0.9051 523 2685 598 2755
text 0.9043 1779 2552 1928 2632
text 0.8893 2916 2608 3013 2689
text 0.8864 1363 1853 1452 1932
text 0.8824 956 2479 997 2566
text 0.8814 1178 569 1268 641
text 0.8700 1824 2682 1873 2758
text 0.8695 1117 2462 1161 2541
text 0.7959 2286 2502 2770 2596
pins 0.9696 99 332 300 2922
pins 0.9525 3013 437 3245 3026
pins 0.9246 66 136 2924 349
component 0.9952 1486 2737 1517 2785
component 0.9901 2643 1381 2794 1596
component 0.9862 514 1141 735 1286
component 0.9859 1463 2167 1670 2299
component 0.9811 1357 875 1972 1483
component 0.9800 1527 2488 1584 2526
component 0.9769 1951 2021 2089 2155
component 0.9756 1012 1923 1228 2207
component 0.9742 2436 2057 2508 2214
component 0.9698 2336 1586 2385 1621
component 0.9666 1662 1851 1694 1906
component 0.9626 614 1965 733 2296
component 0.9617 668 464 747 522
component 0.9602 2141 1987 2391 2171
component 0.9188 541 1071 689 1133
component 0.8884 1814 2487 1855 2526
component 0.8727 1533 2575 1582 2607
component 0.8706 1669 2712 1760 2831
component 0.8701 2336 1474 2383 1514
component 0.8569 1931 2757 2034 2832
component 0.8337 2009 2495 2057 2526
clock 0.9923 2546 1307 2883 1674
clock 0.9915 569 1746 828 2512
ic 0.9946 872 1825 1371 2330
ic 0.9896 1420 2059 1704 2431
ic 0.9870 1898 1867 2510 2291
ic 0.9856 1174 674 2171 1665
ic 0.9249 637 431 781 556
ic 0.9077 489 939 781 1426
ic 0.9050 1593 2688 1830 2854
jumper 0.9525 2477 2638 2795 2849
inductor 0.8782 1879 2646 2105 2890
