connector 0.9871 760 2574 1349 3096
connector 0.9761 399 2014 530 2813
connector 0.9620 2329 2644 2467 2813
resistor 0.9730 1944 2466 2129 2544
resistor 0.9406 1754 2456 1932 2550
resistor 0.9239 1455 2664 1552 2849
resistor 0.8805 1638 1784 1721 1971
resistor 0.8332 2274 1454 2453 1547
resistor 0.7591 1466 2550 1657 2635
capacitor 0.9884 450 1767 522 1937
capacitor 0.9854 1021 441 1125 670
capacitor 0.9839 625 2536 715 2730
capacitor 0.9825 1269 379 1356 569
capacitor 0.9821 899 449 1003 672
capacitor 0.9781 2120 2648 2230 2867
capacitor 0.9770 373 390 589 503
capacitor 0.9735 796 452 883 649
capacitor 0.9733 2459 709 2562 936
capacitor 0.9691 394 518 571 605
capacitor 0.9519 2227 1123 2329 1346
capacitor 0.9462 1532 1779 1614 1976
capacitor 0.9444 2681 1932 2852 2011
capacitor 0.9433 1374 383 1456 568
capacitor 0.9101 1185 377 1259 569
text 0.9885 298 1916 439 2012
text 0.9867 1462 2849 1550 2994
text 0.9861 417 720 569 808
text 0.9854 2392 1154 2481 1305
text 0.9844 2106 2870 2241 2975
text 0.9821 1928 2874 2017 2985
text 0.9818 2666 1188 2779 1281
text 0.9816 305 2084 387 2222
text 0.9810 1850 373 1945 472
text 0.9810 2468 598 2609 686
text 0.9809 820 2350 915 2449
text 0.9803 2465 1015 2743 1111
text 0.9796 305 2559 386 2704
text 0.9794 383 1174 491 1258
text 0.9794 1309 2502 1461 2574
text 0.9794 305 2385 395 2531
text 0.9782 410 630 563 718
text 0.9765 296 2229 379 2377
text 0.9759 1449 1762 1521 1915
text 0.9755 297 2775 433 2854
text 0.9753 858 927 1155 1452
text 0.9737 1333 566 1435 647
text 0.9730 898 1731 988 1810
text 0.9715 625 620 722 712
text 0.9710 2161 1450 2258 1530
text 0.9710 2756 1008 2892 1163
text 0.9710 931 677 1013 816
text 0.9707 306 1588 402 1674
text 0.9707 2232 2270 2345 2358
text 0.9699 2655 590 2905 832
text 0.9699 1044 686 1125 837
text 0.9673 836 2206 926 2277
text 0.9666 1235 2309 1344 2390
text 0.9653 2161 1594 2250 1676
text 0.9643 762 642 834 797
text 0.9640 986 1673 1081 1764
text 0.9638 1453 342 1535 448
text 0.9623 395 1659 538 1740
text 0.9609 1743 1755 1815 1898
text 0.9602 2047 471 2875 568
text 0.9600 1638 2850 1735 2927
text 0.9591 1711 2179 1783 2284
text 0.9584 2249 1653 2343 1739
text 0.9567 433 2791 529 2863
text 0.9459 2415 2790 2524 2873
text 0.9352 2707 1844 2858 1929
text 0.9255 803 2487 905 2567
text 0.9244 1316 2429 1465 2508
text 0.9211 519 2684 600 2756
text 0.9165 1959 2553 2111 2632
text 0.9123 603 2743 746 2831
text 0.9052 954 2477 995 2566
text 0.8973 2916 2607 3012 2689
text 0.8938 1362 1853 1453 1932
text 0.8876 2281 2606 2337 2679
text 0.8746 1779 2552 1929 2632
text 0.8742 1116 2461 1161 2538
text 0.8618 1178 570 1269 639
text 0.8537 1822 2680 1872 2760
text 0.7554 2286 2499 2760 2599
pins 0.9696 98 335 300 2926
pins 0.9355 3015 442 3247 3021
pins 0.8965 69 136 2921 344
component 0.9922 1485 2737 1518 2788
component 0.9878 2643 1380 2794 1598
component 0.9855 1462 2167 1666 2299
component 0.9813 516 1134 738 1286
component 0.9770 1951 2017 2085 2155
component 0.9767 1526 2488 1583 2526
component 0.9766 1014 1923 1231 2206
component 0.9750 1359 877 1972 1480
component 0.9734 2435 2056 2508 2213
component 0.9731 671 465 746 522
component 0.9672 608 1978 729 2323
component 0.9596 1663 1851 1695 1907
component 0.9578 2338 1588 2386 1622
component 0.9283 2137 1982 2398 2175
component 0.9022 1670 2713 1759 2831
component 0.9007 542 1073 690 1134
component 0.8897 1534 2576 1582 2607
component 0.8816 1815 2486 1856 2526
component 0.8552 2336 1474 2385 1514
component 0.8490 2009 2496 2058 2526
component 0.8441 1936 2759 2032 2829
clock 0.9926 2545 1309 2884 1675
clock 0.9903 568 1748 826 2513
ic 0.9947 872 1825 1370 2330
ic 0.9879 1420 2058 1704 2431
ic 0.9856 1900 1868 2510 2290
ic 0.9836 1182 677 2163 1659
ic 0.9363 637 432 781 556
ic 0.9195 490 936 780 1429
ic 0.9040 1596 2689 1826 2855
jumper 0.9352 2471 2642 2798 2850
inductor 0.8831 1880 2645 2106 2892
