connector 0.9893 858 292 1004 468
connector 0.9848 1982 13 2570 534
connector 0.9504 2803 339 2934 1077
resistor 0.9708 1683 564 1863 658
resistor 0.9504 1680 478 1866 566
resistor 0.9455 1209 562 1395 646
resistor 0.9171 1399 557 1588 654
resistor 0.8950 1785 264 1877 444
resistor 0.8395 1613 1139 1695 1325
capacitor 0.9872 1879 2542 1961 2731
capacitor 0.9850 480 1096 657 1178
capacitor 0.9840 2448 2464 2537 2658
capacitor 0.9839 1977 2544 2063 2731
capacitor 0.9806 2761 2503 2939 2591
capacitor 0.9795 2811 1169 2883 1351
capacitor 0.9792 1005 1761 1108 1987
capacitor 0.9789 2209 2444 2312 2666
capacitor 0.9759 771 2174 875 2397
capacitor 0.9730 2619 382 2707 574
capacitor 0.9710 1720 1137 1800 1330
capacitor 0.9632 2748 2608 2963 2719
capacitor 0.9580 1102 242 1215 472
capacitor 0.9572 2075 2550 2152 2737
capacitor 0.9568 2331 2438 2431 2664
text 0.9902 1784 117 1872 269
text 0.9876 1515 1207 1590 1356
text 0.9867 2499 2312 2571 2462
text 0.9861 987 752 1098 838
text 0.9858 2948 887 3028 1026
text 0.9856 2893 1097 3036 1191
text 0.9855 1220 478 1372 558
text 0.9848 2346 1298 2434 1384
text 0.9836 1872 535 2022 607
text 0.9836 2322 2302 2401 2431
text 0.9836 2950 737 3034 878
text 0.9834 2175 1658 2470 2180
text 0.9833 1814 1193 1895 1353
text 0.9832 474 1186 624 1266
text 0.9831 2765 2303 2921 2391
text 0.9821 2797 1370 2939 1451
text 0.9821 1598 182 1694 260
text 0.9814 2418 664 2515 759
text 0.9801 1991 721 2096 799
text 0.9798 2586 285 2727 364
text 0.9790 2770 2390 2923 2479
text 0.9785 2947 407 3029 548
text 0.9778 1317 125 1405 238
text 0.9777 451 2549 1284 2645
text 0.9774 1863 597 2018 678
text 0.9761 1549 823 1621 928
text 0.9760 1092 135 1226 240
text 0.9740 555 1828 666 1925
text 0.9731 2939 581 3027 729
text 0.9722 1390 2639 1484 2736
text 0.9721 990 1370 1083 1455
text 0.9712 1082 1433 1173 1514
text 0.9709 2335 543 2378 630
text 0.9701 2612 2399 2705 2486
text 0.9695 2249 1346 2345 1432
text 0.9674 595 2000 871 2093
text 0.9673 1895 2463 1997 2551
text 0.9664 2435 542 2530 631
text 0.9653 1407 480 1552 560
text 0.9649 1799 2663 1879 2767
text 0.9643 724 2422 865 2510
text 0.9615 441 1948 578 2100
text 0.9604 2731 359 2805 430
text 0.9595 2932 1433 3028 1528
text 0.9584 425 2278 678 2519
text 0.9572 2804 244 2904 318
text 0.9566 813 238 919 320
text 0.9419 2411 832 2499 913
text 0.9406 2203 2274 2286 2435
text 0.9383 2898 253 3035 334
text 0.9301 1074 1579 1170 1659
text 0.9284 2065 2422 2152 2477
text 0.9282 1883 1178 1977 1253
text 0.9247 321 423 418 500
text 0.9232 2843 1852 2948 1939
text 0.9125 2063 2471 2151 2552
text 0.8992 851 1804 939 1956
text 0.8868 1461 350 1510 429
text 0.8847 2167 577 2215 648
text 0.8398 995 438 1050 503
text 0.7759 568 512 1046 609
pins 0.9797 87 86 321 2689
pins 0.9617 3037 92 3235 2733
pins 0.8897 383 2778 3225 2973
component 0.9916 1638 1204 1670 1259
component 0.9901 1659 809 1873 943
component 0.9893 1245 954 1380 1087
component 0.9876 1815 326 1847 374
component 0.9815 1355 1630 1975 2240
component 0.9794 2603 796 2723 1140
component 0.9756 541 1513 691 1731
component 0.9724 2594 1828 2821 1973
component 0.9685 1475 590 1517 623
component 0.9668 2586 2583 2667 2645
component 0.9658 947 933 1196 1128
component 0.9557 1750 503 1799 538
component 0.9554 2637 1974 2798 2037
component 0.9511 2103 904 2325 1185
component 0.9468 829 898 898 1055
component 0.9423 947 1490 999 1523
component 0.9212 947 1601 999 1636
component 0.9044 1749 584 1800 623
component 0.8858 1576 276 1662 396
component 0.7933 1302 284 1399 352
component 0.7819 1274 583 1324 623
clock 0.9907 450 1435 786 1805
clock 0.9869 2505 589 2761 1358
ic 0.9951 1984 804 2469 1298
ic 0.9892 810 847 1456 1257
ic 0.9862 1628 679 1909 1057
ic 0.9692 1168 1440 2156 2441
ic 0.9655 2546 1703 2828 2165
ic 0.9456 2552 2555 2703 2679
ic 0.9078 1509 259 1740 427
ic 0.7763 1322 1622 1995 2281
jumper 0.9747 538 261 858 471
inductor 0.9384 1228 229 1454 469
