connector 0.9897 4815 813 5402 1845
connector 0.9728 2162 2537 2257 2907
connector 0.9649 215 2069 709 2402
connector 0.9562 1119 882 1191 1018
connector 0.9502 2635 560 3925 851
connector 0.9483 1205 558 2583 845
connector 0.9451 2624 1111 2769 1259
connector 0.9404 654 515 982 1488
connector 0.9386 286 1679 499 1894
connector 0.9382 4130 939 4327 1441
connector 0.9354 2396 1108 2551 1261
connector 0.9341 5250 741 5317 794
connector 0.9339 1688 2651 1838 2798
connector 0.9208 975 1025 1048 1110
connector 0.9159 2111 1030 2174 1139
connector 0.9046 3895 2107 4078 2500
connector 0.9018 1402 2576 1497 2667
connector 0.8887 4137 2157 4309 2310
connector 0.8885 284 1455 495 1667
connector 0.8781 3061 1134 3212 1288
connector 0.8717 4822 549 5018 755
connector 0.8637 2417 2266 2560 2418
connector 0.8617 3398 1743 3547 1920
connector 0.8614 2842 1127 2992 1290
connector 0.8497 2192 2264 2340 2415
connector 0.8398 3573 1906 3674 2093
connector 0.8390 4087 2116 4290 2161
connector 0.8205 1917 2648 2067 2810
connector 0.8025 3236 1260 3294 1375
connector 0.7979 4140 2311 4273 2416
connector 0.7779 1033 1689 1258 1772
connector 0.7687 4167 474 4483 942
connector 0.7534 109 2410 522 3177
connector 0.7298 4077 2191 4125 2420
connector 0.7125 1046 1802 1179 1859
connector 0.7058 4232 1950 4352 2020
connector 0.7019 673 1799 826 1955
connector 0.6922 4108 880 4180 934
connector 0.6911 3957 510 4137 948
connector 0.6860 1130 661 1208 735
connector 0.6858 661 1580 834 1737
connector 0.5898 3679 1580 3800 1707
connector 0.4833 4074 1631 4164 1754
connector 0.3388 3669 1585 3750 1681
resistor 0.9719 3734 1729 3799 1794
resistor 0.9456 1644 1256 1685 1301
resistor 0.9434 1576 1263 1617 1302
resistor 0.9339 1938 1506 1986 1544
resistor 0.9237 1943 1578 1976 1610
resistor 0.9233 3061 1925 3119 1956
resistor 0.9010 3807 1749 3834 1790
resistor 0.8958 1943 1367 1985 1410
resistor 0.8947 604 1858 651 1885
resistor 0.8402 719 2093 788 2159
resistor 0.8294 1945 2245 1973 2328
resistor 0.8070 1945 2355 1971 2407
resistor 0.8068 1945 2144 1972 2202
resistor 0.7324 1945 1434 1985 1477
resistor 0.7320 1943 1297 1984 1352
resistor 0.6899 1949 1635 1983 1680
resistor 0.6562 1944 2075 1972 2117
resistor 0.6534 1509 1260 1553 1302
resistor 0.5982 1943 2418 1975 2456
resistor 0.5813 1290 1125 1324 1176
resistor 0.3421 3798 1733 3820 1782
resistor 0.3169 1926 2337 1970 2400
pads 0.8850 4435 2556 4600 2686
pads 0.8782 4430 2867 4606 2993
pads 0.7214 1171 3164 2203 3272
pads 0.6683 3582 2328 3699 2390
capacitor 0.9701 4940 2512 4995 2608
capacitor 0.9631 3063 1481 3116 1556
capacitor 0.9502 3320 1465 3348 1518
capacitor 0.9498 3613 1446 3651 1503
capacitor 0.9494 4937 2103 4992 2200
capacitor 0.9424 3414 2333 3484 2373
capacitor 0.9206 4484 2223 4568 2281
capacitor 0.9165 4172 1711 4225 1803
capacitor 0.9148 4078 1979 4108 2021
capacitor 0.9147 2244 2200 2273 2259
capacitor 0.9118 3278 1136 3305 1182
capacitor 0.9110 4628 2031 4680 2124
capacitor 0.9012 2638 2278 2674 2346
capacitor 0.8992 3730 2140 3799 2246
capacitor 0.8803 5156 2594 5260 2650
capacitor 0.8719 3419 2240 3486 2277
capacitor 0.8698 4924 2391 4991 2487
capacitor 0.8443 4926 1994 4992 2086
capacitor 0.8408 3291 2277 3318 2326
capacitor 0.8367 2160 1451 2240 1492
capacitor 0.8099 3824 2133 3887 2254
capacitor 0.8083 3728 2286 3784 2336
capacitor 0.8076 2162 1574 2243 1611
capacitor 0.7945 5017 2787 5072 2894
capacitor 0.7708 4989 2064 5045 2091
capacitor 0.7586 4772 2700 4869 2756
capacitor 0.7558 4381 1845 4473 1898
capacitor 0.7232 2166 2079 2239 2130
capacitor 0.7190 4489 2266 4594 2333
capacitor 0.7148 883 1967 922 2007
capacitor 0.7147 4991 2457 5047 2484
capacitor 0.7111 2166 1876 2243 1916
capacitor 0.7060 2162 2033 2238 2073
capacitor 0.6955 3457 1628 3510 1671
capacitor 0.6888 5278 2185 5360 2253
capacitor 0.6771 5158 2184 5260 2242
capacitor 0.6730 2164 1981 2237 2028
capacitor 0.6683 2258 1328 2327 1356
capacitor 0.6309 844 2824 900 2852
capacitor 0.6227 2913 1311 2990 1356
capacitor 0.6163 4109 1939 4168 1966
capacitor 0.6084 4979 2797 5039 2895
capacitor 0.6006 2268 2202 2310 2251
capacitor 0.5952 5254 2594 5363 2647
capacitor 0.5225 3681 1728 3723 1785
text 0.9922 583 1650 615 1794
text 0.9882 3289 2329 3318 2389
text 0.9870 4393 2579 4422 2647
text 0.9839 4069 1938 4095 1980
text 0.9829 3941 1799 3970 1833
text 0.9800 3644 1733 3675 1765
text 0.9781 4597 2550 4636 2641
text 0.9770 3306 1566 3348 1627
text 0.9749 3845 876 3876 1028
text 0.9732 3607 1601 3669 1657
text 0.9729 1381 1733 1408 1786
text 0.9720 3084 1767 3146 1861
text 0.9685 3494 2389 3577 2430
text 0.9680 3752 1395 3788 1563
text 0.9675 4699 1203 4744 1234
text 0.9671 4475 941 4506 972
text 0.9659 2212 1040 2272 1066
text 0.9653 1141 1267 1184 1351
text 0.9631 5254 799 5318 833
text 0.9621 3935 1719 3999 1747
text 0.9620 997 1805 1057 1833
text 0.9616 1129 2646 1170 2675
text 0.9614 4679 1521 4749 1570
text 0.9610 2569 2324 2595 2376
text 0.9609 3840 2260 3892 2299
text 0.9605 1866 2679 1905 2761
text 0.9597 3614 890 3650 1023
text 0.9596 1140 1605 1181 1639
text 0.9565 5181 1440 5211 1548
text 0.9558 5032 547 5059 775
text 0.9547 4704 2116 4735 2210
text 0.9544 3396 1630 3451 1668
text 0.9540 802 2087 834 2157
text 0.9521 3315 1052 3354 1098
text 0.9521 1445 1708 1477 1771
text 0.9518 2107 1151 2150 1184
text 0.9490 2342 2238 2393 2284
text 0.9480 899 1505 928 1533
text 0.9471 1456 2893 1494 2933
text 0.9471 1275 1731 1304 1798
text 0.9452 906 1628 973 1672
text 0.9449 2837 2315 2893 2382
text 0.9434 994 893 1057 950
text 0.9428 4174 1940 4222 1970
text 0.9413 2118 2552 2162 2592
text 0.9380 3876 1326 3905 1409
text 0.9380 1659 2700 1687 2755
text 0.9378 4076 1356 4124 1400
text 0.9353 2343 2324 2379 2373
text 0.9333 1314 2531 1389 2576
text 0.9323 4732 932 4760 962
text 0.9319 3967 1495 4015 1563
text 0.9319 3937 936 3975 1007
text 0.9306 3630 1272 3660 1302
text 0.9303 776 2014 837 2062
text 0.9281 3566 1581 3591 1650
text 0.9274 3602 2290 3695 2369
text 0.9269 1019 741 1083 772
text 0.9253 4640 2342 4670 2425
text 0.9241 1127 2383 1150 2415
text 0.9230 1378 1109 1415 1194
text 0.9227 1227 1165 1276 1202
text 0.9195 1334 1407 1412 1439
text 0.9189 4103 2455 4122 2498
text 0.9186 809 1501 858 1529
text 0.9178 5087 756 5235 781
text 0.9171 489 1464 628 1490
text 0.9169 5194 1090 5314 1551
text 0.9168 1035 589 1062 644
text 0.9162 3607 1386 3643 1448
text 0.9153 583 1567 613 1637
text 0.9153 1968 1141 2040 1192
text 0.9121 1439 3081 1470 3136
text 0.9109 1374 3083 1400 3140
text 0.9078 4742 839 4770 869
text 0.9077 675 1774 830 1876
text 0.9068 4485 2989 4551 3017
text 0.9051 5105 1790 5401 1831
text 0.9032 4216 1604 4244 1641
text 0.9027 3948 1337 3981 1406
text 0.9024 479 1513 520 1556
text 0.9006 3748 873 3782 1019
text 0.9004 2737 2252 2819 2283
text 0.8993 1437 1133 1489 1178
text 0.8992 4054 1596 4119 1772
text 0.8988 1201 945 1232 989
text 0.8970 1201 2381 1239 2418
text 0.8963 2844 1287 2898 1326
text 0.8959 3644 1054 3687 1085
text 0.8945 4379 1279 4415 1360
text 0.8942 580 2919 637 2970
text 0.8932 5082 592 5268 637
text 0.8927 898 1743 979 1777
text 0.8925 2775 1114 2800 1287
text 0.8914 991 861 1060 897
text 0.8913 2553 1124 2574 1287
text 0.8904 787 2816 855 2853
text 0.8891 2432 1262 2487 1299
text 0.8889 799 2408 843 2468
text 0.8883 1550 1038 1624 1104
text 0.8848 1042 2383 1087 2420
text 0.8842 883 2532 951 2611
text 0.8838 3970 2040 3999 2071
text 0.8837 4379 921 4447 963
text 0.8832 706 1501 757 1533
text 0.8826 903 1775 967 1813
text 0.8814 1114 797 1177 844
text 0.8811 1433 1769 1477 1811
text 0.8805 1282 2437 1307 2476
text 0.8804 1322 1982 1387 2020
text 0.8795 5345 1831 5412 1870
text 0.8793 3708 1790 3750 1852
text 0.8791 4221 1920 4347 1964
text 0.8772 4320 2432 4350 2522
text 0.8770 4498 1247 4622 1298
text 0.8748 520 732 581 760
text 0.8746 2147 3097 2175 3149
text 0.8744 2797 2340 2829 2379
text 0.8716 4680 1301 4746 1341
text 0.8710 1645 3028 1986 3068
text 0.8706 1168 1818 1236 1849
text 0.8704 4079 2850 4124 2892
text 0.8673 3102 2350 3153 2376
text 0.8650 3305 1391 3347 1464
text 0.8642 3804 2293 3852 2399
text 0.8607 3980 1044 4019 1144
text 0.8599 4252 594 4283 687
text 0.8594 1741 2605 1806 2646
text 0.8588 4677 2340 4717 2428
text 0.8581 2899 2349 3043 2387
text 0.8580 655 2701 721 2740
text 0.8579 4612 2977 4677 3014
text 0.8566 3377 1754 3481 1937
text 0.8560 5011 2961 5053 3004
text 0.8542 934 2579 997 2637
text 0.8522 4682 1349 4753 1387
text 0.8516 4542 1684 4568 1749
text 0.8511 3931 612 3955 736
text 0.8508 2546 2230 2599 2267
text 0.8497 4181 2673 4386 2702
text 0.8492 4157 778 4205 856
text 0.8481 5334 2673 5399 2711
text 0.8473 328 733 400 770
text 0.8446 4410 1476 4462 1540
text 0.8437 3410 1720 3539 1759
text 0.8429 3512 1277 3565 1319
text 0.8417 4349 1308 4395 1418
text 0.8405 4244 2020 4290 2075
text 0.8405 999 1302 1126 1343
text 0.8402 3116 1070 3214 1112
text 0.8389 3115 1922 3180 1961
text 0.8374 5443 1809 5509 2259
text 0.8368 5169 2688 5265 2728
text 0.8367 4610 1876 4681 1943
text 0.8357 3499 2292 3580 2333
text 0.8342 3922 2761 4025 2876
text 0.8336 4092 1573 4152 1614
text 0.8331 3944 1123 3977 1268
text 0.8323 5313 593 5353 623
text 0.8315 4089 1765 4123 1828
text 0.8312 693 2033 749 2064
text 0.8286 4457 1403 4525 1456
text 0.8281 2898 1029 2939 1058
text 0.8277 1416 1475 1443 1564
text 0.8270 992 1747 1046 1791
text 0.8269 3218 1677 3289 1708
text 0.8266 2696 1032 2758 1072
text 0.8254 529 2474 558 2544
text 0.8252 1126 1372 1199 1462
text 0.8249 785 1962 838 1995
text 0.8240 3993 2661 4064 2702
text 0.8222 3135 1411 3232 1452
text 0.8205 3168 2374 3269 2414
text 0.8200 4397 2921 4435 3007
text 0.8199 4821 757 4883 798
text 0.8196 490 1781 544 1852
text 0.8160 1099 552 1142 580
text 0.8151 4965 1901 4995 1947
text 0.8147 1266 2560 1308 2614
text 0.8127 3814 2463 3843 2516
text 0.8113 1956 2609 2024 2648
text 0.8106 3710 2058 3742 2092
text 0.8105 2650 1261 2717 1298
text 0.8098 1316 1528 1363 1563
text 0.8092 520 1180 651 1206
text 0.8087 2199 1407 2263 1443
text 0.8060 3327 1953 3397 1993
text 0.8038 4908 1789 4978 1829
text 0.8027 500 1543 538 1605
text 0.8023 4708 1013 4750 1042
text 0.8005 4419 876 4459 911
text 0.8004 2618 2182 2664 2225
text 0.8002 2285 2170 2322 2203
text 0.7984 4950 2296 4990 2353
text 0.7975 4934 759 5002 789
text 0.7975 1229 1325 1289 1368
text 0.7962 1498 1146 1579 1177
text 0.7959 4137 705 4181 800
text 0.7949 4883 806 4951 828
text 0.7936 3211 1131 3245 1296
text 0.7923 3433 906 3479 1031
text 0.7916 884 2375 950 2418
text 0.7911 3370 1270 3426 1312
text 0.7911 2613 1056 2694 1084
text 0.7910 3561 922 3590 1026
text 0.7907 4474 866 4505 895
text 0.7901 673 1967 753 1995
text 0.7896 2829 2221 2857 2294
text 0.7892 1554 2581 1645 2638
text 0.7888 4092 973 4122 1066
text 0.7859 1280 1074 1355 1099
text 0.7809 3709 2303 3781 2352
text 0.7804 4322 1343 4352 1412
text 0.7795 3804 2523 3841 2567
text 0.7792 4773 979 4801 1015
text 0.7784 4643 2430 4719 2470
text 0.7760 2841 1337 2875 1373
text 0.7748 4030 1234 4095 1268
text 0.7726 509 1700 542 1833
text 0.7724 4106 2562 4133 2620
text 0.7708 4640 2836 4679 2929
text 0.7689 4789 792 4868 824
text 0.7688 4756 1637 4789 1807
text 0.7679 818 2725 881 2768
text 0.7666 1085 1418 1248 1515
text 0.7657 4339 2840 4407 2867
text 0.7655 3866 1420 3899 1492
text 0.7643 3529 1417 3589 1509
text 0.7602 523 2827 570 2863
text 0.7598 4464 1911 4567 1942
text 0.7597 4715 1572 4792 1733
text 0.7582 4445 2735 4591 2868
text 0.7579 4079 2670 4122 2745
text 0.7544 1146 1950 1197 1984
text 0.7526 4159 1976 4250 2024
text 0.7502 3961 2972 4050 3012
text 0.7502 4109 2061 4274 2092
text 0.7494 4256 1416 4360 1454
text 0.7479 2291 1044 2356 1071
text 0.7463 543 1943 596 2012
text 0.7458 972 1255 1057 1305
text 0.7456 3078 1008 3148 1083
text 0.7422 4083 584 4130 738
text 0.7420 4190 2416 4242 2454
text 0.7418 5279 2855 5341 2953
text 0.7397 676 1546 860 1591
text 0.7337 5301 618 5331 681
text 0.7329 3687 1791 3713 1861
text 0.7324 1604 3113 1648 3152
text 0.7308 4695 1940 4723 2034
text 0.7282 1109 991 1181 1075
text 0.7262 2679 2277 2722 2367
text 0.7259 4311 2223 4349 2258
text 0.7257 1046 1178 1115 1209
text 0.7235 2991 1136 3019 1295
text 0.7207 926 2644 999 2686
text 0.7198 4003 528 4134 909
text 0.7192 5468 2278 5507 2443
text 0.7186 1173 738 1222 769
text 0.7176 528 1951 563 2009
text 0.7145 3716 1277 3905 1309
text 0.7115 550 2029 612 2063
text 0.7091 3899 2660 3945 2700
text 0.7076 797 1616 869 1678
text 0.7067 2037 1049 2109 1119
text 0.7051 1112 1064 1217 1121
text 0.7037 3686 2049 3716 2084
text 0.7022 3358 885 3398 1026
text 0.6956 4500 1398 4606 1454
text 0.6889 2969 1326 3065 1358
text 0.6879 1388 1255 1444 1287
text 0.6874 3986 2074 4073 2103
text 0.6846 1432 1028 1501 1095
text 0.6835 498 1872 553 1901
text 0.6784 4503 1837 4573 1878
text 0.6738 5392 794 5444 822
text 0.6724 1184 3110 1210 3152
text 0.6714 1175 1255 1248 1314
text 0.6712 4649 2670 4680 2758
text 0.6707 1304 2414 1374 2456
text 0.6691 4118 589 4151 716
text 0.6681 2516 2076 2759 2115
text 0.6671 3099 1289 3170 1328
text 0.6669 4119 2662 4176 2700
text 0.6644 3671 2349 3737 2394
text 0.6589 525 2862 589 2913
text 0.6574 1829 1096 1951 1137
text 0.6530 4807 1831 4905 1872
text 0.6504 1161 805 1215 852
text 0.6425 360 1206 574 1236
text 0.6419 3404 1426 3502 1488
text 0.6343 1188 1000 1255 1039
text 0.6334 528 2018 568 2049
text 0.6306 3250 1102 3279 1182
text 0.6296 5399 1079 5505 1399
text 0.6294 4158 2846 4268 2884
text 0.6289 503 1831 565 1873
text 0.6284 1848 2621 1902 2648
text 0.6280 3527 1318 3592 1379
text 0.6194 3551 2089 3693 2122
text 0.6184 1719 1096 1795 1136
text 0.6181 3328 2061 3398 2097
text 0.6166 3779 1343 3805 1417
text 0.6129 2348 1044 2415 1072
text 0.5962 514 661 578 688
text 0.5902 4766 811 4817 845
text 0.5798 1401 2433 1429 2520
text 0.5778 4763 1027 4801 1058
text 0.5751 4442 836 4487 864
text 0.5706 855 2354 921 2399
text 0.5642 5119 636 5229 694
text 0.5628 3904 1332 3931 1394
text 0.5594 5401 811 5452 836
text 0.5577 1402 1716 1427 1783
text 0.5532 4394 975 4474 1014
text 0.5353 1179 1383 1218 1429
text 0.5232 4725 1353 4801 1396
text 0.4975 4121 1841 4148 1911
text 0.4890 2477 2231 2543 2266
text 0.4437 1695 2806 2030 2904
text 0.4386 1148 706 1220 771
text 0.4238 3565 2011 3658 2107
text 0.4201 4767 1014 4808 1041
text 0.3782 4895 793 4958 818
text 0.3760 4538 2376 4629 2501
text 0.3737 4118 710 4151 791
text 0.3713 4225 2029 4271 2077
text 0.3603 1048 1140 1133 1185
text 0.3599 1279 1477 1307 1531
text 0.3580 4338 704 4427 831
text 0.3551 1368 1556 1397 1598
text 0.3544 3896 1468 3947 1524
text 0.3496 3274 1262 3346 1391
text 0.3478 3229 1125 3279 1256
text 0.3438 2816 2232 2849 2294
text 0.3369 1407 2428 1443 2544
text 0.3286 1183 852 1211 901
text 0.3225 4337 1357 4369 1439
text 0.3175 5297 583 5349 649
text 0.3115 1225 1803 1280 1849
text 0.3112 3416 1480 3539 1545
text 0.3108 490 763 540 801
text 0.3077 3934 2653 3978 2706
text 0.3066 4048 1578 4119 1634
text 0.3032 4631 2985 4688 3019
text 0.3001 3988 2064 4045 2093
component 0.9911 4791 2334 4876 2404
component 0.9883 4789 1915 4875 1995
component 0.9859 1117 2473 1186 2560
component 0.9830 3821 2893 3850 2933
component 0.9789 422 2119 608 2370
component 0.9751 3792 1873 3887 2035
component 0.9745 133 2734 186 2893
component 0.9640 955 1885 1070 1927
component 0.9597 4377 1055 4477 1142
component 0.9589 2183 1139 2334 1246
component 0.9552 1714 1614 1819 2217
component 0.9521 4785 2539 4842 2622
component 0.9512 3365 1122 3651 1221
component 0.9473 3357 1080 3664 1119
component 0.9443 4788 2132 4844 2213
component 0.9422 1055 1520 1215 1566
component 0.9366 362 752 405 1155
component 0.9348 4816 2841 4882 2947
component 0.9146 1551 2540 1605 2581
component 0.9097 616 2493 768 2646
component 0.9091 1086 583 1155 639
component 0.9090 4622 1616 4709 1703
component 0.8995 4065 1465 4135 1516
component 0.8889 3687 1109 3908 1220
component 0.8878 4626 1777 4705 1834
component 0.8877 1035 2204 1223 2300
component 0.8837 743 2108 762 2144
component 0.8794 1945 2361 1957 2391
component 0.8703 1078 2755 1212 2867
component 0.8614 461 958 516 1153
component 0.8570 1959 1308 1972 1343
component 0.8567 1495 1058 1537 1105
component 0.8393 470 772 513 836
component 0.8380 4555 2392 4621 2472
component 0.8259 3698 1078 3928 1110
component 0.8212 4448 2057 4554 2131
component 0.8161 744 2197 761 2238
component 0.8109 2052 2155 2094 2449
component 0.8090 4423 2389 4501 2483
component 0.8085 2503 1039 2557 1082
component 0.7994 1013 2077 1232 2193
component 0.7951 1958 1366 1972 1409
component 0.7862 1956 2157 1967 2221
component 0.7795 3020 1045 3074 1103
component 0.7498 3158 1358 3213 1393
component 0.7261 2041 1737 2093 1870
component 0.7106 1945 2076 1959 2114
component 0.6582 2066 1248 2094 1411
component 0.6510 5187 2884 5264 2973
component 0.6468 1955 2208 1973 2326
component 0.3944 1946 2138 1962 2196
component 0.3889 1954 2077 1971 2119
component 0.3519 1951 2330 1971 2408
led 0.9548 575 784 651 827
led 0.9251 588 1028 653 1070
led 0.8974 4080 2750 4120 2825
led 0.8892 584 920 653 961
led 0.8783 4638 2752 4676 2833
led 0.8764 582 1120 653 1163
led 0.8405 204 1896 520 2069
led 0.7019 4365 2936 4396 3013
led 0.6587 4352 2776 4391 2848
clock 0.9626 1491 2632 1616 2961
clock 0.8877 2136 1085 2388 1323
ic 0.9913 4310 1597 4489 1819
ic 0.9910 2258 1395 3031 2171
ic 0.9806 5119 1901 5385 2171
ic 0.9741 5131 2308 5389 2591
ic 0.9649 895 2028 1375 2373
ic 0.9458 4582 2192 4654 2262
ic 0.9284 3710 1820 3986 2092
ic 0.9264 4244 1801 4309 1875
ic 0.9208 4993 1910 5104 2046
ic 0.9168 4992 2304 5098 2429
ic 0.9003 5005 2113 5097 2240
ic 0.8826 4994 2498 5109 2631
ic 0.8795 554 2443 833 2702
ic 0.8778 1009 2420 1293 2620
ic 0.8631 1209 1870 1381 1946
ic 0.8568 3575 2218 3731 2309
ic 0.8420 3186 1867 3325 1989
ic 0.8227 1304 1189 1350 1287
ic 0.8163 4230 1627 4294 1699
ic 0.8121 4941 2723 5017 2798
ic 0.8025 4391 2025 4613 2187
ic 0.7817 721 2241 854 2418
ic 0.7788 4410 2195 4488 2283
ic 0.7695 935 2689 1340 2962
ic 0.6564 4948 2905 5019 2978
ic 0.6339 3187 1726 3333 1849
ic 0.6261 840 2415 924 2482
ic 0.6237 3411 1476 3556 1574
ic 0.3283 4257 1793 4349 1886
switch 0.9471 4491 498 4771 960
switch 0.8561 348 756 575 1169
switch 0.8541 3672 1048 3925 1280
switch 0.8350 3336 1056 3675 1274
electrolytic 0.9564 4012 1462 4178 1540
electrolytic 0.9407 2474 1043 2588 1105
electrolytic 0.9170 3915 2878 4109 2977
electrolytic 0.9094 5091 2853 5304 3013
electrolytic 0.9061 4289 2299 4350 2430
electrolytic 0.9012 3150 2199 3262 2380
electrolytic 0.8912 5086 2740 5282 2838
electrolytic 0.8577 4722 2274 4923 2474
electrolytic 0.8465 4289 2076 4358 2193
electrolytic 0.8385 4327 1038 4518 1225
electrolytic 0.8310 4717 1858 4931 2060
electrolytic 0.8152 1050 578 1207 645
electrolytic 0.7773 4362 2358 4546 2545
electrolytic 0.7439 4572 1574 4757 1743
electrolytic 0.7087 1464 1043 1596 1142
electrolytic 0.7021 4637 2484 4731 2658
button 0.9681 4174 1448 4404 1572
button 0.8812 4406 2709 4624 2834
button 0.8591 3887 2708 4078 2841
button 0.8421 4134 2541 4359 2662
button 0.8385 4142 2716 4350 2824
button 0.8064 4141 2883 4352 3013
button 0.7214 4463 1447 4678 1574
transistor 0.8894 1216 1205 1288 1276
transistor 0.7721 3413 1957 3551 2112
ferrite 0.7071 873 2634 947 2674
ferrite 0.6504 515 2660 558 2726
jumper 0.9192 3633 1781 3692 1896
jumper 0.9041 1369 2655 1507 2726
jumper 0.7920 3561 1787 3625 1891
jumper 0.7914 5320 715 5385 831
jumper 0.7679 969 1337 1123 1404
jumper 0.7034 4110 781 4160 878
jumper 0.3812 1065 1758 1171 1824
display 0.9825 2164 2420 3857 3038
battery 0.9372 3862 2527 4079 2659
