connector 0.9901 858 292 1004 468
connector 0.9834 1982 13 2570 535
connector 0.9539 2803 346 2933 1065
resistor 0.9732 1683 563 1864 659
resistor 0.9508 1679 478 1866 566
resistor 0.9459 1208 562 1396 646
resistor 0.9233 1397 556 1589 654
resistor 0.8853 1784 263 1877 445
resistor 0.8316 1613 1138 1695 1323
capacitor 0.9874 1878 2543 1961 2731
capacitor 0.9843 480 1096 657 1178
capacitor 0.9839 1977 2545 2063 2732
capacitor 0.9836 2760 2502 2939 2591
capacitor 0.9829 2448 2464 2537 2657
capacitor 0.9784 2811 1171 2883 1352
capacitor 0.9784 1005 1761 1109 1987
capacitor 0.9759 771 2173 874 2397
capacitor 0.9746 2210 2444 2311 2664
capacitor 0.9725 1720 1137 1801 1330
capacitor 0.9719 2619 383 2706 575
capacitor 0.9627 1102 243 1215 471
capacitor 0.9609 2747 2608 2966 2721
capacitor 0.9574 2331 2439 2431 2665
capacitor 0.9569 2075 2549 2152 2737
text 0.9905 1784 117 1872 268
text 0.9877 1515 1206 1590 1355
text 0.9862 2499 2312 2571 2462
text 0.9860 2948 887 3028 1026
text 0.9859 986 753 1099 838
text 0.9852 2893 1097 3036 1191
text 0.9850 2345 1299 2434 1385
text 0.9843 1871 535 2022 607
text 0.9837 2321 2301 2401 2431
text 0.9835 2950 736 3034 878
text 0.9834 1222 479 1373 558
text 0.9833 474 1186 622 1266
text 0.9827 1814 1192 1895 1352
text 0.9825 2175 1657 2470 2183
text 0.9824 2796 1371 2938 1451
text 0.9820 2766 2303 2921 2391
text 0.9820 2419 664 2517 759
text 0.9808 1598 182 1694 260
text 0.9796 2586 285 2727 364
text 0.9794 2771 2390 2923 2479
text 0.9786 2947 407 3029 549
text 0.9783 450 2549 1286 2645
text 0.9779 1991 721 2098 799
text 0.9774 2334 542 2378 630
text 0.9766 1863 597 2018 679
text 0.9765 1318 125 1404 238
text 0.9757 1092 134 1226 239
text 0.9749 989 1370 1084 1455
text 0.9743 1549 823 1621 929
text 0.9736 1392 2640 1485 2737
text 0.9733 557 1828 667 1925
text 0.9707 2938 582 3027 729
text 0.9701 593 1999 866 2094
text 0.9694 1081 1433 1172 1514
text 0.9689 2249 1346 2345 1432
text 0.9689 2613 2399 2705 2485
text 0.9681 1895 2462 1998 2551
text 0.9670 1799 2662 1879 2768
text 0.9645 1406 480 1553 560
text 0.9640 724 2422 865 2510
text 0.9637 2437 542 2529 630
text 0.9624 2731 359 2804 430
text 0.9610 441 1948 577 2100
text 0.9606 425 2277 678 2520
text 0.9598 2804 245 2903 318
text 0.9598 2931 1433 3029 1528
text 0.9509 812 238 918 320
text 0.9425 2202 2272 2287 2436
text 0.9402 2411 832 2499 913
text 0.9364 2899 253 3036 333
text 0.9306 1074 1579 1170 1659
text 0.9296 320 423 419 500
text 0.9253 1883 1178 1976 1253
text 0.9209 2065 2421 2152 2478
text 0.9192 2843 1852 2948 1940
text 0.9184 2063 2470 2150 2552
text 0.9062 852 1805 939 1955
text 0.8913 2166 577 2214 647
text 0.8575 1461 350 1510 429
text 0.8218 995 439 1050 502
text 0.7550 569 510 1044 607
pins 0.9819 87 86 320 2689
pins 0.9615 3037 96 3235 2728
pins 0.8881 386 2778 3222 2973
component 0.9907 1659 811 1874 945
component 0.9907 1637 1203 1671 1259
component 0.9901 1245 955 1382 1085
component 0.9898 1816 327 1847 373
component 0.9808 1356 1629 1971 2240
component 0.9802 2604 795 2722 1143
component 0.9774 542 1514 691 1731
component 0.9755 940 934 1186 1133
component 0.9712 2586 2583 2665 2644
component 0.9699 2594 1827 2823 1973
component 0.9640 1474 589 1518 623
component 0.9554 1750 502 1799 537
component 0.9552 2639 1975 2799 2037
component 0.9541 2107 905 2319 1194
component 0.9472 829 898 898 1057
component 0.9311 947 1490 999 1523
component 0.9259 948 1601 998 1636
component 0.8998 1749 584 1800 622
component 0.8820 1576 275 1663 397
component 0.7864 1274 583 1324 622
component 0.7731 1301 284 1400 354
clock 0.9902 450 1433 786 1806
clock 0.9877 2505 586 2761 1362
ic 0.9948 1984 803 2469 1298
ic 0.9889 810 846 1455 1258
ic 0.9853 1628 678 1911 1058
ic 0.9702 1167 1440 2153 2440
ic 0.9636 2546 1703 2828 2166
ic 0.9477 2553 2556 2701 2678
ic 0.9026 1510 260 1741 427
ic 0.7468 1320 1621 1990 2282
jumper 0.9753 540 262 855 471
inductor 0.9388 1230 229 1455 468
