connector 0.9886 4810 814 5397 1844
connector 0.9758 2163 2539 2260 2912
connector 0.9636 217 2076 709 2400
connector 0.9590 4132 927 4329 1437
connector 0.9588 2585 554 3921 852
connector 0.9492 1126 887 1198 1025
connector 0.9487 1233 558 2564 846
connector 0.9335 979 1034 1052 1108
connector 0.9273 1693 2650 1836 2797
connector 0.9214 2107 1032 2173 1140
connector 0.9171 5246 739 5319 798
connector 0.9119 288 1678 502 1898
connector 0.9047 2192 2266 2340 2417
connector 0.8927 1050 1693 1241 1789
connector 0.8896 2624 1108 2770 1258
connector 0.8894 3894 2108 4081 2501
connector 0.8876 4141 2156 4310 2306
connector 0.8857 1401 2579 1502 2675
connector 0.8762 4822 554 5016 754
connector 0.8682 662 494 976 1555
connector 0.8680 2387 1108 2541 1261
connector 0.8566 288 1460 506 1666
connector 0.8500 2847 1128 2991 1288
connector 0.8413 3064 1136 3214 1287
connector 0.8240 3237 1256 3293 1370
connector 0.8233 4074 2118 4270 2160
connector 0.8202 2423 2268 2560 2418
connector 0.8106 3401 1746 3546 1919
connector 0.7974 4225 1950 4346 2018
connector 0.7919 4134 2303 4252 2413
connector 0.7836 1921 2650 2066 2808
connector 0.7821 3578 1917 3672 2084
connector 0.7761 3953 508 4131 953
connector 0.7738 114 2419 519 3161
connector 0.7629 1043 1801 1180 1859
connector 0.7345 4080 2195 4125 2414
connector 0.7315 669 1799 828 1945
connector 0.7278 1126 660 1206 731
connector 0.7259 4163 495 4473 930
connector 0.6533 4085 1641 4161 1763
connector 0.6242 4113 881 4172 933
connector 0.6099 666 1572 827 1745
connector 0.5908 3676 1593 3794 1704
connector 0.3875 1383 2579 1458 2662
resistor 0.9731 3731 1732 3796 1789
resistor 0.9404 1645 1260 1687 1302
resistor 0.9370 3061 1929 3121 1961
resistor 0.9348 1936 1508 1988 1543
resistor 0.9342 1943 1576 1978 1610
resistor 0.9239 1577 1263 1619 1300
resistor 0.9194 1944 1368 1985 1407
resistor 0.8737 3807 1750 3835 1790
resistor 0.8641 1944 2245 1973 2327
resistor 0.8585 599 1860 648 1886
resistor 0.8571 1946 2146 1972 2199
resistor 0.8418 1946 2353 1971 2403
resistor 0.8132 720 2092 785 2162
resistor 0.6967 1945 1431 1986 1476
resistor 0.6900 1942 1303 1985 1352
resistor 0.6795 1944 2076 1972 2117
resistor 0.6496 1949 1633 1983 1684
resistor 0.6469 1943 2418 1975 2460
resistor 0.6395 1290 1125 1323 1176
resistor 0.6387 1510 1259 1555 1299
resistor 0.3292 3798 1735 3820 1784
resistor 0.3132 1927 2338 1970 2399
resistor 0.3097 723 2196 781 2280
pads 0.8782 4432 2557 4591 2688
pads 0.8398 4428 2865 4610 2994
pads 0.7362 1172 3162 2177 3269
pads 0.6984 3584 2331 3698 2387
capacitor 0.9820 4936 2512 4991 2605
capacitor 0.9705 3061 1483 3114 1561
capacitor 0.9569 3319 1466 3347 1518
capacitor 0.9555 3612 1450 3648 1508
capacitor 0.9520 4934 2100 4991 2199
capacitor 0.9383 4176 1707 4229 1803
capacitor 0.9359 3414 2336 3485 2374
capacitor 0.9324 3411 2242 3476 2280
capacitor 0.9320 4623 2036 4675 2132
capacitor 0.9205 3278 1133 3303 1175
capacitor 0.9189 2245 2203 2275 2256
capacitor 0.9125 3728 2278 3785 2334
capacitor 0.9106 4080 1983 4111 2021
capacitor 0.9064 4484 2229 4567 2285
capacitor 0.8991 5019 2788 5069 2889
capacitor 0.8965 5156 2590 5258 2649
capacitor 0.8879 2641 2279 2679 2346
capacitor 0.8866 3730 2140 3797 2249
capacitor 0.8737 4925 1996 4988 2089
capacitor 0.8593 2166 2078 2241 2130
capacitor 0.8292 4772 2702 4869 2757
capacitor 0.8270 3822 2131 3887 2251
capacitor 0.8265 4924 2393 4992 2485
capacitor 0.8150 3291 2278 3318 2322
capacitor 0.7960 4382 1845 4480 1899
capacitor 0.7798 4990 2064 5047 2091
capacitor 0.7760 2171 1874 2245 1916
capacitor 0.7748 4990 2460 5047 2487
capacitor 0.7556 2163 1573 2242 1613
capacitor 0.7525 4489 2269 4598 2334
capacitor 0.7417 2162 2032 2240 2074
capacitor 0.7411 2164 1449 2240 1488
capacitor 0.7330 883 1967 926 2004
capacitor 0.7143 2259 1328 2328 1357
capacitor 0.6929 4110 1942 4168 1967
capacitor 0.6872 5266 2594 5368 2646
capacitor 0.6836 5159 2183 5263 2243
capacitor 0.6793 3460 1628 3508 1671
capacitor 0.6666 2165 1981 2240 2030
capacitor 0.6382 845 2827 898 2854
capacitor 0.6221 5277 2186 5358 2254
capacitor 0.6060 2267 2202 2310 2251
capacitor 0.6019 2912 1313 2990 1356
capacitor 0.5595 4981 2796 5037 2892
capacitor 0.5188 3681 1736 3723 1786
text 0.9923 586 1654 616 1791
text 0.9894 3643 1733 3673 1765
text 0.9886 3290 2324 3318 2385
text 0.9882 4393 2581 4419 2647
text 0.9868 3943 1801 3974 1833
text 0.9867 4065 1939 4093 1978
text 0.9827 4702 1198 4748 1232
text 0.9818 4599 2555 4638 2646
text 0.9805 3309 1562 3345 1627
text 0.9798 799 2086 830 2161
text 0.9773 4681 1527 4745 1573
text 0.9769 3084 1771 3143 1858
text 0.9724 3607 1599 3670 1650
text 0.9717 2570 2324 2596 2372
text 0.9702 3847 876 3877 1024
text 0.9688 2341 2322 2378 2373
text 0.9686 3835 2263 3889 2300
text 0.9683 1442 1700 1477 1772
text 0.9677 3748 1406 3783 1577
text 0.9670 5180 1440 5210 1547
text 0.9657 1383 1730 1409 1790
text 0.9651 4705 2115 4736 2206
text 0.9640 3398 1625 3456 1666
text 0.9639 3491 2390 3575 2432
text 0.9634 997 890 1058 948
text 0.9619 1127 2649 1167 2676
text 0.9612 2216 1038 2277 1064
text 0.9610 1276 1727 1306 1799
text 0.9607 5029 545 5059 783
text 0.9595 898 1504 929 1532
text 0.9574 3612 891 3648 1028
text 0.9574 1456 2891 1494 2934
text 0.9571 898 1628 968 1670
text 0.9557 4066 1355 4118 1396
text 0.9556 773 2021 839 2064
text 0.9554 1140 1603 1182 1638
text 0.9539 2107 1152 2148 1185
text 0.9538 2120 2554 2163 2594
text 0.9525 1862 2678 1906 2773
text 0.9504 1322 2528 1387 2579
text 0.9500 3934 1718 3998 1748
text 0.9491 4634 2344 4668 2426
text 0.9470 3628 1274 3660 1303
text 0.9463 2342 2236 2392 2280
text 0.9452 1659 2702 1689 2757
text 0.9442 799 1505 855 1534
text 0.9427 3313 1056 3349 1101
text 0.9423 3877 1323 3907 1400
text 0.9414 3565 1586 3589 1650
text 0.9409 4472 939 4503 975
text 0.9402 1444 1132 1489 1178
text 0.9395 3610 2295 3698 2361
text 0.9393 1002 1804 1061 1829
text 0.9382 1957 2607 2027 2648
text 0.9379 3931 929 3970 1002
text 0.9377 2775 1112 2801 1281
text 0.9361 490 1463 632 1492
text 0.9356 5249 801 5316 837
text 0.9352 1137 1270 1184 1356
text 0.9341 5196 1092 5318 1543
text 0.9340 1035 593 1062 651
text 0.9336 2553 1126 2573 1277
text 0.9315 1380 1110 1415 1193
text 0.9298 3607 1398 3642 1460
text 0.9295 1201 947 1230 989
text 0.9268 797 2412 843 2470
text 0.9267 1022 743 1087 778
text 0.9260 4746 836 4774 866
text 0.9260 1226 1167 1277 1206
text 0.9247 4162 1942 4213 1971
text 0.9241 2836 2311 2895 2379
text 0.9237 1123 2385 1148 2418
text 0.9229 1372 3083 1398 3137
text 0.9225 4682 1300 4746 1340
text 0.9215 1202 2389 1239 2424
text 0.9215 4680 2343 4719 2432
text 0.9194 886 2535 959 2613
text 0.9186 5105 1791 5401 1832
text 0.9165 3975 1498 4025 1561
text 0.9145 1041 2387 1087 2425
text 0.9138 3169 2377 3260 2412
text 0.9108 2733 2252 2815 2284
text 0.9097 3495 2291 3572 2332
text 0.9078 4081 2852 4123 2899
text 0.9076 3376 1752 3464 1937
text 0.9043 1434 3082 1466 3134
text 0.9043 5346 1831 5415 1870
text 0.9041 3753 872 3785 1020
text 0.9020 995 856 1057 891
text 0.9018 583 1572 617 1640
text 0.9018 1319 1981 1382 2021
text 0.8988 3969 2044 3997 2075
text 0.8981 2845 1287 2900 1329
text 0.8980 5078 594 5266 641
text 0.8977 3708 1788 3750 1845
text 0.8956 693 2025 750 2060
text 0.8951 1332 1412 1410 1440
text 0.8950 3978 1042 4014 1136
text 0.8939 1116 793 1178 842
text 0.8929 4324 2433 4352 2521
text 0.8921 790 2816 859 2854
text 0.8918 1281 2435 1306 2475
text 0.8911 900 1743 983 1780
text 0.8901 1417 1478 1444 1557
text 0.8900 3099 2346 3153 2372
text 0.8899 486 1512 523 1557
text 0.8887 3940 1340 3974 1410
text 0.8875 4730 932 4760 965
text 0.8873 3804 2295 3851 2391
text 0.8866 4053 1596 4117 1789
text 0.8865 4156 780 4204 859
text 0.8864 4214 1603 4243 1643
text 0.8862 2430 1260 2489 1300
text 0.8857 676 1768 824 1861
text 0.8845 4106 2456 4124 2499
text 0.8829 4485 2987 4553 3017
text 0.8820 3643 1052 3688 1086
text 0.8798 896 1771 962 1805
text 0.8784 4350 1304 4396 1412
text 0.8784 5082 754 5231 781
text 0.8782 4379 1278 4412 1357
text 0.8763 3516 1277 3569 1314
text 0.8757 1127 1361 1198 1453
text 0.8739 2794 2341 2828 2378
text 0.8728 4375 907 4446 950
text 0.8727 2539 2230 2598 2267
text 0.8702 4457 1403 4518 1455
text 0.8693 4400 2917 4436 3012
text 0.8686 2197 1408 2258 1444
text 0.8671 4613 1881 4679 1958
text 0.8668 1967 1155 2029 1207
text 0.8667 3923 2752 4032 2870
text 0.8663 3806 2526 3835 2570
text 0.8648 2285 2170 2323 2202
text 0.8643 4095 1573 4152 1614
text 0.8626 4221 1919 4347 1964
text 0.8610 1432 1766 1472 1809
text 0.8609 579 2916 633 2961
text 0.8608 4085 1766 4121 1824
text 0.8584 3114 1926 3181 1965
text 0.8582 2149 3095 2176 3150
text 0.8581 676 1963 743 1993
text 0.8580 1499 1152 1575 1182
text 0.8556 995 1750 1049 1792
text 0.8549 1225 1326 1287 1371
text 0.8541 4878 805 4954 831
text 0.8530 3219 1681 3288 1710
text 0.8520 4407 1481 4462 1549
text 0.8506 5440 1812 5506 2269
text 0.8499 5467 2272 5507 2441
text 0.8489 5334 2675 5397 2715
text 0.8475 1741 2608 1808 2649
text 0.8472 327 730 395 766
text 0.8457 517 728 582 755
text 0.8455 654 2700 722 2742
text 0.8435 4823 754 4886 800
text 0.8431 527 1182 654 1208
text 0.8430 4422 874 4459 909
text 0.8417 4182 2673 4401 2702
text 0.8416 1547 2589 1646 2641
text 0.8391 3930 609 3956 736
text 0.8370 4502 1248 4623 1299
text 0.8366 4080 2665 4121 2743
text 0.8359 4243 2021 4291 2074
text 0.8354 3116 1072 3209 1113
text 0.8345 1263 2570 1305 2620
text 0.8335 4473 862 4502 893
text 0.8329 4541 1686 4569 1749
text 0.8327 712 1505 762 1540
text 0.8327 3305 1395 3348 1464
text 0.8326 5014 2958 5057 3000
text 0.8325 5168 2687 5263 2727
text 0.8325 4108 2567 4134 2627
text 0.8295 2829 2226 2856 2294
text 0.8285 1651 3027 1985 3068
text 0.8267 4739 1579 4788 1722
text 0.8261 4910 1792 4973 1828
text 0.8260 3712 2057 3742 2090
text 0.8259 3135 1408 3234 1449
text 0.8256 4257 598 4287 688
text 0.8251 2899 2349 3041 2387
text 0.8234 888 2368 954 2413
text 0.8215 4502 1836 4568 1878
text 0.8196 4614 2975 4679 3013
text 0.8144 784 1967 838 1995
text 0.8123 1172 1815 1234 1850
text 0.8120 530 2474 557 2537
text 0.8107 4644 2429 4722 2470
text 0.8074 3332 1952 3397 1993
text 0.8072 3411 1726 3538 1764
text 0.8063 3205 1124 3239 1299
text 0.8059 1605 3108 1647 3151
text 0.8043 3370 1269 3429 1309
text 0.8041 1541 1030 1629 1100
text 0.8039 4964 1897 4994 1944
text 0.8005 4167 1978 4251 2021
text 0.7999 1001 1304 1126 1344
text 0.7981 3985 2075 4073 2102
text 0.7972 5313 590 5353 621
text 0.7965 491 1781 549 1849
text 0.7960 3958 2972 4054 3011
text 0.7950 3562 917 3590 1030
text 0.7938 504 1831 566 1871
text 0.7926 1097 1421 1241 1510
text 0.7924 3441 904 3485 1034
text 0.7906 4322 1347 4353 1416
text 0.7862 3812 2463 3841 2516
text 0.7844 4682 1349 4757 1385
text 0.7833 4639 2835 4679 2929
text 0.7824 551 2030 609 2064
text 0.7812 927 2571 994 2632
text 0.7788 2692 1028 2761 1069
text 0.7751 4446 2735 4592 2876
text 0.7725 524 2825 569 2863
text 0.7701 1143 1946 1196 1983
text 0.7701 2646 1257 2720 1298
text 0.7685 2679 2280 2721 2364
text 0.7684 2840 1334 2873 1371
text 0.7671 974 1275 1054 1322
text 0.7669 4709 1013 4754 1043
text 0.7663 2994 1143 3023 1289
text 0.7660 4761 1668 4790 1823
text 0.7657 4116 587 4153 719
text 0.7644 4810 1831 4911 1871
text 0.7620 5281 2856 5342 2963
text 0.7615 4028 1231 4093 1266
text 0.7573 1307 2414 1372 2457
text 0.7572 4129 727 4175 810
text 0.7566 3866 1423 3901 1492
text 0.7564 503 1538 537 1600
text 0.7559 527 1947 563 2007
text 0.7557 1686 2807 2035 2900
text 0.7555 3531 1413 3593 1502
text 0.7543 2622 2184 2667 2225
text 0.7538 4310 2224 4351 2256
text 0.7536 525 2865 587 2912
text 0.7513 4693 1938 4720 2031
text 0.7458 3996 2662 4062 2707
text 0.7458 1115 990 1182 1069
text 0.7450 4265 1419 4361 1454
text 0.7440 3940 1123 3971 1270
text 0.7438 2287 1044 2355 1071
text 0.7436 4341 2838 4408 2865
text 0.7428 1277 1070 1356 1099
text 0.7380 3702 2302 3780 2354
text 0.7375 2897 1030 2940 1060
text 0.7371 543 1936 599 2009
text 0.7368 4789 793 4876 830
text 0.7367 3901 2664 3942 2702
text 0.7342 4465 1910 4566 1939
text 0.7336 512 1707 543 1829
text 0.7331 3066 1008 3143 1086
text 0.7325 4773 974 4802 1015
text 0.7299 4104 2063 4269 2092
text 0.7299 4475 1399 4691 1455
text 0.7276 4118 2663 4177 2702
text 0.7274 2969 1327 3057 1357
text 0.7237 1175 745 1220 776
text 0.7235 2515 2074 2768 2116
text 0.7218 4951 2295 4993 2356
text 0.7203 2619 1057 2697 1085
text 0.7191 500 1872 558 1910
text 0.7184 821 1611 873 1671
text 0.7182 3777 1327 3803 1403
text 0.7158 3098 1287 3171 1328
text 0.7158 4191 2419 4246 2454
text 0.7084 1048 1176 1113 1206
text 0.7075 1160 806 1214 855
text 0.7074 5300 620 5333 674
text 0.7038 3672 2353 3740 2398
text 0.7012 4932 756 5004 789
text 0.6997 357 1206 546 1234
text 0.6976 3688 1790 3712 1856
text 0.6975 2036 1045 2114 1119
text 0.6935 5400 1075 5505 1400
text 0.6926 5390 800 5442 831
text 0.6898 1721 1096 1800 1136
text 0.6893 3403 1428 3503 1484
text 0.6879 1850 2618 1902 2647
text 0.6865 3357 884 3397 1029
text 0.6851 1309 1530 1352 1566
text 0.6822 1177 1254 1246 1312
text 0.6813 1440 1041 1507 1110
text 0.6797 4647 2666 4680 2766
text 0.6786 926 2642 1002 2686
text 0.6703 3710 1273 3912 1308
text 0.6607 695 1547 841 1586
text 0.6586 1115 1066 1216 1122
text 0.6536 1393 1260 1441 1287
text 0.6520 817 2725 884 2769
text 0.6436 4498 1396 4598 1451
text 0.6434 4090 973 4122 1076
text 0.6393 4161 2846 4272 2884
text 0.6391 1101 553 1140 581
text 0.6370 4389 978 4472 1015
text 0.6365 1184 1000 1245 1035
text 0.6362 3687 2051 3714 2085
text 0.6324 1824 1096 1943 1137
text 0.6322 3330 2059 3399 2094
text 0.6296 1401 2419 1430 2516
text 0.6272 1183 3110 1212 3151
text 0.6253 515 653 582 686
text 0.6228 3986 507 4132 930
text 0.6166 4761 1027 4802 1058
text 0.6137 528 2019 567 2049
text 0.6108 2345 1042 2416 1071
text 0.6094 3551 2089 3691 2122
text 0.6066 4084 590 4127 734
text 0.6019 1401 1710 1428 1784
text 0.5930 4765 809 4823 846
text 0.5915 853 2350 925 2394
text 0.5882 3251 1103 3278 1179
text 0.5826 5121 636 5231 699
text 0.5770 1178 1387 1219 1430
text 0.5733 4720 1355 4798 1397
text 0.5559 3904 1328 3930 1386
text 0.5553 5398 812 5452 837
text 0.5419 3532 1316 3595 1384
text 0.5403 4443 838 4485 868
text 0.5315 2476 2231 2544 2268
text 0.5280 4120 1846 4149 1906
text 0.4931 3276 1257 3343 1389
text 0.4775 4768 1015 4807 1045
text 0.4663 3574 2027 3659 2107
text 0.4637 3556 2104 3684 2147
text 0.4336 1220 1802 1273 1852
text 0.4188 825 1708 869 1754
text 0.4135 1146 694 1224 753
text 0.3997 4119 722 4151 797
text 0.3823 1654 1083 1721 1121
text 0.3773 3518 1360 3607 1407
text 0.3756 4223 2036 4273 2080
text 0.3725 3426 1707 3586 1740
text 0.3723 1017 1185 1076 1219
text 0.3672 4538 2378 4636 2497
text 0.3623 3897 1488 3950 1541
text 0.3618 1183 846 1211 893
text 0.3516 497 754 545 792
text 0.3509 5295 588 5347 648
text 0.3498 1050 1142 1131 1181
text 0.3440 3224 1124 3279 1252
text 0.3224 1270 1444 1303 1498
text 0.3184 4561 1411 4680 1464
text 0.3180 3577 1586 3625 1636
text 0.3171 4891 790 4966 816
text 0.3153 4685 1594 4772 1706
text 0.3080 3989 2064 4045 2094
text 0.3067 2759 2247 2835 2276
text 0.3030 3823 1289 3896 1338
component 0.9899 4790 2332 4875 2404
component 0.9842 4789 1915 4879 1991
component 0.9838 1115 2469 1189 2562
component 0.9818 3823 2888 3850 2929
component 0.9767 3791 1868 3887 2034
component 0.9762 4381 1059 4472 1143
component 0.9759 420 2120 612 2364
component 0.9655 368 758 410 1151
component 0.9633 135 2734 189 2886
component 0.9622 4790 2136 4845 2212
component 0.9617 2186 1136 2341 1246
component 0.9613 4787 2541 4841 2621
component 0.9515 953 1884 1072 1927
component 0.9475 4625 1617 4704 1702
component 0.9424 1714 1620 1823 2211
component 0.9379 1548 2533 1596 2563
component 0.9363 744 2106 762 2145
component 0.9310 618 2498 759 2639
component 0.9265 4626 1778 4700 1833
component 0.9258 3350 1083 3660 1125
component 0.9250 1090 577 1161 634
component 0.9228 4816 2838 4889 2948
component 0.9147 3684 1110 3908 1218
component 0.9143 4067 1465 4131 1514
component 0.9139 3343 1117 3653 1224
component 0.9098 2070 1255 2093 1402
component 0.9095 1062 1519 1204 1562
component 0.8977 4558 2396 4624 2467
component 0.8932 472 946 519 1147
component 0.8890 1033 2202 1228 2291
component 0.8862 477 773 520 835
component 0.8821 2502 1043 2557 1087
component 0.8713 1080 2758 1212 2868
component 0.8709 1958 1370 1972 1414
component 0.8382 2053 2152 2095 2443
component 0.8382 1958 1312 1972 1345
component 0.8252 4449 2060 4548 2125
component 0.8180 1956 2157 1966 2215
component 0.8168 1006 2075 1241 2201
component 0.8104 1495 1061 1537 1109
component 0.8099 3699 1080 3925 1112
component 0.8024 1945 2362 1957 2393
component 0.7963 746 2198 763 2238
component 0.7870 3158 1355 3211 1389
component 0.7542 3020 1050 3077 1112
component 0.7428 1945 2076 1958 2114
component 0.7023 2041 1745 2094 1872
component 0.6855 4425 2390 4499 2484
component 0.6829 1954 2222 1971 2353
component 0.5715 5186 2882 5265 2976
component 0.4288 1954 2078 1971 2119
component 0.3678 1951 2320 1969 2398
component 0.3118 1953 2419 1970 2450
component 0.3084 1947 2127 1963 2186
led 0.9472 571 783 652 823
led 0.9273 205 1897 532 2065
led 0.8989 585 1030 655 1072
led 0.8976 4078 2755 4121 2828
led 0.8765 580 1121 654 1162
led 0.8655 4641 2748 4679 2831
led 0.8394 587 929 653 972
led 0.7240 4354 2758 4390 2839
led 0.5751 4366 2934 4396 3015
clock 0.9571 1498 2636 1618 2955
clock 0.8551 2137 1082 2398 1323
ic 0.9915 2259 1392 3027 2173
ic 0.9895 4319 1599 4489 1817
ic 0.9721 5119 1899 5384 2170
ic 0.9706 894 2022 1372 2367
ic 0.9692 5131 2305 5390 2595
ic 0.9556 4247 1804 4308 1871
ic 0.9426 3705 1816 3986 2090
ic 0.9375 4993 2305 5101 2430
ic 0.9298 4581 2193 4653 2263
ic 0.9122 4997 2502 5109 2637
ic 0.9078 5004 2108 5098 2238
ic 0.9036 3183 1864 3329 1993
ic 0.9036 551 2443 828 2700
ic 0.8886 4994 1913 5101 2047
ic 0.8884 1010 2418 1294 2621
ic 0.8832 1306 1191 1348 1283
ic 0.8781 1219 1871 1373 1942
ic 0.8743 4229 1628 4299 1695
ic 0.8674 3578 2216 3724 2311
ic 0.8547 4386 2029 4604 2183
ic 0.8397 4939 2726 5014 2797
ic 0.8242 716 2237 855 2414
ic 0.8101 4408 2195 4490 2283
ic 0.7868 931 2690 1345 2962
ic 0.7602 4947 2904 5018 2973
ic 0.7157 3412 1480 3555 1575
ic 0.6615 3186 1727 3334 1849
ic 0.5672 840 2414 927 2483
switch 0.9606 4491 502 4785 966
switch 0.8959 341 763 583 1172
switch 0.8810 3669 1047 3926 1275
switch 0.8362 3330 1049 3671 1275
electrolytic 0.9574 4017 1464 4178 1537
electrolytic 0.9425 2473 1039 2586 1109
electrolytic 0.9325 3917 2879 4103 2975
electrolytic 0.9245 3151 2193 3267 2371
electrolytic 0.9108 4285 2303 4348 2431
electrolytic 0.8929 5089 2741 5276 2840
electrolytic 0.8784 4725 1865 4929 2050
electrolytic 0.8774 4722 2273 4921 2475
electrolytic 0.8772 4279 2077 4352 2196
electrolytic 0.8641 5099 2851 5299 3011
electrolytic 0.8167 4335 1037 4521 1222
electrolytic 0.8101 4370 2368 4535 2534
electrolytic 0.7623 1467 1047 1597 1141
electrolytic 0.7133 4570 1568 4756 1749
electrolytic 0.7060 4637 2490 4728 2661
electrolytic 0.6692 1052 574 1216 644
button 0.9787 4180 1452 4405 1574
button 0.9351 4133 2542 4357 2664
button 0.8544 4407 2709 4626 2839
button 0.8473 4142 2717 4350 2823
button 0.8185 4138 2881 4359 3013
button 0.7676 3879 2704 4077 2842
button 0.7372 4463 1446 4679 1573
transistor 0.9047 1217 1206 1288 1278
transistor 0.8657 3417 1950 3548 2107
ferrite 0.7773 875 2632 944 2675
ferrite 0.7656 516 2665 556 2727
jumper 0.9378 3631 1787 3693 1901
jumper 0.8908 1373 2661 1513 2733
jumper 0.8517 3562 1789 3625 1897
jumper 0.8443 5318 715 5383 836
jumper 0.8440 973 1343 1117 1404
jumper 0.7099 4112 790 4159 881
jumper 0.4314 1066 1758 1177 1828
display 0.9862 2162 2420 3858 3034
battery 0.9303 3862 2527 4081 2662
