connector 0.9894 4816 814 5400 1845
connector 0.9719 2161 2535 2257 2905
connector 0.9645 216 2072 709 2401
connector 0.9568 2581 555 3922 853
connector 0.9538 1218 559 2567 847
connector 0.9512 1128 891 1198 1021
connector 0.9490 2625 1109 2769 1259
connector 0.9464 4134 933 4326 1430
connector 0.9443 1689 2651 1835 2797
connector 0.9371 2396 1105 2545 1262
connector 0.9357 978 1029 1052 1103
connector 0.9338 651 491 981 1501
connector 0.9236 5250 742 5318 795
connector 0.9173 287 1679 500 1895
connector 0.9094 2111 1028 2176 1139
connector 0.9005 4819 551 5018 755
connector 0.8998 3401 1742 3549 1920
connector 0.8938 4139 2153 4309 2310
connector 0.8936 2843 1129 2989 1285
connector 0.8881 3064 1133 3212 1287
connector 0.8873 1400 2580 1499 2675
connector 0.8860 3895 2105 4078 2504
connector 0.8805 292 1452 502 1668
connector 0.8698 2191 2266 2341 2417
connector 0.8635 1051 1694 1244 1786
connector 0.8576 1916 2647 2069 2809
connector 0.8490 2421 2267 2560 2419
connector 0.8449 3578 1914 3673 2082
connector 0.8184 4081 2115 4280 2159
connector 0.8107 3236 1259 3293 1369
connector 0.7882 4133 2309 4265 2415
connector 0.7827 112 2415 519 3171
connector 0.7769 1044 1802 1177 1862
connector 0.7736 4076 2199 4122 2413
connector 0.7529 1127 656 1207 734
connector 0.7483 4168 464 4479 939
connector 0.7466 3948 510 4135 956
connector 0.7416 672 1804 825 1948
connector 0.7111 665 1581 828 1734
connector 0.7060 4227 1951 4349 2018
connector 0.6376 4107 879 4179 935
connector 0.6201 3677 1600 3796 1707
connector 0.5858 4074 1637 4164 1760
resistor 0.9704 3735 1735 3799 1790
resistor 0.9358 1573 1264 1616 1300
resistor 0.9352 1643 1259 1686 1300
resistor 0.9301 3060 1926 3120 1957
resistor 0.9264 1938 1508 1986 1546
resistor 0.9147 1944 1367 1984 1408
resistor 0.9094 1944 1577 1976 1609
resistor 0.8985 3806 1748 3834 1791
resistor 0.8962 601 1857 648 1884
resistor 0.8756 1945 2245 1973 2327
resistor 0.8660 1945 2351 1971 2402
resistor 0.8567 1945 2147 1972 2202
resistor 0.8314 719 2089 787 2155
resistor 0.7908 1946 1433 1984 1479
resistor 0.7372 1942 1301 1986 1355
resistor 0.7064 1509 1261 1552 1300
resistor 0.6855 1944 2076 1972 2116
resistor 0.6655 1949 1633 1982 1681
resistor 0.6482 1944 2419 1973 2457
resistor 0.6094 1289 1124 1325 1175
resistor 0.3565 1928 2335 1970 2398
resistor 0.3188 3797 1730 3821 1781
pads 0.8965 4435 2552 4601 2691
pads 0.8298 4428 2865 4611 2995
pads 0.7613 1175 3161 2192 3270
pads 0.6827 3580 2329 3693 2387
capacitor 0.9772 4940 2512 4994 2607
capacitor 0.9748 3063 1483 3115 1557
capacitor 0.9689 3319 1468 3347 1518
capacitor 0.9501 3614 1446 3650 1506
capacitor 0.9477 3412 2337 3484 2372
capacitor 0.9442 4936 2104 4991 2200
capacitor 0.9393 3278 1138 3303 1181
capacitor 0.9200 4175 1709 4231 1803
capacitor 0.9200 3732 2139 3801 2248
capacitor 0.9196 2639 2279 2675 2343
capacitor 0.9195 4626 2032 4678 2127
capacitor 0.9153 3413 2244 3480 2281
capacitor 0.9147 2244 2199 2272 2256
capacitor 0.8998 4080 1980 4109 2019
capacitor 0.8976 4481 2222 4568 2278
capacitor 0.8885 5154 2593 5259 2649
capacitor 0.8733 4926 1995 4989 2090
capacitor 0.8564 3733 2282 3785 2336
capacitor 0.8552 5019 2784 5070 2890
capacitor 0.8456 3823 2131 3886 2250
capacitor 0.8346 4924 2391 4992 2487
capacitor 0.8300 4990 2063 5046 2090
capacitor 0.8264 2161 1573 2242 1613
capacitor 0.8102 2162 1449 2243 1491
capacitor 0.7958 2163 2077 2236 2132
capacitor 0.7885 3291 2279 3319 2323
capacitor 0.7830 4380 1844 4478 1898
capacitor 0.7694 4490 2267 4597 2333
capacitor 0.7679 4989 2459 5047 2485
capacitor 0.7514 4772 2702 4867 2758
capacitor 0.7402 2165 1874 2245 1916
capacitor 0.7367 2162 2034 2239 2075
capacitor 0.7008 5157 2184 5262 2243
capacitor 0.6898 4110 1941 4169 1967
capacitor 0.6853 2912 1313 2991 1356
capacitor 0.6835 883 1968 924 2004
capacitor 0.6827 2163 1978 2238 2028
capacitor 0.6756 2266 2201 2307 2251
capacitor 0.6699 5281 2185 5358 2254
capacitor 0.6619 3458 1626 3509 1670
capacitor 0.6552 2257 1328 2326 1356
capacitor 0.6444 844 2825 899 2853
capacitor 0.6011 4980 2792 5037 2893
capacitor 0.5302 3681 1736 3723 1785
capacitor 0.4580 5259 2593 5365 2646
text 0.9917 582 1649 613 1791
text 0.9896 4394 2579 4420 2648
text 0.9890 3642 1734 3673 1767
text 0.9879 4068 1938 4094 1981
text 0.9879 3289 2324 3317 2387
text 0.9855 3943 1800 3972 1832
text 0.9806 4700 1201 4746 1231
text 0.9804 3308 1565 3346 1630
text 0.9780 3492 2389 3577 2429
text 0.9774 4597 2551 4636 2646
text 0.9767 3605 1598 3669 1650
text 0.9764 3847 876 3876 1025
text 0.9759 4681 1525 4746 1571
text 0.9758 2214 1042 2271 1064
text 0.9726 3082 1780 3145 1856
text 0.9720 1384 1732 1409 1789
text 0.9712 1442 1703 1475 1770
text 0.9698 2569 2325 2596 2377
text 0.9695 3748 1398 3783 1570
text 0.9695 801 2089 831 2156
text 0.9686 4705 2119 4735 2210
text 0.9680 5252 800 5317 835
text 0.9664 1139 1269 1184 1356
text 0.9656 3394 1626 3450 1666
text 0.9653 4475 943 4505 974
text 0.9650 3613 892 3649 1025
text 0.9649 3837 2260 3889 2298
text 0.9632 4069 1354 4118 1397
text 0.9631 1126 2649 1167 2676
text 0.9625 998 1809 1059 1833
text 0.9625 5181 1436 5211 1544
text 0.9617 1866 2677 1906 2767
text 0.9612 1277 1725 1307 1801
text 0.9607 899 1625 969 1668
text 0.9597 5032 550 5059 775
text 0.9580 2342 2322 2377 2375
text 0.9567 896 1505 927 1532
text 0.9552 1454 2894 1494 2935
text 0.9549 995 890 1060 948
text 0.9545 2108 1147 2152 1178
text 0.9539 1143 1602 1183 1637
text 0.9516 2121 2552 2164 2594
text 0.9512 3934 1718 3997 1748
text 0.9496 3875 1325 3905 1405
text 0.9491 3629 1273 3661 1303
text 0.9473 1319 2531 1386 2581
text 0.9471 2342 2239 2393 2285
text 0.9466 2837 2317 2893 2380
text 0.9462 773 2022 839 2066
text 0.9442 3565 1588 3589 1651
text 0.9429 3315 1053 3352 1099
text 0.9422 1658 2702 1687 2757
text 0.9416 1022 740 1084 772
text 0.9366 1436 1131 1485 1175
text 0.9355 490 1463 635 1489
text 0.9355 4170 1942 4221 1971
text 0.9348 1034 592 1060 648
text 0.9338 4680 1302 4744 1339
text 0.9322 1332 1411 1411 1440
text 0.9320 4734 932 4760 961
text 0.9318 2844 1287 2895 1327
text 0.9302 1378 1108 1415 1191
text 0.9298 808 1506 858 1533
text 0.9291 1201 944 1228 990
text 0.9289 3932 934 3968 1001
text 0.9275 3607 2293 3698 2366
text 0.9273 1969 1131 2046 1181
text 0.9261 4641 2342 4670 2426
text 0.9257 3746 873 3780 1020
text 0.9246 1375 3082 1400 3138
text 0.9241 585 1565 615 1637
text 0.9239 1227 1168 1276 1203
text 0.9237 5198 1091 5317 1549
text 0.9236 2552 1122 2572 1287
text 0.9230 5107 1790 5404 1831
text 0.9221 2434 1258 2489 1298
text 0.9200 3605 1394 3640 1461
text 0.9187 3971 1504 4020 1567
text 0.9183 2775 1113 2800 1287
text 0.9174 1437 3082 1469 3137
text 0.9164 2734 2252 2817 2284
text 0.9160 677 1768 828 1864
text 0.9154 1121 2387 1144 2419
text 0.9134 4081 2851 4124 2897
text 0.9124 1042 2385 1087 2423
text 0.9119 994 857 1059 892
text 0.9107 5083 755 5230 781
text 0.9101 887 2533 959 2609
text 0.9093 1555 1035 1626 1095
text 0.9078 3942 1339 3976 1411
text 0.9071 4105 2453 4124 2495
text 0.9068 4680 2342 4719 2427
text 0.9065 897 1746 980 1781
text 0.9060 3971 2045 4001 2075
text 0.9042 1282 2436 1306 2476
text 0.9031 519 732 590 760
text 0.9009 796 2407 840 2469
text 0.9005 3102 2348 3154 2375
text 0.8997 1320 1982 1385 2021
text 0.8995 2797 2342 2828 2379
text 0.8995 788 2812 855 2850
text 0.8993 1203 2384 1240 2420
text 0.8984 4745 839 4772 868
text 0.8979 484 1518 525 1559
text 0.8949 899 1772 965 1807
text 0.8946 4322 2437 4352 2522
text 0.8929 3803 2294 3849 2405
text 0.8928 5345 1831 5414 1871
text 0.8924 4052 1599 4118 1783
text 0.8896 5089 592 5260 636
text 0.8894 3981 1036 4017 1134
text 0.8889 4352 1307 4396 1413
text 0.8869 3926 2756 4027 2871
text 0.8866 578 2918 634 2962
text 0.8865 4488 2988 4552 3016
text 0.8841 3171 2375 3265 2413
text 0.8827 4219 1919 4345 1964
text 0.8809 4161 779 4208 848
text 0.8799 4824 755 4883 797
text 0.8794 4406 1481 4461 1544
text 0.8788 2148 3096 2175 3151
text 0.8765 3304 1397 3350 1461
text 0.8749 4612 1874 4680 1947
text 0.8749 3113 1922 3180 1960
text 0.8735 3709 1789 3750 1847
text 0.8733 1959 2606 2026 2647
text 0.8720 4379 1279 4413 1358
text 0.8716 3645 1052 3688 1084
text 0.8714 694 2033 747 2064
text 0.8688 1741 2608 1810 2647
text 0.8687 4543 1686 4570 1751
text 0.8671 675 1965 744 1993
text 0.8669 1415 1475 1442 1555
text 0.8664 5442 1803 5509 2269
text 0.8658 4501 1248 4622 1298
text 0.8653 3711 2056 3742 2090
text 0.8652 1116 794 1182 845
text 0.8621 1431 1768 1471 1811
text 0.8604 654 2700 722 2742
text 0.8598 4089 1573 4150 1615
text 0.8584 1229 1325 1288 1368
text 0.8584 2201 1405 2263 1441
text 0.8581 3512 1276 3567 1314
text 0.8578 4244 2018 4290 2074
text 0.8576 4376 906 4450 952
text 0.8571 3496 2291 3579 2332
text 0.8571 3379 1755 3485 1941
text 0.8567 4613 2975 4679 3014
text 0.8567 2895 1029 2938 1058
text 0.8560 4183 2674 4390 2702
text 0.8556 991 1751 1046 1790
text 0.8502 3805 2524 3839 2566
text 0.8502 328 732 395 769
text 0.8502 4308 2226 4346 2257
text 0.8494 2542 2229 2599 2268
text 0.8491 4458 1403 4521 1454
text 0.8490 708 1502 760 1534
text 0.8484 1127 1364 1198 1455
text 0.8480 4911 1790 4985 1827
text 0.8436 4107 2565 4133 2623
text 0.8432 3412 1723 3537 1762
text 0.8419 4706 1016 4748 1045
text 0.8418 3217 1677 3289 1707
text 0.8388 2830 2223 2856 2292
text 0.8386 1552 2583 1647 2636
text 0.8371 4088 1761 4122 1822
text 0.8343 2287 2169 2323 2202
text 0.8332 1496 1149 1577 1179
text 0.8321 1266 2566 1306 2618
text 0.8306 3930 616 3954 735
text 0.8302 783 1967 838 1995
text 0.8302 887 2371 953 2414
text 0.8291 518 1182 653 1208
text 0.8276 530 2474 558 2541
text 0.8275 1010 1304 1121 1340
text 0.8273 1090 1417 1243 1508
text 0.8266 3994 2660 4063 2704
text 0.8261 2614 1056 2693 1084
text 0.8253 4883 807 4950 829
text 0.8250 3438 902 3483 1031
text 0.8222 5333 2673 5396 2713
text 0.8222 2696 1028 2758 1069
text 0.8217 4217 1605 4244 1644
text 0.8213 4454 2733 4590 2865
text 0.8208 5013 2957 5056 3002
text 0.8204 2908 2349 3043 2387
text 0.8200 5167 2688 5264 2728
text 0.8197 491 1785 549 1849
text 0.8195 4677 1349 4751 1388
text 0.8185 1655 3029 1986 3069
text 0.8165 3134 1411 3237 1453
text 0.8157 4415 878 4456 910
text 0.8157 3114 1071 3210 1113
text 0.8155 1276 1072 1362 1099
text 0.8113 3211 1128 3245 1301
text 0.8099 928 2573 994 2633
text 0.8097 4950 2295 4991 2354
text 0.8088 1099 554 1141 581
text 0.8051 1172 1818 1235 1851
text 0.8051 4081 2665 4122 2744
text 0.8037 5469 2273 5508 2443
text 0.8021 4254 594 4285 693
text 0.8007 4965 1895 4994 1945
text 0.7999 3706 2303 3777 2356
text 0.7992 2652 1263 2718 1300
text 0.7988 2679 2279 2721 2365
text 0.7987 2839 1337 2871 1374
text 0.7985 4474 867 4502 894
text 0.7974 4773 981 4801 1016
text 0.7973 2992 1137 3021 1294
text 0.7970 5313 588 5353 617
text 0.7966 4268 1416 4361 1453
text 0.7953 3328 1954 3398 1993
text 0.7925 3812 2461 3842 2513
text 0.7917 500 1544 538 1600
text 0.7891 3959 2973 4052 3013
text 0.7891 4132 699 4180 794
text 0.7880 4397 2923 4434 3011
text 0.7880 4759 1649 4788 1817
text 0.7866 2620 2182 2664 2225
text 0.7862 3531 1413 3592 1502
text 0.7858 4731 1583 4787 1722
text 0.7855 4639 2837 4679 2931
text 0.7847 4935 759 5003 789
text 0.7830 1851 2620 1903 2647
text 0.7814 3371 1267 3428 1308
text 0.7802 5285 2857 5341 2960
text 0.7798 3943 1115 3974 1266
text 0.7777 4111 2061 4272 2090
text 0.7770 552 2031 614 2063
text 0.7757 4644 2429 4720 2469
text 0.7750 1605 3111 1648 3153
text 0.7737 4188 2420 4241 2456
text 0.7731 1308 2416 1372 2457
text 0.7703 5302 628 5332 689
text 0.7694 683 1546 853 1590
text 0.7690 979 1262 1055 1305
text 0.7682 1143 1941 1197 1980
text 0.7674 3899 2662 3942 2700
text 0.7663 3563 920 3591 1028
text 0.7657 2288 1043 2356 1069
text 0.7646 524 2825 568 2863
text 0.7641 4695 1939 4722 2033
text 0.7629 3867 1422 3901 1491
text 0.7623 1046 1175 1113 1204
text 0.7619 1112 993 1181 1076
text 0.7606 514 660 583 689
text 0.7606 3078 1001 3149 1077
text 0.7604 513 1707 545 1828
text 0.7595 4337 2838 4410 2866
text 0.7584 1172 748 1224 775
text 0.7561 528 1948 562 2009
text 0.7535 4029 1232 4094 1265
text 0.7531 4790 794 4870 828
text 0.7528 502 1831 566 1871
text 0.7523 4168 1977 4255 2022
text 0.7506 3688 1791 3712 1858
text 0.7483 4463 1911 4567 1941
text 0.7482 1312 1532 1358 1565
text 0.7462 544 1940 596 2011
text 0.7449 4323 1343 4353 1413
text 0.7359 3098 1289 3170 1328
text 0.7273 525 2865 588 2913
text 0.7264 1390 1258 1443 1289
text 0.7248 2514 2075 2772 2116
text 0.7229 810 1619 872 1682
text 0.7204 4084 592 4129 730
text 0.7194 1176 1253 1251 1311
text 0.7182 1831 1096 1945 1137
text 0.7180 4502 1836 4573 1878
text 0.7167 4093 968 4123 1069
text 0.7165 4479 1400 4680 1454
text 0.7139 4118 2662 4178 2701
text 0.7136 5389 794 5442 822
text 0.7123 4811 1829 4909 1872
text 0.7100 816 2727 884 2769
text 0.7088 1118 1063 1214 1119
text 0.7076 3713 1276 3909 1311
text 0.7046 3990 514 4132 925
text 0.7006 351 1207 563 1235
text 0.6984 3986 2075 4072 2102
text 0.6976 2973 1327 3063 1357
text 0.6956 926 2641 1001 2684
text 0.6938 2037 1049 2110 1119
text 0.6864 3332 2062 3398 2097
text 0.6788 4502 1397 4599 1451
text 0.6776 3779 1328 3804 1406
text 0.6775 4118 587 4151 718
text 0.6774 3672 2349 3738 2395
text 0.6759 1437 1031 1507 1104
text 0.6757 3403 1427 3505 1482
text 0.6754 5399 1077 5508 1399
text 0.6748 529 2020 568 2049
text 0.6730 3358 884 3400 1028
text 0.6710 1157 805 1212 853
text 0.6631 1185 1000 1244 1036
text 0.6557 1690 2809 2034 2902
text 0.6530 501 1871 560 1902
text 0.6492 4766 814 4817 849
text 0.6406 4388 975 4474 1014
text 0.6358 4443 836 4486 862
text 0.6332 1183 3108 1211 3150
text 0.6315 3687 2050 3715 2085
text 0.6288 3251 1101 3278 1181
text 0.6273 1720 1097 1794 1136
text 0.6271 4165 2845 4272 2885
text 0.6194 4649 2670 4681 2761
text 0.6171 1401 2423 1430 2520
text 0.6072 1402 1712 1427 1782
text 0.6064 4722 1353 4802 1395
text 0.6006 3552 2090 3693 2122
text 0.5953 4120 1845 4149 1908
text 0.5892 3531 1313 3594 1380
text 0.5870 2347 1044 2416 1071
text 0.5721 2474 2231 2543 2268
text 0.5719 855 2350 922 2394
text 0.5709 4763 1025 4801 1056
text 0.5645 5115 629 5224 683
text 0.5553 1178 1385 1218 1428
text 0.5538 3904 1328 3930 1391
text 0.5123 5401 811 5452 837
text 0.4264 3570 2020 3660 2107
text 0.4080 1218 1807 1272 1854
text 0.4075 4765 1012 4809 1040
text 0.4073 3280 1259 3346 1389
text 0.3859 3415 1476 3540 1534
text 0.3797 4896 793 4957 818
text 0.3579 3556 2102 3689 2144
text 0.3519 1406 2412 1443 2537
text 0.3493 527 580 585 618
text 0.3383 3424 1704 3578 1738
text 0.3375 697 1513 781 1548
text 0.3371 1673 1080 1744 1118
text 0.3322 4224 2031 4272 2079
text 0.3306 3516 1338 3606 1389
text 0.3285 3987 2064 4044 2093
text 0.3256 4536 2373 4629 2501
text 0.3226 2816 2232 2849 2291
text 0.3204 4046 1580 4117 1636
text 0.3182 1356 1546 1383 1588
text 0.3142 1183 852 1210 900
text 0.3111 5299 595 5347 664
text 0.3099 1867 1107 1936 1143
text 0.3095 3229 1126 3279 1252
text 0.3025 4725 1719 4786 1842
text 0.3025 4118 705 4151 789
text 0.3016 1050 1142 1131 1181
component 0.9894 4790 1912 4879 1995
component 0.9891 4791 2332 4877 2400
component 0.9870 1117 2470 1188 2562
component 0.9848 3822 2892 3848 2930
component 0.9783 421 2118 609 2369
component 0.9763 3794 1869 3886 2033
component 0.9749 4381 1054 4473 1136
component 0.9703 135 2730 189 2886
component 0.9701 2186 1139 2335 1243
component 0.9687 952 1886 1069 1927
component 0.9620 4787 2537 4841 2620
component 0.9501 1714 1615 1822 2210
component 0.9499 366 754 408 1158
component 0.9482 4787 2135 4843 2214
component 0.9386 1553 2535 1600 2566
component 0.9376 3354 1083 3661 1122
component 0.9364 1063 1521 1215 1564
component 0.9361 3352 1117 3654 1222
component 0.9358 1088 582 1156 634
component 0.9348 4816 2843 4884 2949
component 0.9343 4624 1618 4705 1701
component 0.9279 620 2494 760 2640
component 0.9228 4625 1777 4704 1831
component 0.9116 743 2106 762 2142
component 0.8998 1032 2201 1228 2294
component 0.8965 4067 1461 4134 1513
component 0.8954 1496 1057 1538 1104
component 0.8902 473 774 515 831
component 0.8869 1958 1313 1971 1345
component 0.8855 3685 1105 3910 1219
component 0.8775 465 940 515 1146
component 0.8649 4556 2393 4621 2469
component 0.8634 1079 2755 1212 2866
component 0.8555 746 2198 761 2235
component 0.8494 3694 1076 3931 1109
component 0.8451 2052 2153 2095 2441
component 0.8352 1946 2360 1958 2391
component 0.8319 1959 1366 1971 1407
component 0.8283 3021 1047 3074 1103
component 0.8245 1007 2076 1241 2200
component 0.8235 4424 2390 4501 2483
component 0.8153 3158 1364 3212 1397
component 0.7943 4446 2058 4554 2132
component 0.7838 1955 2157 1966 2221
component 0.7811 2501 1038 2556 1084
component 0.7376 2039 1736 2095 1875
component 0.7361 2066 1249 2093 1412
component 0.7300 1945 2076 1959 2115
component 0.6803 1954 2210 1970 2331
component 0.5640 5187 2882 5264 2977
component 0.3659 3692 1062 3908 1098
component 0.3441 1951 2320 1970 2398
component 0.3394 1954 2076 1971 2119
component 0.3347 1946 2129 1963 2186
led 0.9545 574 784 651 825
led 0.9269 4082 2755 4121 2828
led 0.9143 586 1030 654 1072
led 0.9017 204 1895 531 2066
led 0.8818 580 1119 654 1162
led 0.8706 585 921 653 961
led 0.8282 4641 2754 4680 2836
led 0.7597 4353 2766 4391 2840
led 0.6544 4367 2933 4397 3016
clock 0.9659 1494 2636 1616 2959
clock 0.8897 2134 1085 2393 1320
ic 0.9915 2263 1392 3030 2175
ic 0.9890 4314 1599 4486 1819
ic 0.9779 5118 1898 5384 2171
ic 0.9747 5132 2307 5387 2593
ic 0.9702 894 2024 1374 2370
ic 0.9431 4583 2194 4650 2265
ic 0.9386 4242 1804 4310 1876
ic 0.9338 3708 1816 3988 2091
ic 0.9149 4992 2306 5100 2431
ic 0.9117 4990 1910 5102 2049
ic 0.8957 4994 2499 5109 2637
ic 0.8953 5005 2112 5098 2239
ic 0.8945 553 2443 829 2699
ic 0.8810 3184 1864 3328 1993
ic 0.8788 1214 1870 1376 1944
ic 0.8783 1011 2416 1295 2624
ic 0.8731 3580 2216 3729 2312
ic 0.8701 1306 1191 1349 1284
ic 0.8698 4230 1628 4296 1697
ic 0.8518 4388 2025 4607 2187
ic 0.8184 4940 2724 5017 2796
ic 0.8144 720 2243 856 2417
ic 0.7919 4411 2198 4489 2284
ic 0.7734 934 2689 1341 2961
ic 0.6933 3412 1479 3556 1575
ic 0.6820 4946 2905 5017 2977
ic 0.6747 3184 1723 3335 1851
ic 0.6192 841 2413 930 2485
switch 0.9509 4489 495 4773 971
switch 0.8719 345 763 573 1178
switch 0.8707 3671 1043 3924 1275
switch 0.8416 3334 1051 3674 1273
electrolytic 0.9630 4013 1461 4180 1537
electrolytic 0.9571 2472 1041 2588 1107
electrolytic 0.9240 3155 2202 3265 2376
electrolytic 0.9232 3919 2879 4105 2973
electrolytic 0.9216 5089 2850 5306 3012
electrolytic 0.9106 5086 2742 5281 2838
electrolytic 0.8872 4287 2077 4354 2199
electrolytic 0.8773 4288 2304 4351 2430
electrolytic 0.8773 4724 2278 4922 2466
electrolytic 0.8571 4721 1857 4929 2060
electrolytic 0.8460 4330 1036 4521 1225
electrolytic 0.7891 1050 578 1210 644
electrolytic 0.7730 4366 2364 4541 2540
electrolytic 0.7555 4567 1568 4759 1749
electrolytic 0.7402 4637 2485 4729 2661
electrolytic 0.6326 1460 1042 1599 1143
button 0.9753 4180 1451 4402 1575
button 0.8986 4134 2541 4358 2662
button 0.8517 4406 2710 4623 2835
button 0.8417 4142 2717 4349 2825
button 0.8349 4141 2881 4355 3011
button 0.8138 3880 2707 4074 2841
button 0.7694 4464 1453 4677 1575
transistor 0.9267 1216 1207 1289 1277
transistor 0.8622 3417 1957 3548 2117
ferrite 0.7805 875 2633 945 2674
ferrite 0.7273 516 2662 557 2725
jumper 0.9484 3627 1787 3691 1902
jumper 0.8736 1373 2659 1513 2728
jumper 0.8374 3562 1788 3626 1897
jumper 0.8302 973 1339 1122 1402
jumper 0.8120 5320 716 5385 834
jumper 0.6911 4110 787 4161 877
jumper 0.4684 1059 1753 1174 1826
display 0.9873 2158 2419 3867 3037
battery 0.9352 3864 2525 4080 2660
