connector 0.9872 1981 2574 2571 3097
connector 0.9748 863 2638 1007 2818
connector 0.9397 2797 2016 2932 2788
resistor 0.9529 1408 2460 1582 2553
resistor 0.9465 1687 2458 1863 2548
resistor 0.8988 1783 2669 1880 2851
resistor 0.8764 890 1449 1068 1541
resistor 0.8512 1615 1784 1695 1971
resistor 0.8282 1681 2551 1875 2634
capacitor 0.9923 2449 454 2536 647
capacitor 0.9880 2764 518 2936 607
capacitor 0.9814 2618 2534 2707 2727
capacitor 0.9805 771 711 876 937
capacitor 0.9793 2811 1762 2883 1937
capacitor 0.9787 2207 444 2312 672
capacitor 0.9753 2741 388 2965 502
capacitor 0.9680 1976 381 2064 566
capacitor 0.9675 1878 380 1961 568
capacitor 0.9529 2330 445 2434 672
capacitor 0.9520 1720 1783 1798 1972
capacitor 0.9507 481 1932 658 2012
capacitor 0.9480 1005 1120 1110 1348
capacitor 0.9289 2073 375 2156 572
capacitor 0.9090 1097 2649 1208 2864
text 0.9894 1091 2871 1228 2975
text 0.9885 1870 2503 2023 2574
text 0.9880 1784 2847 1871 2994
text 0.9864 2954 2229 3033 2375
text 0.9851 2765 719 2917 807
text 0.9851 2947 2085 3028 2223
text 0.9828 2765 630 2921 719
text 0.9827 553 1184 667 1280
text 0.9821 722 599 867 687
text 0.9814 1799 342 1877 445
text 0.9810 2948 2558 3027 2701
text 0.9808 1387 374 1487 470
text 0.9804 2613 623 2708 709
text 0.9794 588 1015 868 1111
text 0.9778 2324 679 2403 817
text 0.9767 1863 2429 2017 2508
text 0.9759 2174 933 2474 1447
text 0.9759 1814 1765 1892 1923
text 0.9759 988 2270 1097 2358
text 0.9747 852 1153 938 1306
text 0.9736 1516 1756 1590 1903
text 0.9715 2930 1588 3028 1673
text 0.9714 1992 2309 2097 2390
text 0.9697 1898 567 2000 648
text 0.9694 1549 2181 1623 2285
text 0.9693 2345 1729 2434 1811
text 0.9686 2946 2392 3029 2541
text 0.9684 2890 1914 3036 2013
text 0.9679 2589 2744 2731 2831
text 0.9678 2168 2462 2217 2533
text 0.9669 426 587 682 832
text 0.9662 2499 645 2570 796
text 0.9657 2417 2350 2512 2447
text 0.9656 441 1007 577 1163
text 0.9656 1317 2871 1404 2982
text 0.9641 2250 1676 2345 1764
text 0.9639 986 1652 1084 1740
text 0.9628 2803 2792 2899 2864
text 0.9584 1082 1592 1169 1674
text 0.9573 457 472 1281 569
text 0.9560 475 1845 628 1927
text 0.9513 2794 1659 2938 1740
text 0.9504 809 2794 915 2872
text 0.9495 2904 2775 3033 2856
text 0.9479 1597 2846 1693 2928
text 0.9426 2202 680 2287 840
text 0.9417 2434 2487 2528 2568
text 0.9396 1077 1450 1172 1531
text 0.9341 2841 1176 2947 1256
text 0.9289 2410 2205 2498 2277
text 0.9161 2728 2685 2806 2754
text 0.9124 995 2607 1052 2678
text 0.8769 1219 2551 1373 2633
text 0.8671 2062 566 2152 642
text 0.8539 1880 1846 1965 1930
text 0.8319 1418 2549 1543 2627
text 0.8241 324 2606 416 2685
text 0.8211 1461 2680 1510 2760
text 0.7498 2337 2481 2374 2573
text 0.6999 566 2506 1041 2600
text 0.6117 2064 636 2155 691
pins 0.9745 89 422 318 3048
pins 0.9495 3038 409 3236 3021
pins 0.8863 482 134 3177 345
component 0.9968 1815 2735 1846 2784
component 0.9913 538 1383 691 1594
component 0.9868 1277 2495 1324 2525
component 0.9865 2107 1916 2320 2208
component 0.9864 1664 2164 1872 2299
component 0.9798 946 1587 993 1619
component 0.9778 1356 876 1976 1486
component 0.9745 2599 1957 2718 2306
component 0.9687 1244 2020 1381 2154
component 0.9683 2592 1138 2821 1282
component 0.9676 2585 467 2665 526
component 0.9657 1637 1850 1671 1907
component 0.9467 825 2058 898 2214
component 0.9278 2636 1074 2798 1135
component 0.8996 1751 2486 1800 2525
component 0.8877 938 1982 1200 2175
component 0.8783 1302 2758 1399 2832
component 0.8740 1752 2575 1800 2608
component 0.8532 1574 2714 1664 2833
component 0.8453 946 1474 1010 1515
component 0.8446 1475 2488 1517 2528
clock 0.9945 449 1306 785 1675
clock 0.9891 2507 1749 2766 2519
ic 0.9970 1972 1828 2469 2328
ic 0.9904 1629 2059 1913 2431
ic 0.9877 1168 662 2159 1676
ic 0.9797 813 1856 1456 2259
ic 0.9523 1501 2678 1733 2869
ic 0.9355 2540 943 2832 1392
ic 0.9350 2552 436 2699 558
jumper 0.9511 537 2633 855 2846
inductor 0.9327 1223 2647 1454 2893
