connector 0.9758 38 671 158 1029
connector 0.9564 38 1116 165 1940
connector 0.9553 46 2248 2396 2482
connector 0.9201 41 11 2418 259
connector 0.9036 232 620 407 728
connector 0.7154 753 1858 978 1980
resistor 0.9857 204 1599 302 1647
resistor 0.9856 2260 1827 2356 1875
resistor 0.9782 1514 1231 1559 1316
resistor 0.9778 1241 522 1293 657
resistor 0.9767 202 1737 302 1787
resistor 0.9764 220 1166 327 1287
resistor 0.9753 208 1533 298 1576
resistor 0.9729 1377 1791 1425 1887
resistor 0.9690 1316 1792 1360 1887
resistor 0.9676 1578 1316 1695 1414
resistor 0.9667 204 1665 303 1713
resistor 0.9666 385 1846 500 1947
resistor 0.9651 484 912 575 957
resistor 0.9639 1369 599 1490 697
resistor 0.9631 239 1847 359 1948
resistor 0.9540 1266 1674 1316 1777
resistor 0.9523 2332 1712 2382 1804
resistor 0.9517 485 859 574 903
resistor 0.9427 1730 1941 1822 1989
resistor 0.9308 438 1436 536 1486
resistor 0.8815 1775 318 1870 367
resistor 0.8766 484 795 573 842
resistor 0.8759 2261 1713 2310 1801
pads 0.9155 1217 2055 1321 2117
emi 0.9915 1845 699 1935 860
emi 0.8202 1736 1752 1822 1905
capacitor 0.9879 1972 1912 2219 2070
capacitor 0.9852 1497 1894 1593 2085
capacitor 0.9814 928 1681 1176 1832
capacitor 0.9748 1536 734 1785 890
capacitor 0.9724 2025 546 2275 698
capacitor 0.9636 692 679 956 847
capacitor 0.9619 1532 570 1784 723
capacitor 0.9510 495 450 651 695
capacitor 0.9137 1995 941 2087 997
capacitor 0.9119 1882 882 1971 933
capacitor 0.9099 1825 1942 1920 1990
capacitor 0.8815 519 1840 674 2086
capacitor 0.8656 1893 318 1985 366
text 0.9865 1719 1023 1780 1141
text 0.9857 1778 940 1845 1196
text 0.9847 1299 528 1359 653
text 0.9845 1509 2091 1576 2212
text 0.9845 1846 567 1907 690
text 0.9840 1728 1681 1860 1741
text 0.9836 2328 1617 2394 1700
text 0.9834 1416 275 1580 352
text 0.9829 308 1720 437 1785
text 0.9824 26 1952 157 2012
text 0.9811 1085 2055 1217 2123
text 0.9810 2003 1054 2069 1216
text 0.9801 1586 1431 1701 1488
text 0.9800 309 1524 436 1586
text 0.9800 307 1657 439 1718
text 0.9774 1792 601 1845 690
text 0.9774 312 1599 437 1659
text 0.9757 519 715 648 775
text 0.9756 1628 1924 1719 1996
text 0.9754 1840 1869 1932 1935
text 0.9754 2132 1416 2252 1484
text 0.9746 855 1692 914 1813
text 0.9745 793 428 854 519
text 0.9735 168 937 228 1001
text 0.9727 963 689 1022 817
text 0.9716 1466 798 1521 908
text 0.9713 371 1960 499 2016
text 0.9707 1192 1664 1251 1785
text 0.9700 1503 1325 1564 1456
text 0.9699 1791 876 1878 938
text 0.9698 479 263 990 420
text 0.9666 2166 788 2225 877
text 0.9663 1104 368 1228 426
text 0.9654 2273 1420 2407 1485
text 0.9646 337 912 470 973
text 0.9634 297 1290 362 1394
text 0.9618 301 270 482 335
text 0.9607 2100 474 2176 529
text 0.9604 296 1427 430 1491
text 0.9593 169 817 229 929
text 0.9574 200 2170 294 2243
text 0.9559 2105 1172 2165 1286
text 0.9515 1580 420 1636 509
text 0.9512 162 1204 222 1427
text 0.9498 541 1483 651 1544
text 0.9483 1350 712 1480 788
text 0.9478 1787 2157 1884 2217
text 0.9476 650 1665 703 1790
text 0.9474 1252 2145 1418 2231
text 0.9468 2251 1615 2313 1709
text 0.9466 756 1983 883 2049
text 0.9436 2005 2083 2097 2149
text 0.9425 217 542 433 614
text 0.9406 1914 942 1971 1027
text 0.9349 1438 1769 1498 1900
text 0.9342 1146 1903 1205 1992
text 0.9336 240 1953 366 2019
text 0.9332 855 427 918 515
text 0.9295 1861 952 1918 1042
text 0.9265 1630 1517 1684 1610
text 0.9257 234 733 396 794
text 0.9248 1678 319 1764 374
text 0.9240 2047 311 2128 372
text 0.9232 1678 429 1738 513
text 0.9221 336 790 472 848
text 0.9203 2405 2270 2447 2339
text 0.9199 1228 789 1401 853
text 0.9170 181 257 279 321
text 0.9104 199 1082 333 1147
text 0.9036 2091 986 2178 1040
text 0.8938 895 1983 962 2042
text 0.8922 1952 1551 2027 1611
text 0.8891 2412 31 2447 98
text 0.8859 338 851 474 912
text 0.8758 2276 1896 2384 1954
text 0.8750 2408 136 2452 210
text 0.8575 1438 1681 1497 1771
text 0.8420 1244 1779 1301 1883
text 0.8148 2405 2371 2447 2441
component 0.9954 2320 1514 2355 1541
component 0.9893 851 905 1285 1579
component 0.9827 1758 1324 1883 1511
component 0.9804 1358 1711 1401 1755
component 0.9767 1981 1659 2132 1804
component 0.9697 388 1160 584 1266
component 0.9619 2050 785 2127 877
component 0.9518 1574 985 1634 1008
component 0.9510 1591 1154 1693 1189
component 0.9416 1809 2046 1846 2111
component 0.9395 517 1580 581 1640
component 0.9389 1653 981 1707 1010
component 0.8847 1264 1947 1341 2003
component 0.8729 1830 441 1864 539
component 0.8664 533 1705 559 1762
component 0.8062 1440 449 1484 540
component 0.3385 2301 1491 2377 1561
led 0.9870 1936 1053 1994 1190
led 0.9823 863 529 926 659
led 0.9775 782 524 841 662
led 0.9582 1864 1054 1923 1190
clock 0.9147 1217 1896 1392 2054
ic 0.9905 366 1013 597 1404
ic 0.9823 671 853 1476 1650
ic 0.9737 1895 1617 2217 1847
ic 0.9658 2172 1131 2358 1317
ic 0.9524 1734 2010 1916 2152
ic 0.9104 1334 1691 1419 1780
ic 0.9028 1369 426 1551 554
ic 0.8977 2011 750 2164 909
ic 0.8793 456 1662 640 1786
ic 0.8514 1766 416 1941 562
ic 0.8382 454 1548 643 1667
switch 0.8630 1552 925 1723 1263
electrolytic 0.9438 1713 1204 1925 1626
button 0.8023 1034 430 1209 810
zener 0.9779 2163 1491 2230 1557
zener 0.3682 2277 1491 2377 1559
