connector 0.9748 2285 1117 2411 1950
connector 0.9715 2292 667 2408 1032
connector 0.9524 50 2249 2394 2480
connector 0.9459 38 14 2419 258
connector 0.8925 2032 617 2221 721
connector 0.6554 1469 1858 1703 1979
resistor 0.9834 2089 1846 2209 1949
resistor 0.9791 1875 913 1963 955
resistor 0.9789 889 1231 939 1320
resistor 0.9771 1089 1792 1131 1886
resistor 0.9761 89 1828 186 1875
resistor 0.9738 138 1714 185 1804
resistor 0.9737 2127 1162 2224 1285
resistor 0.9726 753 1316 870 1410
resistor 0.9699 962 599 1077 697
resistor 0.9679 1949 1846 2068 1948
resistor 0.9667 1874 857 1965 901
resistor 0.9651 1022 1789 1072 1887
resistor 0.9630 65 1713 114 1804
resistor 0.9612 2152 1599 2242 1646
resistor 0.9582 2153 1532 2242 1575
resistor 0.9570 2145 1738 2241 1786
resistor 0.9494 1913 1437 2010 1485
resistor 0.9404 1132 1678 1179 1774
resistor 0.9278 2153 1666 2241 1714
resistor 0.9203 626 1939 719 1991
resistor 0.8910 577 318 672 367
resistor 0.8741 1156 522 1204 653
resistor 0.8453 1876 798 1966 842
pads 0.9433 1123 2056 1226 2116
emi 0.9834 512 697 607 859
emi 0.8798 626 1749 710 1907
capacitor 0.9915 173 546 427 697
capacitor 0.9859 1275 1685 1522 1834
capacitor 0.9819 664 733 911 889
capacitor 0.9778 237 1911 486 2065
capacitor 0.9742 854 1896 950 2083
capacitor 0.9692 1490 679 1754 847
capacitor 0.9667 659 572 914 721
capacitor 0.9633 529 1941 624 1989
capacitor 0.9493 480 880 559 935
capacitor 0.9432 359 942 450 998
capacitor 0.9127 1799 454 1954 703
capacitor 0.9083 1773 1840 1925 2087
capacitor 0.8294 463 319 550 365
text 0.9879 40 1418 175 1484
text 0.9879 2009 1526 2141 1587
text 0.9876 748 1430 864 1492
text 0.9867 1430 691 1486 816
text 0.9865 203 1418 315 1484
text 0.9860 1240 2056 1367 2122
text 0.9843 872 2090 938 2212
text 0.9841 1802 716 1930 777
text 0.9836 1455 267 1972 422
text 0.9833 1087 527 1149 655
text 0.9826 733 1924 817 1996
text 0.9825 2291 1952 2423 2013
text 0.9824 541 565 601 691
text 0.9820 133 1618 194 1709
text 0.9809 2087 1300 2152 1395
text 0.9806 878 276 1032 353
text 0.9800 520 1868 607 1934
text 0.9793 60 1617 120 1702
text 0.9791 1595 426 1654 516
text 0.9783 2007 1720 2141 1784
text 0.9781 2225 1206 2283 1433
text 0.9778 883 1335 952 1459
text 0.9776 2115 1081 2250 1149
text 0.9767 2218 818 2278 930
text 0.9762 222 788 280 877
text 0.9759 927 799 986 903
text 0.9757 1221 367 1348 427
text 0.9756 1949 1960 2079 2014
text 0.9755 564 2158 662 2218
text 0.9746 951 1770 1010 1901
text 0.9746 673 1019 728 1143
text 0.9745 710 425 769 511
text 0.9740 1032 2147 1196 2230
text 0.9737 1239 1905 1301 1996
text 0.9731 2218 937 2278 1001
text 0.9730 1968 912 2110 972
text 0.9719 2009 1599 2140 1660
text 0.9694 2005 1660 2139 1720
text 0.9675 758 1524 817 1616
text 0.9652 569 876 656 938
text 0.9650 590 1683 721 1742
text 0.9650 812 417 865 509
text 0.9647 1534 1692 1595 1817
text 0.9642 602 600 655 690
text 0.9619 287 1172 343 1289
text 0.9604 1048 788 1220 853
text 0.9595 685 318 774 372
text 0.9568 2082 1955 2205 2019
text 0.9565 352 2084 444 2148
text 0.9561 1744 1670 1806 1794
text 0.9560 6 138 43 208
text 0.9537 2166 257 2263 321
text 0.9528 2028 1424 2160 1491
text 0.9526 967 715 1094 785
text 0.9504 2159 2170 2249 2244
text 0.9476 325 312 408 373
text 0.9451 530 955 590 1041
text 0.9424 2047 732 2213 792
text 0.9391 378 1044 445 1212
text 0.9384 425 1550 499 1610
text 0.9262 274 475 353 527
text 0.9251 5 33 37 96
text 0.9247 1198 1666 1259 1786
text 0.9232 1526 428 1593 517
text 0.9225 270 984 361 1041
text 0.9211 57 1893 169 1957
text 0.9197 603 932 674 1201
text 0.9177 951 1681 1010 1772
text 0.9167 1486 1985 1551 2045
text 0.9012 1970 855 2112 909
text 0.8967 2 2267 39 2336
text 0.8946 1966 270 2141 339
text 0.8914 1798 1483 1908 1544
text 0.8801 2 2376 48 2441
text 0.8796 1581 1988 1686 2052
text 0.8752 1144 1776 1203 1887
text 0.8750 475 942 529 1026
text 0.8701 1978 788 2112 848
text 0.8640 2007 540 2226 609
component 0.9892 307 1662 466 1802
component 0.9857 96 1508 132 1544
component 0.9840 565 1327 691 1512
component 0.9837 1164 906 1604 1582
component 0.9813 1870 1161 2061 1265
component 0.9560 1043 1713 1085 1752
component 0.9500 813 985 875 1011
component 0.9424 601 2045 639 2112
component 0.9362 318 788 397 878
component 0.9143 752 1155 852 1189
component 0.9116 740 980 791 1009
component 0.9011 1101 1946 1186 2003
component 0.8827 579 441 612 536
component 0.8803 969 449 1010 534
component 0.6629 1886 1711 1915 1761
component 0.6554 1875 1585 1920 1635
component 0.3388 1858 1685 1945 1766
led 0.9918 1607 523 1666 661
led 0.9915 456 1052 511 1187
led 0.9864 1523 530 1587 658
led 0.9471 525 1051 584 1189
clock 0.9673 1058 1899 1233 2051
ic 0.9939 1856 1012 2082 1405
ic 0.9763 982 847 1776 1646
ic 0.9693 228 1617 550 1848
ic 0.9645 93 1130 278 1318
ic 0.9642 530 2013 708 2150
ic 0.9539 900 423 1081 553
ic 0.9050 1027 1688 1111 1779
ic 0.8672 286 746 440 906
ic 0.8571 1805 1545 1996 1667
ic 0.8281 503 421 689 554
ic 0.7871 1810 1658 1994 1789
switch 0.9479 730 928 888 1253
electrolytic 0.9730 525 1202 735 1627
button 0.8965 1235 429 1414 807
zener 0.9853 219 1491 282 1557
zener 0.7707 76 1490 154 1563
