connector 0.9676 12 550 583 603
connector 0.9650 9 5 590 62
connector 0.9105 552 356 590 448
connector 0.8633 360 127 413 156
resistor 0.9877 374 341 398 354
resistor 0.9870 392 451 404 476
resistor 0.9708 280 467 304 480
resistor 0.9687 112 323 124 346
resistor 0.9627 285 330 299 354
resistor 0.9622 332 252 342 275
resistor 0.9596 371 452 385 477
resistor 0.9557 332 311 344 333
resistor 0.9552 330 276 342 296
resistor 0.9382 146 308 170 321
resistor 0.8566 297 298 320 310
resistor 0.8362 129 323 140 345
pads 0.9718 325 136 347 149
pads 0.9404 326 150 348 161
pads 0.9051 326 162 347 173
capacitor 0.9878 234 217 256 260
capacitor 0.9804 148 198 210 237
capacitor 0.9730 263 401 300 463
capacitor 0.9299 320 298 342 310
capacitor 0.9040 93 473 152 512
capacitor 0.8984 93 157 116 171
text 0.9892 356 444 372 476
text 0.9885 283 354 300 387
text 0.9874 295 140 323 155
text 0.9860 329 220 345 251
text 0.9834 406 449 421 479
text 0.9829 380 267 395 285
text 0.9824 306 464 337 482
text 0.9807 218 233 232 265
text 0.9788 347 314 362 346
text 0.9777 91 457 123 472
text 0.9766 399 340 419 356
text 0.9741 112 348 125 367
text 0.9739 153 259 173 275
text 0.9710 91 171 113 184
text 0.9697 286 520 308 536
text 0.9608 172 308 193 322
text 0.9573 126 347 142 368
text 0.9553 181 182 210 198
text 0.9520 295 171 325 185
text 0.9388 319 403 352 419
text 0.9324 315 264 330 294
text 0.8848 294 157 324 171
text 0.8645 270 246 285 265
text 0.8407 353 403 384 419
pins 0.9569 557 126 593 331
component 0.9110 280 493 297 506
ic 0.9236 272 483 304 514
transistor 0.9839 143 277 170 302
inductor 0.9672 273 269 288 301
inductor 0.9633 364 272 378 305
unknown 0.9921 156 157 168 181
unknown 0.9912 343 354 355 377
unknown 0.9905 286 307 299 329
unknown 0.9902 273 128 296 140
unknown 0.9900 237 366 251 388
unknown 0.9862 251 485 263 506
unknown 0.9858 310 492 325 514
unknown 0.9849 307 208 321 231
unknown 0.9845 439 271 450 291
unknown 0.9784 254 173 266 196
unknown 0.9762 256 308 278 322
unknown 0.9738 330 334 344 354
unknown 0.9709 288 275 300 299
unknown 0.9576 376 317 399 329
unknown 0.9569 252 204 274 215
unknown 0.9536 347 164 359 186
unknown 0.9532 354 242 376 253
unknown 0.9528 343 299 365 309
unknown 0.9457 420 339 434 362
unknown 0.9445 320 376 332 397
unknown 0.9391 399 265 411 286
unknown 0.9082 453 181 476 194
unknown 0.8609 388 287 410 299
unknown 0.8327 286 240 309 254
unknown 0.8207 286 254 307 264
