connector 0.9741 41 1468 156 1818
connector 0.9508 35 541 162 1366
connector 0.9493 43 12 2398 245
connector 0.9410 228 1768 410 1877
connector 0.9407 40 2236 2407 2481
connector 0.8049 744 517 977 638
resistor 0.9905 1317 606 1360 703
resistor 0.9847 2265 619 2356 666
resistor 0.9820 205 781 301 829
resistor 0.9818 486 1593 575 1635
resistor 0.9788 205 709 301 757
resistor 0.9730 1378 606 1426 704
resistor 0.9729 2333 691 2380 782
resistor 0.9728 222 1210 323 1328
resistor 0.9724 210 920 295 962
resistor 0.9719 1582 1082 1697 1178
resistor 0.9718 1514 1175 1559 1263
resistor 0.9706 487 1539 577 1581
resistor 0.9690 240 547 361 646
resistor 0.9678 384 546 499 648
resistor 0.9663 1370 1796 1491 1893
resistor 0.9598 484 1652 570 1695
resistor 0.9588 206 848 300 896
resistor 0.9565 1775 2127 1870 2175
resistor 0.9428 439 1009 535 1058
resistor 0.9352 1266 719 1314 813
resistor 0.9246 1731 505 1822 554
resistor 0.9141 1245 1840 1292 1973
resistor 0.8455 2265 684 2309 786
pads 0.8836 1222 378 1321 437
emi 0.9717 1847 1636 1938 1796
emi 0.9225 1737 588 1822 745
capacitor 0.9907 930 661 1180 810
capacitor 0.9897 2025 1797 2274 1948
capacitor 0.9873 1497 411 1594 599
capacitor 0.9813 1537 1605 1786 1760
capacitor 0.9773 1531 1771 1788 1923
capacitor 0.9630 494 1790 648 2041
capacitor 0.9521 1894 2128 1986 2176
capacitor 0.9420 690 1641 957 1812
capacitor 0.9312 1971 427 2220 582
capacitor 0.9000 1996 1497 2086 1551
capacitor 0.8481 1883 1559 1974 1615
capacitor 0.8378 1822 505 1919 553
capacitor 0.8293 525 400 681 663
text 0.9873 1083 371 1214 437
text 0.9863 1719 1352 1781 1473
text 0.9862 518 1718 649 1779
text 0.9859 1840 559 1930 624
text 0.9854 1846 1804 1906 1929
text 0.9850 24 480 155 541
text 0.9848 1299 1839 1360 1967
text 0.9847 293 1101 361 1195
text 0.9838 307 907 438 968
text 0.9825 478 2074 991 2229
text 0.9822 1791 1804 1846 1893
text 0.9815 853 677 914 800
text 0.9811 1857 1454 1917 1539
text 0.9805 1728 750 1857 811
text 0.9796 306 710 437 774
text 0.9793 2272 1009 2409 1075
text 0.9787 1254 263 1418 349
text 0.9786 1419 2140 1575 2218
text 0.9785 168 1562 229 1678
text 0.9785 2326 793 2392 879
text 0.9784 168 1490 229 1556
text 0.9774 1509 281 1576 402
text 0.9771 369 480 500 535
text 0.9769 962 1676 1023 1803
text 0.9758 1502 1045 1563 1171
text 0.9744 305 2158 479 2222
text 0.9742 2165 1616 2226 1707
text 0.9742 793 1976 855 2068
text 0.9740 298 1003 430 1068
text 0.9738 2130 1009 2251 1075
text 0.9735 1433 597 1495 714
text 0.9712 1779 1289 1845 1557
text 0.9702 1102 2067 1224 2126
text 0.9701 307 775 436 836
text 0.9700 1786 276 1883 336
text 0.9693 2004 347 2099 413
text 0.9690 2001 1279 2069 1448
text 0.9636 1628 500 1721 570
text 0.9615 1588 1003 1703 1064
text 0.9608 1793 1557 1877 1617
text 0.9597 184 2176 282 2236
text 0.9587 2044 2121 2127 2182
text 0.9576 241 474 368 539
text 0.9575 2104 1209 2164 1320
text 0.9569 1145 496 1206 584
text 0.9547 162 1067 221 1290
text 0.9546 1350 1707 1481 1778
text 0.9541 753 443 884 511
text 0.9536 1581 1984 1634 2073
text 0.9526 540 950 649 1011
text 0.9493 1678 2122 1761 2175
text 0.9481 1192 707 1250 822
text 0.9477 1954 885 2026 944
text 0.9471 198 253 295 324
text 0.9471 200 1346 332 1412
text 0.9463 214 1882 430 1955
text 0.9452 895 451 962 511
text 0.9452 1467 1586 1522 1695
text 0.9416 2093 1455 2178 1509
text 0.9414 346 1648 474 1707
text 0.9406 2099 1966 2175 2020
text 0.9401 1243 605 1302 712
text 0.9374 1913 1465 1972 1550
text 0.9362 1678 1983 1738 2068
text 0.9333 1229 1642 1400 1706
text 0.9329 312 836 439 897
text 0.9298 649 703 705 828
text 0.9293 854 1977 920 2066
text 0.9267 2255 789 2315 877
text 0.9198 2279 541 2388 601
text 0.9182 1630 878 1692 972
text 0.9108 337 1519 474 1580
text 0.9102 2407 2283 2452 2354
text 0.8998 341 1583 480 1643
text 0.8931 1438 724 1498 815
text 0.8844 2404 55 2442 123
text 0.8194 2412 2399 2448 2459
text 0.8124 2404 153 2445 221
text 0.7909 232 1702 401 1763
component 0.9947 1987 690 2132 835
component 0.9858 385 1224 582 1333
component 0.9758 853 911 1289 1576
component 0.9705 1754 980 1882 1162
component 0.9613 2313 946 2359 990
component 0.9557 1355 740 1401 782
component 0.9525 517 859 583 913
component 0.9498 1596 1305 1695 1341
component 0.9273 2049 1613 2128 1710
component 0.9272 1809 383 1846 451
component 0.9081 1263 491 1346 547
component 0.9063 532 734 560 788
component 0.8854 1650 1482 1707 1513
component 0.8777 1438 1949 1485 2047
component 0.8692 1573 1484 1633 1508
component 0.8170 1828 1954 1867 2054
component 0.5254 2299 935 2375 999
led 0.9893 865 1834 926 1966
led 0.9883 781 1832 842 1970
led 0.9880 1936 1304 1997 1444
led 0.9814 1864 1306 1924 1439
clock 0.9712 1215 444 1391 596
ic 0.9914 365 1087 596 1483
ic 0.9634 1893 649 2219 876
ic 0.9585 660 844 1467 1640
ic 0.9571 1737 350 1915 482
ic 0.9536 2170 1177 2357 1368
ic 0.9481 1370 1941 1549 2070
ic 0.9286 2006 1585 2171 1747
ic 0.8943 460 703 631 825
ic 0.8770 1336 717 1422 804
ic 0.8082 1763 1941 1945 2076
ic 0.6841 456 825 644 949
switch 0.9159 1558 1242 1726 1572
electrolytic 0.9144 1713 873 1927 1292
button 0.8780 1034 1680 1215 2058
zener 0.9772 2165 938 2230 1002
zener 0.3934 2290 931 2368 1003
