connector 0.9836 42 671 157 1027
connector 0.9589 46 2248 2398 2480
connector 0.9443 36 1116 164 1941
connector 0.9314 40 12 2416 259
connector 0.8649 233 616 407 723
connector 0.7513 749 1858 980 1979
resistor 0.9841 204 1599 300 1647
resistor 0.9807 1514 1229 1558 1315
resistor 0.9805 2260 1827 2357 1875
resistor 0.9784 222 1166 326 1286
resistor 0.9779 204 1738 300 1786
resistor 0.9762 486 913 575 957
resistor 0.9726 242 1845 359 1948
resistor 0.9723 1378 1792 1425 1886
resistor 0.9701 209 1533 296 1576
resistor 0.9693 1244 524 1292 656
resistor 0.9689 1579 1317 1695 1414
resistor 0.9654 2332 1712 2381 1802
resistor 0.9637 1316 1791 1359 1887
resistor 0.9632 205 1664 302 1713
resistor 0.9546 386 1845 501 1949
resistor 0.9542 1371 599 1491 697
resistor 0.9530 1267 1676 1317 1776
resistor 0.9501 488 859 575 902
resistor 0.9456 1732 1939 1821 1989
resistor 0.9409 440 1436 534 1485
resistor 0.9088 486 794 574 843
resistor 0.8977 2263 1709 2310 1806
resistor 0.8674 1777 319 1869 367
pads 0.9378 1222 2057 1320 2116
emi 0.9915 1845 699 1936 860
emi 0.8336 1737 1751 1822 1906
capacitor 0.9895 1972 1912 2218 2068
capacitor 0.9861 930 1683 1178 1832
capacitor 0.9858 1496 1894 1592 2084
capacitor 0.9790 2024 547 2274 697
capacitor 0.9724 1537 733 1786 890
capacitor 0.9714 1533 570 1786 721
capacitor 0.9702 692 679 956 847
capacitor 0.9430 496 448 651 698
capacitor 0.9427 1826 1942 1917 1989
capacitor 0.9130 1883 884 1969 933
capacitor 0.8949 1996 943 2086 996
capacitor 0.8920 1895 319 1986 365
capacitor 0.8675 523 1836 672 2091
text 0.9858 480 265 989 421
text 0.9857 1779 934 1845 1200
text 0.9855 2274 1418 2410 1485
text 0.9853 306 1719 439 1784
text 0.9850 23 1953 155 2013
text 0.9849 1510 2091 1575 2212
text 0.9845 515 714 648 775
text 0.9845 1083 2055 1213 2122
text 0.9842 1727 1683 1859 1743
text 0.9836 1299 528 1358 655
text 0.9829 2327 1617 2393 1701
text 0.9827 1720 1023 1779 1142
text 0.9824 1846 565 1907 690
text 0.9819 1417 275 1576 352
text 0.9818 305 1658 438 1720
text 0.9800 1587 1432 1701 1489
text 0.9796 308 1525 438 1586
text 0.9786 169 939 227 1002
text 0.9785 792 426 854 517
text 0.9785 1503 1327 1564 1454
text 0.9782 1792 602 1845 690
text 0.9779 960 688 1022 818
text 0.9770 854 1694 914 1816
text 0.9768 2132 1417 2250 1483
text 0.9764 311 1598 438 1658
text 0.9762 369 1961 496 2016
text 0.9758 1792 875 1877 937
text 0.9753 1840 1870 1931 1934
text 0.9747 1629 1923 1718 1996
text 0.9743 2003 1053 2069 1217
text 0.9723 170 817 229 931
text 0.9710 1101 367 1228 425
text 0.9708 1466 800 1520 909
text 0.9699 2165 786 2225 876
text 0.9674 1145 1905 1205 1992
text 0.9674 199 2170 295 2242
text 0.9662 239 1955 367 2020
text 0.9653 1859 954 1917 1040
text 0.9651 297 1290 362 1394
text 0.9643 650 1663 704 1790
text 0.9641 1191 1665 1250 1786
text 0.9639 1349 713 1478 789
text 0.9626 298 1428 428 1490
text 0.9620 542 1483 649 1544
text 0.9600 1251 2146 1419 2229
text 0.9600 2099 474 2176 529
text 0.9569 2105 1173 2164 1285
text 0.9567 1787 2157 1882 2217
text 0.9527 162 1199 222 1428
text 0.9492 2043 312 2128 373
text 0.9491 753 1984 878 2049
text 0.9490 2005 2084 2098 2151
text 0.9486 1581 422 1635 510
text 0.9473 338 913 472 973
text 0.9440 307 270 479 335
text 0.9402 2251 1615 2313 1707
text 0.9359 895 1982 960 2044
text 0.9329 1227 787 1400 853
text 0.9318 235 734 395 793
text 0.9294 179 258 281 319
text 0.9274 1916 944 1971 1027
text 0.9267 1678 319 1763 372
text 0.9264 1439 1770 1498 1900
text 0.9243 1678 427 1738 513
text 0.9224 1630 1518 1683 1610
text 0.9188 200 1082 333 1148
text 0.9187 853 428 919 515
text 0.9118 2406 2268 2446 2338
text 0.9101 217 542 431 613
text 0.9077 2092 983 2177 1039
text 0.9049 2278 1894 2389 1958
text 0.9047 1952 1551 2027 1611
text 0.8969 337 851 476 913
text 0.8813 1436 1682 1501 1786
text 0.8738 347 789 473 848
text 0.8633 2408 137 2452 210
text 0.8523 2411 35 2442 94
text 0.8315 1242 1778 1302 1883
text 0.8246 2404 2370 2447 2441
component 0.9949 2320 1514 2354 1540
component 0.9880 851 905 1287 1580
component 0.9807 1756 1328 1880 1512
component 0.9790 385 1162 582 1266
component 0.9747 1981 1658 2133 1805
component 0.9719 1359 1710 1403 1757
component 0.9503 2050 785 2127 878
component 0.9402 1811 2043 1847 2110
component 0.9388 1592 1154 1697 1189
component 0.9355 517 1580 581 1640
component 0.9336 1653 981 1707 1010
component 0.9035 1574 986 1634 1010
component 0.8999 1264 1946 1341 2002
component 0.8570 1834 443 1876 533
component 0.8479 534 1706 560 1760
component 0.8291 1442 448 1483 539
led 0.9901 1936 1050 1995 1190
led 0.9851 865 529 925 660
led 0.9848 1865 1053 1924 1188
led 0.9798 783 524 841 661
clock 0.9297 1216 1900 1389 2049
ic 0.9903 367 1012 594 1407
ic 0.9853 669 851 1479 1653
ic 0.9737 1895 1617 2219 1847
ic 0.9713 2171 1132 2356 1318
ic 0.9690 1735 2010 1917 2148
ic 0.9206 1369 426 1553 552
ic 0.9103 2010 748 2165 912
ic 0.8886 1335 1690 1422 1780
ic 0.8823 458 1662 639 1785
ic 0.8638 1766 416 1941 561
ic 0.8272 455 1547 643 1665
switch 0.9138 1560 929 1723 1256
electrolytic 0.9548 1714 1203 1921 1625
button 0.8737 1033 433 1211 804
zener 0.9825 2165 1490 2230 1557
zener 0.4747 2280 1491 2374 1559
