connector 0.9761 2284 1119 2411 1948
connector 0.9726 2292 668 2407 1032
connector 0.9519 51 2250 2395 2481
connector 0.9463 39 13 2419 258
connector 0.9015 2033 616 2220 721
connector 0.6544 1466 1858 1701 1980
resistor 0.9849 890 1231 938 1318
resistor 0.9804 1875 913 1964 955
resistor 0.9782 89 1828 186 1875
resistor 0.9780 2088 1846 2209 1949
resistor 0.9774 1088 1792 1131 1886
resistor 0.9743 138 1713 185 1804
resistor 0.9721 2128 1163 2224 1285
resistor 0.9719 752 1316 871 1412
resistor 0.9700 962 599 1077 697
resistor 0.9684 1948 1845 2067 1947
resistor 0.9679 1874 857 1965 902
resistor 0.9657 65 1713 114 1804
resistor 0.9645 1022 1789 1072 1887
resistor 0.9613 2145 1737 2242 1786
resistor 0.9593 2152 1599 2242 1646
resistor 0.9569 2153 1532 2242 1575
resistor 0.9498 1913 1437 2010 1485
resistor 0.9406 1131 1677 1180 1775
resistor 0.9330 2152 1666 2242 1713
resistor 0.9224 626 1939 719 1991
resistor 0.9000 578 318 672 367
resistor 0.8740 1156 522 1204 653
resistor 0.8546 1875 798 1965 842
pads 0.9476 1122 2056 1227 2116
emi 0.9833 512 696 606 859
emi 0.8877 626 1750 711 1906
capacitor 0.9917 173 546 427 697
capacitor 0.9859 1274 1685 1521 1835
capacitor 0.9822 664 733 911 890
capacitor 0.9769 237 1911 486 2065
capacitor 0.9739 854 1896 950 2084
capacitor 0.9680 660 571 914 721
capacitor 0.9650 1491 679 1754 848
capacitor 0.9638 530 1941 625 1989
capacitor 0.9430 480 881 559 935
capacitor 0.9371 359 941 450 997
capacitor 0.9276 1800 454 1954 703
capacitor 0.9130 1773 1839 1924 2086
capacitor 0.8421 463 319 551 365
text 0.9879 39 1418 174 1484
text 0.9876 747 1430 864 1492
text 0.9876 2010 1526 2141 1587
text 0.9865 1430 691 1486 817
text 0.9863 1241 2056 1366 2122
text 0.9851 203 1418 315 1484
text 0.9842 734 1924 816 1995
text 0.9841 1454 267 1973 421
text 0.9839 1802 716 1930 777
text 0.9836 1087 527 1149 655
text 0.9833 871 2091 937 2212
text 0.9832 541 564 601 691
text 0.9816 2291 1952 2423 2013
text 0.9811 877 276 1031 353
text 0.9808 2087 1300 2152 1395
text 0.9805 133 1618 194 1708
text 0.9802 520 1869 607 1934
text 0.9799 60 1616 119 1702
text 0.9796 2007 1720 2139 1784
text 0.9780 1595 426 1654 516
text 0.9778 222 788 280 876
text 0.9773 2224 1206 2283 1430
text 0.9767 2117 1082 2250 1149
text 0.9767 566 2158 662 2218
text 0.9765 2217 817 2278 930
text 0.9763 951 1771 1010 1901
text 0.9759 1949 1960 2078 2013
text 0.9757 927 799 986 906
text 0.9754 1033 2147 1196 2230
text 0.9752 883 1335 952 1459
text 0.9748 1221 367 1347 426
text 0.9746 1968 913 2109 973
text 0.9739 1239 1906 1301 1996
text 0.9738 2218 937 2278 1001
text 0.9721 710 426 769 511
text 0.9719 2010 1599 2140 1659
text 0.9717 673 1019 728 1143
text 0.9705 2005 1660 2139 1719
text 0.9666 1534 1692 1595 1816
text 0.9661 1049 788 1219 853
text 0.9654 758 1523 818 1615
text 0.9652 602 602 655 690
text 0.9650 569 875 656 938
text 0.9644 590 1683 721 1743
text 0.9615 288 1173 343 1286
text 0.9587 2081 1955 2206 2019
text 0.9587 812 420 865 509
text 0.9583 685 319 774 372
text 0.9581 352 2084 444 2148
text 0.9579 967 715 1093 785
text 0.9530 2167 257 2264 321
text 0.9524 6 138 43 207
text 0.9513 2029 1424 2160 1491
text 0.9502 2159 2170 2249 2244
text 0.9474 1744 1670 1804 1794
text 0.9472 2047 733 2212 792
text 0.9467 530 955 590 1041
text 0.9448 325 313 408 373
text 0.9414 378 1046 445 1213
text 0.9386 425 1550 499 1610
text 0.9322 4 35 37 96
text 0.9294 1525 427 1593 516
text 0.9249 269 984 361 1041
text 0.9233 274 475 352 527
text 0.9230 1197 1665 1259 1786
text 0.9219 58 1893 168 1957
text 0.9219 603 930 674 1201
text 0.9212 1486 1984 1551 2044
text 0.9167 1967 270 2142 339
text 0.9163 951 1681 1010 1772
text 0.9093 1970 855 2111 909
text 0.9047 2 2267 39 2336
text 0.8866 2 2376 47 2441
text 0.8866 1144 1775 1203 1887
text 0.8827 1581 1988 1687 2052
text 0.8726 2008 540 2225 608
text 0.8682 1975 787 2105 850
text 0.8678 475 940 529 1026
text 0.8641 1798 1482 1908 1544
component 0.9904 1167 908 1602 1578
component 0.9849 97 1507 132 1544
component 0.9839 312 1660 467 1803
component 0.9831 566 1329 691 1513
component 0.9808 1870 1161 2062 1266
component 0.9536 813 985 876 1011
component 0.9527 1043 1712 1085 1752
component 0.9419 601 2044 639 2112
component 0.9389 319 788 396 878
component 0.9230 752 1154 853 1190
component 0.9143 741 981 791 1009
component 0.9086 1101 1947 1185 2002
component 0.8873 970 450 1010 534
component 0.8703 579 440 613 536
component 0.6965 1886 1710 1915 1762
component 0.6358 1875 1584 1920 1636
led 0.9910 456 1053 512 1187
led 0.9910 1606 523 1666 662
led 0.9849 1523 530 1587 658
led 0.9484 525 1051 584 1190
clock 0.9679 1057 1900 1232 2050
ic 0.9938 1857 1011 2083 1406
ic 0.9791 995 855 1777 1650
ic 0.9684 228 1617 550 1848
ic 0.9671 530 2012 709 2149
ic 0.9650 93 1130 278 1317
ic 0.9541 901 424 1080 553
ic 0.9021 1027 1688 1111 1779
ic 0.8737 1804 1544 1997 1667
ic 0.8667 287 747 439 907
ic 0.8330 503 420 689 554
ic 0.8311 1810 1658 1993 1790
switch 0.9490 729 929 888 1251
electrolytic 0.9697 525 1203 734 1628
button 0.9084 1234 427 1415 807
zener 0.9850 219 1491 282 1557
zener 0.7708 76 1490 154 1564
