connector 0.9776 5 356 45 447
connector 0.9669 13 551 583 603
connector 0.9516 8 7 589 63
connector 0.8497 181 126 236 156
resistor 0.9860 200 341 222 354
resistor 0.9797 254 252 266 275
resistor 0.9784 472 323 484 346
resistor 0.9765 192 451 205 476
resistor 0.9674 425 309 449 321
resistor 0.9629 211 451 225 477
resistor 0.9590 252 311 266 333
resistor 0.9581 297 329 311 354
resistor 0.9516 293 467 316 481
resistor 0.9472 457 322 467 346
resistor 0.9471 254 275 266 296
resistor 0.8839 275 297 298 310
pads 0.9755 247 136 272 149
pads 0.9456 248 162 272 174
pads 0.9448 248 149 271 160
capacitor 0.9811 386 199 449 237
capacitor 0.9777 341 218 362 260
capacitor 0.9610 295 402 336 462
capacitor 0.9573 443 474 502 513
capacitor 0.9549 478 156 503 169
capacitor 0.8217 254 297 275 310
text 0.9886 225 443 241 476
text 0.9877 176 340 197 356
text 0.9849 364 233 379 265
text 0.9837 297 354 313 387
text 0.9810 201 267 217 286
text 0.9809 251 220 267 250
text 0.9792 259 464 290 481
text 0.9775 423 259 443 275
text 0.9765 471 348 486 366
text 0.9758 310 245 325 267
text 0.9750 384 181 414 197
text 0.9732 234 314 250 346
text 0.9721 473 457 504 471
text 0.9702 483 171 505 184
text 0.9697 266 265 280 295
text 0.9694 403 307 424 322
text 0.9682 175 448 190 479
text 0.9622 453 348 469 369
text 0.9564 272 171 301 186
text 0.9522 274 140 303 155
text 0.9512 288 520 310 536
text 0.9382 246 403 279 419
text 0.9253 212 403 242 419
text 0.7823 274 157 303 172
pins 0.9655 5 127 39 333
component 0.9761 300 495 315 505
ic 0.9612 292 483 324 514
transistor 0.9627 426 276 453 302
inductor 0.9881 308 270 323 303
inductor 0.9630 217 272 232 304
unknown 0.9941 345 366 360 388
unknown 0.9938 241 354 252 376
unknown 0.9930 429 157 442 181
unknown 0.9919 274 208 289 230
unknown 0.9907 333 485 345 505
unknown 0.9887 196 316 219 329
unknown 0.9842 252 334 266 355
unknown 0.9836 185 264 197 287
unknown 0.9821 296 275 309 298
unknown 0.9803 219 241 242 253
unknown 0.9790 296 306 310 329
unknown 0.9790 330 173 342 196
unknown 0.9767 232 299 252 309
unknown 0.9750 264 374 276 397
unknown 0.9743 321 203 344 215
unknown 0.9735 146 271 157 291
unknown 0.9687 272 492 286 514
unknown 0.9645 297 127 323 141
unknown 0.9611 317 307 341 322
unknown 0.9548 162 340 176 363
unknown 0.9529 186 287 208 299
unknown 0.9527 288 254 309 266
unknown 0.9297 121 181 144 193
unknown 0.9127 236 164 248 185
unknown 0.8808 286 240 310 253
