connector 0.9788 2288 1455 2408 1831
connector 0.9508 2286 539 2411 1367
connector 0.9458 49 15 2410 247
connector 0.9387 40 2233 2412 2480
connector 0.8857 2039 1767 2217 1876
connector 0.7164 1469 519 1701 637
resistor 0.9899 1087 607 1132 702
resistor 0.9863 1871 1592 1967 1636
resistor 0.9855 574 2127 673 2176
resistor 0.9852 88 619 188 666
resistor 0.9817 1913 1010 2009 1058
resistor 0.9771 1951 545 2067 646
resistor 0.9768 2126 1209 2226 1329
resistor 0.9755 2089 545 2208 647
resistor 0.9724 2146 709 2242 758
resistor 0.9708 890 1177 939 1263
resistor 0.9708 66 690 115 780
resistor 0.9707 2150 781 2243 830
resistor 0.9699 962 1796 1076 1896
resistor 0.9589 1021 607 1070 705
resistor 0.9562 2152 919 2243 963
resistor 0.9498 1875 1539 1967 1582
resistor 0.9461 752 1082 870 1178
resistor 0.9437 139 691 185 782
resistor 0.9343 2151 849 2243 896
resistor 0.9225 1878 1652 1967 1695
resistor 0.9009 1152 1836 1208 1972
resistor 0.8627 1133 715 1182 816
resistor 0.8077 626 504 718 553
pads 0.9291 1123 378 1226 439
emi 0.9839 511 1635 606 1799
emi 0.9515 625 592 708 746
capacitor 0.9890 1272 660 1523 811
capacitor 0.9868 172 1796 427 1950
capacitor 0.9832 665 1607 908 1761
capacitor 0.9712 851 409 948 599
capacitor 0.9688 659 1770 914 1925
capacitor 0.9683 1800 1793 1953 2043
capacitor 0.9676 1491 1644 1758 1810
capacitor 0.9579 225 427 484 583
capacitor 0.9575 360 1497 449 1551
capacitor 0.9170 531 504 625 554
capacitor 0.9091 462 2126 552 2177
capacitor 0.9021 474 1561 560 1613
capacitor 0.8943 1773 406 1921 655
text 0.9854 201 1011 314 1076
text 0.9837 222 1617 282 1705
text 0.9834 2010 906 2140 967
text 0.9827 2217 1565 2279 1677
text 0.9827 884 1039 949 1162
text 0.9824 1233 371 1368 440
text 0.9823 540 1803 602 1931
text 0.9814 1431 1680 1485 1807
text 0.9803 39 1009 171 1076
text 0.9802 878 2140 1030 2218
text 0.9800 872 282 936 403
text 0.9800 927 1585 985 1696
text 0.9798 2225 1059 2287 1293
text 0.9795 2293 482 2424 543
text 0.9792 2009 710 2139 773
text 0.9791 515 560 606 627
text 0.9786 2017 1002 2156 1070
text 0.9779 746 1002 860 1064
text 0.9776 673 1355 728 1475
text 0.9771 685 2121 775 2174
text 0.9761 1089 1839 1147 1963
text 0.9758 2086 1101 2152 1197
text 0.9756 59 793 122 875
text 0.9754 2119 1346 2248 1412
text 0.9741 951 596 1011 724
text 0.9740 1594 1977 1655 2070
text 0.9734 270 1452 362 1510
text 0.9729 133 786 194 877
text 0.9723 323 2122 407 2182
text 0.9716 713 1983 770 2068
text 0.9714 2009 775 2140 836
text 0.9714 759 879 818 968
text 0.9709 1461 2075 1972 2228
text 0.9703 1947 479 2077 534
text 0.9703 566 277 661 337
text 0.9694 734 496 816 571
text 0.9691 590 750 715 811
text 0.9688 1033 265 1199 347
text 0.9653 2167 2174 2266 2236
text 0.9649 2159 254 2248 324
text 0.9647 349 346 443 415
text 0.9644 288 1208 343 1323
text 0.9642 1221 2068 1345 2126
text 0.9639 1794 1717 1929 1780
text 0.9627 2217 1491 2279 1556
text 0.9623 2072 476 2195 538
text 0.9609 605 1302 673 1556
text 0.9603 1972 2159 2144 2225
text 0.9592 528 1453 590 1538
text 0.9586 1238 496 1300 585
text 0.9581 1534 677 1596 799
text 0.9536 1567 444 1694 511
text 0.9498 602 1806 657 1895
text 0.9493 378 1277 445 1449
text 0.9490 0 2284 38 2356
text 0.9478 2016 1882 2232 1952
text 0.9456 970 1708 1100 1780
text 0.9420 272 1967 349 2021
text 0.9377 811 1983 865 2074
text 0.9375 1045 1641 1220 1707
text 0.9371 2010 836 2135 897
text 0.9353 5 2398 36 2457
text 0.9348 573 1556 656 1618
text 0.9346 1974 1645 2103 1707
text 0.9288 1972 1521 2106 1578
text 0.9286 61 539 168 598
text 0.9266 1527 1979 1593 2066
text 0.9262 0 52 41 128
text 0.9230 477 1464 529 1556
text 0.9192 1744 702 1799 828
text 0.9148 1972 1584 2110 1640
text 0.9084 946 723 1010 817
text 0.9077 1798 949 1907 1010
text 0.9050 2053 1704 2211 1763
text 0.9048 422 884 498 943
text 0.9042 1144 606 1202 714
text 0.8996 1199 711 1257 830
text 0.8120 1487 450 1551 511
text 0.7597 6 155 44 230
component 0.9943 312 694 464 835
component 0.9884 1044 743 1082 780
component 0.9836 96 956 126 982
component 0.9701 1166 914 1600 1573
component 0.9681 1874 1226 2064 1333
component 0.9641 567 982 691 1167
component 0.9635 1102 490 1185 543
component 0.9597 317 1615 397 1708
component 0.9387 753 1305 853 1340
component 0.9264 741 1485 793 1514
component 0.9000 601 384 639 450
component 0.8884 967 1957 1012 2048
component 0.8723 577 1958 613 2058
component 0.8646 813 1485 874 1508
component 0.7742 1873 858 1920 913
component 0.7398 1886 739 1916 787
led 0.9944 1606 1835 1666 1970
led 0.9858 455 1305 512 1441
led 0.9826 1521 1831 1588 1967
led 0.9460 515 1302 583 1442
clock 0.9860 1055 439 1231 592
ic 0.9928 1856 1091 2084 1481
ic 0.9822 899 1942 1083 2070
ic 0.9754 981 842 1776 1641
ic 0.9677 91 1182 282 1365
ic 0.9636 227 649 554 877
ic 0.9476 528 348 709 484
ic 0.9253 1814 707 1993 837
ic 0.9003 1019 721 1111 803
ic 0.9000 283 1585 442 1751
ic 0.8851 1807 820 1994 950
ic 0.8752 500 1943 691 2077
switch 0.8936 730 1241 896 1574
electrolytic 0.9133 527 867 734 1294
button 0.9457 1233 1681 1417 2055
zener 0.9741 218 938 281 1004
zener 0.8726 73 932 147 1004
