connector 0.9799 2289 1462 2407 1824
connector 0.9567 2287 538 2410 1371
connector 0.9513 45 13 2406 245
connector 0.9312 36 2232 2414 2480
connector 0.9064 2038 1768 2217 1876
connector 0.7411 1466 518 1701 638
resistor 0.9906 1087 607 1131 702
resistor 0.9892 1869 1592 1966 1636
resistor 0.9841 89 619 185 667
resistor 0.9840 1913 1010 2008 1057
resistor 0.9835 578 2128 673 2175
resistor 0.9767 1950 545 2067 646
resistor 0.9755 890 1177 939 1263
resistor 0.9743 65 690 114 782
resistor 0.9725 2126 1210 2226 1331
resistor 0.9720 2088 545 2207 647
resistor 0.9707 2152 781 2243 830
resistor 0.9645 964 1797 1075 1894
resistor 0.9642 1022 607 1071 704
resistor 0.9618 2146 708 2242 757
resistor 0.9602 1875 1539 1965 1582
resistor 0.9561 2152 920 2241 962
resistor 0.9543 139 690 185 781
resistor 0.9448 752 1081 871 1178
resistor 0.9414 2152 850 2242 895
resistor 0.9156 1878 1654 1966 1695
resistor 0.8689 1131 721 1179 819
resistor 0.8664 1154 1839 1206 1972
resistor 0.8154 625 505 717 553
pads 0.9497 1124 379 1225 438
emi 0.9847 512 1636 605 1799
emi 0.9642 626 591 709 745
capacitor 0.9907 1273 660 1521 810
capacitor 0.9871 173 1797 427 1949
capacitor 0.9828 666 1606 910 1761
capacitor 0.9790 227 427 482 583
capacitor 0.9730 1492 1642 1757 1812
capacitor 0.9724 854 409 950 598
capacitor 0.9719 661 1771 914 1926
capacitor 0.9659 1801 1792 1953 2043
capacitor 0.9624 359 1498 449 1551
capacitor 0.9229 462 2128 552 2174
capacitor 0.9165 1773 408 1922 655
capacitor 0.8998 476 1562 561 1612
capacitor 0.8995 530 504 624 554
text 0.9901 37 1009 174 1076
text 0.9883 203 1010 315 1078
text 0.9882 1236 370 1365 437
text 0.9863 2007 907 2142 969
text 0.9856 541 1804 600 1930
text 0.9848 2008 710 2140 774
text 0.9838 872 281 937 403
text 0.9832 1462 2073 1970 2229
text 0.9828 1430 1678 1486 1808
text 0.9825 884 1039 948 1161
text 0.9824 223 1618 283 1708
text 0.9823 2217 1566 2279 1678
text 0.9819 2293 481 2423 541
text 0.9809 745 1002 862 1064
text 0.9805 928 1588 986 1695
text 0.9797 1798 1718 1931 1779
text 0.9794 1088 1840 1147 1965
text 0.9792 2225 1063 2285 1292
text 0.9789 2017 1003 2157 1070
text 0.9786 951 594 1011 721
text 0.9779 733 499 818 572
text 0.9777 518 559 608 625
text 0.9776 878 2140 1030 2218
text 0.9776 133 787 193 876
text 0.9774 1951 478 2081 534
text 0.9770 59 793 120 876
text 0.9765 2118 1347 2250 1412
text 0.9763 1222 2069 1348 2126
text 0.9762 2087 1101 2152 1197
text 0.9756 2007 775 2140 835
text 0.9744 711 1985 769 2067
text 0.9743 2082 475 2207 540
text 0.9734 1593 1977 1654 2066
text 0.9733 1035 265 1197 348
text 0.9733 590 749 717 811
text 0.9731 1143 606 1201 714
text 0.9730 686 2122 775 2176
text 0.9724 325 2122 409 2182
text 0.9724 673 1353 727 1473
text 0.9723 1238 497 1299 588
text 0.9720 566 276 660 337
text 0.9674 760 877 818 971
text 0.9674 529 1454 590 1538
text 0.9665 270 1453 361 1509
text 0.9658 2217 1492 2281 1557
text 0.9650 1534 677 1596 799
text 0.9647 2164 2173 2265 2237
text 0.9635 2157 254 2247 323
text 0.9614 603 1296 673 1561
text 0.9609 289 1207 343 1322
text 0.9605 1971 2160 2147 2223
text 0.9604 1568 443 1694 511
text 0.9603 348 348 445 413
text 0.9582 1047 1641 1221 1705
text 0.9577 571 1557 655 1618
text 0.9539 60 540 168 600
text 0.9525 602 1806 656 1894
text 0.9498 379 1278 445 1449
text 0.9496 971 1708 1100 1781
text 0.9489 476 1465 528 1553
text 0.9465 1978 1582 2112 1641
text 0.9452 3 57 46 122
text 0.9448 1526 1977 1593 2068
text 0.9439 1972 1519 2104 1578
text 0.9432 2010 836 2137 897
text 0.9422 1974 1646 2102 1707
text 0.9411 0 2284 38 2356
text 0.9371 272 1967 348 2019
text 0.9335 5 2399 36 2457
text 0.9288 1744 703 1799 827
text 0.9271 2015 1882 2230 1953
text 0.9253 2051 1703 2213 1763
text 0.9222 421 884 499 944
text 0.9212 811 1984 866 2073
text 0.9147 1796 952 1902 1007
text 0.9050 950 722 1011 809
text 0.8853 1486 444 1556 508
text 0.8792 1199 712 1256 829
text 0.7685 6 157 39 229
component 0.9942 311 693 464 836
component 0.9894 98 955 125 980
component 0.9891 1044 742 1083 780
component 0.9704 1871 1228 2063 1334
component 0.9662 1102 492 1185 547
component 0.9633 1166 913 1599 1576
component 0.9632 566 983 691 1168
component 0.9489 318 1617 397 1707
component 0.9304 753 1305 852 1341
component 0.9097 602 383 638 451
component 0.9074 739 1483 793 1513
component 0.9016 578 1960 612 2054
component 0.8817 961 1949 1003 2045
component 0.8195 813 1484 874 1508
component 0.7939 1875 860 1919 911
component 0.7599 1887 739 1915 785
led 0.9930 1607 1835 1665 1971
led 0.9875 456 1307 511 1443
led 0.9810 1522 1832 1587 1966
led 0.9515 525 1306 585 1442
clock 0.9782 1055 445 1231 595
ic 0.9905 1857 1089 2083 1483
ic 0.9776 900 1942 1082 2070
ic 0.9741 980 843 1778 1641
ic 0.9679 229 656 558 885
ic 0.9650 94 1178 280 1364
ic 0.9555 531 348 707 482
ic 0.9280 1812 708 1994 835
ic 0.9206 1019 718 1113 805
ic 0.9006 287 1585 439 1750
ic 0.8777 1806 823 1994 948
ic 0.8643 502 1943 688 2075
switch 0.8793 730 1245 891 1571
electrolytic 0.9435 526 869 734 1295
button 0.9229 1233 1676 1417 2059
zener 0.9828 217 937 280 1005
zener 0.8612 76 932 147 1003
