connector 0.9785 6 356 45 446
connector 0.9645 13 551 584 603
connector 0.9509 7 6 588 62
connector 0.8368 182 126 237 156
resistor 0.9834 199 341 222 354
resistor 0.9795 472 323 484 345
resistor 0.9794 254 252 265 275
resistor 0.9747 192 451 205 476
resistor 0.9716 425 309 449 321
resistor 0.9662 297 331 312 354
resistor 0.9617 211 451 225 477
resistor 0.9582 254 275 266 297
resistor 0.9547 253 310 266 332
resistor 0.9417 458 322 467 346
resistor 0.9317 293 466 316 481
resistor 0.8514 275 297 298 310
pads 0.9765 247 136 272 149
pads 0.9546 249 162 272 174
pads 0.9532 248 149 272 161
capacitor 0.9805 386 199 448 237
capacitor 0.9723 341 217 362 260
capacitor 0.9625 296 402 335 462
capacitor 0.9416 478 156 503 169
capacitor 0.9363 443 473 503 513
capacitor 0.7965 255 297 275 310
text 0.9885 296 353 313 386
text 0.9879 225 443 241 476
text 0.9858 176 340 197 356
text 0.9841 364 232 379 265
text 0.9806 234 314 250 347
text 0.9804 423 259 443 275
text 0.9803 251 220 267 250
text 0.9801 201 267 217 285
text 0.9774 259 465 290 482
text 0.9767 310 245 325 267
text 0.9758 471 348 486 366
text 0.9731 473 457 504 471
text 0.9698 404 307 424 322
text 0.9692 266 265 280 295
text 0.9690 483 170 505 184
text 0.9670 384 181 415 197
text 0.9660 175 448 190 479
text 0.9610 453 348 469 369
text 0.9416 212 403 242 419
text 0.9407 288 520 309 537
text 0.9406 272 171 302 186
text 0.9402 246 403 279 419
text 0.9336 273 140 301 154
text 0.8125 273 157 303 171
pins 0.9671 5 125 39 335
component 0.9714 300 494 316 505
ic 0.9728 292 482 325 514
transistor 0.9711 425 276 453 302
inductor 0.9817 308 269 323 303
inductor 0.9673 217 273 232 305
unknown 0.9947 429 157 442 181
unknown 0.9940 345 366 360 388
unknown 0.9908 274 208 289 230
unknown 0.9895 333 485 345 505
unknown 0.9893 241 354 252 376
unknown 0.9870 297 275 309 299
unknown 0.9850 197 316 219 329
unknown 0.9850 185 264 197 287
unknown 0.9839 252 334 266 354
unknown 0.9804 330 173 342 196
unknown 0.9773 297 307 310 330
unknown 0.9768 219 242 242 253
unknown 0.9751 146 271 157 291
unknown 0.9732 232 299 252 309
unknown 0.9715 317 307 340 322
unknown 0.9694 321 203 344 215
unknown 0.9685 272 492 286 514
unknown 0.9655 297 127 322 140
unknown 0.9569 287 254 309 266
unknown 0.9557 264 374 276 397
unknown 0.9555 186 287 208 299
unknown 0.9518 162 340 176 363
unknown 0.9254 121 180 142 192
unknown 0.9228 236 165 247 186
unknown 0.8989 286 240 310 253
