connector 0.9738 6 355 44 447
connector 0.9653 13 551 584 603
connector 0.9526 7 6 588 62
connector 0.8599 182 126 237 157
resistor 0.9807 199 341 222 354
resistor 0.9799 472 323 484 345
resistor 0.9793 192 451 205 476
resistor 0.9790 254 252 266 275
resistor 0.9670 425 309 449 321
resistor 0.9627 253 310 266 333
resistor 0.9613 297 330 312 354
resistor 0.9600 211 451 224 477
resistor 0.9523 457 322 467 346
resistor 0.9489 254 275 266 297
resistor 0.9383 293 466 316 481
resistor 0.8244 275 297 298 310
pads 0.9836 247 136 272 149
pads 0.9579 248 162 272 174
pads 0.9543 247 149 271 161
capacitor 0.9816 386 199 448 237
capacitor 0.9727 341 217 362 260
capacitor 0.9681 296 402 335 462
capacitor 0.9484 478 156 503 169
capacitor 0.9332 443 473 502 513
capacitor 0.7898 255 297 275 310
text 0.9884 296 354 313 386
text 0.9875 225 443 241 476
text 0.9865 176 340 196 356
text 0.9850 364 232 379 265
text 0.9818 310 243 325 267
text 0.9807 251 220 267 250
text 0.9806 423 259 443 275
text 0.9800 201 267 217 285
text 0.9769 471 348 486 366
text 0.9764 234 313 250 346
text 0.9744 258 464 291 482
text 0.9741 473 457 504 471
text 0.9691 265 265 281 295
text 0.9684 483 171 505 184
text 0.9666 175 448 190 479
text 0.9659 384 181 415 197
text 0.9652 403 307 424 322
text 0.9620 453 348 469 369
text 0.9560 272 171 302 186
text 0.9408 288 520 310 536
text 0.9374 274 140 303 155
text 0.9357 212 403 242 419
text 0.9323 246 403 279 419
text 0.8019 274 157 303 171
pins 0.9703 5 126 39 334
component 0.9787 300 494 315 504
ic 0.9666 292 483 325 514
transistor 0.9666 426 276 453 302
inductor 0.9869 308 269 323 303
inductor 0.9559 217 273 232 305
unknown 0.9927 429 157 442 181
unknown 0.9919 345 366 360 388
unknown 0.9909 241 354 252 376
unknown 0.9903 274 208 289 230
unknown 0.9871 333 485 345 505
unknown 0.9869 196 316 219 329
unknown 0.9862 185 264 197 287
unknown 0.9860 297 275 310 299
unknown 0.9842 297 307 310 329
unknown 0.9842 253 334 266 355
unknown 0.9795 330 173 342 196
unknown 0.9779 146 271 157 291
unknown 0.9769 219 242 242 253
unknown 0.9745 231 299 252 309
unknown 0.9721 322 203 344 215
unknown 0.9703 297 127 322 140
unknown 0.9643 317 308 341 322
unknown 0.9642 272 492 286 514
unknown 0.9573 186 287 208 299
unknown 0.9560 264 374 276 397
unknown 0.9545 162 340 176 363
unknown 0.9375 236 165 247 186
unknown 0.9314 287 254 309 265
unknown 0.9304 121 181 144 193
unknown 0.9061 287 240 310 253
