connector 0.9695 12 551 584 603
connector 0.9582 8 6 590 62
connector 0.9273 551 358 590 444
connector 0.8449 360 126 414 157
resistor 0.9868 374 341 398 354
resistor 0.9794 392 451 404 476
resistor 0.9725 281 467 304 480
resistor 0.9697 112 323 124 346
resistor 0.9624 371 451 385 478
resistor 0.9600 332 310 344 333
resistor 0.9561 285 329 300 354
resistor 0.9525 146 308 169 321
resistor 0.9435 332 251 342 275
resistor 0.9407 330 274 342 295
resistor 0.8959 129 322 140 346
resistor 0.8254 296 297 320 310
pads 0.9662 326 136 348 149
pads 0.9372 326 149 349 161
pads 0.9050 325 162 349 174
capacitor 0.9849 148 199 210 237
capacitor 0.9825 234 216 256 261
capacitor 0.9774 263 402 300 462
capacitor 0.9231 93 157 116 171
capacitor 0.9186 93 473 153 512
capacitor 0.8759 321 297 342 311
text 0.9869 356 444 372 476
text 0.9857 407 449 422 480
text 0.9835 295 140 323 155
text 0.9824 283 354 299 387
text 0.9819 219 232 232 265
text 0.9803 380 267 395 286
text 0.9803 305 464 337 482
text 0.9788 399 340 420 356
text 0.9766 346 314 362 346
text 0.9759 294 170 324 185
text 0.9710 329 220 345 249
text 0.9690 182 181 210 197
text 0.9680 91 457 124 471
text 0.9662 112 349 124 366
text 0.9627 153 259 173 275
text 0.9607 91 171 113 184
text 0.9526 127 349 142 369
text 0.9520 287 520 309 536
text 0.9368 271 248 285 269
text 0.9344 314 264 330 294
text 0.9336 172 308 193 322
text 0.9118 317 403 350 419
text 0.8996 294 157 324 171
text 0.8872 353 403 384 419
pins 0.9593 558 128 593 332
component 0.8988 280 494 296 505
ic 0.8780 272 483 304 514
transistor 0.9899 143 276 170 302
inductor 0.9721 273 270 288 302
inductor 0.9658 364 272 379 305
unknown 0.9894 343 354 355 377
unknown 0.9890 237 366 251 388
unknown 0.9889 273 127 297 140
unknown 0.9878 251 485 263 505
unknown 0.9873 254 173 266 195
unknown 0.9870 307 208 322 231
unknown 0.9852 286 308 299 330
unknown 0.9837 156 156 167 180
unknown 0.9820 439 272 451 291
unknown 0.9747 330 334 344 355
unknown 0.9725 256 307 278 322
unknown 0.9719 288 276 300 298
unknown 0.9707 310 492 324 514
unknown 0.9695 376 316 400 329
unknown 0.9637 320 375 332 396
unknown 0.9635 252 204 274 215
unknown 0.9621 343 299 366 309
unknown 0.9556 354 242 377 253
unknown 0.9528 454 181 474 192
unknown 0.9512 399 265 411 286
unknown 0.9409 420 339 434 363
unknown 0.9224 348 164 359 185
unknown 0.8940 286 239 309 253
unknown 0.8426 287 252 307 265
unknown 0.8314 388 287 410 299
