connector 0.9802 3676 1282 3816 1840
connector 0.9557 279 345 326 745
connector 0.9453 3673 673 3819 1207
connector 0.8990 238 939 357 980
connector 0.8469 3602 2071 3886 2361
resistor 0.4382 3547 2176 3586 2226
resistor 0.3439 3610 2206 3646 2241
pads 0.9101 3658 2166 3697 2227
capacitor 0.9508 880 1534 918 1554
capacitor 0.9142 652 243 711 345
capacitor 0.8273 2887 786 2937 869
capacitor 0.7711 2737 1172 2790 1259
capacitor 0.7682 2744 723 2797 817
text 0.9462 2791 1179 2828 1262
text 0.8952 1870 269 1898 326
text 0.8533 2933 781 2955 869
text 0.7608 620 256 650 327
pins 0.9940 495 2378 655 2766
pins 0.9932 315 2553 416 2729
pins 0.9928 345 1779 475 2124
pins 0.9922 3449 1425 3536 1678
pins 0.9900 313 2225 415 2402
pins 0.9888 3479 404 3676 636
pins 0.9866 3419 198 3596 397
pins 0.9861 486 1852 583 2054
pins 0.9859 3132 113 3383 315
pins 0.9849 3438 810 3548 1066
pins 0.9831 3421 1711 3558 1840
pins 0.9810 219 2151 325 2804
pins 0.9807 3429 1110 3567 1394
pins 0.9765 3596 1954 3647 2098
pins 0.9762 2818 918 2857 1054
pins 0.9752 228 809 376 870
pins 0.9748 3428 653 3567 801
pins 0.9742 218 1214 375 1286
pins 0.9657 3597 2334 3647 2484
pins 0.9655 1099 121 1442 207
pins 0.9646 3039 702 3304 852
pins 0.9606 2987 871 3145 930
pins 0.9587 2262 90 2547 531
pins 0.9463 3757 2552 3845 2966
pins 0.9370 2806 1355 2866 1501
pins 0.9347 878 100 1022 207
pins 0.9313 1153 218 1379 322
pins 0.8830 1511 106 1663 201
pins 0.8711 2814 701 2866 855
component 0.9338 3567 2188 3587 2215
component 0.7977 3616 2206 3636 2226
component 0.7930 3520 2205 3541 2226
