connector 0.9493 3639 184 3927 479
resistor 0.7379 3538 310 3589 349
text 0.9744 1909 1969 2111 2028
text 0.9641 3658 2780 3677 2819
text 0.9532 3321 2758 3511 2827
text 0.6370 3549 2787 3568 2818
pins 0.9955 3786 2366 3864 2628
pins 0.9893 3637 70 3685 210
pins 0.9885 3637 448 3686 587
pins 0.9871 354 671 460 850
pins 0.9862 547 498 689 887
pins 0.9859 3793 1149 3883 1572
pins 0.9848 3292 2017 3458 2303
pins 0.9848 3795 1664 3865 1915
pins 0.9842 3412 1552 3627 1730
pins 0.9832 2935 1729 3022 2162
pins 0.9829 701 1307 800 1503
pins 0.9791 3154 2031 3222 2309
pins 0.9789 354 347 456 516
pins 0.9765 604 988 806 1269
pins 0.9730 3785 661 3884 1087
pins 0.9701 879 1352 948 1522
pins 0.9698 267 266 373 930
pins 0.9661 3635 2548 3733 2689
pins 0.9632 526 6 611 179
pins 0.9631 3526 2019 3596 2305
pins 0.9627 3135 1553 3339 1742
pins 0.9615 3796 2020 3865 2265
pins 0.9515 269 1077 443 1180
pins 0.9369 3646 1858 3736 1949
pins 0.9350 3643 2044 3733 2135
pins 0.9235 1610 2542 3093 2688
pins 0.9186 3645 2185 3736 2274
pins 0.9172 814 2738 1212 2818
pins 0.9154 3650 2412 3738 2513
pins 0.9029 3176 1769 3569 1958
pins 0.8509 3646 1533 3736 1621
pins 0.8097 3646 1702 3737 1803
pins 0.8044 466 189 519 241
component 0.9540 3657 1693 3697 1749
component 0.9186 3558 312 3576 337
component 0.8097 3647 318 3676 337
component 0.8043 3608 297 3628 326
