connector 0.8879 181 177 459 478
resistor 0.4879 460 287 504 330
resistor 0.3229 519 315 563 349
text 0.9813 590 2756 785 2828
text 0.9734 1991 1968 2189 2027
text 0.9277 422 2779 447 2820
text 0.8915 528 2787 549 2816
pins 0.9922 238 2366 314 2631
pins 0.9906 217 665 313 1092
pins 0.9896 1077 1724 1165 2162
pins 0.9886 3647 345 3747 513
pins 0.9881 3408 498 3559 889
pins 0.9877 236 1663 305 1918
pins 0.9875 640 2017 806 2301
pins 0.9867 877 2032 949 2306
pins 0.9866 3302 1308 3397 1501
pins 0.9827 415 71 466 208
pins 0.9816 475 1545 691 1730
pins 0.9805 502 2016 573 2300
pins 0.9797 3152 1351 3224 1522
pins 0.9775 3641 677 3746 848
pins 0.9768 365 2549 458 2688
pins 0.9749 3488 8 3576 173
pins 0.9734 217 1144 305 1565
pins 0.9707 3305 983 3501 1273
pins 0.9702 3659 1078 3830 1179
pins 0.9693 239 2026 307 2263
pins 0.9649 413 449 463 586
pins 0.9603 366 2409 454 2509
pins 0.9580 368 2181 456 2273
pins 0.9555 365 1858 453 1948
pins 0.9530 761 1549 967 1737
pins 0.9419 533 1765 923 1955
pins 0.9406 3728 278 3836 944
pins 0.9255 989 2543 2456 2689
pins 0.9134 365 1704 450 1805
pins 0.9074 2895 2740 3278 2819
pins 0.9059 364 2046 458 2139
pins 0.8723 364 1530 456 1623
pins 0.7865 3589 188 3636 238
component 0.9274 422 318 454 338
component 0.8873 399 1687 446 1737
component 0.8182 520 320 543 340
component 0.8052 475 297 495 325
