connector 0.9709 3636 2514 3927 2825
resistor 0.7562 3599 2659 3632 2707
resistor 0.4914 3538 2649 3581 2691
resistor 0.4404 3627 2657 3690 2691
text 0.9807 1905 969 2112 1030
text 0.9610 3304 170 3515 247
text 0.9475 3652 178 3676 221
text 0.7480 3547 185 3570 214
pins 0.9922 3793 1429 3882 1852
pins 0.9921 3152 704 3222 984
pins 0.9903 3784 1912 3882 2336
pins 0.9889 3784 367 3863 635
pins 0.9867 880 1471 951 1637
pins 0.9854 3795 1083 3863 1349
pins 0.9852 702 1493 800 1690
pins 0.9848 3293 693 3458 979
pins 0.9846 548 2121 688 2493
pins 0.9839 3408 1267 3627 1455
pins 0.9799 2933 843 3023 1276
pins 0.9794 3636 2412 3686 2552
pins 0.9780 605 1730 807 2012
pins 0.9767 357 2480 455 2655
pins 0.9736 3645 1050 3736 1134
pins 0.9644 3135 1265 3335 1454
pins 0.9639 3639 309 3735 452
pins 0.9606 357 2148 467 2323
pins 0.9573 3791 735 3864 989
pins 0.9565 527 2823 618 2999
pins 0.9506 3636 2795 3682 2927
pins 0.9462 3645 723 3737 821
pins 0.9459 3183 1038 3578 1228
pins 0.9428 820 179 1217 257
pins 0.9420 267 2075 372 2732
pins 0.9403 3528 703 3598 973
pins 0.9355 267 1820 440 1922
pins 0.9235 3646 870 3734 963
pins 0.9125 1651 306 3050 453
pins 0.8955 3654 492 3741 579
pins 0.7842 3647 1207 3737 1299
pins 0.7689 3648 1379 3732 1474
pins 0.6256 463 2758 511 2810
component 0.9206 3648 2662 3677 2680
component 0.9046 3658 1251 3712 1308
component 0.7625 3610 2681 3628 2709
