connector 0.9911 3350 1770 3805 2105
connector 0.9891 219 1248 626 1819
connector 0.9886 938 198 1426 443
connector 0.9878 229 654 626 1226
connector 0.9679 405 2393 452 2441
connector 0.9634 691 88 923 319
connector 0.9470 1481 70 1622 536
connector 0.9460 2521 96 2971 421
connector 0.9418 197 2509 304 2927
connector 0.9402 406 2015 455 2067
connector 0.9013 1045 1791 1278 2565
connector 0.8835 3559 2456 3815 2774
connector 0.8823 3608 1236 3749 1286
connector 0.8610 167 2033 435 2330
connector 0.8499 3635 960 3735 999
connector 0.7999 473 81 692 408
connector 0.7762 2677 905 2920 1686
connector 0.7473 3551 2136 3814 2460
connector 0.7427 1662 71 1823 526
connector 0.6811 3619 837 3740 911
resistor 0.9927 1304 812 1329 852
resistor 0.9710 2562 437 2608 466
resistor 0.9684 3322 1905 3340 1940
resistor 0.9552 3408 2513 3457 2542
resistor 0.9482 575 496 611 552
resistor 0.9358 3289 1906 3317 1945
resistor 0.9333 563 2078 603 2127
resistor 0.9314 305 2472 361 2502
resistor 0.9158 819 952 858 1017
resistor 0.9102 3221 1215 3250 1266
resistor 0.9061 2887 439 2942 467
resistor 0.9020 375 2566 432 2593
resistor 0.8912 700 1663 759 1701
resistor 0.8819 3221 1135 3253 1189
resistor 0.8785 464 2386 503 2441
resistor 0.8769 3147 1262 3193 1324
resistor 0.8690 3123 1771 3151 1819
resistor 0.8677 3218 1047 3251 1100
resistor 0.8667 703 1606 763 1643
resistor 0.8550 679 1090 708 1145
resistor 0.8304 702 1424 760 1457
resistor 0.8277 3322 1817 3339 1851
resistor 0.8224 3671 1297 3735 1327
resistor 0.8069 3302 952 3342 1008
resistor 0.7794 703 1554 762 1583
resistor 0.7742 929 2083 959 2137
resistor 0.7740 3122 1948 3174 1978
resistor 0.7699 3353 2511 3396 2541
resistor 0.7619 702 1364 760 1404
resistor 0.7601 703 1308 762 1345
resistor 0.7514 466 1851 506 1912
resistor 0.7508 2888 356 2934 387
resistor 0.7435 857 884 898 932
resistor 0.7397 303 2537 363 2590
resistor 0.7353 3212 952 3251 1008
resistor 0.7345 781 953 819 1009
resistor 0.7027 3073 1582 3119 1636
resistor 0.6960 2562 347 2618 387
resistor 0.6843 306 2612 355 2649
resistor 0.6820 3112 1456 3173 1486
resistor 0.6764 840 2078 880 2135
resistor 0.6513 779 883 821 932
resistor 0.6476 977 940 1057 997
resistor 0.6165 2956 2038 3014 2067
resistor 0.4529 465 2011 500 2049
resistor 0.3751 691 1111 721 1167
resistor 0.3005 3361 2185 3408 2222
pads 0.8708 3447 1457 3584 1581
pads 0.8512 466 1943 505 1996
pads 0.8304 3112 2882 3162 2927
pads 0.8260 855 962 891 1024
pads 0.7794 2973 1937 3015 1976
pads 0.7737 3119 2861 3174 2899
pads 0.6082 466 2318 504 2377
emi 0.9529 619 1722 701 1762
emi 0.9290 621 1365 700 1402
emi 0.9114 711 2245 796 2288
emi 0.9006 627 1485 701 1523
emi 0.8970 624 900 703 960
emi 0.8966 624 1038 705 1079
emi 0.8959 622 1425 698 1462
emi 0.8934 624 1601 703 1643
emi 0.8793 617 1309 700 1346
emi 0.8622 623 1662 697 1699
emi 0.8568 3472 2185 3544 2227
emi 0.8275 3462 2565 3537 2602
emi 0.8186 623 1544 701 1587
emi 0.8131 623 980 701 1021
emi 0.8117 3469 2248 3538 2285
emi 0.8073 3460 2501 3539 2551
emi 0.5799 3230 1969 3270 2039
capacitor 0.9865 743 1021 783 1071
capacitor 0.9846 669 1925 710 1970
capacitor 0.9826 1305 1127 1325 1168
capacitor 0.9816 958 2295 1007 2333
capacitor 0.9756 3271 1961 3311 2039
capacitor 0.9745 1355 475 1402 505
capacitor 0.9674 521 1862 600 1900
capacitor 0.9669 2957 625 2997 655
capacitor 0.9665 3094 1297 3131 1354
capacitor 0.9649 891 959 948 1021
capacitor 0.9640 3103 1072 3132 1118
capacitor 0.9636 3095 952 3131 998
capacitor 0.9603 3096 1165 3135 1226
capacitor 0.9594 3204 1791 3233 1830
capacitor 0.9585 2853 2958 2904 2997
capacitor 0.9578 2618 1533 2638 1572
capacitor 0.9573 956 2258 1009 2285
capacitor 0.9573 672 2077 712 2114
capacitor 0.9522 2707 435 2735 486
capacitor 0.9505 3351 2603 3398 2642
capacitor 0.9502 3588 1603 3626 1661
capacitor 0.9493 988 1057 1027 1092
capacitor 0.9487 1298 474 1345 506
capacitor 0.9476 3350 2285 3398 2324
capacitor 0.9476 1120 474 1168 503
capacitor 0.9475 991 993 1029 1050
capacitor 0.9471 1299 675 1328 724
capacitor 0.9440 574 408 604 464
capacitor 0.9417 2607 1101 2638 1156
capacitor 0.9402 1315 2376 1344 2433
capacitor 0.9356 1040 2557 1092 2592
capacitor 0.9345 3490 2692 3538 2730
capacitor 0.9335 581 1910 624 1929
capacitor 0.9333 987 1217 1027 1286
capacitor 0.9330 1059 474 1107 504
capacitor 0.9327 1215 475 1286 504
capacitor 0.9314 3578 1554 3618 1575
capacitor 0.9285 2956 354 2997 377
capacitor 0.9275 3252 1813 3301 1886
capacitor 0.9265 2767 1824 2807 1883
capacitor 0.9240 951 1585 987 1641
capacitor 0.9238 583 2149 622 2168
capacitor 0.9207 2618 2956 2670 2997
capacitor 0.9191 2619 1412 2638 1443
capacitor 0.9183 1313 2306 1343 2355
capacitor 0.9151 2650 435 2687 487
capacitor 0.9110 1265 1322 1307 1347
capacitor 0.9076 1048 1622 1078 1673
capacitor 0.9057 803 428 841 457
capacitor 0.9053 851 330 906 360
capacitor 0.9047 1266 892 1306 912
capacitor 0.9030 3121 2048 3171 2086
capacitor 0.9027 3291 1484 3321 1525
capacitor 0.8974 3471 1653 3530 1683
capacitor 0.8888 1295 139 1342 181
capacitor 0.8885 1550 2207 1572 2247
capacitor 0.8813 742 2296 789 2324
capacitor 0.8728 3637 1702 3768 1787
capacitor 0.8669 1551 2310 1570 2347
capacitor 0.8637 928 1762 977 1784
capacitor 0.8624 1160 2555 1213 2591
capacitor 0.8618 2382 1503 2413 1548
capacitor 0.8602 2956 708 3005 741
capacitor 0.8600 1314 2197 1344 2245
capacitor 0.8581 1350 142 1399 178
capacitor 0.8504 2485 348 2542 387
capacitor 0.8484 993 475 1047 505
capacitor 0.8467 2499 416 2542 457
capacitor 0.8439 941 1348 980 1430
capacitor 0.8429 2959 431 3006 470
capacitor 0.8417 1119 141 1164 165
capacitor 0.8396 2916 2957 2964 2996
capacitor 0.8305 1174 1561 1229 1583
capacitor 0.8291 988 1126 1027 1155
capacitor 0.8231 3083 1605 3124 1658
capacitor 0.8230 1058 139 1104 180
capacitor 0.8215 3488 2371 3549 2401
capacitor 0.8210 2674 2957 2723 2995
capacitor 0.8195 2491 1217 2549 1255
capacitor 0.8195 464 2268 501 2324
capacitor 0.8194 938 1334 969 1397
capacitor 0.8194 985 140 1044 181
capacitor 0.8178 309 2917 364 2947
capacitor 0.8174 2494 899 2549 933
capacitor 0.8171 782 1517 847 1551
capacitor 0.8111 2794 2958 2846 2996
capacitor 0.8098 2949 922 2977 981
capacitor 0.8045 1047 1058 1122 1094
capacitor 0.7993 2500 989 2540 1021
capacitor 0.7847 3393 1603 3441 1642
capacitor 0.7802 2550 2955 2611 2999
capacitor 0.7633 2817 436 2848 485
capacitor 0.7573 375 1850 405 1908
capacitor 0.7520 3229 2048 3259 2096
capacitor 0.7511 1217 138 1285 181
capacitor 0.7505 2494 941 2537 982
capacitor 0.7503 842 1514 902 1554
capacitor 0.7461 911 2802 957 2837
capacitor 0.7222 2493 1178 2540 1217
capacitor 0.7216 2598 1678 2630 1729
capacitor 0.7185 2494 663 2543 700
capacitor 0.7179 1087 894 1117 950
capacitor 0.7132 3310 2048 3342 2097
capacitor 0.7089 623 2088 643 2126
capacitor 0.7057 3321 1476 3350 1522
capacitor 0.7009 2493 624 2540 659
capacitor 0.6955 3279 1775 3328 1815
capacitor 0.6938 2754 438 2786 486
capacitor 0.6802 3289 2552 3331 2580
capacitor 0.6745 3300 1835 3333 1896
capacitor 0.6562 919 1460 967 1504
capacitor 0.6220 3310 1949 3340 1986
capacitor 0.5967 696 2181 732 2213
capacitor 0.5960 587 1852 628 1890
capacitor 0.5618 3071 1665 3128 1703
capacitor 0.5291 463 2075 510 2132
capacitor 0.3612 869 344 908 388
capacitor 0.3522 307 2941 359 2972
capacitor 0.3094 2991 2948 3021 3005
text 0.9901 733 967 755 1009
text 0.9859 728 2170 753 2208
text 0.9846 726 1909 753 1957
text 0.9837 2391 1039 2405 1072
text 0.9831 3179 1950 3200 1988
text 0.9791 257 2968 296 2987
text 0.9765 3113 742 3142 762
text 0.9737 3578 634 3608 709
text 0.9721 256 2494 296 2513
text 0.9719 2382 1307 2401 1345
text 0.9716 2176 1465 2195 1503
text 0.9714 2393 487 2410 527
text 0.9695 3044 1572 3070 1616
text 0.9646 802 349 840 406
text 0.9638 2393 754 2412 793
text 0.9637 3242 1773 3278 1817
text 0.9627 719 2078 744 2109
text 0.9624 1138 2562 1157 2591
text 0.9612 3348 1700 3372 1745
text 0.9603 815 655 842 684
text 0.9592 669 1620 714 1664
text 0.9592 3215 1959 3234 2006
text 0.9574 2392 566 2411 606
text 0.9563 3261 901 3301 951
text 0.9549 3091 573 3111 605
text 0.9517 3093 489 3113 527
text 0.9513 1066 903 1088 953
text 0.9512 179 2877 206 2928
text 0.9502 1295 1832 1314 1860
text 0.9481 3646 1029 3674 1224
text 0.9476 653 2878 683 2897
text 0.9467 668 1387 711 1426
text 0.9421 921 2136 948 2175
text 0.9415 3707 673 3765 701
text 0.9409 2561 662 2579 702
text 0.9409 356 2324 384 2453
text 0.9404 1266 2637 1285 2687
text 0.9380 902 1427 929 1454
text 0.9369 2649 942 2667 980
text 0.9340 2560 1214 2579 1256
text 0.9326 651 1690 710 1729
text 0.9318 2180 191 2198 230
text 0.9309 3023 2950 3043 2994
text 0.9289 1058 672 1098 714
text 0.9276 1270 586 1295 651
text 0.9271 2560 307 2597 350
text 0.9263 3423 1653 3457 1692
text 0.9257 1156 871 1177 900
text 0.9251 3122 1538 3156 1574
text 0.9251 2540 987 2559 1029
text 0.9249 3656 1529 3707 1587
text 0.9247 793 2176 829 2223
text 0.9216 1374 446 1403 467
text 0.9210 2560 900 2578 939
text 0.9210 2620 368 2646 398
text 0.9191 2648 1603 2668 1632
text 0.9180 2507 120 2561 143
text 0.9160 3716 1531 3763 1582
text 0.9105 356 1905 386 2023
text 0.9102 524 2710 962 2771
text 0.9099 656 1453 711 1492
text 0.9080 1436 1692 1491 1880
text 0.9077 1752 2748 2825 2855
text 0.9069 3090 930 3141 951
text 0.9067 594 583 632 632
text 0.9066 2182 131 2201 165
text 0.9053 1276 1050 1313 1090
text 0.9031 997 119 1044 139
text 0.9020 3726 1372 3755 1494
text 0.9019 3249 1055 3270 1092
text 0.8998 177 2617 207 2820
text 0.8977 870 852 908 873
text 0.8975 3137 2152 3194 2197
text 0.8968 1148 1307 1185 1334
text 0.8966 1307 2148 1327 2188
text 0.8961 464 1806 511 1865
text 0.8947 1285 2492 1307 2533
text 0.8944 3108 1691 3155 1751
text 0.8941 2383 1121 2402 1157
text 0.8906 556 2778 601 2799
text 0.8895 938 1304 979 1325
text 0.8894 793 2237 835 2274
text 0.8889 3322 2064 3357 2125
text 0.8865 3222 2444 3243 2501
text 0.8858 2389 841 2404 880
text 0.8838 971 1416 1012 1476
text 0.8838 3223 1286 3290 1307
text 0.8833 2777 890 2816 918
text 0.8832 3113 121 3176 142
text 0.8818 3756 1247 3775 1276
text 0.8818 3174 1345 3233 1368
text 0.8810 664 1277 710 1311
text 0.8807 3758 851 3776 882
text 0.8801 3505 2258 3556 2303
text 0.8797 3697 742 3788 773
text 0.8788 3686 1362 3718 1500
text 0.8784 3676 1661 3717 1694
text 0.8778 430 2867 447 2898
text 0.8759 3250 1149 3269 1178
text 0.8744 1769 2651 2047 2738
text 0.8741 896 1503 924 1543
text 0.8738 1288 118 1329 139
text 0.8725 1197 1544 1238 1565
text 0.8715 939 447 981 466
text 0.8701 2589 1098 2610 1152
text 0.8688 3668 821 3701 846
text 0.8677 1034 1150 1105 1205
text 0.8625 828 1902 860 1922
text 0.8618 2649 1397 2667 1435
text 0.8608 1963 1374 2053 1393
text 0.8607 3501 2572 3556 2621
text 0.8587 1245 870 1265 902
text 0.8585 2472 386 2512 427
text 0.8551 3015 385 3032 424
text 0.8548 770 402 791 443
text 0.8543 3708 606 3766 634
text 0.8528 1285 1644 1304 1671
text 0.8498 3717 1660 3757 1685
text 0.8484 376 2608 462 2631
text 0.8479 3340 1535 3375 1589
text 0.8464 835 851 870 872
text 0.8463 2648 496 2689 517
text 0.8449 3320 2006 3348 2039
text 0.8449 1224 118 1279 138
text 0.8445 1245 1310 1265 1336
text 0.8445 1424 2126 1463 2147
text 0.8414 791 2872 812 2900
text 0.8408 2665 700 2855 788
text 0.8366 1244 1088 1264 1116
text 0.8360 1026 1839 1047 1863
text 0.8351 932 1508 988 1564
text 0.8317 523 378 546 415
text 0.8315 2809 494 2847 515
text 0.8313 641 2294 691 2314
text 0.8299 2993 1395 3037 1415
text 0.8291 216 2959 248 2987
text 0.8284 1372 1707 1434 1871
text 0.8279 2551 468 2581 496
text 0.8275 3005 955 3045 972
text 0.8273 1458 279 1481 338
text 0.8267 555 2395 612 2424
text 0.8260 2708 495 2745 514
text 0.8250 701 895 723 962
text 0.8248 910 110 939 131
text 0.8232 3112 2828 3162 2848
text 0.8221 3719 2749 3776 2800
text 0.8208 2539 187 2602 245
text 0.8204 3727 2097 3775 2166
text 0.8189 3273 2567 3315 2595
text 0.8176 2643 791 2874 821
text 0.8158 356 2127 384 2176
text 0.8146 985 2843 1013 2879
text 0.8114 1688 2503 1751 2623
text 0.8106 613 410 642 456
text 0.8104 2864 347 2903 392
text 0.8089 1684 2433 1753 2540
text 0.8043 1432 299 1452 347
text 0.8023 2491 1603 2541 1623
text 0.7978 516 1899 577 1932
text 0.7973 3330 1784 3353 1829
text 0.7955 930 2492 969 2513
text 0.7916 1684 2607 1750 2704
text 0.7875 957 2124 988 2168
text 0.7873 3710 536 3769 565
text 0.7865 3558 2085 3615 2109
text 0.7855 937 176 981 203
text 0.7846 3312 1987 3350 2013
text 0.7834 670 1239 727 1268
text 0.7828 3093 301 3111 338
text 0.7824 792 1063 828 1111
text 0.7814 3113 2920 3160 2948
text 0.7794 1285 2037 1304 2066
text 0.7772 3309 1440 3360 1468
text 0.7750 305 2896 353 2918
text 0.7748 2551 1252 2624 1317
text 0.7746 633 702 652 731
text 0.7707 3369 954 3439 1449
text 0.7706 3594 844 3610 882
text 0.7673 1018 2493 1039 2523
text 0.7664 1034 566 1070 656
text 0.7642 3230 1893 3255 1928
text 0.7633 3646 981 3717 1040
text 0.7630 306 2689 364 2710
text 0.7608 3114 2278 3181 2651
text 0.7606 1641 276 1661 345
text 0.7588 1404 109 1481 139
text 0.7565 2539 701 2558 731
text 0.7553 3458 2430 3524 2455
text 0.7552 2975 919 2997 970
text 0.7545 356 355 405 376
text 0.7538 3197 155 3248 199
text 0.7524 1897 308 1916 384
text 0.7495 2650 1171 2668 1209
text 0.7480 3261 2323 3329 2359
text 0.7430 2601 1724 2655 1765
text 0.7408 1106 1476 1155 1522
text 0.7405 1758 2858 2514 2947
text 0.7393 456 2126 494 2166
text 0.7378 1024 1021 1094 1071
text 0.7334 808 1278 867 1307
text 0.7328 3671 1687 3724 1715
text 0.7315 1048 839 1125 892
text 0.7311 3194 920 3259 955
text 0.7307 1088 1038 1127 1069
text 0.7306 3708 407 3776 430
text 0.7290 3295 2701 3331 2767
text 0.7273 623 1895 643 1938
text 0.7263 844 481 945 555
text 0.7256 2352 318 2393 348
text 0.7252 1016 2544 1046 2588
text 0.7247 930 1781 949 1826
text 0.7243 3716 2434 3775 2474
text 0.7229 2757 495 2797 516
text 0.7149 1171 173 1220 205
text 0.7125 779 1901 810 1920
text 0.7117 692 2917 738 2955
text 0.7114 216 2486 247 2509
text 0.7103 694 1029 735 1080
text 0.7092 1063 119 1116 140
text 0.7085 1172 446 1206 466
text 0.7078 773 1284 821 1308
text 0.7077 375 2000 405 2036
text 0.6995 938 1673 970 1713
text 0.6954 620 2124 689 2194
text 0.6943 1324 119 1376 139
text 0.6888 2915 1598 2938 1618
text 0.6860 1677 2318 1747 2384
text 0.6855 2916 1168 2935 1197
text 0.6854 2414 222 2464 261
text 0.6820 3153 1831 3173 1869
text 0.6816 3153 1774 3173 1811
text 0.6729 3488 1462 3558 1533
text 0.6702 2352 874 2392 894
text 0.6593 3460 2611 3522 2678
text 0.6575 3303 931 3341 949
text 0.6567 2373 1485 2415 1505
text 0.6550 2916 940 2936 977
text 0.6548 2915 1405 2936 1425
text 0.6511 771 338 800 377
text 0.6460 1683 2383 1752 2462
text 0.6435 869 1276 927 1314
text 0.6434 1027 2035 1040 2067
text 0.6397 1018 2269 1038 2296
text 0.6184 1424 132 1477 169
text 0.6165 2913 476 2944 505
text 0.6038 856 1284 901 1309
text 0.6005 3164 915 3229 952
text 0.5986 935 2290 966 2334
text 0.5966 2887 467 2928 487
text 0.5909 702 972 722 1023
text 0.5869 2357 1135 2394 1168
text 0.5704 384 2383 410 2445
text 0.5651 3548 1682 3570 1701
text 0.5588 1676 2669 1744 2747
text 0.5489 2354 580 2394 617
text 0.5488 3264 2623 3332 2683
text 0.4807 1007 2857 1037 2897
text 0.4398 2597 1744 2652 1783
text 0.4333 1011 2875 1046 2923
text 0.3951 3572 1677 3609 1700
text 0.3775 1076 1541 1119 1581
text 0.3746 1155 115 1201 137
text 0.3634 3183 1816 3222 1866
text 0.3521 776 2171 809 2214
text 0.3355 1142 446 1183 467
text 0.3276 947 1655 979 1702
text 0.3275 1342 132 1398 155
text 0.3275 632 690 672 723
text 0.3260 3223 904 3272 954
text 0.3149 1052 125 1108 147
component 0.9983 3688 1622 3708 1641
component 0.9966 682 2038 700 2059
component 0.9942 3429 2573 3448 2592
component 0.9928 3133 1841 3142 1861
component 0.9897 826 890 845 913
component 0.9894 3370 2571 3381 2590
component 0.9894 1058 1354 1086 1375
component 0.9891 651 1861 670 1883
component 0.9861 425 1862 445 1898
component 0.9855 730 2028 748 2045
component 0.9850 3429 2256 3449 2276
component 0.9827 654 2255 670 2284
component 0.9827 723 1317 742 1336
component 0.9822 474 2403 491 2425
component 0.9820 931 2099 949 2120
component 0.9819 715 1130 743 1190
component 0.9810 1373 2423 1392 2468
component 0.9799 722 1613 739 1632
component 0.9795 721 1553 741 1575
component 0.9767 3261 1229 3279 1250
component 0.9766 753 889 773 926
component 0.9765 3134 1464 3152 1481
component 0.9756 583 2315 602 2335
component 0.9743 723 1377 742 1394
component 0.9731 3371 2196 3390 2213
component 0.9728 3733 1614 3746 1641
component 0.9728 3460 1603 3479 1628
component 0.9722 721 1731 740 1752
component 0.9699 721 1672 739 1692
component 0.9694 3279 2059 3301 2098
component 0.9692 2651 1838 2678 1861
component 0.9682 3432 2196 3451 2215
component 0.9675 326 2618 345 2640
component 0.9675 3497 1603 3519 1622
component 0.9665 3293 2620 3311 2649
component 0.9651 3264 2452 3311 2509
component 0.9610 1404 2183 1476 2342
component 0.9596 819 1336 893 1404
component 0.9579 475 2020 492 2041
component 0.9577 3224 968 3242 989
component 0.9571 2973 2049 2995 2070
component 0.9551 752 1248 772 1267
component 0.9545 541 1947 608 2042
component 0.9536 517 2088 546 2138
component 0.9533 857 2093 868 2116
component 0.9515 719 1863 733 1890
component 0.9462 1296 2581 1332 2608
component 0.9444 869 379 889 421
component 0.9417 721 1435 741 1453
component 0.9403 3145 1958 3161 1978
component 0.9381 1049 1425 1078 1445
component 0.9380 870 1252 893 1271
component 0.9375 841 1453 880 1487
component 0.9343 395 2572 413 2591
component 0.9342 2985 754 3052 801
component 0.9312 2585 1315 2620 1345
component 0.9309 978 2101 999 2122
component 0.9301 3116 1998 3154 2029
component 0.9266 2236 1465 2300 1513
component 0.9259 3368 2255 3382 2273
component 0.9244 326 2542 345 2581
component 0.9231 2441 557 2510 603
component 0.9221 2439 480 2508 523
component 0.9209 818 1584 894 1707
component 0.9201 1000 1489 1034 1523
component 0.9191 3694 1302 3716 1321
component 0.9190 2993 483 3065 537
component 0.9186 3252 2127 3290 2155
component 0.9182 2232 191 2306 239
component 0.9146 2609 1662 2628 1705
component 0.9088 3225 1227 3243 1248
component 0.9054 2226 119 2302 170
component 0.9046 2994 2135 3064 2184
component 0.9044 2992 565 3063 614
component 0.9043 2450 1306 2507 1355
component 0.8999 2898 396 2924 417
component 0.8956 3225 1066 3242 1093
component 0.8937 3283 2284 3312 2311
component 0.8906 3464 1839 3639 2039
component 0.8820 3224 1149 3241 1177
component 0.8747 2440 281 2508 327
component 0.8700 3192 190 3260 240
component 0.8682 783 1852 884 1901
component 0.8639 2995 288 3061 335
component 0.8577 3547 1618 3573 1662
component 0.8514 3173 1574 3325 1723
component 0.8496 397 563 446 594
component 0.8375 393 412 443 450
component 0.8353 3163 1278 3183 1310
component 0.8290 2442 754 2503 803
component 0.8268 2455 1119 2507 1158
component 0.8160 3154 2107 3188 2145
component 0.8067 3293 959 3319 999
component 0.8018 2512 1435 2561 1585
component 0.7997 3048 2032 3074 2083
component 0.7956 2452 844 2506 885
component 0.7864 787 1246 814 1274
component 0.7843 2408 145 2495 214
component 0.7715 1701 257 1761 308
component 0.7702 2451 1031 2507 1079
component 0.7539 3391 1487 3419 1514
component 0.7459 861 1050 921 1156
component 0.7258 2239 1396 2304 1444
component 0.7224 2418 138 2476 158
component 0.6526 3021 141 3099 169
component 0.6152 810 549 911 622
component 0.5999 658 476 753 560
test 0.9778 3667 674 3697 703
test 0.9652 3668 536 3698 564
test 0.9544 3669 604 3700 633
test 0.9162 3667 396 3697 426
test 0.9123 3666 743 3696 771
test 0.8014 778 1138 809 1170
test 0.6322 779 1096 814 1125
led 0.7817 3627 1529 3668 1592
clock 0.9649 517 2165 629 2304
clock 0.8357 2805 1732 3107 1966
clock 0.7335 515 1932 634 2054
ic 0.9855 2305 626 2491 742
ic 0.9801 2307 898 2485 1018
ic 0.9785 1051 2600 1267 2738
ic 0.9776 1348 2144 1537 2376
ic 0.9744 667 2108 731 2169
ic 0.9709 2943 973 3083 1180
ic 0.9595 2303 352 2487 465
ic 0.9563 2297 1176 2481 1295
ic 0.9470 3014 625 3203 742
ic 0.9452 2949 1185 3080 1393
ic 0.9378 784 1753 919 1840
ic 0.9364 3018 353 3205 467
ic 0.9262 2421 1374 2613 1613
ic 0.9111 2684 1676 2892 1810
ic 0.9027 815 1019 976 1208
ic 0.8844 1076 1580 1282 1730
ic 0.8704 778 1553 938 1740
ic 0.8491 880 2330 1007 2495
ic 0.8122 3131 1523 3371 1775
ic 0.7354 782 1304 928 1440
switch 0.9519 303 366 501 640
electrolytic 0.9926 1197 515 1265 674
electrolytic 0.9803 947 516 1028 677
electrolytic 0.9802 881 664 1095 874
electrolytic 0.9642 652 649 877 872
electrolytic 0.9626 1105 666 1307 868
electrolytic 0.9427 2412 1022 2555 1088
electrolytic 0.9391 1105 879 1314 1088
electrolytic 0.9283 2411 1107 2557 1167
electrolytic 0.9277 1099 1089 1303 1303
electrolytic 0.9131 1076 503 1151 677
electrolytic 0.9047 1033 1226 1088 1314
electrolytic 0.8921 1095 1329 1299 1523
electrolytic 0.8888 1314 517 1395 674
electrolytic 0.8724 2417 1296 2551 1365
electrolytic 0.8278 2182 118 2349 179
electrolytic 0.8163 3121 2107 3212 2166
electrolytic 0.8048 1273 2562 1364 2621
electrolytic 0.7967 2413 746 2540 808
electrolytic 0.7807 2397 268 2559 343
electrolytic 0.7459 3343 2739 3425 2802
electrolytic 0.7370 2195 1458 2340 1521
electrolytic 0.6834 2409 835 2562 892
electrolytic 0.6607 2957 276 3089 345
electrolytic 0.6601 2617 1820 2709 1877
electrolytic 0.6446 3366 1473 3440 1535
diode 0.8382 3171 2858 3237 2917
fuse 0.9527 474 388 564 628
fuse 0.9432 910 873 1080 945
fuse 0.7944 3316 2682 3493 2738
fuse 0.6024 3315 2349 3490 2415
transistor 0.9624 3409 2307 3469 2371
transistor 0.9390 3410 2613 3471 2682
transistor 0.9323 1681 2613 1751 2678
transistor 0.9287 1677 2304 1752 2365
transistor 0.9123 1680 2463 1748 2522
transistor 0.9049 1679 2540 1748 2601
transistor 0.8771 1679 2769 1749 2840
transistor 0.8709 1026 1158 1083 1226
transistor 0.8705 1680 2383 1749 2446
transistor 0.8536 1030 992 1086 1057
transistor 0.8483 3491 2299 3538 2366
transistor 0.8483 3490 2612 3546 2682
transistor 0.7895 373 2477 431 2533
transistor 0.7858 1681 2688 1748 2757
transistor 0.5828 811 477 932 660
jumper 0.8901 396 1921 455 2022
jumper 0.7739 388 2298 451 2395
inductor 0.8979 615 389 811 671
inductor 0.7942 3091 1988 3179 2035
inductor 0.7326 3013 1989 3088 2112
potentiometer 0.9614 2989 123 3123 250
potentiometer 0.8372 2385 120 2508 235
heatsink 0.9927 1917 271 2290 840
heatsink 0.9898 1918 818 2290 1376
heatsink 0.9700 3194 279 3595 836
