connector 0.9915 3350 1768 3806 2104
connector 0.9893 940 199 1427 443
connector 0.9888 217 1242 623 1825
connector 0.9888 229 655 624 1225
connector 0.9684 405 2391 452 2441
connector 0.9533 689 90 922 317
connector 0.9505 1482 68 1621 537
connector 0.9457 198 2512 303 2928
connector 0.9431 2521 95 2970 420
connector 0.9411 407 2016 455 2065
connector 0.9007 1045 1784 1278 2566
connector 0.8975 3611 1235 3750 1287
connector 0.8813 3558 2454 3817 2775
connector 0.8370 3637 960 3735 998
connector 0.8140 2681 910 2917 1684
connector 0.7943 165 2038 437 2324
connector 0.7927 467 83 688 404
connector 0.7787 3552 2137 3818 2460
connector 0.7399 1663 71 1822 525
connector 0.6014 3625 840 3735 910
resistor 0.9911 1306 814 1330 855
resistor 0.9723 2563 437 2609 465
resistor 0.9680 3322 1908 3340 1942
resistor 0.9540 3411 2513 3460 2542
resistor 0.9476 3289 1911 3317 1946
resistor 0.9353 563 2077 604 2126
resistor 0.9300 574 498 612 555
resistor 0.9271 306 2472 364 2502
resistor 0.9169 818 951 858 1019
resistor 0.9139 3221 1215 3251 1264
resistor 0.8957 3147 1264 3190 1324
resistor 0.8934 2886 438 2941 468
resistor 0.8864 375 2564 432 2592
resistor 0.8805 702 1664 761 1701
resistor 0.8591 463 2385 503 2442
resistor 0.8566 3222 1136 3252 1191
resistor 0.8504 3125 1772 3153 1817
resistor 0.8485 704 1606 762 1645
resistor 0.8339 682 1089 710 1144
resistor 0.8322 3322 1816 3338 1849
resistor 0.8255 702 1424 758 1457
resistor 0.8239 3219 1044 3251 1100
resistor 0.8111 3671 1296 3735 1327
resistor 0.8060 928 2085 959 2139
resistor 0.7722 703 1552 762 1582
resistor 0.7556 858 883 898 930
resistor 0.7528 3122 1948 3175 1978
resistor 0.7492 702 1363 759 1404
resistor 0.7490 703 1311 761 1346
resistor 0.7444 2886 355 2934 386
resistor 0.7436 782 953 822 1010
resistor 0.7377 3209 952 3251 1007
resistor 0.7357 466 1851 511 1912
resistor 0.7193 3353 2511 3396 2540
resistor 0.7134 3302 952 3342 1007
resistor 0.7092 304 2534 362 2591
resistor 0.6954 978 940 1058 997
resistor 0.6681 840 2079 881 2137
resistor 0.6630 2561 347 2620 389
resistor 0.6425 3074 1583 3119 1643
resistor 0.6394 305 2612 354 2650
resistor 0.6056 3113 1454 3171 1485
resistor 0.5904 2956 2038 3015 2068
resistor 0.5851 779 883 823 934
resistor 0.3833 465 2010 501 2050
resistor 0.3573 693 1110 720 1164
resistor 0.3378 3361 2186 3407 2222
resistor 0.3178 3355 2568 3403 2604
pads 0.8729 3449 1457 3582 1580
pads 0.8661 3110 2882 3160 2925
pads 0.8487 467 1942 505 1996
pads 0.8146 855 961 889 1025
pads 0.7930 2973 1937 3014 1976
pads 0.7070 3116 2860 3174 2898
pads 0.5647 466 2317 506 2378
emi 0.9503 625 1722 700 1761
emi 0.9258 625 901 702 962
emi 0.9178 710 2244 796 2287
emi 0.9166 620 1368 701 1403
emi 0.9036 620 1424 697 1460
emi 0.9015 623 1038 703 1079
emi 0.8911 628 1487 701 1521
emi 0.8893 622 1597 703 1641
emi 0.8732 618 1546 697 1585
emi 0.8703 618 1308 705 1346
emi 0.8312 3470 2246 3539 2283
emi 0.8300 624 1661 697 1699
emi 0.8228 3471 2184 3541 2226
emi 0.8135 3462 2565 3537 2602
emi 0.8020 623 983 700 1021
emi 0.7949 3462 2502 3537 2550
emi 0.5496 3230 1968 3271 2039
capacitor 0.9888 743 1022 780 1070
capacitor 0.9855 959 2295 1006 2332
capacitor 0.9853 669 1926 711 1970
capacitor 0.9850 1304 1129 1325 1168
capacitor 0.9769 3269 1962 3310 2038
capacitor 0.9723 1355 475 1401 504
capacitor 0.9719 893 957 946 1021
capacitor 0.9698 521 1863 600 1900
capacitor 0.9638 3102 1071 3130 1116
capacitor 0.9625 673 2077 711 2114
capacitor 0.9620 2957 626 2996 656
capacitor 0.9619 957 2256 1008 2283
capacitor 0.9615 2852 2959 2903 2999
capacitor 0.9571 3095 1165 3135 1225
capacitor 0.9563 3093 952 3130 997
capacitor 0.9555 3349 2603 3398 2641
capacitor 0.9546 3094 1296 3133 1356
capacitor 0.9509 990 1057 1027 1092
capacitor 0.9489 2618 1537 2639 1574
capacitor 0.9470 2607 1101 2638 1157
capacitor 0.9463 3200 1789 3231 1831
capacitor 0.9462 1299 673 1327 723
capacitor 0.9456 1214 476 1286 505
capacitor 0.9451 2707 435 2736 486
capacitor 0.9438 1121 475 1167 504
capacitor 0.9416 2768 1820 2807 1882
capacitor 0.9414 3586 1602 3626 1662
capacitor 0.9412 2956 348 2996 374
capacitor 0.9388 3348 2287 3398 2327
capacitor 0.9386 1044 2557 1096 2594
capacitor 0.9386 3578 1553 3617 1574
capacitor 0.9379 3252 1815 3300 1888
capacitor 0.9356 1047 1623 1078 1671
capacitor 0.9348 583 2148 622 2167
capacitor 0.9342 1298 474 1344 505
capacitor 0.9334 1315 2375 1344 2433
capacitor 0.9322 3490 2690 3538 2730
capacitor 0.9321 573 407 604 465
capacitor 0.9284 2619 2957 2668 2998
capacitor 0.9264 2650 436 2686 487
capacitor 0.9258 1553 2308 1572 2345
capacitor 0.9231 2618 1412 2638 1443
capacitor 0.9230 951 1587 987 1644
capacitor 0.9217 987 1217 1028 1284
capacitor 0.9193 1060 474 1108 505
capacitor 0.9180 582 1910 624 1928
capacitor 0.9111 1551 2206 1572 2246
capacitor 0.9111 989 992 1031 1049
capacitor 0.9092 1314 2305 1343 2354
capacitor 0.9065 1265 1319 1307 1347
capacitor 0.9019 741 2296 791 2324
capacitor 0.8949 3120 2052 3171 2090
capacitor 0.8918 1265 892 1304 912
capacitor 0.8895 1296 139 1344 180
capacitor 0.8894 850 329 905 358
capacitor 0.8883 3290 1483 3323 1525
capacitor 0.8846 1171 1561 1224 1584
capacitor 0.8763 3472 1652 3530 1683
capacitor 0.8734 2673 2958 2721 2996
capacitor 0.8725 1120 142 1166 165
capacitor 0.8710 2958 430 3005 470
capacitor 0.8710 802 427 840 457
capacitor 0.8707 3088 1605 3129 1660
capacitor 0.8686 1160 2556 1214 2592
capacitor 0.8648 2497 415 2542 456
capacitor 0.8635 2957 708 3004 740
capacitor 0.8597 2915 2959 2965 2997
capacitor 0.8543 3636 1701 3766 1789
capacitor 0.8518 941 1342 982 1430
capacitor 0.8505 993 476 1047 505
capacitor 0.8444 1315 2197 1344 2244
capacitor 0.8434 1353 141 1400 179
capacitor 0.8355 3488 2370 3548 2400
capacitor 0.8333 2485 348 2541 387
capacitor 0.8314 784 1516 852 1550
capacitor 0.8299 2491 1216 2550 1256
capacitor 0.8290 2491 898 2550 933
capacitor 0.8273 928 1762 973 1783
capacitor 0.8196 464 2267 504 2324
capacitor 0.8186 309 2917 364 2946
capacitor 0.8083 2793 2960 2846 2998
capacitor 0.8068 2500 991 2540 1021
capacitor 0.8053 2552 2956 2611 2998
capacitor 0.8048 938 1333 970 1401
capacitor 0.8031 3391 1602 3439 1643
capacitor 0.8019 989 1126 1028 1156
capacitor 0.8003 2948 922 2975 980
capacitor 0.7985 984 140 1045 181
capacitor 0.7978 1060 140 1107 179
capacitor 0.7878 1048 1057 1123 1094
capacitor 0.7824 2381 1503 2412 1548
capacitor 0.7684 2494 941 2536 980
capacitor 0.7548 2816 434 2847 484
capacitor 0.7480 3285 1775 3335 1814
capacitor 0.7466 911 2802 958 2838
capacitor 0.7451 1088 895 1116 950
capacitor 0.7402 3289 2553 3331 2580
capacitor 0.7341 3229 2047 3259 2094
capacitor 0.7320 841 1512 901 1554
capacitor 0.7292 623 2088 642 2126
capacitor 0.7210 3310 2048 3341 2095
capacitor 0.7178 2492 662 2542 699
capacitor 0.7166 374 1851 405 1910
capacitor 0.7152 1217 137 1285 181
capacitor 0.7061 2492 1178 2541 1218
capacitor 0.7015 2599 1679 2629 1727
capacitor 0.6959 3320 1474 3351 1523
capacitor 0.6855 2491 624 2540 659
capacitor 0.6839 2754 436 2787 485
capacitor 0.6569 3301 1835 3334 1897
capacitor 0.6409 3310 1949 3340 1986
capacitor 0.6288 916 1459 967 1506
capacitor 0.6194 696 2174 733 2208
capacitor 0.6094 3070 1664 3125 1703
capacitor 0.6088 586 1854 628 1891
capacitor 0.5601 464 2077 512 2133
capacitor 0.3137 308 2939 359 2970
capacitor 0.3081 868 346 909 389
text 0.9882 737 968 759 1008
text 0.9849 725 1909 753 1959
text 0.9842 725 2165 752 2206
text 0.9804 3178 1951 3200 1988
text 0.9786 2391 1040 2404 1072
text 0.9766 257 2968 297 2988
text 0.9745 3044 1572 3070 1618
text 0.9718 3112 742 3142 762
text 0.9714 2393 487 2410 527
text 0.9706 256 2494 295 2513
text 0.9667 1138 2563 1158 2592
text 0.9649 2178 1463 2197 1502
text 0.9648 719 2076 747 2109
text 0.9646 1266 2640 1286 2692
text 0.9641 2381 1307 2400 1345
text 0.9632 3216 1959 3234 2005
text 0.9622 818 655 844 683
text 0.9590 903 1426 931 1454
text 0.9586 2393 754 2412 793
text 0.9585 1295 1831 1315 1860
text 0.9580 801 349 839 407
text 0.9559 3093 488 3113 528
text 0.9531 1066 902 1087 952
text 0.9507 3242 1776 3281 1819
text 0.9495 3647 1030 3675 1221
text 0.9479 3092 574 3112 606
text 0.9476 651 2878 680 2897
text 0.9472 180 2876 207 2928
text 0.9469 2391 566 2411 606
text 0.9465 922 2136 949 2175
text 0.9430 2650 941 2668 979
text 0.9418 3261 903 3301 951
text 0.9414 2560 660 2578 699
text 0.9393 3579 630 3608 712
text 0.9382 2540 985 2560 1029
text 0.9374 1284 2486 1307 2530
text 0.9369 2560 1210 2579 1255
text 0.9368 2620 368 2646 398
text 0.9367 1373 446 1402 467
text 0.9360 2559 308 2596 354
text 0.9344 3022 2950 3043 2994
text 0.9341 669 1386 712 1424
text 0.9335 2647 1603 2668 1631
text 0.9302 1278 1050 1315 1090
text 0.9296 3350 1701 3375 1744
text 0.9290 355 2322 384 2452
text 0.9287 1057 669 1097 712
text 0.9270 669 1618 714 1663
text 0.9257 2177 194 2196 232
text 0.9237 1156 871 1177 901
text 0.9224 1268 586 1294 652
text 0.9222 1305 2142 1326 2184
text 0.9191 657 1454 710 1494
text 0.9186 3250 1051 3270 1089
text 0.9173 2559 904 2578 942
text 0.9172 2506 121 2562 145
text 0.9157 3709 670 3765 699
text 0.9130 1434 1694 1491 1879
text 0.9126 513 2710 956 2771
text 0.9124 3419 1653 3454 1692
text 0.9120 3654 1528 3707 1589
text 0.9119 794 2175 830 2222
text 0.9105 3093 931 3141 951
text 0.9087 3716 1530 3765 1582
text 0.9076 2178 129 2197 164
text 0.9075 2648 1396 2667 1434
text 0.9011 177 2610 207 2823
text 0.8989 592 584 630 635
text 0.8987 556 2779 600 2800
text 0.8983 2382 1121 2401 1158
text 0.8949 938 1302 980 1325
text 0.8936 2779 890 2815 918
text 0.8930 1747 2747 2827 2855
text 0.8930 3726 1372 3755 1494
text 0.8918 870 852 907 874
text 0.8913 649 1692 711 1733
text 0.8904 3110 1691 3156 1750
text 0.8885 3707 604 3765 632
text 0.8873 3222 2446 3242 2502
text 0.8847 3126 1533 3159 1573
text 0.8845 3685 1368 3717 1499
text 0.8812 461 1806 513 1863
text 0.8806 3504 2259 3556 2304
text 0.8775 3137 2149 3194 2194
text 0.8769 3702 741 3788 772
text 0.8766 2388 841 2404 880
text 0.8766 3250 1145 3270 1175
text 0.8755 3321 2003 3349 2036
text 0.8750 3222 1286 3290 1306
text 0.8745 938 446 979 466
text 0.8736 997 119 1046 140
text 0.8731 2991 1395 3036 1414
text 0.8729 899 1496 927 1541
text 0.8711 969 1415 1014 1478
text 0.8710 1147 1307 1185 1334
text 0.8708 793 2237 835 2275
text 0.8696 1424 2126 1464 2147
text 0.8676 1245 1309 1264 1335
text 0.8672 3755 1248 3776 1276
text 0.8652 3322 2064 3357 2124
text 0.8641 826 1900 859 1920
text 0.8632 3502 2572 3555 2621
text 0.8630 2805 494 2846 515
text 0.8620 1964 1374 2057 1393
text 0.8595 664 1281 710 1316
text 0.8585 359 1908 387 2025
text 0.8580 1769 2650 2045 2737
text 0.8576 2589 1098 2610 1154
text 0.8574 1034 1149 1107 1205
text 0.8572 375 2610 461 2634
text 0.8552 1287 117 1330 138
text 0.8515 2661 707 2856 787
text 0.8510 2653 1173 2670 1214
text 0.8500 3665 821 3701 846
text 0.8490 2535 179 2604 243
text 0.8445 1225 115 1281 135
text 0.8439 1372 1708 1431 1869
text 0.8433 3005 955 3046 971
text 0.8430 2491 1601 2541 1622
text 0.8414 2707 496 2748 515
text 0.8412 3109 121 3176 141
text 0.8411 2647 496 2688 518
text 0.8395 3676 1660 3718 1695
text 0.8394 432 2869 449 2901
text 0.8385 3172 1344 3235 1366
text 0.8377 1461 279 1483 337
text 0.8367 835 852 870 872
text 0.8338 1243 1089 1265 1116
text 0.8336 1245 870 1266 902
text 0.8322 3339 1533 3377 1590
text 0.8319 701 897 722 962
text 0.8309 2471 383 2513 426
text 0.8301 357 2126 385 2177
text 0.8290 1284 1644 1303 1670
text 0.8283 3332 1784 3356 1829
text 0.8273 1198 1544 1238 1565
text 0.8269 1027 1840 1046 1864
text 0.8265 3718 2751 3774 2803
text 0.8224 613 411 642 457
text 0.8212 791 2872 813 2900
text 0.8185 987 2848 1014 2884
text 0.8173 929 1508 978 1563
text 0.8167 516 1898 577 1931
text 0.8161 909 109 940 130
text 0.8153 1687 2506 1750 2626
text 0.8147 2550 468 2581 496
text 0.8146 216 2960 247 2988
text 0.8114 555 2395 611 2425
text 0.8101 3014 383 3033 424
text 0.8086 957 2125 987 2167
text 0.8075 771 401 791 444
text 0.8062 3595 842 3611 883
text 0.8054 1432 300 1453 347
text 0.8045 2643 793 2872 822
text 0.8045 3717 1660 3756 1686
text 0.8026 2605 1725 2658 1767
text 0.8024 3272 2568 3315 2595
text 0.8019 793 1063 827 1110
text 0.8002 3726 2098 3775 2165
text 0.8001 3305 1440 3359 1469
text 0.7967 2549 1252 2627 1322
text 0.7937 3710 536 3770 565
text 0.7910 669 1240 728 1269
text 0.7909 3752 851 3776 883
text 0.7894 1640 279 1661 344
text 0.7847 1685 2446 1753 2552
text 0.7819 522 377 545 417
text 0.7809 937 174 981 201
text 0.7806 931 2493 968 2514
text 0.7800 1405 107 1482 136
text 0.7797 1033 569 1069 657
text 0.7778 3312 1986 3350 2013
text 0.7765 356 355 404 375
text 0.7749 806 1280 863 1311
text 0.7745 3113 2920 3161 2949
text 0.7719 1685 2607 1750 2706
text 0.7714 2539 701 2559 732
text 0.7713 3113 2261 3182 2661
text 0.7707 3114 2828 3163 2848
text 0.7679 1897 310 1917 385
text 0.7654 3197 159 3247 202
text 0.7611 931 1781 949 1827
text 0.7599 1023 1022 1093 1073
text 0.7596 3369 949 3438 1452
text 0.7585 2974 920 2996 970
text 0.7573 2865 338 2907 387
text 0.7561 3675 1689 3726 1717
text 0.7542 3458 2431 3524 2456
text 0.7541 457 2128 494 2168
text 0.7534 642 2293 693 2314
text 0.7518 1016 2542 1045 2587
text 0.7508 1050 840 1123 891
text 0.7504 1173 177 1225 207
text 0.7499 1285 2037 1304 2067
text 0.7485 2415 222 2463 261
text 0.7463 3264 2325 3329 2361
text 0.7422 3295 2701 3331 2766
text 0.7417 3153 1833 3173 1873
text 0.7414 1019 2494 1038 2525
text 0.7412 2915 1599 2938 1618
text 0.7407 3191 918 3261 955
text 0.7402 623 1896 643 1938
text 0.7392 304 2689 362 2709
text 0.7388 304 2897 352 2920
text 0.7338 1323 117 1374 137
text 0.7335 3717 2434 3778 2473
text 0.7314 3708 408 3780 430
text 0.7269 779 1900 809 1920
text 0.7241 1171 448 1210 467
text 0.7230 3231 1895 3255 1928
text 0.7215 1759 2857 2513 2947
text 0.7211 882 477 947 571
text 0.7187 3095 300 3114 338
text 0.7168 3153 1774 3173 1811
text 0.7138 1088 1037 1126 1069
text 0.7136 216 2488 247 2513
text 0.7099 1052 120 1115 141
text 0.7072 692 2917 738 2955
text 0.6959 1104 1476 1154 1522
text 0.6934 617 2124 682 2193
text 0.6892 631 699 652 729
text 0.6890 2916 1168 2935 1197
text 0.6840 3646 981 3719 1040
text 0.6798 2351 316 2394 346
text 0.6778 2352 873 2392 894
text 0.6774 694 1028 734 1079
text 0.6746 3487 1462 3559 1533
text 0.6658 376 1999 405 2035
text 0.6607 1425 132 1477 169
text 0.6578 1681 2317 1749 2383
text 0.6539 773 1285 820 1311
text 0.6538 2913 476 2944 505
text 0.6508 1685 2373 1753 2455
text 0.6489 3161 913 3227 952
text 0.6469 3557 2085 3615 2109
text 0.6467 855 1285 899 1309
text 0.6426 937 1673 971 1716
text 0.6425 771 338 800 378
text 0.6419 3547 1682 3570 1701
text 0.6377 870 1274 928 1312
text 0.6350 1027 2034 1040 2067
text 0.6320 2915 1406 2936 1425
text 0.6304 3303 931 3340 949
text 0.6299 2373 1485 2416 1507
text 0.6264 3461 2610 3523 2676
text 0.6262 935 2289 966 2333
text 0.6183 1019 2268 1037 2296
text 0.6157 629 686 663 721
text 0.6127 2757 494 2800 515
text 0.6091 2916 939 2935 976
text 0.6089 2358 1136 2394 1169
text 0.5831 384 2383 410 2445
text 0.5623 701 973 722 1022
text 0.5451 3266 2623 3333 2683
text 0.5410 2354 581 2394 617
text 0.5074 2890 467 2930 486
text 0.4911 3762 852 3782 893
text 0.4655 1007 2858 1038 2898
text 0.4481 1073 1545 1119 1583
text 0.3938 949 1653 984 1706
text 0.3790 503 376 541 412
text 0.3631 3221 905 3272 954
text 0.3603 776 2168 808 2212
text 0.3542 1140 449 1183 469
text 0.3540 2597 1746 2651 1787
text 0.3408 3569 1673 3608 1698
text 0.3216 1152 116 1202 139
text 0.3142 2931 464 2963 492
text 0.3141 1061 1525 1111 1565
text 0.3066 773 347 792 392
text 0.3029 2360 742 2385 770
text 0.3014 3308 893 3342 918
text 0.3011 957 2258 1006 2291
component 0.9981 3687 1624 3707 1643
component 0.9970 682 2037 701 2058
component 0.9945 3134 1840 3142 1860
component 0.9926 3432 2574 3451 2592
component 0.9923 825 890 844 913
component 0.9898 653 1863 672 1885
component 0.9890 732 2027 750 2045
component 0.9883 3262 1229 3280 1250
component 0.9883 3430 2256 3448 2276
component 0.9880 1058 1355 1085 1376
component 0.9854 754 890 773 924
component 0.9843 715 1132 742 1191
component 0.9832 3370 2571 3381 2591
component 0.9827 425 1864 445 1899
component 0.9826 723 1318 742 1337
component 0.9825 474 2403 492 2426
component 0.9824 722 1551 741 1573
component 0.9813 931 2100 949 2121
component 0.9809 723 1613 740 1632
component 0.9800 655 2255 670 2284
component 0.9787 3733 1615 3747 1642
component 0.9773 723 1376 741 1393
component 0.9762 582 2315 601 2336
component 0.9761 1375 2424 1395 2468
component 0.9757 3371 2196 3389 2213
component 0.9750 2649 1838 2676 1860
component 0.9719 3460 1603 3479 1630
component 0.9711 3132 1466 3151 1483
component 0.9686 721 1731 741 1752
component 0.9682 3292 2620 3310 2648
component 0.9677 723 1672 740 1693
component 0.9675 3497 1603 3519 1622
component 0.9636 1406 2182 1476 2342
component 0.9633 3263 2453 3314 2513
component 0.9633 3432 2195 3452 2214
component 0.9616 325 2618 344 2640
component 0.9589 844 1453 879 1485
component 0.9578 475 2020 493 2041
component 0.9573 3278 2057 3301 2100
component 0.9537 754 1248 773 1267
component 0.9535 870 378 889 422
component 0.9529 2972 2048 2995 2071
component 0.9521 517 2089 545 2138
component 0.9495 1295 2582 1332 2609
component 0.9494 719 1862 733 1889
component 0.9487 3223 967 3242 989
component 0.9478 819 1336 895 1403
component 0.9445 3369 2257 3382 2275
component 0.9432 3116 1998 3155 2032
component 0.9424 979 2099 998 2119
component 0.9410 395 2572 413 2590
component 0.9405 855 2095 868 2118
component 0.9394 1049 1425 1077 1445
component 0.9381 869 1253 893 1271
component 0.9345 721 1434 741 1452
component 0.9326 539 1945 609 2044
component 0.9305 327 2540 346 2580
component 0.9303 3252 2128 3289 2155
component 0.9248 3145 1957 3161 1978
component 0.9223 2986 752 3053 800
component 0.9222 3694 1302 3715 1322
component 0.9204 2234 1462 2302 1512
component 0.9168 2228 120 2303 169
component 0.9164 2442 557 2510 602
component 0.9151 2585 1315 2621 1347
component 0.9117 2233 191 2310 239
component 0.9116 2609 1661 2628 1704
component 0.9084 2994 483 3066 539
component 0.9067 1000 1489 1033 1522
component 0.9059 2993 564 3065 614
component 0.9020 3226 1059 3242 1088
component 0.9012 2995 2134 3064 2185
component 0.9009 820 1585 894 1706
component 0.8970 2451 1307 2507 1356
component 0.8922 396 565 443 593
component 0.8917 3226 1225 3244 1246
component 0.8894 3547 1619 3572 1661
component 0.8836 2899 396 2925 417
component 0.8809 2437 478 2510 525
component 0.8801 3285 2285 3314 2312
component 0.8739 3182 1570 3322 1725
component 0.8656 782 1852 886 1903
component 0.8628 2439 281 2506 327
component 0.8567 2995 288 3061 336
component 0.8457 3223 1149 3242 1180
component 0.8286 3293 959 3320 996
component 0.8284 3194 191 3260 241
component 0.8239 2442 753 2504 803
component 0.8218 3155 2108 3187 2145
component 0.8195 2455 1119 2508 1158
component 0.8166 3163 1281 3182 1313
component 0.8064 786 1245 814 1274
component 0.8010 3391 1487 3421 1514
component 0.7996 2449 842 2506 884
component 0.7753 3460 1836 3647 2040
component 0.7640 1701 259 1761 309
component 0.7583 3048 2030 3075 2086
component 0.7540 2451 1030 2508 1078
component 0.7518 2238 1397 2303 1443
component 0.7464 2510 1434 2561 1591
component 0.7441 387 410 441 455
component 0.7384 864 1049 926 1157
component 0.7081 2418 138 2476 159
component 0.7027 2410 146 2493 211
component 0.6653 3020 140 3098 169
component 0.6386 656 476 755 560
component 0.6083 811 550 912 621
component 0.3044 1087 532 1133 646
test 0.9736 3667 668 3697 698
test 0.9595 3667 536 3696 565
test 0.9443 3669 605 3698 633
test 0.9440 3665 742 3696 770
test 0.8914 3666 396 3698 424
test 0.8168 777 1137 809 1170
test 0.6196 779 1097 814 1125
led 0.7996 3627 1526 3667 1593
clock 0.9711 517 2163 629 2305
clock 0.8487 2804 1732 3106 1967
clock 0.7603 516 1933 633 2054
ic 0.9845 2304 624 2492 742
ic 0.9836 1054 2603 1270 2742
ic 0.9816 2307 899 2483 1017
ic 0.9779 1349 2144 1536 2377
ic 0.9724 2942 972 3085 1177
ic 0.9669 668 2109 728 2169
ic 0.9574 2304 351 2485 464
ic 0.9557 2297 1177 2481 1296
ic 0.9478 3011 627 3202 741
ic 0.9468 783 1753 920 1842
ic 0.9459 2419 1377 2611 1611
ic 0.9434 2947 1181 3082 1394
ic 0.9426 3013 352 3203 466
ic 0.9110 818 1020 976 1207
ic 0.8870 2684 1675 2895 1811
ic 0.8832 1076 1579 1284 1732
ic 0.8543 878 2328 1008 2495
ic 0.8258 3136 1525 3367 1771
ic 0.8085 778 1553 940 1740
ic 0.6422 781 1304 929 1438
switch 0.9289 302 370 498 635
electrolytic 0.9919 1198 518 1263 672
electrolytic 0.9815 882 663 1096 874
electrolytic 0.9779 950 519 1027 677
electrolytic 0.9692 652 646 879 875
electrolytic 0.9632 1104 664 1307 867
electrolytic 0.9493 2412 1022 2557 1088
electrolytic 0.9388 2411 1107 2557 1167
electrolytic 0.9371 1105 880 1311 1089
electrolytic 0.9259 1099 1090 1303 1303
electrolytic 0.9157 1032 1226 1088 1315
electrolytic 0.9092 1076 503 1150 675
electrolytic 0.8942 1313 517 1392 672
electrolytic 0.8815 1095 1329 1298 1523
electrolytic 0.8618 2414 1297 2555 1365
electrolytic 0.8302 2186 116 2350 178
electrolytic 0.8117 3122 2107 3211 2166
electrolytic 0.7981 2196 1456 2341 1522
electrolytic 0.7899 2412 744 2541 808
electrolytic 0.7895 2400 268 2554 341
electrolytic 0.7882 1274 2562 1363 2621
electrolytic 0.7296 3343 2739 3423 2801
electrolytic 0.7042 2407 832 2562 892
electrolytic 0.6561 2956 275 3090 345
electrolytic 0.6492 2613 1818 2707 1876
electrolytic 0.6303 3367 1472 3440 1536
diode 0.8339 3170 2858 3239 2917
fuse 0.9579 477 385 564 629
fuse 0.9455 915 874 1079 944
fuse 0.8072 3317 2683 3493 2739
fuse 0.5678 3314 2348 3491 2414
transistor 0.9585 3410 2308 3470 2372
transistor 0.9473 3411 2611 3472 2680
transistor 0.9301 1680 2613 1750 2677
transistor 0.9156 1679 2460 1747 2521
transistor 0.9155 1680 2304 1750 2365
transistor 0.8981 1678 2539 1748 2601
transistor 0.8592 3492 2296 3538 2363
transistor 0.8510 1026 1157 1086 1226
transistor 0.8468 1675 2766 1747 2841
transistor 0.8445 3489 2611 3546 2680
transistor 0.8312 1030 991 1083 1057
transistor 0.8168 1682 2383 1749 2449
transistor 0.7272 1681 2690 1749 2758
transistor 0.7268 374 2480 434 2536
transistor 0.5929 810 475 933 659
jumper 0.8917 396 1923 454 2020
jumper 0.7288 388 2299 449 2395
inductor 0.9070 613 388 812 669
inductor 0.8276 3090 1987 3180 2037
inductor 0.7359 3015 1989 3090 2113
potentiometer 0.9589 2986 123 3121 243
potentiometer 0.8116 2385 118 2508 237
heatsink 0.9918 1919 271 2291 841
heatsink 0.9892 1920 821 2291 1375
heatsink 0.9689 3201 269 3585 828
