connector 0.9873 227 1783 629 2339
connector 0.9868 219 1179 626 1750
connector 0.9867 3349 891 3808 1234
connector 0.9803 940 2552 1427 2800
connector 0.9656 2514 2575 2974 2904
connector 0.9559 687 2673 920 2921
connector 0.9481 1047 446 1287 1209
connector 0.9282 407 562 455 611
connector 0.9147 3558 221 3809 549
connector 0.9143 1482 2479 1621 2909
connector 0.9082 195 64 304 510
connector 0.9064 3550 533 3814 871
connector 0.8941 3638 2000 3737 2038
connector 0.8592 404 934 453 986
connector 0.8517 3612 2088 3753 2157
connector 0.8300 2681 1333 2916 2083
connector 0.8020 468 2599 693 2919
connector 0.8010 167 675 452 963
connector 0.7931 3608 1688 3757 1756
connector 0.7115 1663 2481 1821 2928
resistor 0.9925 3294 1055 3324 1103
resistor 0.9915 1307 2154 1325 2185
resistor 0.9838 563 871 600 923
resistor 0.9374 3322 1061 3341 1088
resistor 0.9199 2884 2534 2937 2575
resistor 0.9189 3123 1177 3154 1234
resistor 0.9083 3321 1145 3340 1178
resistor 0.8863 375 409 433 445
resistor 0.8846 306 496 364 526
resistor 0.8837 701 1604 762 1634
resistor 0.8745 2563 2533 2610 2568
resistor 0.8546 3222 1897 3251 1958
resistor 0.8446 466 1094 503 1156
resistor 0.8429 702 1305 761 1336
resistor 0.8406 462 564 504 619
resistor 0.8348 574 2457 614 2505
resistor 0.8337 822 1988 863 2047
resistor 0.8297 3204 1996 3251 2048
resistor 0.8207 3144 1679 3192 1735
resistor 0.8188 3220 1811 3252 1863
resistor 0.8145 3074 1387 3119 1416
resistor 0.8073 858 2068 899 2127
resistor 0.8040 3222 1741 3252 1790
resistor 0.7995 702 1540 759 1571
resistor 0.7916 820 2581 849 2630
resistor 0.7889 980 2016 1055 2067
resistor 0.7836 2563 2572 2620 2611
resistor 0.7772 703 1429 761 1459
resistor 0.7719 680 1856 712 1915
resistor 0.7712 702 1357 760 1399
resistor 0.7415 778 1989 819 2052
resistor 0.7383 2882 2611 2937 2649
resistor 0.7222 304 357 357 386
resistor 0.7126 2955 932 3012 971
resistor 0.7061 782 2072 822 2124
resistor 0.7030 307 408 366 467
resistor 0.6706 3113 1511 3173 1541
resistor 0.6640 2564 2610 2617 2649
resistor 0.6462 840 859 879 924
resistor 0.6426 3301 2004 3342 2060
resistor 0.5961 927 870 957 922
resistor 0.5928 702 1663 762 1692
resistor 0.4582 692 1844 719 1894
resistor 0.3723 3628 1341 3665 1394
resistor 0.3348 702 1236 750 1274
pads 0.9345 466 1000 503 1071
pads 0.9104 3447 1430 3575 1545
pads 0.8531 3114 71 3163 110
pads 0.7764 857 1984 888 2038
pads 0.7704 3116 113 3171 149
pads 0.6912 463 626 507 691
pads 0.5803 2975 1029 3013 1060
emi 0.9526 624 1605 702 1633
emi 0.9156 622 1295 704 1335
emi 0.9128 630 1414 705 1451
emi 0.9111 627 1542 699 1579
emi 0.9038 624 1357 698 1395
emi 0.9004 3471 773 3545 813
emi 0.9004 626 1229 700 1277
emi 0.8865 624 1980 708 2029
emi 0.8844 717 709 789 751
emi 0.8751 621 1662 697 1691
emi 0.8581 3463 396 3539 440
emi 0.8149 625 2039 703 2086
emi 0.8146 3231 958 3275 1029
emi 0.8070 3469 716 3537 763
emi 0.7990 3465 423 3552 497
emi 0.7965 629 1918 703 1968
emi 0.3074 633 2052 717 2110
capacitor 0.9845 2652 2513 2687 2568
capacitor 0.9805 740 1929 778 1983
capacitor 0.9782 987 1720 1025 1775
capacitor 0.9712 2705 2511 2736 2571
capacitor 0.9708 958 712 1007 742
capacitor 0.9686 666 890 708 923
capacitor 0.9680 2814 2511 2847 2571
capacitor 0.9676 1304 1842 1321 1883
capacitor 0.9666 3492 595 3549 633
capacitor 0.9644 3485 278 3539 308
capacitor 0.9625 2954 2344 3000 2373
capacitor 0.9597 949 1353 985 1412
capacitor 0.9523 465 683 505 732
capacitor 0.9507 888 1974 946 2030
capacitor 0.9477 1117 2491 1164 2533
capacitor 0.9469 1267 1659 1306 1675
capacitor 0.9465 1159 407 1216 447
capacitor 0.9459 3095 1780 3134 1829
capacitor 0.9425 2617 1427 2639 1466
capacitor 0.9417 1266 2099 1305 2120
capacitor 0.9377 1046 1337 1077 1374
capacitor 0.9359 2491 1749 2548 1790
capacitor 0.9350 2499 1988 2539 2018
capacitor 0.9345 1306 2276 1334 2314
capacitor 0.9339 3206 1169 3232 1214
capacitor 0.9325 968 1614 1011 1671
capacitor 0.9305 1358 2828 1405 2859
capacitor 0.9295 1060 2489 1107 2531
capacitor 0.9282 960 673 1006 704
capacitor 0.9272 1315 751 1344 800
capacitor 0.9235 3269 959 3312 1039
capacitor 0.9218 989 1949 1029 2010
capacitor 0.9207 1349 2492 1403 2530
capacitor 0.9185 672 1029 710 1074
capacitor 0.9176 2853 12 2903 41
capacitor 0.9141 987 1921 1026 1940
capacitor 0.9135 2957 2532 3004 2564
capacitor 0.9126 575 2544 603 2589
capacitor 0.9125 3093 1997 3132 2056
capacitor 0.9115 2954 2255 3005 2296
capacitor 0.9108 912 163 958 200
capacitor 0.9104 1040 406 1090 448
capacitor 0.9092 2765 1132 2808 1179
capacitor 0.9091 988 1840 1026 1870
capacitor 0.9088 1316 653 1344 695
capacitor 0.9085 2381 1455 2412 1492
capacitor 0.9062 3094 1652 3135 1700
capacitor 0.9038 844 1454 900 1486
capacitor 0.9032 1115 2830 1164 2857
capacitor 0.9013 2495 2305 2539 2343
capacitor 0.9001 1553 653 1571 692
capacitor 0.8949 3578 1423 3617 1454
capacitor 0.8937 3388 1368 3439 1397
capacitor 0.8934 2610 1851 2637 1907
capacitor 0.8875 524 1099 594 1139
capacitor 0.8833 1298 2490 1344 2532
capacitor 0.8823 1177 1415 1226 1446
capacitor 0.8823 3105 1880 3132 1928
capacitor 0.8817 2488 2067 2547 2098
capacitor 0.8774 2428 1679 2544 1733
capacitor 0.8774 2953 2620 2996 2643
capacitor 0.8766 1315 567 1344 623
capacitor 0.8722 3639 1207 3766 1297
capacitor 0.8719 2912 10 2965 41
capacitor 0.8718 3352 358 3402 398
capacitor 0.8716 2674 6 2726 39
capacitor 0.8679 598 1108 634 1157
capacitor 0.8620 3124 1060 3172 1100
capacitor 0.8588 3289 422 3330 448
capacitor 0.8552 928 1216 977 1245
capacitor 0.8538 1057 2829 1106 2857
capacitor 0.8534 2486 2614 2543 2651
capacitor 0.8485 1234 2493 1285 2530
capacitor 0.8429 781 1456 848 1485
capacitor 0.8402 3084 1338 3123 1371
capacitor 0.8399 3351 682 3399 715
capacitor 0.8379 3393 1339 3437 1383
capacitor 0.8367 3588 1339 3628 1397
capacitor 0.8357 941 1549 993 1605
capacitor 0.8291 3321 1477 3350 1532
capacitor 0.8260 2614 8 2669 41
capacitor 0.8255 3466 1315 3525 1358
capacitor 0.8141 1087 2056 1118 2107
capacitor 0.8128 3311 902 3339 957
capacitor 0.8109 3278 1186 3332 1228
capacitor 0.8099 3067 1307 3120 1340
capacitor 0.8020 998 2491 1045 2532
capacitor 0.7994 3299 1115 3331 1149
capacitor 0.7988 580 832 623 864
capacitor 0.7985 622 873 644 908
capacitor 0.7978 745 672 791 712
capacitor 0.7897 305 50 365 81
capacitor 0.7865 2791 9 2846 39
capacitor 0.7834 3228 904 3261 953
capacitor 0.7833 3123 908 3178 952
capacitor 0.7777 2501 2540 2541 2568
capacitor 0.7746 374 1082 405 1143
capacitor 0.7646 585 1070 624 1097
capacitor 0.7610 2596 1264 2630 1334
capacitor 0.7524 1043 1860 1117 1901
capacitor 0.7438 938 2829 987 2856
capacitor 0.7357 695 798 729 826
capacitor 0.7330 2619 1555 2639 1593
capacitor 0.7313 938 1617 969 1671
capacitor 0.7267 2550 1 2608 40
capacitor 0.7207 858 2640 910 2681
capacitor 0.6879 1051 1908 1120 1940
capacitor 0.6849 1179 2829 1227 2857
capacitor 0.6597 1550 752 1571 793
capacitor 0.6576 1235 2829 1284 2857
capacitor 0.6271 921 1498 967 1532
capacitor 0.6227 998 2829 1047 2856
capacitor 0.6131 2944 2029 2975 2078
capacitor 0.6076 1297 2828 1342 2856
capacitor 0.5840 3291 1476 3322 1524
capacitor 0.3749 466 861 502 915
capacitor 0.3549 931 1542 968 1591
capacitor 0.3527 3390 1317 3412 1356
capacitor 0.3453 2753 2519 2789 2573
capacitor 0.3249 2748 7 2807 38
text 0.9833 3114 2235 3142 2256
text 0.9801 738 795 758 829
text 0.9794 2381 1654 2401 1690
text 0.9764 3093 2472 3113 2512
text 0.9762 1137 408 1157 445
text 0.9756 3184 1017 3205 1049
text 0.9721 2558 2067 2578 2097
text 0.9718 1156 2103 1181 2133
text 0.9707 2389 1926 2405 1966
text 0.9705 255 16 292 43
text 0.9701 430 109 452 133
text 0.9690 648 109 678 130
text 0.9668 3015 2570 3033 2612
text 0.9657 719 892 737 925
text 0.9654 3725 1507 3755 1621
text 0.9637 357 555 385 659
text 0.9628 819 2324 839 2344
text 0.9600 1305 812 1324 851
text 0.9599 732 1038 751 1086
text 0.9577 2392 2482 2411 2521
text 0.9576 2651 1575 2669 1611
text 0.9565 596 2389 633 2425
text 0.9545 1152 1668 1183 1695
text 0.9528 1297 1146 1316 1168
text 0.9524 177 70 208 119
text 0.9512 3668 2156 3697 2183
text 0.9509 1060 2286 1097 2336
text 0.9493 538 231 954 298
text 0.9423 1434 1136 1492 1307
text 0.9393 900 1549 927 1584
text 0.9393 3353 1423 3374 1445
text 0.9390 731 1998 754 2035
text 0.9383 1282 466 1302 513
text 0.9353 2393 2208 2412 2246
text 0.9351 898 1710 931 1733
text 0.9346 2648 1375 2669 1396
text 0.9336 2175 1494 2194 1532
text 0.9314 257 496 296 517
text 0.9310 3019 1 3044 49
text 0.9302 3417 1315 3437 1354
text 0.9295 1373 1131 1434 1308
text 0.9291 2539 1988 2558 2017
text 0.9291 920 832 948 864
text 0.9275 897 1460 918 1494
text 0.9266 3256 2052 3307 2078
text 0.9262 3648 1774 3677 1962
text 0.9255 3697 2234 3783 2253
text 0.9243 1758 137 2816 247
text 0.9200 873 2127 910 2146
text 0.9196 1062 2049 1085 2103
text 0.9170 2644 2177 2875 2206
text 0.9169 3251 1905 3271 1944
text 0.9162 665 1514 713 1552
text 0.9129 2706 2485 2747 2504
text 0.9118 909 2868 939 2890
text 0.9103 1265 307 1285 356
text 0.9090 667 1581 712 1607
text 0.9083 2183 2769 2198 2808
text 0.9063 653 1264 712 1298
text 0.9032 813 1690 859 1712
text 0.9025 2560 1748 2579 1787
text 0.9018 3758 2117 3775 2146
text 0.9014 356 832 385 872
text 0.9010 523 2583 544 2619
text 0.8989 3713 201 3777 257
text 0.8979 3245 1184 3303 1226
text 0.8969 3513 694 3558 743
text 0.8962 3707 2303 3767 2323
text 0.8946 3261 315 3342 378
text 0.8938 3645 1424 3687 1472
text 0.8929 1375 2532 1404 2561
text 0.8923 3043 1387 3064 1425
text 0.8890 3502 498 3547 532
text 0.8860 3091 2055 3147 2079
text 0.8844 3177 919 3206 971
text 0.8834 2393 2393 2413 2434
text 0.8832 3114 354 3182 732
text 0.8822 3687 1503 3717 1635
text 0.8818 3403 1404 3443 1450
text 0.8797 555 198 602 220
text 0.8787 2558 2303 2578 2330
text 0.8779 3250 1820 3271 1860
text 0.8736 357 962 387 1080
text 0.8732 682 1750 727 1772
text 0.8727 1244 1671 1264 1691
text 0.8721 2593 1229 2644 1266
text 0.8721 3107 1252 3154 1298
text 0.8710 792 779 832 820
text 0.8669 2776 2086 2816 2106
text 0.8656 1423 851 1461 872
text 0.8649 3330 1176 3349 1210
text 0.8648 3212 990 3233 1038
text 0.8641 668 1694 712 1722
text 0.8639 769 2555 789 2600
text 0.8628 1245 2111 1265 2132
text 0.8628 3717 1417 3767 1478
text 0.8618 790 108 810 132
text 0.8617 1966 1601 2051 1632
text 0.8613 3093 2392 3113 2432
text 0.8605 2647 2028 2667 2069
text 0.8595 3576 2284 3605 2360
text 0.8561 3221 506 3242 554
text 0.8542 2549 2507 2579 2531
text 0.8542 663 1333 712 1368
text 0.8540 3104 1420 3154 1459
text 0.8538 1284 2860 1325 2886
text 0.8524 3346 1252 3371 1286
text 0.8522 2617 2600 2646 2629
text 0.8520 2374 1494 2420 1526
text 0.8517 454 832 496 871
text 0.8513 555 581 613 605
text 0.8507 2641 1172 2690 1217
text 0.8504 791 726 840 774
text 0.8491 306 90 355 112
text 0.8470 2539 2265 2558 2295
text 0.8465 930 1435 987 1489
text 0.8411 3460 356 3506 400
text 0.8402 937 1672 978 1691
text 0.8392 3004 2027 3045 2047
text 0.8383 3726 826 3774 903
text 0.8373 2579 1697 2628 1722
text 0.8366 3597 2117 3609 2147
text 0.8361 3557 890 3617 911
text 0.8360 1121 2867 1170 2887
text 0.8352 2488 1376 2540 1396
text 0.8346 1228 2858 1282 2885
text 0.8340 359 1137 417 1175
text 0.8318 3166 1632 3230 1653
text 0.8316 1688 458 1750 540
text 0.8311 3714 521 3777 574
text 0.8305 938 2541 976 2561
text 0.8295 3709 2573 3775 2602
text 0.8288 1107 1476 1158 1522
text 0.8253 3676 1296 3727 1316
text 0.8237 2807 2482 2846 2504
text 0.8230 1686 373 1752 443
text 0.8224 374 376 462 396
text 0.8220 3312 1542 3362 1566
text 0.8207 1685 613 1750 672
text 0.8182 2589 1849 2609 1901
text 0.8169 3705 2504 3767 2530
text 0.8164 2182 2830 2198 2876
text 0.8161 2865 2611 2916 2660
text 0.8142 3231 1067 3255 1117
text 0.8129 1028 1937 1096 1972
text 0.8123 1275 1918 1313 1946
text 0.8118 821 1079 861 1099
text 0.8115 3224 1692 3290 1711
text 0.8103 2651 2484 2689 2505
text 0.8098 1898 2613 1918 2702
text 0.8094 3292 228 3330 308
text 0.8081 3092 2669 3113 2700
text 0.8035 3083 912 3147 963
text 0.8030 304 287 366 309
text 0.8029 2664 2215 2861 2305
text 0.8015 1773 268 2047 347
text 0.8000 3622 1457 3667 1502
text 0.7986 959 836 989 871
text 0.7976 2888 2511 2926 2531
text 0.7948 176 183 206 403
text 0.7944 2972 2034 3000 2087
text 0.7938 1243 1889 1264 1911
text 0.7919 618 833 652 888
text 0.7917 984 124 1012 148
text 0.7898 2391 2117 2403 2157
text 0.7876 780 1078 814 1099
text 0.7852 2504 2858 2560 2888
text 0.7851 1758 55 2509 136
text 0.7840 1640 2663 1660 2721
text 0.7829 1686 219 1750 281
text 0.7812 460 1136 505 1188
text 0.7807 799 2591 822 2640
text 0.7793 1463 2666 1482 2719
text 0.7777 702 1980 722 2038
text 0.7769 780 1810 817 1841
text 0.7763 3676 1325 3719 1347
text 0.7756 641 693 692 713
text 0.7746 515 1052 573 1107
text 0.7732 3118 2858 3174 2878
text 0.7728 2470 2572 2503 2611
text 0.7701 1386 2862 1477 2888
text 0.7672 622 1065 644 1104
text 0.7667 701 2043 722 2120
text 0.7651 1440 2828 1463 2859
text 0.7649 632 2262 653 2293
text 0.7638 1015 409 1043 456
text 0.7638 830 2127 868 2147
text 0.7621 355 2619 405 2648
text 0.7619 3311 979 3348 1008
text 0.7611 2354 2107 2390 2126
text 0.7603 3113 150 3162 170
text 0.7596 2560 2632 2602 2691
text 0.7592 1054 2858 1120 2881
text 0.7524 1036 1799 1111 1855
text 0.7507 2916 1800 2936 1829
text 0.7492 2355 2660 2390 2682
text 0.7489 1009 1629 1056 1671
text 0.7451 1089 1938 1127 1969
text 0.7438 3717 1326 3754 1348
text 0.7437 3322 869 3360 910
text 0.7381 1687 303 1751 366
text 0.7379 2381 1843 2402 1890
text 0.7369 1165 2540 1209 2556
text 0.7368 690 53 741 79
text 0.7353 1156 2347 1176 2392
text 0.7342 699 1930 726 1979
text 0.7330 3184 2780 3256 2849
text 0.7325 2391 2672 2426 2712
text 0.7317 3647 1965 3716 2003
text 0.7305 1430 2661 1452 2701
text 0.7234 939 1286 969 1323
text 0.7220 3163 2057 3268 2129
text 0.7211 3110 50 3161 78
text 0.7205 1284 1327 1304 1367
text 0.7202 381 569 419 614
text 0.7200 931 1169 949 1217
text 0.7167 2989 1583 3035 1603
text 0.7154 2755 2482 2797 2504
text 0.7128 1285 931 1304 971
text 0.7124 2916 1573 2935 1601
text 0.7112 3705 2443 3765 2463
text 0.7105 1028 940 1040 962
text 0.7102 927 485 971 506
text 0.7091 678 1730 723 1752
text 0.7076 936 674 966 708
text 0.7063 995 2858 1046 2886
text 0.7048 1684 143 1751 211
text 0.7045 777 1690 813 1710
text 0.7036 2354 1829 2394 1856
text 0.7026 788 1885 828 1927
text 0.7026 2916 1381 2937 1400
text 0.7024 3269 407 3317 435
text 0.6911 3371 1550 3443 2050
text 0.6903 216 493 246 508
text 0.6901 1027 1136 1043 1154
text 0.6855 373 953 405 1018
text 0.6841 898 2437 951 2491
text 0.6824 3153 1185 3173 1223
text 0.6797 3268 1480 3310 1528
text 0.6792 769 2631 799 2660
text 0.6765 610 2538 641 2579
text 0.6761 2911 2496 2945 2532
text 0.6711 1017 477 1038 514
text 0.6710 3260 638 3335 688
text 0.6707 3303 2058 3341 2076
text 0.6643 849 2471 902 2531
text 0.6508 3322 959 3344 997
text 0.6499 3153 1129 3172 1168
text 0.6461 3544 1290 3573 1324
text 0.6422 2352 2381 2394 2407
text 0.6304 2916 2027 2936 2058
text 0.6289 2565 2739 2600 2781
text 0.6281 211 19 247 47
text 0.6212 2414 2739 2470 2770
text 0.6129 1018 702 1038 741
text 0.5985 2176 1563 2194 1604
text 0.5965 3757 1722 3775 1749
text 0.5745 3705 2374 3765 2393
text 0.5613 1008 110 1036 133
text 0.5554 1324 2868 1371 2885
text 0.4421 859 1690 897 1710
text 0.4364 1685 534 1753 603
text 0.3977 3700 2367 3763 2387
text 0.3864 1021 1136 1038 1156
text 0.3845 3754 1732 3778 1754
text 0.3590 3221 2058 3283 2092
text 0.3260 936 834 966 873
text 0.3226 959 1667 1005 1695
text 0.3134 1298 2356 1343 2444
text 0.3098 306 75 360 97
text 0.3035 856 2131 898 2159
text 0.3032 1408 2833 1466 2865
text 0.3026 959 2853 1013 2888
component 0.9954 685 941 704 966
component 0.9946 752 2083 770 2107
component 0.9945 3735 1354 3747 1383
component 0.9939 3132 1139 3142 1157
component 0.9935 824 2089 844 2111
component 0.9931 3687 1354 3705 1381
component 0.9919 3370 407 3381 427
component 0.9911 722 1366 741 1384
component 0.9887 721 1119 731 1138
component 0.9858 649 1113 675 1141
component 0.9847 3134 1524 3153 1541
component 0.9843 721 1552 740 1572
component 0.9842 976 882 993 910
component 0.9818 720 1423 741 1442
component 0.9818 3499 1375 3520 1395
component 0.9816 731 953 748 970
component 0.9807 724 1663 741 1681
component 0.9804 3369 730 3381 742
component 0.9801 2970 924 2997 954
component 0.9789 3287 685 3305 712
component 0.9788 583 674 602 694
component 0.9787 1050 1561 1078 1577
component 0.9767 425 1110 445 1148
component 0.9765 723 1603 741 1623
component 0.9762 3425 466 3442 486
component 0.9755 725 1810 745 1833
component 0.9735 652 721 672 741
component 0.9709 1406 652 1483 822
component 0.9708 3430 405 3446 425
component 0.9707 475 576 492 603
component 0.9700 3225 1911 3241 1940
component 0.9698 475 954 492 982
component 0.9694 930 882 947 908
component 0.9693 792 1731 811 1753
component 0.9688 3290 359 3310 389
component 0.9686 512 862 541 910
component 0.9672 2453 1655 2507 1705
component 0.9668 542 961 600 1051
component 0.9656 3427 734 3449 760
component 0.9655 2996 2384 3064 2432
component 0.9619 2231 2768 2307 2808
component 0.9619 2898 2581 2926 2603
component 0.9607 721 1243 740 1263
component 0.9601 1374 534 1393 580
component 0.9592 1059 1634 1086 1655
component 0.9577 325 357 343 377
component 0.9574 3429 782 3448 802
component 0.9563 3262 1749 3282 1772
component 0.9561 2442 2473 2511 2521
component 0.9478 720 1305 740 1325
component 0.9431 754 1732 772 1751
component 0.9428 3262 494 3307 547
component 0.9407 817 1286 899 1424
component 0.9379 2993 2472 3060 2522
component 0.9350 325 427 346 454
component 0.9305 819 1593 880 1672
component 0.9275 2438 2395 2510 2445
component 0.9262 2609 1296 2629 1335
component 0.9241 3280 911 3300 941
component 0.9231 2234 1485 2297 1532
component 0.9221 3368 782 3387 802
component 0.9205 2232 2836 2304 2878
component 0.9192 870 1731 889 1751
component 0.9118 2994 822 3064 870
component 0.9113 3461 961 3641 1155
component 0.9087 840 1513 880 1542
component 0.9075 1294 388 1334 418
component 0.9038 859 882 869 910
component 0.9030 3118 969 3160 998
component 0.8991 3225 2016 3242 2038
component 0.8984 3291 2014 3324 2039
component 0.8943 3045 915 3076 972
component 0.8939 3224 1828 3241 1854
component 0.8928 785 1100 826 1137
component 0.8926 871 2581 890 2619
component 0.8912 3192 2764 3261 2811
component 0.8899 3371 466 3390 486
component 0.8852 2448 2670 2514 2717
component 0.8849 2443 2205 2509 2247
component 0.8804 3223 1751 3241 1771
component 0.8788 3136 1023 3162 1059
component 0.8788 999 1481 1037 1513
component 0.8779 2650 1138 2678 1168
component 0.8740 394 418 412 436
component 0.8654 3252 851 3286 879
component 0.8555 2512 1424 2562 1561
component 0.8550 2588 1653 2617 1685
component 0.8523 3669 1672 3719 1713
component 0.8500 3644 2072 3700 2127
component 0.8391 3193 2098 3262 2144
component 0.8375 2453 2118 2509 2155
component 0.8316 2414 2801 2490 2854
component 0.8266 3163 1691 3182 1718
component 0.8250 394 2406 446 2439
component 0.8206 3154 852 3189 880
component 0.8161 3180 1283 3317 1421
component 0.8039 3546 1342 3578 1384
component 0.8019 2454 1921 2508 1966
component 0.7863 3501 1494 3538 1513
component 0.7419 1701 2699 1759 2739
component 0.7384 866 1858 923 1950
component 0.7237 2989 2196 3051 2243
component 0.7156 396 2559 446 2592
component 0.7058 2997 2670 3066 2710
component 0.7040 2453 1842 2510 1888
component 0.6970 3391 1494 3416 1513
component 0.6895 2409 2837 2479 2869
component 0.6638 809 2376 911 2456
component 0.6326 653 2437 755 2521
component 0.3149 3027 2837 3099 2863
test 0.9934 3668 2303 3697 2324
test 0.9763 3667 2372 3695 2395
test 0.9730 3667 2574 3697 2602
test 0.9372 3667 2233 3699 2255
test 0.9237 3665 2502 3697 2531
test 0.7586 781 1834 809 1868
clock 0.9925 510 700 630 834
clock 0.8763 2812 1026 3116 1277
clock 0.7318 505 945 626 1065
ic 0.9766 2303 2263 2492 2381
ic 0.9738 1354 619 1537 851
ic 0.9713 1059 257 1267 406
ic 0.9704 2947 1818 3086 2029
ic 0.9670 2294 1711 2479 1819
ic 0.9475 777 1267 941 1451
ic 0.9461 784 1159 922 1247
ic 0.9450 2303 1989 2483 2101
ic 0.9323 2420 1395 2609 1622
ic 0.9309 2303 2541 2486 2648
ic 0.9282 2947 1600 3085 1810
ic 0.9214 3012 2256 3197 2374
ic 0.8715 821 1800 977 1985
ic 0.8642 661 834 718 890
ic 0.8110 2690 1188 2894 1336
ic 0.7932 873 508 1011 675
ic 0.7598 780 1570 924 1693
ic 0.7122 3015 2531 3203 2649
ic 0.7118 3132 1229 3368 1472
ic 0.6795 1075 1285 1277 1414
switch 0.9131 307 2357 503 2629
electrolytic 0.9770 1199 2323 1265 2495
electrolytic 0.9676 877 2127 1095 2345
electrolytic 0.9629 1103 2127 1316 2348
electrolytic 0.9595 654 2125 881 2354
electrolytic 0.9569 1094 1693 1304 1908
electrolytic 0.9526 1101 1919 1314 2118
electrolytic 0.9494 947 2332 1028 2491
electrolytic 0.9387 2408 1830 2560 1894
electrolytic 0.9381 2411 1915 2560 1978
electrolytic 0.9092 1030 1691 1093 1775
electrolytic 0.8414 1313 2319 1392 2492
electrolytic 0.8373 2415 2198 2549 2255
electrolytic 0.8333 3128 832 3209 891
electrolytic 0.8285 1098 1484 1305 1670
electrolytic 0.7446 2616 1120 2708 1178
electrolytic 0.7378 3342 526 3427 584
electrolytic 0.7034 3342 206 3429 262
electrolytic 0.6915 1074 2321 1151 2492
electrolytic 0.6914 2950 2186 3084 2258
electrolytic 0.6368 2943 2649 3090 2718
electrolytic 0.6298 2194 1482 2341 1543
electrolytic 0.3162 1269 377 1358 440
electrolytic 0.3037 2201 2830 2332 2886
diode 0.9130 760 1101 847 1160
diode 0.7249 3174 80 3235 136
fuse 0.9447 473 2358 564 2609
fuse 0.9405 898 2060 1073 2137
fuse 0.8341 3315 266 3493 326
fuse 0.7141 3316 587 3502 653
transistor 0.9413 3410 639 3469 716
transistor 0.9318 1677 405 1750 463
transistor 0.9295 1678 326 1750 382
transistor 0.9125 1028 1778 1086 1851
transistor 0.9110 1682 473 1748 537
transistor 0.9101 3491 326 3546 392
transistor 0.8963 1028 1947 1088 2010
transistor 0.8913 1684 635 1751 693
transistor 0.8901 1678 247 1750 307
transistor 0.8860 3411 323 3469 388
transistor 0.8400 3491 644 3539 713
transistor 0.8379 1680 169 1752 230
transistor 0.8316 1682 555 1750 625
transistor 0.6677 375 469 433 528
transistor 0.6332 814 2336 931 2533
jumper 0.9511 397 983 454 1081
jumper 0.8912 385 604 454 698
inductor 0.8467 619 2339 810 2612
inductor 0.7850 3097 964 3177 1012
potentiometer 0.9750 2981 2756 3124 2876
potentiometer 0.8992 2382 2761 2507 2880
heatsink 0.9898 1919 1634 2293 2178
heatsink 0.9817 1917 2182 2291 2739
heatsink 0.9717 3206 2178 3592 2732
