connector 0.9914 939 200 1424 444
connector 0.9913 3349 1770 3804 2105
connector 0.9896 220 1246 626 1820
connector 0.9877 228 655 624 1224
connector 0.9650 406 2393 455 2442
connector 0.9588 694 88 922 318
connector 0.9481 406 2017 456 2066
connector 0.9369 1482 76 1621 529
connector 0.9364 196 2514 302 2927
connector 0.9321 2521 94 2974 423
connector 0.9106 1041 1792 1278 2569
connector 0.8720 3557 2458 3819 2772
connector 0.8639 3606 1236 3748 1288
connector 0.8543 3628 960 3734 999
connector 0.8482 162 2028 444 2339
connector 0.8244 2679 916 2918 1679
connector 0.7591 472 88 694 404
connector 0.7404 1663 64 1823 528
connector 0.7209 3618 838 3741 909
connector 0.6969 3551 2136 3815 2460
resistor 0.9908 1305 812 1329 854
resistor 0.9589 3321 1905 3339 1939
resistor 0.9579 2562 438 2610 466
resistor 0.9497 574 498 612 553
resistor 0.9489 3409 2513 3458 2543
resistor 0.9308 306 2474 363 2502
resistor 0.9252 563 2078 601 2127
resistor 0.9177 374 2564 433 2593
resistor 0.9177 3285 1904 3316 1944
resistor 0.9077 2886 437 2941 466
resistor 0.9052 3147 1262 3192 1322
resistor 0.8969 3219 1215 3250 1263
resistor 0.8924 820 948 860 1019
resistor 0.8784 701 1662 760 1700
resistor 0.8743 3222 1135 3252 1190
resistor 0.8706 464 2385 503 2440
resistor 0.8610 3219 1044 3251 1098
resistor 0.8583 703 1605 762 1642
resistor 0.8515 3126 1775 3153 1819
resistor 0.8489 3322 1821 3339 1855
resistor 0.8387 3670 1297 3735 1327
resistor 0.8187 930 2084 959 2138
resistor 0.8116 701 1425 760 1458
resistor 0.8002 859 881 898 929
resistor 0.7994 683 1091 710 1146
resistor 0.7957 2562 350 2620 387
resistor 0.7882 2887 357 2934 385
resistor 0.7859 702 1553 761 1582
resistor 0.7824 465 1853 506 1910
resistor 0.7672 781 953 820 1011
resistor 0.7669 700 1308 759 1344
resistor 0.7579 3122 1949 3174 1979
resistor 0.7512 701 1363 758 1403
resistor 0.7459 3301 952 3342 1007
resistor 0.7459 3351 2511 3396 2541
resistor 0.7432 3209 951 3251 1005
resistor 0.7115 305 2535 365 2591
resistor 0.7036 841 2077 880 2136
resistor 0.6719 983 940 1055 998
resistor 0.6695 306 2612 356 2651
resistor 0.6612 3073 1585 3121 1642
resistor 0.6450 2956 2038 3014 2068
resistor 0.6283 778 883 819 933
resistor 0.6227 3113 1454 3172 1484
resistor 0.3581 857 1237 896 1276
resistor 0.3399 466 2011 501 2051
resistor 0.3269 694 1106 721 1161
resistor 0.3035 3358 2569 3404 2604
pads 0.8642 3451 1455 3582 1580
pads 0.8413 3113 2861 3176 2899
pads 0.8301 466 1942 505 1999
pads 0.8234 854 960 890 1025
pads 0.7827 3111 2885 3165 2930
pads 0.7794 2973 1939 3016 1978
pads 0.6038 465 2318 505 2375
emi 0.9582 619 1721 702 1763
emi 0.9208 621 897 700 962
emi 0.9183 621 1367 701 1406
emi 0.9123 711 2244 797 2287
emi 0.9100 621 1039 702 1082
emi 0.9085 622 1424 697 1462
emi 0.9045 624 1602 704 1644
emi 0.8814 623 1661 697 1698
emi 0.8808 619 1305 703 1344
emi 0.8750 3473 2187 3543 2227
emi 0.8600 622 1545 700 1588
emi 0.8419 621 982 699 1021
emi 0.8283 3463 2565 3536 2602
emi 0.8268 3469 2248 3536 2285
emi 0.8263 630 1486 701 1522
emi 0.7832 3458 2502 3539 2551
emi 0.6347 3230 1972 3271 2037
capacitor 0.9857 668 1925 712 1969
capacitor 0.9854 744 1024 781 1068
capacitor 0.9838 958 2296 1007 2334
capacitor 0.9793 3269 1961 3310 2037
capacitor 0.9779 1304 1129 1325 1167
capacitor 0.9735 959 2256 1010 2285
capacitor 0.9731 892 955 945 1021
capacitor 0.9730 1357 476 1403 505
capacitor 0.9702 3103 1068 3132 1116
capacitor 0.9700 2955 625 2995 654
capacitor 0.9635 3204 1791 3231 1829
capacitor 0.9630 3094 1296 3134 1358
capacitor 0.9598 3095 952 3133 999
capacitor 0.9584 2768 1819 2806 1880
capacitor 0.9583 2619 1535 2639 1576
capacitor 0.9578 522 1861 598 1900
capacitor 0.9543 1296 474 1345 505
capacitor 0.9539 2608 1099 2639 1156
capacitor 0.9534 2852 2958 2904 2997
capacitor 0.9520 1043 2558 1090 2592
capacitor 0.9503 674 2075 711 2113
capacitor 0.9500 1119 475 1165 504
capacitor 0.9489 990 1056 1028 1090
capacitor 0.9479 3489 2690 3539 2730
capacitor 0.9458 3093 1164 3133 1223
capacitor 0.9428 582 1910 623 1929
capacitor 0.9405 3589 1603 3627 1662
capacitor 0.9403 2955 353 2998 375
capacitor 0.9400 989 991 1028 1049
capacitor 0.9386 2621 2956 2669 2997
capacitor 0.9382 951 1584 987 1640
capacitor 0.9373 2708 435 2736 486
capacitor 0.9370 1548 2305 1571 2346
capacitor 0.9366 572 406 603 463
capacitor 0.9363 1316 2375 1345 2435
capacitor 0.9356 989 1219 1030 1287
capacitor 0.9348 583 2147 622 2166
capacitor 0.9322 3350 2603 3399 2642
capacitor 0.9309 1549 2205 1571 2248
capacitor 0.9300 3350 2285 3398 2322
capacitor 0.9255 3253 1814 3301 1890
capacitor 0.9206 1300 677 1328 724
capacitor 0.9192 2653 438 2687 488
capacitor 0.9184 3577 1554 3618 1573
capacitor 0.9176 1212 475 1283 504
capacitor 0.9164 1057 474 1108 505
capacitor 0.9140 1049 1623 1079 1672
capacitor 0.9092 3293 1484 3321 1525
capacitor 0.9086 1266 889 1305 910
capacitor 0.9072 1172 1560 1230 1584
capacitor 0.9060 3472 1651 3528 1682
capacitor 0.8983 1315 2303 1344 2354
capacitor 0.8968 2382 1505 2411 1551
capacitor 0.8963 1159 2555 1215 2590
capacitor 0.8955 802 424 840 456
capacitor 0.8897 2956 432 3005 470
capacitor 0.8896 740 2296 790 2325
capacitor 0.8886 1266 1322 1305 1348
capacitor 0.8816 3122 2047 3171 2084
capacitor 0.8755 3636 1701 3767 1789
capacitor 0.8698 2499 417 2543 458
capacitor 0.8692 1297 140 1343 180
capacitor 0.8692 1353 140 1403 180
capacitor 0.8621 1057 139 1109 180
capacitor 0.8612 3489 2373 3548 2402
capacitor 0.8604 2552 2955 2609 2997
capacitor 0.8601 2490 1218 2549 1257
capacitor 0.8595 942 1343 983 1431
capacitor 0.8593 848 327 906 359
capacitor 0.8546 2674 2957 2723 2996
capacitor 0.8545 2915 2958 2964 2996
capacitor 0.8542 1118 140 1168 165
capacitor 0.8535 2620 1412 2640 1442
capacitor 0.8521 2488 349 2543 388
capacitor 0.8460 2493 900 2549 933
capacitor 0.8446 780 1515 845 1551
capacitor 0.8403 995 475 1046 505
capacitor 0.8362 927 1761 977 1783
capacitor 0.8332 308 2917 363 2946
capacitor 0.8312 986 139 1045 182
capacitor 0.8312 2500 988 2540 1019
capacitor 0.8309 3085 1604 3125 1658
capacitor 0.8280 1316 2199 1344 2246
capacitor 0.8269 938 1334 968 1402
capacitor 0.8265 464 2268 502 2324
capacitor 0.8215 2796 2958 2848 2997
capacitor 0.8032 989 1126 1027 1156
capacitor 0.7967 2947 922 2975 980
capacitor 0.7906 912 2800 959 2839
capacitor 0.7752 2954 710 3002 741
capacitor 0.7677 623 2088 642 2127
capacitor 0.7632 1049 1063 1122 1098
capacitor 0.7616 3393 1605 3441 1645
capacitor 0.7507 375 1850 405 1907
capacitor 0.7498 1217 137 1285 182
capacitor 0.7344 840 1513 903 1555
capacitor 0.7258 2494 940 2537 979
capacitor 0.7237 3229 2046 3259 2094
capacitor 0.7212 2492 622 2540 657
capacitor 0.7183 2817 435 2847 485
capacitor 0.7089 3276 1776 3325 1814
capacitor 0.7051 2494 665 2542 701
capacitor 0.7035 3319 1476 3348 1522
capacitor 0.7032 2754 437 2786 486
capacitor 0.6998 3309 1949 3340 1986
capacitor 0.6921 2493 1178 2540 1218
capacitor 0.6827 2598 1682 2630 1733
capacitor 0.6818 3310 2046 3342 2095
capacitor 0.6775 3289 2554 3330 2582
capacitor 0.6631 3301 1834 3333 1896
capacitor 0.6616 920 1460 967 1506
capacitor 0.6554 1087 893 1117 950
capacitor 0.6371 3068 1661 3123 1700
capacitor 0.5959 589 1853 628 1892
capacitor 0.5562 696 2179 733 2212
capacitor 0.4245 464 2076 515 2132
capacitor 0.3254 307 2939 358 2970
capacitor 0.3004 973 478 1016 506
text 0.9872 732 968 754 1009
text 0.9872 728 2168 754 2207
text 0.9837 726 1910 754 1958
text 0.9827 257 2968 295 2987
text 0.9805 2392 1040 2404 1072
text 0.9793 3179 1949 3201 1988
text 0.9756 3044 1574 3071 1614
text 0.9756 3113 742 3142 762
text 0.9753 2174 1465 2193 1502
text 0.9715 255 2494 295 2514
text 0.9707 2394 485 2410 527
text 0.9704 1142 2562 1160 2590
text 0.9643 3577 631 3607 709
text 0.9642 3216 1959 3235 2007
text 0.9640 2381 1307 2400 1346
text 0.9635 3093 573 3112 605
text 0.9617 2393 754 2411 794
text 0.9615 814 654 840 683
text 0.9581 719 2078 744 2110
text 0.9580 1294 1831 1315 1860
text 0.9579 1266 2641 1286 2693
text 0.9574 920 2139 947 2175
text 0.9570 3093 488 3113 527
text 0.9555 1067 905 1089 955
text 0.9531 3647 1036 3676 1224
text 0.9531 3241 1775 3279 1818
text 0.9520 2561 1219 2580 1260
text 0.9514 2645 1603 2665 1632
text 0.9504 3023 2950 3044 2996
text 0.9485 655 2879 683 2898
text 0.9461 180 2876 207 2926
text 0.9458 669 1621 714 1665
text 0.9455 3263 903 3303 949
text 0.9454 2392 566 2412 605
text 0.9451 3707 673 3766 702
text 0.9440 2541 989 2561 1028
text 0.9438 2621 367 2648 395
text 0.9405 3655 1530 3706 1588
text 0.9404 798 346 837 408
text 0.9390 670 1388 713 1428
text 0.9375 1057 671 1098 713
text 0.9374 2649 940 2667 979
text 0.9360 2560 904 2579 941
text 0.9352 3352 1700 3375 1745
text 0.9342 1373 446 1403 468
text 0.9324 901 1427 928 1456
text 0.9320 1306 2148 1328 2189
text 0.9311 1277 1052 1315 1091
text 0.9300 2558 664 2577 702
text 0.9260 795 2175 831 2221
text 0.9258 2560 307 2598 351
text 0.9241 3094 931 3141 951
text 0.9235 356 2323 385 2451
text 0.9219 1157 871 1179 901
text 0.9210 528 2709 963 2771
text 0.9165 650 1693 710 1733
text 0.9163 596 577 632 624
text 0.9163 2182 183 2200 223
text 0.9161 3716 1529 3765 1580
text 0.9140 3419 1651 3452 1692
text 0.9093 1434 1693 1492 1879
text 0.9091 3252 1147 3271 1177
text 0.9090 2649 1395 2668 1435
text 0.9076 431 2869 449 2902
text 0.9029 3250 1049 3270 1087
text 0.9019 3668 820 3702 844
text 0.9018 3121 1536 3155 1575
text 0.8991 2778 891 2816 920
text 0.8985 3137 2153 3194 2197
text 0.8982 1752 2749 2822 2855
text 0.8948 1149 1306 1185 1335
text 0.8931 2382 1120 2400 1158
text 0.8924 871 851 905 872
text 0.8920 1374 1701 1432 1867
text 0.8919 938 1306 979 1327
text 0.8912 178 2610 208 2824
text 0.8906 3757 1247 3777 1277
text 0.8901 2470 386 2509 428
text 0.8897 462 1808 513 1865
text 0.8890 3689 1362 3718 1497
text 0.8886 1283 2492 1305 2531
text 0.8874 3223 1285 3290 1306
text 0.8872 556 2779 599 2799
text 0.8871 794 2238 836 2276
text 0.8852 355 1906 385 2027
text 0.8825 897 1504 926 1547
text 0.8819 3330 1781 3353 1827
text 0.8818 827 1901 860 1919
text 0.8813 1968 1374 2053 1394
text 0.8811 3700 743 3790 774
text 0.8810 2507 117 2561 142
text 0.8745 3506 2258 3556 2304
text 0.8730 1766 2649 2049 2739
text 0.8719 3708 604 3766 632
text 0.8656 3321 2066 3358 2127
text 0.8645 1289 119 1332 140
text 0.8644 938 447 979 467
text 0.8631 3221 2443 3242 2505
text 0.8629 3728 1371 3755 1494
text 0.8627 1424 2126 1463 2147
text 0.8626 3113 119 3175 140
text 0.8612 970 1414 1013 1477
text 0.8598 997 119 1046 138
text 0.8579 1221 119 1280 140
text 0.8573 1271 582 1298 655
text 0.8546 663 1276 710 1311
text 0.8545 908 109 937 130
text 0.8540 653 1455 712 1495
text 0.8540 378 2609 462 2632
text 0.8537 2991 1396 3035 1416
text 0.8535 3320 2006 3348 2039
text 0.8521 962 2130 991 2169
text 0.8509 214 2959 248 2985
text 0.8507 3106 1692 3152 1754
text 0.8492 1246 1310 1264 1337
text 0.8479 3758 852 3777 881
text 0.8464 2390 842 2404 881
text 0.8463 3592 844 3608 881
text 0.8460 3676 1658 3716 1690
text 0.8424 2665 704 2855 789
text 0.8405 1244 869 1266 902
text 0.8399 1035 1150 1109 1206
text 0.8362 3273 2568 3314 2595
text 0.8361 3014 384 3032 425
text 0.8355 357 2125 385 2175
text 0.8339 3499 2571 3555 2619
text 0.8329 3114 2267 3182 2655
text 0.8295 1245 1088 1265 1117
text 0.8282 701 892 722 961
text 0.8257 3167 1345 3228 1366
text 0.8249 522 378 545 416
text 0.8229 1687 2499 1752 2618
text 0.8214 3717 1660 3756 1684
text 0.8209 2708 496 2746 514
text 0.8204 555 2393 613 2423
text 0.8203 3004 954 3044 971
text 0.8201 2591 1097 2610 1149
text 0.8197 3728 2096 3776 2166
text 0.8188 2806 494 2846 515
text 0.8185 832 852 868 872
text 0.8182 3717 2749 3776 2799
text 0.8165 2643 791 2874 820
text 0.8160 931 2491 969 2512
text 0.8132 770 397 790 441
text 0.8131 790 2873 812 2902
text 0.8120 2185 132 2203 168
text 0.8103 2491 1603 2541 1622
text 0.8100 642 2295 691 2315
text 0.8094 1461 280 1483 337
text 0.8081 2650 495 2689 516
text 0.8068 3647 983 3716 1041
text 0.8062 788 1066 821 1114
text 0.8054 1026 1836 1046 1860
text 0.8044 3340 1531 3378 1589
text 0.8044 517 1897 576 1932
text 0.8041 613 411 642 457
text 0.8031 1686 2437 1752 2551
text 0.7985 1285 1642 1304 1672
text 0.7981 3092 301 3111 338
text 0.7962 2538 702 2558 732
text 0.7919 3114 2827 3164 2848
text 0.7894 1194 1544 1238 1566
text 0.7892 358 355 406 377
text 0.7890 2551 1249 2621 1309
text 0.7884 985 2847 1016 2883
text 0.7870 306 2896 354 2918
text 0.7847 880 473 950 566
text 0.7838 2602 1726 2656 1767
text 0.7829 1017 2544 1043 2587
text 0.7828 3115 2919 3163 2947
text 0.7822 1107 1476 1154 1522
text 0.7814 1684 2607 1750 2703
text 0.7813 1434 300 1453 346
text 0.7807 3311 1987 3350 2013
text 0.7770 3192 918 3261 954
text 0.7757 1023 1019 1093 1070
text 0.7747 937 1505 995 1562
text 0.7732 3710 535 3768 565
text 0.7714 2552 467 2581 496
text 0.7706 2866 344 2907 389
text 0.7646 3369 956 3438 1451
text 0.7641 2538 188 2600 248
text 0.7638 456 2127 495 2165
text 0.7636 3458 2430 3526 2455
text 0.7601 305 2690 364 2710
text 0.7591 3153 1832 3173 1870
text 0.7561 3308 1446 3357 1474
text 0.7532 2650 1170 2669 1209
text 0.7505 1018 2491 1039 2524
text 0.7497 1897 312 1916 381
text 0.7493 930 1780 949 1826
text 0.7469 670 1241 728 1268
text 0.7468 1755 2857 2524 2947
text 0.7455 3558 2083 3615 2108
text 0.7414 1170 172 1217 204
text 0.7406 3265 2323 3330 2360
text 0.7394 808 1280 861 1308
text 0.7383 936 176 982 206
text 0.7380 1286 2038 1306 2068
text 0.7375 1019 2267 1037 2295
text 0.7283 3293 2703 3331 2769
text 0.7282 633 702 652 731
text 0.7279 1061 119 1116 138
text 0.7259 3191 156 3247 202
text 0.7175 1426 131 1476 168
text 0.7173 3230 1893 3256 1928
text 0.7169 3715 2432 3775 2475
text 0.7141 1324 119 1374 138
text 0.7140 702 973 721 1021
text 0.7132 691 2917 737 2956
text 0.7118 1087 1038 1128 1069
text 0.7081 1406 111 1479 143
text 0.7064 3677 1688 3726 1715
text 0.7060 780 1901 808 1919
text 0.7057 616 2125 683 2192
text 0.7056 2975 921 2995 970
text 0.7037 1051 838 1126 893
text 0.7036 2376 1484 2414 1505
text 0.7018 774 1287 819 1309
text 0.7002 2915 1596 2937 1617
text 0.7001 375 2000 404 2036
text 0.6997 694 1027 736 1077
text 0.6997 215 2489 246 2512
text 0.6994 2758 495 2800 515
text 0.6979 2352 318 2393 347
text 0.6949 1033 561 1073 658
text 0.6918 938 1673 970 1714
text 0.6918 1684 2377 1750 2454
text 0.6833 623 1896 643 1938
text 0.6827 2916 1169 2935 1197
text 0.6802 857 1286 901 1309
text 0.6801 1170 447 1208 467
text 0.6797 771 336 800 376
text 0.6648 3154 1776 3172 1812
text 0.6618 3302 932 3342 950
text 0.6609 2916 939 2936 978
text 0.6581 3709 406 3778 428
text 0.6561 1641 278 1661 345
text 0.6553 1679 2315 1747 2382
text 0.6359 3462 2611 3524 2677
text 0.6347 2354 874 2390 895
text 0.6312 2414 219 2467 262
text 0.6288 2916 1406 2936 1426
text 0.6250 3547 1681 3570 1700
text 0.6186 3488 1461 3562 1535
text 0.6168 1026 2035 1039 2067
text 0.6068 2354 580 2394 616
text 0.6053 383 2385 411 2445
text 0.5980 2889 467 2928 486
text 0.5940 2358 1135 2391 1169
text 0.5830 3164 913 3231 952
text 0.5821 935 2290 966 2334
text 0.5786 1676 2670 1747 2751
text 0.5615 3264 2623 3332 2684
text 0.5520 1005 2861 1038 2899
text 0.5515 869 1275 926 1313
text 0.5303 2914 476 2943 506
text 0.3794 1073 1541 1118 1583
text 0.3771 2597 1742 2651 1781
text 0.3454 1010 2870 1046 2913
text 0.3428 776 2167 809 2209
text 0.3375 3226 906 3281 953
text 0.3262 3566 1673 3605 1698
text 0.3237 947 1657 978 1702
text 0.3095 3705 554 3765 583
text 0.3087 1145 119 1202 142
text 0.3042 2934 464 2967 492
component 0.9983 3685 1624 3705 1642
component 0.9977 686 2036 703 2057
component 0.9933 3133 1839 3142 1860
component 0.9913 3430 2574 3451 2593
component 0.9896 3261 1230 3279 1248
component 0.9889 1059 1355 1086 1375
component 0.9887 651 1860 670 1883
component 0.9887 826 888 846 914
component 0.9887 3430 2256 3448 2275
component 0.9879 3370 2571 3381 2590
component 0.9877 729 2028 746 2047
component 0.9868 655 2256 670 2284
component 0.9857 1372 2424 1391 2466
component 0.9853 752 889 771 923
component 0.9843 716 1134 742 1187
component 0.9829 475 2403 491 2426
component 0.9812 721 1552 741 1573
component 0.9805 930 2097 948 2120
component 0.9799 425 1862 445 1898
component 0.9779 721 1315 740 1335
component 0.9765 722 1612 740 1631
component 0.9761 584 2314 602 2335
component 0.9756 3370 2195 3389 2213
component 0.9749 3732 1615 3746 1642
component 0.9747 2651 1838 2678 1861
component 0.9744 723 1671 739 1690
component 0.9737 722 1378 740 1394
component 0.9733 1406 2185 1475 2340
component 0.9724 3498 1603 3519 1621
component 0.9693 3461 1603 3479 1629
component 0.9688 3279 2057 3301 2098
component 0.9682 3133 1465 3152 1482
component 0.9674 3291 2622 3310 2650
component 0.9672 721 1731 739 1752
component 0.9639 326 2619 345 2642
component 0.9636 519 2090 545 2135
component 0.9632 3263 2450 3312 2512
component 0.9619 871 1253 892 1271
component 0.9614 979 2098 998 2118
component 0.9605 870 378 889 421
component 0.9604 476 2021 493 2043
component 0.9585 2985 752 3055 799
component 0.9562 857 2092 868 2116
component 0.9560 3430 2196 3450 2215
component 0.9527 1052 1425 1079 1445
component 0.9491 1297 2582 1333 2610
component 0.9484 722 1436 741 1454
component 0.9475 540 1946 608 2044
component 0.9475 2993 483 3064 537
component 0.9450 395 2571 414 2591
component 0.9445 3223 967 3242 988
component 0.9444 752 1249 770 1267
component 0.9429 718 1862 731 1890
component 0.9427 3117 1997 3154 2029
component 0.9408 2441 558 2508 604
component 0.9395 818 1335 893 1405
component 0.9380 327 2542 345 2581
component 0.9370 2973 2047 2996 2072
component 0.9354 2993 564 3062 614
component 0.9315 841 1454 881 1488
component 0.9311 3252 2128 3288 2155
component 0.9279 3369 2255 3382 2273
component 0.9242 3144 1958 3162 1979
component 0.9241 2610 1660 2628 1702
component 0.9235 2585 1315 2621 1345
component 0.9171 2439 480 2510 524
component 0.9167 2230 190 2305 239
component 0.9127 2899 397 2924 417
component 0.9096 2234 1462 2301 1512
component 0.9090 3186 189 3259 238
component 0.9049 2992 2134 3062 2186
component 0.9019 3287 2285 3315 2311
component 0.9011 3224 1225 3241 1245
component 0.9005 817 1582 898 1710
component 0.8995 3547 1620 3571 1661
component 0.8961 999 1488 1034 1524
component 0.8949 3694 1302 3716 1321
component 0.8927 3226 1057 3242 1086
component 0.8924 2996 288 3061 334
component 0.8893 2510 1436 2561 1582
component 0.8876 2230 119 2301 169
component 0.8783 2440 281 2507 328
component 0.8776 3463 1839 3639 2038
component 0.8696 2449 1307 2507 1355
component 0.8678 3164 1279 3181 1307
component 0.8627 2443 754 2507 803
component 0.8619 815 1862 877 1902
component 0.8613 3174 1573 3321 1725
component 0.8484 397 566 445 596
component 0.8478 781 1851 889 1903
component 0.8376 790 1245 817 1274
component 0.8355 3223 1148 3241 1179
component 0.8221 392 412 442 452
component 0.8103 1700 255 1760 307
component 0.8071 3154 2108 3188 2148
component 0.8026 2450 843 2506 884
component 0.8024 3295 958 3321 995
component 0.7964 2451 1031 2508 1080
component 0.7715 2408 141 2495 215
component 0.7641 2236 1396 2303 1443
component 0.7485 3391 1486 3419 1514
component 0.7448 3046 2030 3075 2085
component 0.7391 861 1047 925 1162
component 0.7214 2451 1118 2509 1160
component 0.7214 2419 139 2476 160
component 0.6421 655 476 755 560
component 0.6127 813 548 912 622
component 0.6066 3019 140 3099 171
test 0.9803 3667 675 3696 703
test 0.9598 3668 534 3697 565
test 0.9574 3668 604 3698 633
test 0.9465 3667 395 3697 425
test 0.9385 3666 744 3697 773
test 0.7840 777 1134 806 1167
test 0.5860 779 1096 810 1125
led 0.7375 3626 1530 3667 1593
clock 0.9646 515 2162 630 2306
clock 0.8226 2806 1733 3106 1966
clock 0.7437 516 1933 632 2056
ic 0.9852 2305 624 2495 740
ic 0.9850 1054 2598 1267 2740
ic 0.9822 2307 899 2487 1019
ic 0.9748 1351 2146 1535 2377
ic 0.9723 667 2108 728 2168
ic 0.9673 2946 972 3079 1181
ic 0.9608 2293 1176 2480 1295
ic 0.9578 2304 353 2486 464
ic 0.9496 2947 1185 3080 1393
ic 0.9422 2422 1376 2615 1612
ic 0.9412 3015 625 3202 742
ic 0.9351 3013 352 3203 466
ic 0.9332 783 1752 919 1842
ic 0.9075 2685 1675 2893 1812
ic 0.8928 818 1016 979 1207
ic 0.8902 879 2330 1007 2492
ic 0.8769 1076 1578 1283 1731
ic 0.8498 780 1553 937 1739
ic 0.8239 3130 1522 3369 1776
ic 0.7000 784 1307 924 1439
switch 0.9540 304 369 501 637
electrolytic 0.9818 1197 512 1264 675
electrolytic 0.9801 881 662 1095 875
electrolytic 0.9798 949 515 1028 678
electrolytic 0.9578 1106 667 1307 867
electrolytic 0.9577 651 650 880 870
electrolytic 0.9554 2412 1023 2559 1090
electrolytic 0.9537 2410 1107 2557 1167
electrolytic 0.9417 1105 880 1314 1087
electrolytic 0.9231 1075 504 1150 680
electrolytic 0.9221 1102 1090 1305 1304
electrolytic 0.9113 1033 1225 1088 1315
electrolytic 0.8967 2415 1297 2551 1364
electrolytic 0.8671 1096 1330 1302 1522
electrolytic 0.8564 1312 516 1394 679
electrolytic 0.8093 3122 2108 3212 2165
electrolytic 0.8055 2412 744 2545 810
electrolytic 0.7904 2194 1456 2342 1521
electrolytic 0.7765 2185 114 2350 179
electrolytic 0.7641 1276 2561 1365 2622
electrolytic 0.7540 2957 277 3090 344
electrolytic 0.7510 2400 268 2560 345
electrolytic 0.7301 2409 835 2562 891
electrolytic 0.7019 3342 2739 3428 2801
electrolytic 0.6899 2619 1820 2708 1878
electrolytic 0.6282 3366 1472 3440 1536
electrolytic 0.3215 2193 1384 2339 1455
diode 0.8149 3171 2861 3241 2918
fuse 0.9590 475 389 562 627
fuse 0.9408 914 871 1081 944
fuse 0.7921 3315 2682 3493 2739
fuse 0.6409 3315 2350 3491 2413
transistor 0.9644 3410 2308 3469 2372
transistor 0.9296 3411 2612 3471 2680
transistor 0.9292 1680 2613 1751 2678
transistor 0.9259 1680 2458 1749 2519
transistor 0.9251 1677 2304 1749 2365
transistor 0.9075 1678 2540 1749 2601
transistor 0.8892 1681 2767 1749 2837
transistor 0.8733 1679 2383 1749 2443
transistor 0.8694 3490 2611 3547 2680
transistor 0.8596 1682 2689 1752 2754
transistor 0.8487 3491 2301 3537 2366
transistor 0.8387 1026 1159 1086 1226
transistor 0.8147 373 2473 434 2530
transistor 0.7845 1029 989 1086 1060
transistor 0.6744 812 473 930 664
jumper 0.9156 398 1921 455 2023
jumper 0.7899 387 2296 451 2394
inductor 0.9081 612 387 813 667
inductor 0.8002 3092 1988 3179 2037
inductor 0.7299 3015 1988 3089 2114
potentiometer 0.9698 2984 121 3120 248
potentiometer 0.8746 2383 118 2510 238
heatsink 0.9913 1917 257 2288 811
heatsink 0.9889 1917 819 2291 1372
heatsink 0.9732 3195 277 3597 837
