connector 0.9305 184 2524 459 2821
resistor 0.7497 466 2658 508 2698
resistor 0.6690 514 2651 562 2691
text 0.9816 585 176 786 246
text 0.9797 1995 973 2192 1031
text 0.8885 427 178 445 216
text 0.7886 531 182 553 207
pins 0.9945 235 365 313 628
pins 0.9892 216 1902 315 2336
pins 0.9890 217 1428 304 1848
pins 0.9878 1076 855 1163 1272
pins 0.9874 234 1078 307 1343
pins 0.9870 641 697 812 979
pins 0.9863 3406 2117 3561 2499
pins 0.9856 3301 1494 3399 1690
pins 0.9836 415 2417 463 2555
pins 0.9831 233 734 303 986
pins 0.9827 3150 1475 3223 1643
pins 0.9819 3660 1818 3831 1919
pins 0.9816 878 705 948 977
pins 0.9791 474 1266 692 1451
pins 0.9790 504 707 572 973
pins 0.9789 3290 1731 3497 2007
pins 0.9769 365 312 462 453
pins 0.9735 3493 2829 3575 2999
pins 0.9724 3640 2157 3743 2323
pins 0.9713 364 1046 456 1141
pins 0.9702 3645 2484 3746 2661
pins 0.9692 361 727 456 827
pins 0.9634 764 1264 964 1454
pins 0.9582 527 1036 921 1226
pins 0.9552 1084 300 2477 451
pins 0.9474 3727 2085 3833 2724
pins 0.9469 367 876 455 961
pins 0.9149 3592 2759 3641 2820
pins 0.9095 408 2783 465 2923
pins 0.8861 364 1378 453 1474
pins 0.8782 2881 176 3289 257
pins 0.8200 366 495 454 579
pins 0.6510 368 1203 453 1298
component 0.9839 412 1287 436 1319
component 0.9209 422 2658 454 2680
component 0.7845 474 2680 493 2707
