connector 0.9836 354 1163 741 2715
connector 0.9814 588 3305 1430 3908
connector 0.9760 383 2939 1290 3209
connector 0.9738 1388 2625 1458 2721
connector 0.9717 4444 2709 4614 2952
connector 0.9704 1370 809 1441 956
connector 0.9636 3744 3522 3971 3711
connector 0.9573 3403 3371 3586 3756
connector 0.9571 3149 3370 3347 3759
connector 0.9514 2144 3007 2589 3739
connector 0.9389 4416 3030 4604 3507
connector 0.9353 2890 3358 3100 3759
connector 0.9335 3961 67 4387 451
connector 0.9234 4447 2277 4618 2505
connector 0.9189 1302 2595 1384 2696
connector 0.9134 585 796 669 948
connector 0.9109 4305 1716 4688 2135
connector 0.9005 2646 3359 2852 3748
connector 0.8650 1467 2781 1552 2842
connector 0.8439 1214 2781 1303 2837
connector 0.8431 2798 2768 2942 2839
connector 0.8323 1545 3447 1968 3737
connector 0.8263 4089 3298 4344 3744
connector 0.8218 4315 495 4704 923
connector 0.8138 396 3221 554 3367
connector 0.8122 1128 2782 1214 2836
connector 0.8100 3059 3210 3129 3347
connector 0.7986 1228 810 1299 952
connector 0.7763 4300 1104 4686 1522
connector 0.7641 401 795 486 938
connector 0.7584 3361 60 3771 440
connector 0.7378 2129 2547 2200 2679
connector 0.6942 398 3395 544 3480
connector 0.6900 398 652 486 736
connector 0.6849 4427 2169 4569 2238
connector 0.6800 3617 2583 3700 2726
connector 0.5955 3818 3079 3958 3152
resistor 0.9748 1973 3257 2016 3327
resistor 0.8599 2073 3271 2112 3329
resistor 0.8031 1574 3352 1616 3411
resistor 0.7485 4319 2723 4377 2767
resistor 0.6838 2471 2923 2542 2953
resistor 0.6651 3061 2948 3102 3025
capacitor 0.9755 2873 1896 2901 1956
capacitor 0.9723 1858 1352 1916 1409
capacitor 0.9714 2343 2667 2386 2736
capacitor 0.9605 1969 1895 2000 1950
capacitor 0.9604 2185 2778 2244 2818
capacitor 0.9590 3477 2876 3546 2932
capacitor 0.9517 2111 2273 2164 2326
capacitor 0.9429 3391 2905 3428 2988
capacitor 0.9407 2084 1895 2113 1953
capacitor 0.9386 3100 1897 3129 1966
capacitor 0.9346 2985 1895 3014 1966
capacitor 0.9339 2902 1507 2960 1573
capacitor 0.9307 1885 2423 1944 2465
capacitor 0.9231 1999 2314 2047 2369
capacitor 0.9129 1857 1895 1891 1953
capacitor 0.9106 3672 1624 3729 1667
capacitor 0.9058 1942 1416 2030 1484
capacitor 0.9044 1986 2413 2043 2473
capacitor 0.9035 3671 3375 3702 3448
capacitor 0.8977 3674 1852 3730 1885
capacitor 0.8971 2969 1380 3042 1466
capacitor 0.8956 3659 2047 3732 2086
capacitor 0.8938 3929 3469 3990 3496
capacitor 0.8850 3245 1498 3273 1554
capacitor 0.8784 3673 1594 3730 1625
capacitor 0.8777 1788 1897 1815 1953
capacitor 0.8744 2971 2435 3012 2494
capacitor 0.8741 3874 2706 3902 2768
capacitor 0.8728 1455 3227 1520 3271
capacitor 0.8674 2974 1354 3030 1409
capacitor 0.8604 2072 1530 2156 1607
capacitor 0.8575 3673 1740 3728 1769
capacitor 0.8568 3662 2197 3731 2225
capacitor 0.8557 2491 2839 2557 2870
capacitor 0.8505 1462 2921 1516 2955
capacitor 0.8447 2757 1566 2823 1620
capacitor 0.8302 2159 1640 2215 1697
capacitor 0.8115 3659 2151 3726 2194
capacitor 0.8094 2190 2742 2244 2767
capacitor 0.8075 2845 1893 2859 1945
capacitor 0.8075 2856 2191 2942 2278
capacitor 0.7996 3744 3470 3817 3511
capacitor 0.7935 2144 2250 2214 2319
capacitor 0.7914 2752 2202 2853 2299
capacitor 0.7870 2159 1894 2187 1953
capacitor 0.7819 3315 1497 3356 1553
capacitor 0.7809 2148 2156 2214 2210
capacitor 0.7809 2713 1591 2787 1641
capacitor 0.7770 1460 3137 1514 3166
capacitor 0.7718 3429 1497 3459 1553
capacitor 0.7549 2830 2284 2981 2375
capacitor 0.7511 1928 2797 1959 2868
capacitor 0.7466 3542 1496 3575 1553
capacitor 0.7288 2458 1396 2526 1438
capacitor 0.7228 2046 3266 2071 3329
capacitor 0.7073 2806 1611 2860 1669
capacitor 0.6871 2013 2381 2078 2436
capacitor 0.6855 2804 2178 2860 2225
capacitor 0.6853 2033 2284 2091 2337
capacitor 0.6653 1815 1895 1854 1953
capacitor 0.6491 2830 1467 2888 1540
capacitor 0.6439 2045 1894 2073 1949
capacitor 0.6348 3864 3469 3920 3497
capacitor 0.5908 1462 3111 1514 3140
capacitor 0.5885 2798 2212 2885 2300
capacitor 0.5699 2959 1903 2993 1967
capacitor 0.5195 1930 1897 1965 1953
capacitor 0.3599 1902 2447 1961 2500
capacitor 0.3322 3075 1890 3104 1965
text 0.9911 2200 2554 2241 2666
text 0.9898 2871 1634 2944 1708
text 0.9844 1856 2796 1887 2868
text 0.9825 4385 3038 4415 3097
text 0.9821 4373 2282 4416 2470
text 0.9807 2416 494 2486 524
text 0.9784 2072 1671 2141 1747
text 0.9726 4174 2767 4217 2866
text 0.9700 2017 2795 2043 2871
text 0.9690 3244 2366 3273 2444
text 0.9683 497 792 540 957
text 0.9671 2820 540 2916 582
text 0.9659 1385 723 1428 807
text 0.9657 2735 2295 2811 2365
text 0.9646 3810 2863 3845 2953
text 0.9640 1780 1968 1811 2053
text 0.9627 2985 1968 3012 2053
text 0.9626 3316 2997 3346 3083
text 0.9626 4373 1682 4449 1710
text 0.9625 3813 2711 3844 2797
text 0.9599 2904 1289 2975 1365
text 0.9598 1385 3224 1443 3257
text 0.9561 3356 3625 3387 3668
text 0.9554 1486 1824 1745 1857
text 0.9546 3242 1395 3277 1489
text 0.9533 3927 2137 3972 2220
text 0.9519 1515 3355 1554 3426
text 0.9509 3398 3311 3595 3343
text 0.9484 2293 2610 2331 2678
text 0.9480 1619 3341 1659 3426
text 0.9471 4259 436 4300 525
text 0.9462 4375 1069 4445 1110
text 0.9458 2684 1496 2757 1579
text 0.9448 4372 2773 4415 2878
text 0.9443 1282 1517 1468 1664
text 0.9440 2373 1223 2455 1249
text 0.9437 802 609 902 636
text 0.9417 2804 1396 2867 1472
text 0.9412 3315 2367 3344 2453
text 0.9409 2081 1966 2114 2041
text 0.9405 366 3229 403 3295
text 0.9392 4483 1610 4540 1638
text 0.9386 4015 2894 4069 2923
text 0.9385 744 1179 774 1209
text 0.9379 3616 3378 3645 3480
text 0.9379 1445 839 1614 880
text 0.9370 1955 1552 2028 1625
text 0.9370 4015 3639 4084 3669
text 0.9366 3331 384 3378 475
text 0.9366 3561 2884 3644 2911
text 0.9356 3458 456 3493 538
text 0.9338 1801 493 1885 521
text 0.9333 4302 3267 4332 3310
text 0.9326 1829 1969 1859 2050
text 0.9321 3902 324 3961 354
text 0.9320 600 951 670 994
text 0.9307 3970 624 4085 665
text 0.9299 4358 3227 4414 3271
text 0.9295 2200 2294 2273 2369
text 0.9286 3221 484 3288 526
text 0.9275 1987 2186 2059 2264
text 0.9263 3101 3612 3131 3669
text 0.9262 3050 1452 3136 1524
text 0.9260 3657 3464 3737 3511
text 0.9253 4168 592 4303 642
text 0.9253 1888 2292 1953 2362
text 0.9249 1844 1451 1914 1529
text 0.9248 2370 1295 2455 1323
text 0.9242 2872 1968 2903 2053
text 0.9236 2846 2410 2917 2501
text 0.9234 1388 2923 1444 2958
text 0.9231 1158 865 1229 909
text 0.9226 4272 1679 4330 1729
text 0.9212 1287 3283 1358 3314
text 0.9209 1972 3325 2016 3409
text 0.9206 3444 2996 3473 3082
text 0.9202 2086 2396 2158 2466
text 0.9202 1042 2708 1127 2750
text 0.9199 1327 2841 1363 2918
text 0.9195 4215 2709 4288 2740
text 0.9186 2203 539 2311 579
text 0.9184 4173 1197 4301 1239
text 0.9175 628 1122 673 1153
text 0.9173 2303 493 2402 521
text 0.9172 430 3479 510 3510
text 0.9168 1988 2515 2069 2599
text 0.9165 2083 1385 2157 1453
text 0.9164 1902 492 2008 527
text 0.9156 1357 298 1555 367
text 0.9133 3588 454 3628 538
text 0.9130 3981 3397 4060 3426
text 0.9129 3430 2369 3459 2443
text 0.9121 1386 3112 1445 3140
text 0.9117 1965 1964 2002 2039
text 0.9117 4215 1811 4301 1851
text 0.9116 2985 2239 3052 2324
text 0.9101 1399 2514 1442 2610
text 0.9085 3631 2732 3689 2769
text 0.9023 3102 499 3202 533
text 0.9017 1986 1266 2056 1340
text 0.9000 2985 1531 3059 1607
text 0.8986 2856 2122 2917 2197
text 0.8983 1083 1361 1475 1467
text 0.8979 2703 496 2798 524
text 0.8979 2093 2801 2172 2855
text 0.8976 3018 536 3106 583
text 0.8970 3504 1913 3590 1953
text 0.8965 2085 3327 2115 3409
text 0.8950 2071 639 2145 667
text 0.8946 2369 1409 2456 1438
text 0.8945 3315 1396 3345 1485
text 0.8937 4214 1868 4301 1910
text 0.8936 2843 994 2944 1025
text 0.8932 4163 726 4306 764
text 0.8925 3072 2738 3160 2770
text 0.8923 4028 3268 4061 3354
text 0.8923 4344 3355 4417 3398
text 0.8917 3618 3626 3729 3668
text 0.8899 3383 768 3498 809
text 0.8892 3739 1597 3818 1625
text 0.8890 802 367 911 395
text 0.8888 1141 2827 1188 2900
text 0.8878 4205 1410 4304 1444
text 0.8874 2373 2350 2457 2381
text 0.8864 3100 1968 3128 2051
text 0.8861 3430 1399 3459 1488
text 0.8852 2950 1552 3031 1633
text 0.8852 3055 2324 3128 2397
text 0.8850 1682 625 1788 666
text 0.8838 4217 866 4303 896
text 0.8830 1272 608 1372 652
text 0.8808 660 608 757 638
text 0.8799 3156 2800 3188 2878
text 0.8768 3218 2881 3256 2973
text 0.8758 2071 2420 2128 2496
text 0.8754 1257 1896 1496 1951
text 0.8750 3733 1883 3815 1920
text 0.8742 2242 1537 2310 1611
text 0.8730 1801 1405 1873 1480
text 0.8711 3509 1579 3588 1629
text 0.8707 3730 2120 3821 2151
text 0.8704 1456 2265 1768 2297
text 0.8663 3026 1038 3742 1110
text 0.8642 813 838 912 880
text 0.8636 2625 3311 2816 3354
text 0.8624 3986 3468 4079 3502
text 0.8622 429 950 499 995
text 0.8612 3299 324 3356 353
text 0.8602 1518 3257 1577 3314
text 0.8600 702 2896 980 2926
text 0.8597 2372 2458 2460 2489
text 0.8597 2402 2722 2462 2755
text 0.8596 4172 1337 4300 1378
text 0.8573 1488 2514 1529 2611
text 0.8561 2028 2129 2112 2213
text 0.8561 2115 1404 2195 1481
text 0.8552 2086 2081 2166 2162
text 0.8551 2833 3310 3054 3354
text 0.8537 1485 2835 1535 2910
text 0.8528 2458 2694 2529 2725
text 0.8519 3940 378 3971 426
text 0.8508 1798 2380 1871 2446
text 0.8507 961 367 1056 396
text 0.8501 971 610 1056 638
text 0.8469 2370 1549 2456 1583
text 0.8464 1689 493 1796 527
text 0.8449 2029 493 2113 527
text 0.8445 3676 625 3832 666
text 0.8440 3545 1395 3572 1484
text 0.8424 1956 1237 2042 1312
text 0.8423 1745 924 1843 967
text 0.8397 3057 3166 3130 3196
text 0.8393 3670 3309 3700 3379
text 0.8391 2230 710 2316 739
text 0.8384 2613 494 2695 526
text 0.8382 2877 2726 2987 2767
text 0.8370 2497 495 2604 524
text 0.8352 2090 2569 2163 2706
text 0.8338 3121 1182 3704 1297
text 0.8336 2041 1326 2113 1394
text 0.8332 1154 2506 1187 2610
text 0.8330 2018 923 2100 953
text 0.8329 2229 2281 2300 2351
text 0.8311 970 837 1068 879
text 0.8270 2017 2499 2084 2555
text 0.8262 2116 2371 2193 2445
text 0.8258 2143 1424 2216 1496
text 0.8256 3728 1740 3819 1780
text 0.8254 1399 2836 1443 2923
text 0.8231 1927 1520 1997 1596
text 0.8195 2223 1507 2285 1582
text 0.8192 1186 237 1342 295
text 0.8186 3014 487 3088 522
text 0.8133 2114 2738 2186 2773
text 0.8131 3571 3238 3650 3268
text 0.8108 3657 455 3689 537
text 0.8095 3721 2824 3802 2853
text 0.8063 4211 2008 4298 2051
text 0.8056 4305 2939 4390 2974
text 0.8049 4196 2905 4287 2957
text 0.8048 4342 457 4394 500
text 0.8048 1923 2258 1993 2326
text 0.8047 3732 1637 3816 1669
text 0.8036 3202 3313 3289 3354
text 0.8027 3572 2824 3659 2854
text 0.8009 4342 2182 4414 2225
text 0.8005 3159 2883 3188 2963
text 0.7984 1129 2308 1575 2392
text 0.7967 1047 2768 1126 2810
text 0.7950 4178 524 4304 566
text 0.7950 2474 2952 2559 2983
text 0.7930 413 2897 455 2925
text 0.7917 1256 723 1293 810
text 0.7915 3071 2639 3157 2667
text 0.7907 2949 2211 3027 2294
text 0.7878 1114 609 1211 638
text 0.7875 2144 2967 2203 2997
text 0.7873 1371 223 1539 294
text 0.7863 2174 1453 2240 1530
text 0.7857 2011 1611 2080 1679
text 0.7839 4343 937 4427 979
text 0.7825 2931 1588 2999 1656
text 0.7823 3828 3149 3952 3203
text 0.7797 3758 924 3844 966
text 0.7791 943 3297 1029 3327
text 0.7774 4344 2552 4417 2595
text 0.7768 4443 2669 4500 2709
text 0.7756 423 620 503 662
text 0.7752 4173 1126 4301 1168
text 0.7748 2143 2349 2217 2425
text 0.7744 2858 3628 2889 3669
text 0.7737 1903 3399 1944 3441
text 0.7722 2289 769 2395 809
text 0.7713 2039 2454 2101 2524
text 0.7693 1798 625 1883 665
text 0.7690 3733 2224 3816 2261
text 0.7684 670 792 714 965
text 0.7657 2602 3626 2630 3668
text 0.7643 3403 2554 3459 2582
text 0.7635 1884 1488 1965 1571
text 0.7630 2057 1354 2129 1423
text 0.7573 386 3366 491 3413
text 0.7564 3493 707 3564 743
text 0.7555 2157 1969 2188 2052
text 0.7529 985 1891 1027 2079
text 0.7512 2037 1637 2108 1709
text 0.7510 2668 2272 2728 2331
text 0.7499 4360 1540 4458 1594
text 0.7488 3379 462 3427 530
text 0.7481 1317 3183 1387 3213
text 0.7471 1654 2839 1713 2868
text 0.7450 4475 2984 4580 3024
text 0.7411 4018 925 4116 967
text 0.7405 4291 2814 4372 2897
text 0.7367 3542 2371 3570 2442
text 0.7365 2213 488 2284 524
text 0.7306 3200 2803 3283 2843
text 0.7271 4445 2250 4511 2280
text 0.7261 4345 3460 4387 3683
text 0.7239 2833 1370 2905 1454
text 0.7192 4062 453 4102 539
text 0.7142 3731 1967 3817 2009
text 0.7118 4111 453 4153 539
text 0.7113 2841 2095 2901 2167
text 0.7100 475 3367 553 3447
text 0.7085 3965 3060 4017 3200
text 0.7045 3047 2293 3106 2367
text 0.7025 2783 2726 2857 2771
text 0.6988 2015 1282 2081 1361
text 0.6981 1700 3339 1813 3426
text 0.6978 4188 451 4229 525
text 0.6932 558 3397 586 3467
text 0.6929 1040 2639 1126 2681
text 0.6925 2257 2255 2327 2321
text 0.6910 2919 2190 3000 2282
text 0.6870 440 749 488 781
text 0.6862 557 3219 586 3297
text 0.6834 2620 568 2695 609
text 0.6831 2497 2768 2559 2797
text 0.6770 2044 1967 2072 2040
text 0.6758 2832 1634 2896 1729
text 0.6719 4217 1733 4303 1774
text 0.6714 4386 995 4478 1047
text 0.6675 1954 628 2066 668
text 0.6667 2036 2802 2097 2856
text 0.6578 3730 2082 3829 2110
text 0.6555 2958 2782 2988 2836
text 0.6546 2845 1966 2872 2050
text 0.6532 2370 2311 2466 2340
text 0.6531 4089 3262 4130 3334
text 0.6469 3872 2627 3912 2714
text 0.6465 4176 2981 4250 3012
text 0.6464 3072 2895 3102 2970
text 0.6428 3988 454 4031 527
text 0.6392 3187 2881 3217 2973
text 0.6369 1927 1967 1968 2040
text 0.6335 1075 1809 1214 1852
text 0.6240 2043 3330 2073 3402
text 0.6215 4243 2929 4346 3040
text 0.6205 3579 2500 3749 2583
text 0.6202 3732 1853 3819 1882
text 0.6052 4215 2065 4300 2112
text 0.5990 2012 2170 2077 2240
text 0.5776 2691 2271 2768 2336
text 0.5642 2372 2424 2460 2455
text 0.5564 4230 1068 4321 1118
text 0.5541 2373 1509 2463 1550
text 0.5464 3417 2997 3445 3080
text 0.5129 3732 2195 3823 2226
text 0.5080 3645 3383 3674 3466
text 0.4829 2488 2883 2558 2911
text 0.4518 4184 1274 4306 1319
text 0.4413 1815 1970 1845 2045
text 0.4073 2784 1419 2888 1518
text 0.3944 2623 593 2701 627
text 0.3847 2874 1318 2962 1398
text 0.3643 3072 1973 3104 2051
text 0.3586 2959 1967 2990 2046
text 0.3576 3701 1977 3808 2027
text 0.3495 3593 2812 3682 2847
text 0.3121 2389 1281 2493 1319
component 0.9887 3343 2810 3384 2840
component 0.9601 3386 2654 3476 2725
component 0.9214 3201 2723 3255 2767
component 0.8907 1671 2984 1839 3214
component 0.8877 3198 2626 3255 2667
component 0.7508 3963 2747 4028 2854
component 0.6454 3490 2811 3544 2867
led 0.9344 2557 555 2613 610
led 0.8846 1972 544 2026 614
led 0.8629 2771 557 2814 608
led 0.8272 1738 551 1802 604
led 0.7476 3178 545 3302 609
led 0.6574 4316 2810 4378 2896
ic 0.9212 2270 2762 2459 2952
ic 0.9158 4227 2750 4285 2855
ic 0.9155 1556 2886 1959 3313
ic 0.9058 3214 1647 3583 1899
ic 0.8029 3212 1969 3589 2227
switch 0.9860 1901 155 2074 484
switch 0.9771 2711 148 2876 501
switch 0.9761 2512 153 2673 490
switch 0.9713 1701 142 1870 481
switch 0.9661 2913 149 3075 496
switch 0.9556 2099 139 2270 494
switch 0.9251 2302 152 2469 488
switch 0.8306 3114 152 3275 491
switch 0.6096 4009 3022 4390 3207
electrolytic 0.7058 3461 2795 3563 2882
electrolytic 0.6740 3173 2715 3278 2792
button 0.9781 3657 680 3841 918
button 0.9506 1690 670 1870 910
button 0.9353 3915 666 4113 926
button 0.9289 795 410 1057 597
button 0.9276 799 638 1054 837
button 0.9186 1117 412 1359 606
button 0.9140 488 397 744 598
button 0.8696 795 152 1054 353
button 0.7867 1959 667 2142 908
jumper 0.8524 1299 809 1370 956
jumper 0.8172 1301 2664 1385 2819
jumper 0.8128 1127 2626 1214 2783
jumper 0.8056 1213 2631 1305 2787
jumper 0.7748 4331 1583 4489 1653
jumper 0.7410 4429 2522 4582 2625
jumper 0.6254 1458 2617 1560 2788
inductor 0.6837 3914 2716 4090 2877
inductor 0.6353 3299 2579 3574 2799
display 0.9807 2461 637 3373 983
heatsink 0.9872 2230 1650 2842 2278
