connector 0.9864 4504 30 5351 644
connector 0.9808 3348 198 3792 936
connector 0.9800 2588 201 2788 586
connector 0.9729 4486 2985 4561 3129
connector 0.9727 5187 1224 5570 2780
connector 0.9726 4472 1239 4550 1323
connector 0.9648 4638 736 5547 992
connector 0.9632 1958 237 2184 406
connector 0.9611 5260 2997 5344 3137
connector 0.9529 1316 996 1487 1234
connector 0.9445 2831 191 3044 591
connector 0.9404 1326 456 1515 912
connector 0.9339 1587 202 1859 621
connector 0.9182 2335 186 2536 589
connector 0.9064 4632 1108 4714 1157
connector 0.9048 4721 1107 4802 1150
connector 0.9009 1243 1816 1624 2227
connector 0.8853 1545 3483 1966 3866
connector 0.8847 1312 1438 1483 1662
connector 0.8810 4629 2985 4702 3129
connector 0.8690 4374 1110 4457 1167
connector 0.8551 5376 578 5533 723
connector 0.8527 1240 2411 1624 2833
connector 0.8505 1226 3014 1619 3441
connector 0.8304 3085 179 3288 591
connector 0.8176 4576 1179 4691 1328
connector 0.8107 2983 1094 3130 1166
connector 0.7943 2148 3493 2572 3867
connector 0.7931 3966 197 4389 500
connector 0.7392 2800 594 2879 725
connector 0.7310 5444 2993 5534 3137
connector 0.6763 2229 1211 2317 1351
connector 0.6552 3732 1273 3803 1389
connector 0.6011 5450 3198 5533 3281
resistor 0.9567 3917 614 3958 682
resistor 0.8581 1556 1169 1614 1205
resistor 0.7180 2833 908 2869 980
resistor 0.6631 4316 528 4360 594
capacitor 0.9841 2573 2382 2614 2451
capacitor 0.9798 2198 2055 2258 2096
capacitor 0.9773 2201 2168 2257 2197
capacitor 0.9750 2201 1853 2265 1892
capacitor 0.9700 2203 2282 2257 2315
capacitor 0.9665 3545 1212 3586 1270
capacitor 0.9655 3930 2451 3999 2530
capacitor 0.9654 2202 1718 2271 1742
capacitor 0.9653 3675 1680 3731 1752
capacitor 0.9601 3959 1983 4000 2041
capacitor 0.9575 2466 2381 2502 2452
capacitor 0.9554 4072 1981 4115 2041
capacitor 0.9501 3823 2349 3885 2404
capacitor 0.9439 2558 959 2587 1016
capacitor 0.9413 4419 796 4476 838
capacitor 0.9392 2914 1981 2942 2039
capacitor 0.9367 3888 1455 3947 1522
capacitor 0.9295 2654 2385 2687 2453
capacitor 0.9276 2199 1754 2268 1783
capacitor 0.9227 3858 1980 3890 2041
capacitor 0.9200 3044 1577 3088 1638
capacitor 0.9181 3068 1983 3086 2038
capacitor 0.9171 2202 663 2253 693
capacitor 0.9170 3129 1669 3180 1729
capacitor 0.9035 3716 2241 3772 2298
capacitor 0.8922 3041 2396 3099 2454
capacitor 0.8921 2901 2526 2959 2584
capacitor 0.8855 3779 1604 3866 1709
capacitor 0.8810 3904 2559 3989 2637
capacitor 0.8782 2805 1982 2836 2042
capacitor 0.8695 2114 435 2186 465
capacitor 0.8616 2435 954 2495 1048
capacitor 0.8547 2926 2502 2985 2563
capacitor 0.8456 1980 435 2061 464
capacitor 0.8415 2918 1456 2972 1506
capacitor 0.8409 4016 1436 4075 1491
capacitor 0.8389 4413 647 4485 714
capacitor 0.8272 3145 2295 3215 2339
capacitor 0.8182 2936 1577 2994 1632
capacitor 0.8172 3859 611 3887 680
capacitor 0.8132 3691 1117 3747 1153
capacitor 0.8127 3692 1166 3746 1198
capacitor 0.7951 3746 1983 3773 2042
capacitor 0.7922 3776 2379 3896 2437
capacitor 0.7871 4418 978 4474 1031
capacitor 0.7829 2358 2380 2387 2449
capacitor 0.7817 4019 2524 4076 2595
capacitor 0.7741 3719 1723 3772 1796
capacitor 0.7712 2943 2480 3024 2555
capacitor 0.7677 4116 1981 4144 2041
capacitor 0.7578 2606 1083 2657 1135
capacitor 0.7412 2206 2311 2259 2339
capacitor 0.7310 3374 1071 3436 1099
capacitor 0.7242 3984 1469 4044 1524
capacitor 0.7229 3062 2370 3121 2448
capacitor 0.7162 2936 1478 2989 1523
capacitor 0.6720 3892 2472 4015 2538
capacitor 0.6598 2833 1985 2871 2051
capacitor 0.6558 3038 1682 3100 1742
capacitor 0.6547 2614 1576 2650 1639
capacitor 0.6470 2502 958 2529 1015
capacitor 0.6330 2497 1583 2536 1650
capacitor 0.6152 3072 2268 3132 2325
capacitor 0.6015 3062 1685 3119 1749
capacitor 0.5991 2616 2384 2657 2453
capacitor 0.5617 2959 1982 2987 2040
capacitor 0.4359 2916 2467 2998 2522
capacitor 0.4203 1975 423 2070 454
capacitor 0.3700 2523 2386 2580 2454
capacitor 0.3199 2948 1573 3025 1642
text 0.9869 1867 595 1901 682
text 0.9842 4379 513 4413 596
text 0.9807 4487 1030 4531 1082
text 0.9795 3916 527 3959 608
text 0.9777 5535 660 5563 729
text 0.9756 4484 796 4544 827
text 0.9750 4449 2465 4845 2581
text 0.9723 4488 1329 4531 1423
text 0.9699 1514 668 1572 713
text 0.9691 3445 3410 3519 3441
text 0.9676 4502 3127 4546 3207
text 0.9673 1514 1466 1557 1665
text 0.9672 2221 537 2258 617
text 0.9667 2585 875 2614 954
text 0.9661 2717 968 2746 1056
text 0.9650 4630 3136 4678 3224
text 0.9647 3001 1446 3072 1521
text 0.9646 4073 1883 4103 1967
text 0.9614 4488 695 4544 726
text 0.9608 2587 1497 2616 1575
text 0.9601 3473 2613 3561 2653
text 0.9572 2358 3209 2454 3240
text 0.9572 3014 1755 3093 1814
text 0.9571 3771 1468 3847 1539
text 0.9553 1628 3298 1758 3353
text 0.9550 2914 1897 2948 1980
text 0.9549 1513 2952 1585 3001
text 0.9548 4703 3040 4772 3071
text 0.9542 3021 3411 3112 3442
text 0.9516 3249 3411 3318 3441
text 0.9488 3860 1896 3889 1981
text 0.9473 2545 284 2578 328
text 0.9468 2656 1094 2726 1145
text 0.9465 3960 1895 4000 1980
text 0.9465 2802 283 2830 321
text 0.9460 1514 552 1586 588
text 0.9458 3473 2496 3558 2538
text 0.9452 2115 2049 2199 2081
text 0.9446 3887 1079 3917 1151
text 0.9442 2471 1493 2502 1586
text 0.9436 2833 3409 2920 3438
text 0.9427 3788 3270 3856 3316
text 0.9416 1851 266 1921 296
text 0.9405 4805 1242 4886 1296
text 0.9404 2487 866 2515 953
text 0.9399 2799 1882 2834 1965
text 0.9394 2588 2456 2617 2539
text 0.9388 4468 2270 4640 2422
text 0.9387 3118 1544 3188 1622
text 0.9386 3202 2341 3273 2413
text 0.9371 4044 1069 4072 1151
text 0.9359 3901 1637 3975 1721
text 0.9359 3482 1597 3562 1626
text 0.9337 4344 600 4421 670
text 0.9335 3032 2491 3091 2571
text 0.9333 4392 3641 4560 3708
text 0.9316 3058 1882 3086 1970
text 0.9309 2116 2166 2202 2197
text 0.9300 3932 2333 4002 2407
text 0.9278 2920 2294 2994 2363
text 0.9271 5261 2953 5334 2986
text 0.9270 2901 1651 2971 1725
text 0.9263 3025 2177 3101 2260
text 0.9244 4946 1009 5244 1051
text 0.9235 1630 2028 1714 2071
text 0.9229 4400 1324 4444 1425
text 0.9221 2087 983 2123 1082
text 0.9220 3684 2413 3761 2495
text 0.9215 2358 2454 2388 2539
text 0.9195 3477 1496 3565 1526
text 0.9189 1717 1074 1759 1173
text 0.9183 2654 1499 2686 1578
text 0.9150 1513 1338 1585 1379
text 0.9138 2986 2550 3058 2626
text 0.9138 3214 1623 3260 1681
text 0.9134 2084 1146 2117 1237
text 0.9132 5388 529 5443 568
text 0.9126 3329 3414 3424 3440
text 0.9125 4400 1025 4446 1088
text 0.9113 4148 3283 4244 3315
text 0.9108 4045 2428 4117 2509
text 0.9086 1386 2295 1445 2324
text 0.9063 3474 2392 3563 2428
text 0.9062 3064 2467 3130 2544
text 0.9056 3745 2471 3816 2543
text 0.9046 1969 3581 2028 3622
text 0.9041 3633 3411 3719 3442
text 0.9023 1487 2839 1557 2869
text 0.9001 3373 1140 3445 1168
text 0.8995 1869 506 1939 539
text 0.8995 2115 1934 2199 1969
text 0.8987 1645 1197 1715 1237
text 0.8970 3934 3410 4029 3455
text 0.8955 4803 1125 4886 1168
text 0.8947 3534 3128 3647 3170
text 0.8944 2849 1595 2921 1667
text 0.8941 2240 2642 2804 2752
text 0.8941 3475 2683 3560 2723
text 0.8939 3870 3270 3981 3310
text 0.8938 2789 2412 2858 2499
text 0.8936 2965 1694 3042 1765
text 0.8934 1513 1709 1584 1751
text 0.8916 4005 1541 4084 1624
text 0.8912 5158 2721 5186 2766
text 0.8903 5385 2989 5428 3154
text 0.8901 5218 2986 5261 3157
text 0.8898 3775 2488 3845 2568
text 0.8880 1612 2220 1643 2250
text 0.8879 1515 837 1546 908
text 0.8864 3144 2388 3201 2454
text 0.8859 1902 3414 1943 3496
text 0.8856 3656 1586 3740 1668
text 0.8856 3790 1749 3879 1823
text 0.8855 3744 1896 3773 1983
text 0.8843 1844 3270 1958 3313
text 0.8834 4743 1328 4773 1429
text 0.8834 2115 2284 2202 2319
text 0.8826 2107 1824 2200 1855
text 0.8826 4587 3655 4745 3712
text 0.8824 3814 2232 3885 2320
text 0.8818 5436 3283 5518 3325
text 0.8799 1434 1240 1488 1270
text 0.8790 3708 1518 3790 1593
text 0.8778 3473 1193 3531 1223
text 0.8766 5415 425 5504 467
text 0.8765 3429 3325 3507 3363
text 0.8757 1631 3169 1769 3210
text 0.8755 2633 3382 2717 3437
text 0.8744 1629 2169 1711 2207
text 0.8743 1985 748 2098 784
text 0.8733 1967 3511 2002 3559
text 0.8730 3975 1562 4043 1640
text 0.8721 4644 1325 4688 1426
text 0.8655 5029 3308 5131 3339
text 0.8650 2184 436 2265 468
text 0.8645 1635 2711 1757 2744
text 0.8612 1613 2822 1692 2866
text 0.8610 2241 2823 2901 2896
text 0.8586 3625 3194 3701 3238
text 0.8555 3842 2577 3911 2657
text 0.8549 5433 2955 5502 2984
text 0.8547 1983 694 2046 724
text 0.8526 2656 2454 2686 2540
text 0.8523 2360 1494 2390 1579
text 0.8523 1628 3366 1755 3424
text 0.8513 2201 268 2316 306
text 0.8493 3088 2438 3161 2521
text 0.8482 1601 639 1631 666
text 0.8481 2775 1267 2855 1309
text 0.8475 3533 3410 3630 3439
text 0.8474 1628 3093 1719 3137
text 0.8466 2346 1994 2429 2024
text 0.8461 4270 515 4312 595
text 0.8460 1629 2498 1716 2540
text 0.8454 3655 2380 3734 2452
text 0.8449 4198 2084 4452 2125
text 0.8446 1635 1895 1714 1932
text 0.8418 3886 2628 3973 2713
text 0.8413 4560 3295 4661 3334
text 0.8412 3785 1248 3851 1316
text 0.8403 2271 667 2358 697
text 0.8401 3843 1693 3916 1767
text 0.8381 3142 3411 3231 3438
text 0.8379 2289 1035 2375 1067
text 0.8364 4442 1982 4678 2036
text 0.8356 3860 1354 3942 1412
text 0.8352 2257 1077 2359 1116
text 0.8344 1554 1070 1634 1131
text 0.8338 4044 3411 4139 3455
text 0.8337 2100 3270 2254 3312
text 0.8336 1544 965 1633 1009
text 0.8329 3731 952 3791 979
text 0.8325 4134 3413 4227 3454
text 0.8323 2139 1087 2217 1146
text 0.8321 3043 267 3071 325
text 0.8305 3685 1267 3735 1381
text 0.8292 2729 3412 2832 3441
text 0.8276 4574 627 4645 652
text 0.8266 2468 2456 2498 2541
text 0.8243 4118 1885 4145 1968
text 0.8238 3857 539 3887 608
text 0.8238 1485 2226 1558 2254
text 0.8236 2830 981 2859 1050
text 0.8227 1852 440 1944 472
text 0.8225 2031 1241 2059 1324
text 0.8219 5447 535 5543 572
text 0.8215 4874 3297 4962 3337
text 0.8210 3646 3325 3722 3364
text 0.8189 2119 1710 2199 1741
text 0.8175 4178 1643 4468 1681
text 0.8174 2957 1167 3056 1210
text 0.8154 2927 1667 2992 1740
text 0.8154 3072 1167 3141 1210
text 0.8153 1627 2623 1761 2670
text 0.8131 3603 1266 3636 1339
text 0.8127 1544 263 1589 468
text 0.8096 4871 3540 4972 3581
text 0.8086 2846 2370 2919 2444
text 0.8077 3142 1562 3224 1639
text 0.8068 4858 3058 4962 3099
text 0.8064 3957 2365 4026 2439
text 0.8037 3473 2537 3559 2572
text 0.8015 2844 3324 2903 3355
text 0.7980 2470 1355 2528 1397
text 0.7979 1688 925 1757 953
text 0.7970 1651 998 1716 1045
text 0.7956 2088 2984 2172 3011
text 0.7953 2442 3396 2474 3492
text 0.7953 4089 2982 4190 3010
text 0.7947 2943 1094 2973 1166
text 0.7917 3830 2982 3916 3010
text 0.7911 1769 3410 1815 3496
text 0.7880 2285 464 2314 549
text 0.7865 3858 2599 3945 2679
text 0.7851 1858 1012 1920 1052
text 0.7844 2642 595 2726 626
text 0.7828 5345 657 5374 723
text 0.7826 2992 2911 3084 2954
text 0.7825 1871 407 1957 437
text 0.7824 2800 739 2874 768
text 0.7823 1954 1723 2041 1793
text 0.7795 5016 3057 5117 3101
text 0.7787 2357 2320 2432 2380
text 0.7773 3636 2367 3704 2439
text 0.7769 3844 3410 3906 3452
text 0.7749 2027 1038 2063 1110
text 0.7745 3031 1460 3103 1531
text 0.7732 3857 1672 3944 1752
text 0.7714 4358 1592 4808 1639
text 0.7702 4893 610 4981 653
text 0.7687 2746 1070 2773 1154
text 0.7673 1346 911 1459 953
text 0.7650 1522 3436 1595 3483
text 0.7636 5440 3151 5491 3203
text 0.7627 4719 3300 4816 3341
text 0.7608 1799 637 1844 667
text 0.7600 4601 1040 4695 1099
text 0.7585 1414 1653 1489 1697
text 0.7542 3035 3327 3104 3356
text 0.7536 5173 3297 5273 3339
text 0.7519 1951 1810 2082 1854
text 0.7513 2572 3577 2633 3621
text 0.7492 1456 2913 1499 2941
text 0.7489 1510 1056 1562 1166
text 0.7480 1825 923 1896 957
text 0.7432 3472 2423 3556 2463
text 0.7416 4212 1068 4271 1094
text 0.7352 3817 2546 3888 2625
text 0.7340 2629 3325 2702 3354
text 0.7329 5260 2783 5302 2824
text 0.7328 1632 1826 1716 1867
text 0.7320 4559 1323 4602 1423
text 0.7316 3832 1076 3891 1157
text 0.7282 1820 2983 1916 3010
text 0.7281 3714 2439 3793 2514
text 0.7277 2502 3411 2546 3497
text 0.7267 4545 723 4614 752
text 0.7252 4062 2467 4132 2542
text 0.7244 2387 866 2416 947
text 0.7242 5475 1010 5518 1053
text 0.7237 3843 2255 3914 2339
text 0.7231 4040 3325 4117 3367
text 0.7211 3756 1779 3841 1854
text 0.7182 4041 3272 4132 3310
text 0.7182 3603 1624 3670 1677
text 0.7178 2180 1368 2317 1439
text 0.7175 3241 3328 3306 3367
text 0.7165 5346 467 5373 536
text 0.7164 4323 3059 4475 3100
text 0.7163 1617 3413 1694 3497
text 0.7137 2226 1182 2319 1279
text 0.7134 2815 1566 2883 1653
text 0.7133 4902 1874 4946 2070
text 0.7126 1475 2369 1574 2401
text 0.7107 5016 3538 5131 3579
text 0.7074 4347 3013 4465 3056
text 0.7064 4722 2081 4863 2124
text 0.7062 2117 2311 2190 2339
text 0.7051 2180 331 2278 394
text 0.7046 2115 2198 2201 2231
text 0.7044 3888 1324 3958 1396
text 0.7011 2811 2397 2883 2472
text 0.6988 1552 1213 1626 1244
text 0.6948 3747 1112 3813 1152
text 0.6896 3470 2311 3556 2354
text 0.6876 2957 2582 3032 2653
text 0.6869 3986 2389 4058 2469
text 0.6865 2115 1849 2201 1892
text 0.6799 2350 595 2534 625
text 0.6756 3744 1417 3824 1493
text 0.6751 3987 514 4031 574
text 0.6744 3616 2341 3687 2412
text 0.6692 3945 1598 4014 1667
text 0.6634 3178 2366 3246 2439
text 0.6619 3031 1782 3101 1851
text 0.6591 4121 516 4232 603
text 0.6524 3301 281 3333 322
text 0.6422 3400 1210 3472 1238
text 0.6367 3376 1034 3450 1069
text 0.6353 2555 3514 2597 3570
text 0.6294 2616 2455 2646 2539
text 0.6279 2115 1966 2203 1999
text 0.6198 3872 2282 3942 2353
text 0.6195 3163 1598 3241 1660
text 0.6148 3471 2653 3561 2686
text 0.6135 2356 3406 2413 3497
text 0.6036 2903 596 3076 623
text 0.5996 2945 1894 2986 1982
text 0.5888 3128 596 3310 624
text 0.5789 3749 1487 3816 1569
text 0.5769 1916 743 1956 882
text 0.5764 2499 2456 2532 2541
text 0.5682 3816 3282 3917 3337
text 0.5481 1573 909 1618 955
text 0.5233 2237 3411 2278 3496
text 0.4879 4051 3350 4135 3398
text 0.4545 3003 2221 3094 2319
text 0.4329 3180 3403 3271 3434
text 0.4254 1556 986 1656 1025
text 0.4117 2119 2124 2203 2164
text 0.4055 3051 2153 3096 2232
text 0.3829 3757 1240 3814 1295
text 0.3753 1621 3233 1752 3281
text 0.3734 1976 708 2067 742
text 0.3698 3358 3408 3450 3433
text 0.3599 2113 1770 2205 1815
text 0.3375 3767 1885 3808 1976
text 0.3354 1631 2606 1752 2653
text 0.3306 1603 914 1638 953
text 0.3299 3747 1523 3803 1597
text 0.3218 3920 1891 3964 1979
text 0.3179 4015 1885 4055 1972
text 0.3165 2388 1521 2415 1609
text 0.3138 3744 980 3803 1017
text 0.3135 1684 3407 1749 3494
text 0.3135 3797 1239 3867 1362
text 0.3086 4104 1877 4135 1969
text 0.3072 2500 864 2531 948
text 0.3025 4211 1055 4274 1085
component 0.9940 2462 1206 2544 1278
component 0.9860 2547 1096 2583 1123
component 0.9630 2678 1169 2732 1209
component 0.9112 4087 726 4256 960
component 0.8921 1898 1102 1970 1194
component 0.8032 2672 1279 2732 1323
component 0.7775 2389 1070 2442 1124
component 0.3569 2406 1069 2468 1120
led 0.9045 3917 3318 3964 3396
led 0.8331 2875 3327 2941 3388
led 0.8286 2402 3114 2464 3182
led 0.8022 3686 3327 3757 3392
led 0.7547 3113 3331 3164 3384
ic 0.9157 2348 1720 2709 1964
ic 0.8980 1660 1097 1706 1149
ic 0.8780 2336 2035 2716 2307
ic 0.8480 3479 998 3653 1180
ic 0.8385 3949 628 4394 1057
ic 0.6286 2439 949 2551 1060
switch 0.9544 4060 3452 4232 3799
switch 0.9543 3862 3453 4029 3801
switch 0.9511 3057 3452 3217 3793
switch 0.9355 3257 3456 3419 3794
switch 0.9305 3659 3460 3831 3795
switch 0.9302 2857 3455 3018 3790
switch 0.8979 2656 3460 2813 3782
switch 0.7983 1540 715 1914 908
switch 0.7978 3463 3456 3632 3795
button 0.9779 5191 3339 5439 3541
button 0.9702 4063 3027 4244 3266
button 0.9689 4880 3337 5128 3541
button 0.9548 4873 3112 5132 3301
button 0.9502 1815 3027 2016 3271
button 0.9489 4877 3580 5132 3787
button 0.9095 4574 3339 4817 3539
button 0.8825 3787 3022 3973 3271
button 0.8685 2087 3012 2271 3275
jumper 0.9106 4373 1155 4470 1307
jumper 0.9055 4717 1157 4800 1314
jumper 0.8835 4473 1102 4545 1233
jumper 0.7946 1338 1325 1505 1408
jumper 0.6198 4630 1169 4718 1302
inductor 0.7743 1855 1066 2012 1245
inductor 0.7155 2375 1150 2621 1350
display 0.9733 2560 2957 3474 3301
heatsink 0.9784 3087 1674 3701 2302
