connector 0.9850 4503 25 5348 639
connector 0.9817 3343 192 3791 938
connector 0.9721 4472 1234 4548 1325
connector 0.9715 4486 2983 4559 3128
connector 0.9701 2587 192 2788 587
connector 0.9687 5184 1230 5568 2776
connector 0.9669 4644 739 5547 993
connector 0.9620 5260 2996 5344 3140
connector 0.9567 1959 237 2185 408
connector 0.9517 1313 999 1489 1237
connector 0.9479 1326 458 1517 905
connector 0.9230 2340 182 2535 592
connector 0.9149 1585 196 1861 622
connector 0.9143 2832 184 3043 589
connector 0.9090 4720 1108 4802 1153
connector 0.8958 1315 1443 1485 1654
connector 0.8951 4633 1106 4716 1155
connector 0.8947 2989 1094 3128 1166
connector 0.8913 1245 1815 1632 2224
connector 0.8754 4376 1110 4455 1167
connector 0.8743 4627 2986 4701 3126
connector 0.8659 1543 3495 1969 3865
connector 0.8541 3089 189 3286 584
connector 0.8419 3969 203 4391 487
connector 0.8344 4573 1170 4689 1328
connector 0.8335 1245 2417 1623 2829
connector 0.8283 5373 579 5534 726
connector 0.8100 1228 3015 1621 3441
connector 0.7706 2159 3493 2574 3866
connector 0.7625 5444 3000 5534 3143
connector 0.7382 2797 596 2874 722
connector 0.6921 2229 1207 2315 1349
connector 0.6800 3731 1274 3804 1391
connector 0.5163 5450 3198 5532 3282
resistor 0.9570 3917 611 3959 680
resistor 0.7516 1557 1169 1616 1209
resistor 0.6655 2829 909 2871 979
resistor 0.5832 4316 524 4360 595
capacitor 0.9836 2574 2380 2615 2453
capacitor 0.9797 2199 2055 2259 2096
capacitor 0.9792 2201 2167 2258 2195
capacitor 0.9751 2468 2383 2503 2454
capacitor 0.9724 2201 1853 2265 1891
capacitor 0.9723 2204 2279 2256 2311
capacitor 0.9712 4075 1981 4116 2039
capacitor 0.9684 3674 1681 3729 1751
capacitor 0.9683 2203 1720 2271 1745
capacitor 0.9641 3545 1210 3586 1266
capacitor 0.9602 3935 2454 4001 2528
capacitor 0.9525 3961 1981 4000 2040
capacitor 0.9496 2654 2382 2688 2454
capacitor 0.9488 3887 1455 3944 1525
capacitor 0.9411 3823 2353 3886 2407
capacitor 0.9411 2916 1981 2945 2039
capacitor 0.9383 2558 954 2590 1015
capacitor 0.9291 4419 798 4477 839
capacitor 0.9275 3047 1581 3087 1640
capacitor 0.9219 3069 1984 3087 2038
capacitor 0.9158 3859 1981 3888 2040
capacitor 0.9139 2200 1752 2269 1782
capacitor 0.9126 2444 950 2496 1047
capacitor 0.9063 2204 666 2257 698
capacitor 0.8972 3125 1669 3180 1729
capacitor 0.8970 1980 439 2061 468
capacitor 0.8960 3044 2397 3100 2453
capacitor 0.8939 3718 2242 3772 2300
capacitor 0.8932 3910 2556 3992 2633
capacitor 0.8890 2899 2524 2961 2585
capacitor 0.8868 2800 1982 2833 2044
capacitor 0.8782 2113 442 2187 471
capacitor 0.8734 3779 1602 3867 1706
capacitor 0.8593 4015 1439 4071 1492
capacitor 0.8455 3147 2296 3214 2339
capacitor 0.8448 4410 649 4485 713
capacitor 0.8356 3690 1167 3745 1197
capacitor 0.8271 2928 2511 2988 2571
capacitor 0.8270 3688 1123 3745 1156
capacitor 0.8253 3858 610 3888 681
capacitor 0.8251 2202 2312 2259 2339
capacitor 0.8244 4116 1983 4144 2038
capacitor 0.8235 4017 2524 4073 2597
capacitor 0.8154 2941 1575 2993 1629
capacitor 0.8136 3746 1982 3773 2042
capacitor 0.8057 3779 2376 3898 2435
capacitor 0.8051 2920 1453 2972 1504
capacitor 0.7848 4414 982 4474 1036
capacitor 0.7813 3373 1068 3435 1097
capacitor 0.7758 2358 2380 2387 2450
capacitor 0.7721 3717 1723 3772 1794
capacitor 0.7400 2939 1478 2987 1522
capacitor 0.7378 3062 2369 3121 2448
capacitor 0.7363 2942 2476 3021 2549
capacitor 0.7166 3896 2476 4016 2538
capacitor 0.6872 3986 1469 4047 1523
capacitor 0.6786 2607 1083 2655 1136
capacitor 0.6557 2832 1985 2871 2051
capacitor 0.6475 2614 1580 2649 1641
capacitor 0.6461 2498 1582 2534 1651
capacitor 0.6365 3038 1681 3100 1740
capacitor 0.6313 2502 956 2529 1014
capacitor 0.6145 3072 2270 3129 2326
capacitor 0.5912 2616 2382 2656 2454
capacitor 0.5784 3061 1685 3122 1749
capacitor 0.5511 2959 1981 2987 2039
capacitor 0.4299 2919 2477 2999 2531
capacitor 0.3772 2524 2385 2580 2456
capacitor 0.3040 2853 1979 2901 2040
text 0.9885 1871 588 1901 675
text 0.9866 4383 510 4417 597
text 0.9833 4486 1026 4530 1081
text 0.9817 3917 525 3960 610
text 0.9794 5532 656 5561 724
text 0.9753 1514 666 1571 712
text 0.9738 4488 1328 4530 1424
text 0.9735 4484 797 4544 827
text 0.9729 4628 3132 4676 3224
text 0.9716 4502 3126 4545 3207
text 0.9715 4446 2467 4849 2583
text 0.9680 3771 1469 3846 1540
text 0.9676 1515 1471 1558 1657
text 0.9671 2543 283 2574 326
text 0.9663 2586 873 2616 954
text 0.9663 3003 1439 3072 1514
text 0.9661 4073 1882 4103 1965
text 0.9642 2716 971 2745 1057
text 0.9639 3445 3410 3515 3442
text 0.9627 3474 2614 3561 2653
text 0.9611 2801 282 2830 324
text 0.9601 3787 3268 3860 3312
text 0.9598 1512 2957 1586 3000
text 0.9596 4487 694 4545 725
text 0.9591 2359 3210 2450 3240
text 0.9570 2223 552 2260 622
text 0.9562 4703 3040 4774 3070
text 0.9551 3026 3410 3112 3443
text 0.9543 3014 1752 3092 1812
text 0.9538 4465 2265 4642 2426
text 0.9524 2831 3411 2912 3440
text 0.9504 3473 2496 3559 2539
text 0.9504 3242 3411 3315 3441
text 0.9496 1630 3297 1758 3353
text 0.9491 2116 2050 2198 2082
text 0.9490 2586 1500 2614 1581
text 0.9480 4044 1069 4071 1153
text 0.9452 3860 1897 3888 1983
text 0.9451 3887 1082 3917 1156
text 0.9441 1844 266 1917 294
text 0.9430 3202 2345 3273 2415
text 0.9422 1513 552 1585 587
text 0.9419 2116 2167 2202 2198
text 0.9410 2914 1897 2947 1980
text 0.9383 2903 1655 2973 1728
text 0.9381 3900 1639 3973 1725
text 0.9379 3477 1598 3560 1627
text 0.9374 2585 2455 2616 2540
text 0.9347 1715 1074 1755 1171
text 0.9347 3960 1896 4001 1982
text 0.9347 2987 2547 3057 2625
text 0.9346 5390 2989 5431 3155
text 0.9336 3633 3411 3716 3441
text 0.9334 4805 1242 4888 1294
text 0.9326 2657 1093 2728 1142
text 0.9325 2797 1886 2833 1967
text 0.9310 4388 3643 4562 3710
text 0.9295 2473 1498 2502 1581
text 0.9293 5261 2953 5332 2985
text 0.9283 3029 2499 3089 2576
text 0.9263 1971 3583 2030 3626
text 0.9261 1645 1195 1714 1236
text 0.9259 2921 2295 2993 2365
text 0.9235 3059 1886 3087 1971
text 0.9230 3027 2178 3101 2260
text 0.9215 2487 867 2515 953
text 0.9210 3213 1623 3259 1680
text 0.9208 3116 1541 3187 1615
text 0.9203 4743 1324 4772 1422
text 0.9199 2189 438 2273 469
text 0.9194 4398 1323 4443 1426
text 0.9174 1627 2026 1714 2069
text 0.9167 3931 2337 4002 2411
text 0.9166 3688 2414 3763 2496
text 0.9165 3475 2391 3563 2428
text 0.9157 5389 537 5445 576
text 0.9153 2358 2453 2387 2538
text 0.9133 1387 2296 1444 2325
text 0.9128 3475 1494 3564 1525
text 0.9118 5217 2984 5260 3158
text 0.9105 1514 1340 1586 1380
text 0.9100 5437 3284 5516 3324
text 0.9097 1870 509 1942 539
text 0.9085 2968 1698 3045 1767
text 0.9071 4940 1010 5247 1053
text 0.9067 4006 1541 4086 1625
text 0.9062 4346 604 4426 671
text 0.9055 1486 2839 1556 2869
text 0.9049 4043 2428 4115 2507
text 0.9049 1513 1711 1586 1753
text 0.9041 3655 1587 3737 1666
text 0.9030 4149 3282 4244 3315
text 0.9026 2116 2282 2201 2315
text 0.9023 5159 2722 5187 2767
text 0.9020 2116 1937 2199 1972
text 0.9015 3813 2229 3884 2319
text 0.9000 4803 1126 4886 1168
text 0.8996 3372 1141 3443 1169
text 0.8995 1903 3415 1943 3499
text 0.8984 3774 2489 3844 2567
text 0.8981 2237 2640 2806 2754
text 0.8981 3144 2386 3202 2454
text 0.8980 3745 2470 3817 2542
text 0.8970 3331 3412 3425 3440
text 0.8969 2656 1497 2689 1578
text 0.8943 2087 1145 2119 1238
text 0.8936 4441 1984 4674 2039
text 0.8936 3871 3270 3986 3310
text 0.8936 1844 3268 1958 3312
text 0.8935 3065 2469 3131 2544
text 0.8931 3786 1749 3875 1823
text 0.8917 4191 2082 4448 2124
text 0.8881 2850 1596 2917 1668
text 0.8868 2113 1824 2199 1854
text 0.8867 2084 983 2118 1083
text 0.8859 1613 2223 1646 2254
text 0.8851 1636 2710 1757 2744
text 0.8850 2788 2412 2861 2495
text 0.8846 3934 3412 4030 3458
text 0.8846 3533 3128 3642 3170
text 0.8819 3623 3195 3703 3239
text 0.8807 1627 2168 1712 2209
text 0.8787 1986 695 2045 724
text 0.8761 3471 1198 3529 1230
text 0.8760 4401 1025 4448 1089
text 0.8756 5028 3310 5131 3340
text 0.8750 2635 3384 2717 3440
text 0.8750 1601 638 1631 667
text 0.8740 4272 510 4313 595
text 0.8738 4575 626 4645 653
text 0.8711 4560 3294 4660 3332
text 0.8705 2233 2822 2911 2896
text 0.8704 4588 3656 4745 3713
text 0.8703 1428 1238 1486 1268
text 0.8690 1631 3169 1772 3211
text 0.8681 5433 2955 5503 2983
text 0.8678 2098 3269 2255 3311
text 0.8677 3475 2685 3559 2725
text 0.8672 2359 1498 2389 1583
text 0.8670 1987 751 2097 784
text 0.8663 2941 1095 2972 1167
text 0.8657 3745 1898 3774 1985
text 0.8642 3715 1517 3792 1594
text 0.8638 3974 1560 4044 1638
text 0.8636 2470 2457 2500 2541
text 0.8622 3046 267 3074 325
text 0.8607 3859 1353 3943 1413
text 0.8606 4132 3412 4230 3454
text 0.8594 1775 3409 1815 3497
text 0.8585 1514 839 1544 910
text 0.8569 1629 2499 1715 2540
text 0.8568 2657 2455 2687 2541
text 0.8544 2345 1995 2429 2024
text 0.8541 3088 2440 3159 2522
text 0.8530 1629 3094 1718 3139
text 0.8518 5416 427 5503 469
text 0.8505 4646 1325 4689 1424
text 0.8504 4876 3301 4961 3339
text 0.8504 3781 1245 3845 1317
text 0.8502 1687 925 1756 951
text 0.8499 4181 1640 4466 1680
text 0.8479 3532 3410 3632 3439
text 0.8478 3430 3325 3503 3364
text 0.8454 3233 3325 3298 3366
text 0.8449 2797 737 2874 766
text 0.8448 3843 2576 3911 2655
text 0.8444 3884 2627 3972 2714
text 0.8426 3842 1694 3916 1768
text 0.8414 2728 3412 2834 3440
text 0.8409 1631 3367 1751 3425
text 0.8408 3731 953 3790 980
text 0.8403 1965 3511 1999 3560
text 0.8403 1543 967 1632 1010
text 0.8399 2270 667 2356 696
text 0.8386 2776 1267 2860 1309
text 0.8364 4045 3411 4138 3453
text 0.8363 3657 2382 3736 2452
text 0.8354 3858 538 3887 608
text 0.8349 1627 2623 1760 2669
text 0.8344 1487 2225 1558 2253
text 0.8339 1507 1053 1556 1176
text 0.8330 3140 3411 3231 3441
text 0.8286 2260 1079 2358 1117
text 0.8284 2287 467 2314 548
text 0.8283 3146 1565 3226 1639
text 0.8277 3684 1264 3735 1378
text 0.8267 2201 269 2314 308
text 0.8254 1633 1894 1714 1930
text 0.8237 2087 2982 2172 3010
text 0.8215 3831 2983 3915 3010
text 0.8214 2830 985 2860 1057
text 0.8212 1648 999 1716 1042
text 0.8205 1557 1073 1631 1138
text 0.8199 3857 2601 3942 2681
text 0.8180 1544 265 1589 464
text 0.8173 3605 1267 3638 1338
text 0.8171 1856 1010 1917 1051
text 0.8160 4119 1882 4144 1965
text 0.8157 3033 3326 3101 3355
text 0.8156 3474 2538 3559 2571
text 0.8148 2119 1712 2199 1742
text 0.8144 3957 2369 4027 2442
text 0.8142 5017 3056 5118 3098
text 0.8131 4089 2982 4187 3010
text 0.8088 2031 1242 2060 1324
text 0.8059 1873 410 1958 439
text 0.8027 3846 3412 3905 3452
text 0.8012 1417 1653 1487 1694
text 0.7988 4897 610 4985 652
text 0.7980 2140 1084 2216 1142
text 0.7975 4873 3541 4973 3583
text 0.7959 5447 535 5541 570
text 0.7957 2572 3583 2629 3624
text 0.7942 4860 3056 4960 3096
text 0.7935 3031 1462 3104 1534
text 0.7919 1606 2827 1679 2868
text 0.7919 1345 910 1457 952
text 0.7918 1630 1827 1715 1866
text 0.7902 2744 1070 2772 1153
text 0.7900 2844 2365 2916 2442
text 0.7885 2990 2912 3084 2954
text 0.7843 3072 1168 3143 1210
text 0.7806 4213 1068 4273 1095
text 0.7805 1525 3436 1599 3482
text 0.7778 1949 1810 2078 1854
text 0.7765 1818 2982 1918 3010
text 0.7763 1954 1723 2044 1791
text 0.7762 3636 2368 3703 2439
text 0.7762 5345 654 5375 728
text 0.7759 2357 2319 2432 2378
text 0.7756 2030 1036 2066 1111
text 0.7743 2444 3398 2474 3494
text 0.7741 3857 1672 3943 1752
text 0.7741 2954 1166 3061 1211
text 0.7732 2843 3326 2896 3354
text 0.7722 1854 441 1942 473
text 0.7711 4367 1595 4805 1639
text 0.7692 5174 3298 5273 3339
text 0.7691 2289 1037 2376 1068
text 0.7685 4559 1325 4601 1422
text 0.7681 4719 3299 4817 3341
text 0.7637 1472 2368 1573 2400
text 0.7600 4062 2464 4132 2539
text 0.7597 2179 324 2277 387
text 0.7585 4546 723 4615 752
text 0.7576 2630 3326 2703 3354
text 0.7576 2472 1354 2529 1398
text 0.7565 5440 3147 5489 3201
text 0.7486 2563 3511 2602 3564
text 0.7479 2642 596 2730 625
text 0.7430 1616 3413 1691 3498
text 0.7411 4045 3272 4133 3311
text 0.7410 4595 1039 4693 1100
text 0.7410 5474 1010 5517 1054
text 0.7386 1830 923 1895 956
text 0.7360 1551 1211 1627 1241
text 0.7349 2929 1669 2992 1741
text 0.7345 3716 2439 3793 2515
text 0.7328 3474 2424 3557 2465
text 0.7327 2117 2311 2190 2339
text 0.7318 4323 3057 4475 3098
text 0.7317 3890 1320 3957 1395
text 0.7286 3816 2539 3888 2618
text 0.7280 5016 3540 5130 3582
text 0.7258 1800 638 1844 668
text 0.7255 5346 469 5374 539
text 0.7243 3604 1623 3670 1677
text 0.7195 3843 2254 3914 2339
text 0.7194 3988 508 4031 571
text 0.7193 3746 1114 3814 1154
text 0.7172 1457 2914 1499 2943
text 0.7166 4720 2082 4862 2125
text 0.7155 3831 1078 3889 1159
text 0.7144 4348 3011 4467 3054
text 0.7121 3757 1780 3839 1855
text 0.7029 2224 1181 2318 1277
text 0.7016 2117 2196 2200 2230
text 0.7005 2178 1368 2321 1441
text 0.6931 3984 2388 4056 2470
text 0.6913 2502 3411 2544 3496
text 0.6913 3302 282 3331 324
text 0.6878 2341 596 2525 624
text 0.6875 5260 2784 5302 2824
text 0.6872 2817 1572 2883 1655
text 0.6865 3616 2340 3687 2411
text 0.6856 2116 1849 2201 1892
text 0.6825 4902 1874 4944 2068
text 0.6817 3472 2311 3557 2353
text 0.6798 2809 2398 2885 2470
text 0.6735 4042 3325 4118 3368
text 0.6659 4117 512 4231 596
text 0.6588 2233 3410 2274 3496
text 0.6584 2615 2455 2645 2539
text 0.6575 2947 1894 2986 1982
text 0.6555 1562 1102 1644 1149
text 0.6555 2387 868 2416 943
text 0.6546 3944 1595 4013 1668
text 0.6487 3473 2654 3560 2686
text 0.6422 3746 1415 3823 1494
text 0.6401 2115 1966 2202 1999
text 0.6391 3177 2367 3246 2439
text 0.6346 3872 2281 3942 2353
text 0.6335 3642 3325 3714 3368
text 0.6301 3402 1211 3473 1239
text 0.6171 2896 595 3085 624
text 0.6158 2358 3404 2414 3499
text 0.6100 1572 909 1618 953
text 0.6070 2612 3369 2716 3421
text 0.6068 2957 2582 3031 2655
text 0.5999 3032 1783 3102 1853
text 0.5966 3133 595 3304 624
text 0.5898 3376 1033 3448 1070
text 0.5784 3749 1488 3816 1566
text 0.5683 1914 749 1958 882
text 0.5682 2499 2457 2532 2542
text 0.5575 3161 1598 3243 1660
text 0.5461 3810 3281 3920 3333
text 0.4869 4048 3351 4133 3397
text 0.4645 3003 2222 3089 2318
text 0.4060 2119 2126 2202 2166
text 0.3929 3358 3405 3448 3431
text 0.3825 3190 3405 3282 3435
text 0.3811 3757 1238 3814 1298
text 0.3790 3050 2154 3095 2229
text 0.3701 2388 1524 2415 1607
text 0.3657 1621 3241 1750 3291
text 0.3573 1979 708 2069 740
text 0.3552 3921 1891 3966 1979
text 0.3474 3766 1885 3807 1977
text 0.3412 2118 1764 2204 1809
text 0.3205 1567 985 1688 1026
text 0.3148 2500 865 2531 946
text 0.3118 4105 1873 4134 1967
text 0.3108 1688 3405 1745 3495
component 0.9944 2460 1210 2543 1280
component 0.9727 2546 1096 2585 1125
component 0.9616 2673 1166 2730 1209
component 0.9200 4091 723 4256 965
component 0.8742 2673 1281 2730 1322
component 0.8728 1898 1098 1972 1191
component 0.7909 2388 1069 2443 1124
led 0.9352 3920 3317 3965 3396
led 0.9153 3115 3326 3163 3386
led 0.8467 2880 3325 2943 3389
led 0.8187 3692 3324 3758 3392
led 0.8186 2401 3116 2461 3184
ic 0.9225 1653 1097 1704 1145
ic 0.9064 2349 1726 2711 1964
ic 0.8842 2341 2036 2713 2309
ic 0.8434 3953 628 4393 1058
ic 0.8417 3478 993 3654 1181
ic 0.5545 2428 948 2545 1065
switch 0.9565 4060 3453 4228 3800
switch 0.9549 3058 3454 3217 3798
switch 0.9529 3860 3453 4029 3802
switch 0.9394 2857 3456 3017 3793
switch 0.9367 3257 3458 3417 3796
switch 0.9354 3658 3457 3831 3797
switch 0.9186 2655 3459 2813 3782
switch 0.7915 1538 714 1914 910
switch 0.7632 3461 3454 3633 3799
button 0.9776 5190 3341 5438 3540
button 0.9718 4057 3026 4245 3268
button 0.9687 4879 3343 5130 3541
button 0.9589 4873 3112 5129 3302
button 0.9452 4876 3582 5132 3788
button 0.9376 1815 3026 2016 3270
button 0.9017 4573 3339 4817 3538
button 0.8676 2088 3010 2270 3273
button 0.8585 3786 3021 3971 3261
jumper 0.9104 4372 1151 4470 1307
jumper 0.8840 4715 1158 4801 1317
jumper 0.8761 4471 1100 4545 1234
jumper 0.7558 1343 1324 1505 1409
jumper 0.5864 4632 1165 4718 1305
inductor 0.7516 1851 1058 2017 1246
inductor 0.7385 2372 1149 2625 1352
display 0.9738 2558 2956 3473 3302
heatsink 0.9793 3089 1673 3701 2303
