connector 0.9824 588 3311 1430 3914
connector 0.9822 353 1162 742 2717
connector 0.9756 386 2940 1286 3209
connector 0.9728 1388 2625 1459 2720
connector 0.9711 4443 2712 4617 2952
connector 0.9693 3402 3368 3586 3756
connector 0.9675 3148 3369 3346 3756
connector 0.9671 1372 808 1444 952
connector 0.9550 2889 3356 3102 3757
connector 0.9506 3740 3526 3968 3706
connector 0.9426 2143 3004 2586 3738
connector 0.9274 4417 3033 4603 3511
connector 0.9246 585 795 670 948
connector 0.9186 3957 64 4388 450
connector 0.9156 4446 2284 4617 2506
connector 0.9077 1303 2596 1385 2697
connector 0.9030 4306 1711 4689 2139
connector 0.8876 2646 3359 2850 3746
connector 0.8585 2800 2768 2943 2840
connector 0.8543 1470 2779 1551 2841
connector 0.8446 4316 486 4704 929
connector 0.8419 1547 3446 1965 3739
connector 0.8373 395 3219 554 3364
connector 0.8338 1213 2779 1303 2838
connector 0.8331 3058 3212 3129 3347
connector 0.8227 4305 1109 4681 1519
connector 0.8169 4091 3303 4343 3736
connector 0.8082 1129 2781 1216 2835
connector 0.7895 1228 809 1302 951
connector 0.7711 399 795 485 938
connector 0.7490 3360 65 3769 437
connector 0.7141 2127 2548 2201 2678
connector 0.7022 398 654 487 735
connector 0.6809 3617 2583 3701 2723
connector 0.6759 397 3396 546 3483
connector 0.6519 4430 2170 4564 2238
connector 0.6239 3816 3080 3961 3149
resistor 0.9643 1970 3256 2014 3329
resistor 0.9140 2074 3271 2113 3325
resistor 0.7148 2471 2923 2542 2953
resistor 0.7004 1573 3352 1616 3411
resistor 0.6501 4318 2725 4375 2768
resistor 0.6476 3060 2954 3102 3024
capacitor 0.9761 2342 2674 2383 2737
capacitor 0.9739 1856 1354 1915 1410
capacitor 0.9726 2871 1895 2899 1956
capacitor 0.9677 3473 2875 3541 2933
capacitor 0.9616 3394 2907 3430 2983
capacitor 0.9502 2112 2274 2164 2328
capacitor 0.9502 1970 1896 2000 1951
capacitor 0.9501 3102 1898 3131 1966
capacitor 0.9496 2184 2776 2242 2813
capacitor 0.9459 2085 1897 2114 1954
capacitor 0.9352 2985 1897 3013 1967
capacitor 0.9346 1888 2425 1944 2468
capacitor 0.9321 2002 2315 2051 2369
capacitor 0.9300 2903 1507 2962 1573
capacitor 0.9091 3672 1624 3730 1665
capacitor 0.9043 3927 3467 3989 3496
capacitor 0.9039 1854 1897 1887 1954
capacitor 0.9016 1942 1417 2028 1486
capacitor 0.8981 3674 1852 3732 1884
capacitor 0.8922 2970 1379 3043 1464
capacitor 0.8892 3657 2052 3732 2089
capacitor 0.8867 1788 1895 1816 1954
capacitor 0.8845 1985 2411 2046 2474
capacitor 0.8838 3669 3378 3702 3453
capacitor 0.8784 2070 1530 2152 1606
capacitor 0.8761 1457 3228 1519 3269
capacitor 0.8743 2972 2436 3015 2492
capacitor 0.8676 3874 2710 3902 2769
capacitor 0.8668 2755 1570 2819 1623
capacitor 0.8656 2971 1354 3028 1411
capacitor 0.8645 3674 1596 3732 1626
capacitor 0.8616 3663 2198 3729 2224
capacitor 0.8595 3673 1740 3730 1768
capacitor 0.8581 3245 1494 3275 1557
capacitor 0.8452 1460 3140 1515 3169
capacitor 0.8448 1463 2923 1516 2955
capacitor 0.8431 2158 1641 2213 1697
capacitor 0.8272 2844 1892 2858 1946
capacitor 0.8221 2858 2187 2938 2278
capacitor 0.8207 2489 2840 2557 2871
capacitor 0.7862 2144 2251 2209 2319
capacitor 0.7848 3542 1497 3575 1553
capacitor 0.7834 3659 2158 3728 2200
capacitor 0.7784 2148 2157 2214 2210
capacitor 0.7753 3316 1495 3357 1555
capacitor 0.7744 2188 2742 2241 2767
capacitor 0.7735 2715 1591 2785 1640
capacitor 0.7715 2749 2205 2854 2306
capacitor 0.7555 2159 1895 2187 1953
capacitor 0.7535 2838 2307 2988 2406
capacitor 0.7482 3745 3470 3811 3511
capacitor 0.7461 3429 1496 3460 1553
capacitor 0.7251 1929 2797 1958 2869
capacitor 0.7247 2802 2177 2858 2226
capacitor 0.7240 2458 1395 2526 1436
capacitor 0.7149 2805 1610 2858 1670
capacitor 0.7075 2046 3267 2072 3328
capacitor 0.6920 2013 2382 2078 2437
capacitor 0.6745 1816 1895 1853 1952
capacitor 0.6629 2033 2281 2090 2338
capacitor 0.6460 2831 1467 2888 1539
capacitor 0.6385 2800 2209 2883 2297
capacitor 0.5991 2045 1897 2073 1952
capacitor 0.5901 3865 3468 3920 3497
capacitor 0.5594 1461 3110 1516 3141
capacitor 0.5464 2960 1905 2995 1968
capacitor 0.5348 1930 1898 1964 1954
capacitor 0.4239 1901 2445 1961 2499
capacitor 0.3121 2848 1900 2871 1954
text 0.9900 2874 1637 2946 1710
text 0.9846 2201 2554 2240 2666
text 0.9835 1857 2797 1887 2868
text 0.9824 2416 493 2487 522
text 0.9793 2071 1670 2140 1744
text 0.9790 4388 3039 4417 3094
text 0.9780 4372 2289 4414 2469
text 0.9756 2016 2794 2042 2869
text 0.9753 4175 2769 4215 2864
text 0.9715 2819 539 2916 580
text 0.9702 2736 2294 2813 2369
text 0.9694 3813 2713 3844 2796
text 0.9688 1386 727 1428 809
text 0.9664 3244 2367 3273 2442
text 0.9652 2903 1288 2972 1361
text 0.9637 1517 3354 1557 3424
text 0.9630 2986 1967 3012 2051
text 0.9619 500 791 540 953
text 0.9617 1385 3226 1444 3257
text 0.9584 4374 1682 4447 1709
text 0.9575 1483 1823 1747 1855
text 0.9565 2686 1495 2755 1580
text 0.9557 2297 2608 2333 2671
text 0.9556 3814 2863 3846 2951
text 0.9539 803 609 898 636
text 0.9535 3357 3622 3386 3667
text 0.9529 2801 1396 2868 1473
text 0.9514 3331 382 3377 474
text 0.9500 1617 3335 1656 3424
text 0.9500 4016 3640 4085 3670
text 0.9494 4374 2770 4417 2879
text 0.9491 743 1181 773 1212
text 0.9475 2374 1226 2456 1252
text 0.9472 1785 1968 1814 2053
text 0.9468 364 3228 399 3298
text 0.9451 3316 2997 3344 3083
text 0.9445 3930 2141 3973 2229
text 0.9443 3407 3312 3587 3342
text 0.9440 3614 3383 3643 3483
text 0.9435 3457 456 3492 540
text 0.9434 4258 438 4301 524
text 0.9430 3245 1394 3280 1490
text 0.9428 3315 2364 3345 2452
text 0.9428 1970 3327 2015 3410
text 0.9428 2204 2295 2276 2368
text 0.9418 1843 1451 1911 1527
text 0.9387 4373 1067 4445 1108
text 0.9381 1282 1523 1468 1666
text 0.9349 1290 3281 1361 3310
text 0.9342 3101 3613 3129 3669
text 0.9338 627 1122 671 1153
text 0.9330 1325 2837 1362 2915
text 0.9322 4490 1611 4546 1640
text 0.9307 1952 1547 2027 1622
text 0.9307 4269 1675 4325 1725
text 0.9298 3968 624 4088 665
text 0.9291 3898 323 3958 353
text 0.9279 2083 1967 2116 2039
text 0.9267 1384 3112 1443 3139
text 0.9265 1043 2709 1128 2750
text 0.9248 3563 2884 3645 2911
text 0.9246 1889 2294 1953 2361
text 0.9243 3980 3397 4061 3426
text 0.9237 1801 495 1882 524
text 0.9234 601 953 673 994
text 0.9226 2085 3328 2115 3411
text 0.9218 1355 298 1555 366
text 0.9202 3588 455 3630 538
text 0.9200 2085 1385 2158 1453
text 0.9183 3051 1456 3139 1524
text 0.9173 1987 2517 2071 2595
text 0.9170 1987 1267 2055 1340
text 0.9168 1986 2187 2059 2265
text 0.9168 1901 494 2008 529
text 0.9168 1963 1966 1999 2038
text 0.9160 2087 2395 2158 2466
text 0.9154 2844 2410 2916 2500
text 0.9152 1829 1969 1858 2050
text 0.9148 3659 3465 3737 3513
text 0.9148 4302 3268 4333 3309
text 0.9147 2304 493 2401 521
text 0.9141 2371 1294 2456 1321
text 0.9138 3221 482 3288 522
text 0.9133 3317 1392 3346 1478
text 0.9114 2073 638 2145 665
text 0.9114 3100 499 3200 534
text 0.9113 1447 837 1612 880
text 0.9102 2871 1969 2902 2052
text 0.9096 3431 2369 3457 2443
text 0.9092 1388 2926 1445 2960
text 0.9076 430 3479 513 3509
text 0.9065 2985 1532 3061 1607
text 0.9026 2200 534 2310 574
text 0.9025 4358 3227 4416 3269
text 0.9024 2370 1410 2456 1438
text 0.9016 2846 994 2946 1025
text 0.9016 3216 2880 3253 2969
text 0.9011 1158 865 1229 909
text 0.9009 4216 2712 4286 2740
text 0.8999 4172 1197 4300 1237
text 0.8997 4167 592 4300 641
text 0.8989 2855 2120 2913 2195
text 0.8971 3510 1583 3588 1631
text 0.8967 1141 2825 1189 2897
text 0.8958 3631 2730 3689 2768
text 0.8930 3387 768 3492 809
text 0.8929 3017 536 3107 584
text 0.8925 1402 2513 1444 2609
text 0.8916 3105 1969 3132 2048
text 0.8907 2090 2800 2170 2854
text 0.8896 2704 495 2801 524
text 0.8889 4214 1810 4300 1851
text 0.8880 1266 1898 1487 1952
text 0.8840 4344 3354 4417 3395
text 0.8834 4026 3267 4060 3351
text 0.8821 2626 3311 2819 3353
text 0.8819 2073 2420 2130 2493
text 0.8796 3674 3311 3704 3378
text 0.8788 3939 387 3970 435
text 0.8782 2370 2348 2458 2381
text 0.8773 1680 624 1779 665
text 0.8771 1272 609 1371 650
text 0.8770 2950 1552 3034 1632
text 0.8763 3504 1912 3588 1951
text 0.8759 3738 1595 3819 1623
text 0.8758 3430 1397 3459 1485
text 0.8739 1484 2835 1531 2911
text 0.8721 4214 1867 4300 1909
text 0.8715 4206 1408 4302 1440
text 0.8714 1086 1360 1476 1466
text 0.8709 699 2895 990 2925
text 0.8708 4016 2896 4067 2923
text 0.8694 3734 1883 3814 1920
text 0.8693 3029 1039 3730 1109
text 0.8686 1158 2513 1191 2609
text 0.8653 3072 2741 3158 2773
text 0.8646 428 951 496 996
text 0.8645 804 367 914 395
text 0.8640 3728 2124 3822 2155
text 0.8623 2987 2239 3055 2323
text 0.8611 2241 1539 2311 1609
text 0.8609 3545 1395 3573 1481
text 0.8608 3156 2800 3188 2878
text 0.8607 2115 1404 2195 1481
text 0.8569 1927 1522 1995 1596
text 0.8554 2087 2079 2165 2161
text 0.8528 3058 2325 3130 2400
text 0.8527 1689 495 1798 530
text 0.8523 2399 2723 2460 2756
text 0.8505 1458 2267 1764 2300
text 0.8498 3121 1183 3703 1296
text 0.8492 4217 867 4303 898
text 0.8483 1187 238 1343 295
text 0.8480 1802 1406 1871 1481
text 0.8474 1400 2836 1443 2921
text 0.8474 960 367 1056 396
text 0.8470 2610 492 2694 524
text 0.8459 2030 2132 2110 2215
text 0.8458 2089 2572 2161 2707
text 0.8439 1488 2514 1529 2612
text 0.8435 3206 2813 3281 2853
text 0.8426 661 609 758 637
text 0.8425 2225 1506 2287 1580
text 0.8421 4173 1339 4298 1380
text 0.8416 3299 323 3358 354
text 0.8396 2028 495 2108 529
text 0.8392 3011 487 3086 524
text 0.8387 2457 2698 2529 2728
text 0.8371 3676 625 3827 667
text 0.8365 2873 2725 2986 2767
text 0.8364 3987 3469 4074 3502
text 0.8343 969 609 1057 638
text 0.8341 2142 1425 2217 1495
text 0.8339 2847 3310 3058 3353
text 0.8319 2017 924 2102 952
text 0.8274 970 837 1068 880
text 0.8267 3058 3167 3133 3197
text 0.8264 1798 2381 1868 2448
text 0.8262 3443 2994 3470 3082
text 0.8259 415 2898 454 2926
text 0.8238 3573 2824 3659 2853
text 0.8231 817 838 913 879
text 0.8223 2948 2213 3029 2294
text 0.8213 3613 3625 3729 3669
text 0.8212 3070 2638 3156 2667
text 0.8204 2058 1353 2130 1425
text 0.8202 2500 494 2608 523
text 0.8198 1518 3256 1581 3311
text 0.8196 4343 460 4397 499
text 0.8191 2367 2455 2457 2486
text 0.8185 2041 1329 2114 1399
text 0.8184 2372 1549 2455 1581
text 0.8183 2229 2281 2300 2350
text 0.8172 1957 1238 2042 1311
text 0.8156 1257 723 1294 807
text 0.8149 1745 925 1844 966
text 0.8138 2145 2968 2203 2998
text 0.8138 1128 2308 1573 2390
text 0.8097 3729 1740 3818 1780
text 0.8096 4345 937 4426 980
text 0.8095 2232 710 2314 739
text 0.8078 1114 610 1215 639
text 0.8076 3657 457 3690 536
text 0.8075 981 1885 1025 2088
text 0.8046 1926 2256 1997 2324
text 0.8007 3207 3313 3289 3352
text 0.7988 4156 726 4309 766
text 0.7980 3164 2883 3192 2961
text 0.7978 1368 222 1536 294
text 0.7968 2116 2372 2194 2447
text 0.7944 3720 2823 3802 2850
text 0.7940 3543 2371 3572 2444
text 0.7924 2142 2357 2217 2432
text 0.7911 4444 2668 4499 2707
text 0.7872 1046 2768 1129 2810
text 0.7860 4306 2940 4389 2973
text 0.7814 3403 2554 3458 2582
text 0.7807 4211 2005 4294 2048
text 0.7796 2601 3625 2629 3667
text 0.7791 1903 3394 1943 3440
text 0.7783 4343 2183 4413 2225
text 0.7774 2014 2498 2084 2554
text 0.7763 4194 2909 4287 2960
text 0.7763 2114 2739 2186 2774
text 0.7757 4347 3452 4391 3683
text 0.7731 2038 2452 2102 2521
text 0.7728 2012 1610 2080 1675
text 0.7712 3045 1469 3115 1550
text 0.7702 3734 1636 3814 1667
text 0.7692 2473 2952 2559 2983
text 0.7670 3492 707 3563 743
text 0.7669 4171 1125 4304 1168
text 0.7660 2924 2194 3000 2285
text 0.7659 1318 3183 1387 3211
text 0.7622 477 3362 556 3446
text 0.7595 3756 925 3845 966
text 0.7573 4444 2252 4514 2281
text 0.7552 1799 623 1885 663
text 0.7543 2172 1454 2239 1530
text 0.7542 3966 3068 4015 3196
text 0.7534 2212 489 2283 524
text 0.7523 2667 2268 2730 2327
text 0.7522 1076 1810 1215 1852
text 0.7498 2929 1588 2998 1656
text 0.7492 2858 3626 2888 3665
text 0.7482 4177 525 4301 566
text 0.7478 4293 2809 4373 2892
text 0.7467 3376 464 3426 528
text 0.7444 422 622 501 665
text 0.7442 3833 3151 3949 3204
text 0.7438 4014 925 4113 965
text 0.7434 3569 3236 3653 3264
text 0.7425 4473 2983 4579 3025
text 0.7418 2292 768 2397 805
text 0.7370 2041 1639 2113 1710
text 0.7329 671 793 713 960
text 0.7325 1702 3334 1818 3426
text 0.7318 1901 1498 1971 1581
text 0.7318 2158 1973 2187 2051
text 0.7317 389 3366 491 3413
text 0.7315 1657 2837 1713 2866
text 0.7153 2831 1635 2897 1729
text 0.7146 3733 2222 3815 2258
text 0.7131 4060 454 4098 538
text 0.7129 4359 1530 4456 1586
text 0.7102 2258 2259 2331 2324
text 0.7082 947 3300 1030 3330
text 0.7079 3047 2296 3103 2368
text 0.7017 2833 1371 2904 1453
text 0.7014 4184 452 4228 525
text 0.7012 2495 2768 2561 2797
text 0.6968 2840 2092 2899 2164
text 0.6951 2045 1967 2071 2039
text 0.6950 4112 456 4157 535
text 0.6947 4340 2553 4413 2594
text 0.6912 4176 2981 4252 3010
text 0.6858 1951 625 2052 666
text 0.6856 2845 1968 2873 2049
text 0.6852 2016 1283 2080 1362
text 0.6799 4214 1734 4301 1774
text 0.6751 3731 1968 3816 2008
text 0.6743 3073 2896 3101 2967
text 0.6741 3418 2996 3443 3082
text 0.6697 440 750 488 781
text 0.6690 1041 2639 1126 2680
text 0.6679 2619 565 2694 608
text 0.6546 557 3219 586 3296
text 0.6468 2036 2803 2096 2857
text 0.6408 3734 1853 3818 1882
text 0.6397 4087 3261 4131 3333
text 0.6389 558 3402 585 3478
text 0.6365 3577 2499 3749 2580
text 0.6288 3875 2631 3911 2716
text 0.6271 3729 2082 3830 2111
text 0.6201 3987 454 4031 527
text 0.6142 3188 2881 3217 2967
text 0.6120 4391 998 4480 1051
text 0.6100 2373 1510 2460 1548
text 0.6076 2367 2311 2470 2340
text 0.6024 2014 2171 2077 2239
text 0.6022 2044 3330 2073 3404
text 0.6009 4241 2925 4350 3035
text 0.6007 2685 2270 2766 2334
text 0.5886 4230 1060 4320 1113
text 0.5836 2790 2729 2862 2772
text 0.5767 4215 2064 4297 2112
text 0.5464 1928 1969 1969 2039
text 0.5411 2959 2787 2987 2846
text 0.5239 3645 3387 3674 3468
text 0.5078 2370 2425 2461 2454
text 0.5011 2486 2883 2558 2910
text 0.4982 3734 2196 3821 2225
text 0.4574 4184 1275 4305 1319
text 0.4361 1816 1970 1844 2044
text 0.4177 3697 1979 3806 2026
text 0.4092 2850 1322 2929 1400
text 0.3976 2783 1420 2887 1521
text 0.3699 3533 2372 3559 2444
text 0.3539 3593 2810 3682 2845
text 0.3483 4163 1182 4288 1222
text 0.3456 2623 593 2701 627
text 0.3453 4434 1011 4493 1047
text 0.3264 3721 2726 3788 2806
text 0.3238 2959 1966 2991 2042
text 0.3221 2821 2402 2878 2476
text 0.3191 372 3353 445 3403
text 0.3158 457 771 511 816
text 0.3139 2386 1282 2493 1317
text 0.3136 3527 463 3562 537
text 0.3119 3310 339 3370 379
text 0.3035 3011 2304 3087 2395
text 0.3026 3240 2803 3309 2845
component 0.9866 3345 2810 3384 2838
component 0.9660 3386 2654 3476 2729
component 0.9170 3200 2723 3256 2767
component 0.8740 3199 2626 3258 2668
component 0.8737 1673 2981 1835 3214
component 0.7912 3964 2748 4029 2853
component 0.6524 3489 2812 3544 2867
led 0.9166 2558 550 2616 601
led 0.8741 1970 545 2024 619
led 0.8582 2771 556 2812 607
led 0.8047 1736 553 1801 611
led 0.7740 3174 547 3300 606
led 0.6167 4317 2808 4377 2897
ic 0.9334 1543 2879 1972 3320
ic 0.9136 4226 2752 4284 2859
ic 0.9090 3216 1641 3588 1897
ic 0.9008 2271 2761 2457 2952
ic 0.7308 3219 1968 3591 2230
switch 0.9829 1903 159 2075 484
switch 0.9787 2715 147 2875 496
switch 0.9706 2514 155 2673 488
switch 0.9706 1701 144 1871 481
switch 0.9679 2915 148 3073 494
switch 0.9559 2102 139 2269 492
switch 0.9167 2301 152 2468 487
switch 0.8156 3114 152 3274 494
switch 0.5542 4017 3021 4389 3206
electrolytic 0.7330 3464 2798 3563 2881
electrolytic 0.7086 3171 2715 3280 2793
button 0.9788 3657 679 3842 917
button 0.9501 3915 665 4116 922
button 0.9422 1692 668 1873 912
button 0.9356 795 409 1057 597
button 0.9351 798 636 1054 838
button 0.9174 488 395 742 600
button 0.9031 1115 413 1357 605
button 0.8519 794 152 1055 356
button 0.8116 1959 669 2143 910
jumper 0.8701 1297 807 1372 954
jumper 0.8244 1213 2633 1305 2785
jumper 0.8207 1127 2625 1211 2779
jumper 0.7853 4332 1581 4487 1653
jumper 0.7806 1303 2662 1387 2820
jumper 0.7558 4429 2524 4587 2636
jumper 0.6747 1458 2620 1557 2787
inductor 0.6515 3305 2578 3569 2803
inductor 0.6417 3919 2714 4086 2881
display 0.9820 2465 636 3378 979
heatsink 0.9857 2228 1651 2841 2275
