connector 0.9735 0 281 136 387
connector 0.9657 25 452 63 522
connector 0.9539 16 3 1193 81
connector 0.9284 20 583 1193 669
connector 0.8938 141 295 222 407
resistor 0.9659 1099 456 1127 519
resistor 0.9648 601 511 666 537
resistor 0.9630 951 501 980 570
resistor 0.9377 522 96 554 162
resistor 0.9239 1050 90 1111 122
resistor 0.8862 203 495 231 554
resistor 0.8725 1116 91 1183 122
resistor 0.8441 71 548 132 577
capacitor 0.9912 1107 157 1174 199
capacitor 0.9712 1104 306 1171 344
capacitor 0.9675 143 168 211 194
capacitor 0.9673 1107 233 1173 277
capacitor 0.9671 1108 534 1171 576
capacitor 0.9662 643 182 677 215
capacitor 0.9624 597 375 629 410
capacitor 0.9520 986 460 1018 494
capacitor 0.9511 1108 382 1173 422
capacitor 0.9466 31 168 100 194
capacitor 0.9457 453 531 487 566
capacitor 0.9084 926 111 957 142
capacitor 0.9056 689 481 718 514
capacitor 0.9025 169 416 207 445
capacitor 0.8851 983 171 1015 202
capacitor 0.8794 629 428 663 459
capacitor 0.8677 362 87 394 119
capacitor 0.8309 1024 214 1059 243
text 0.9841 398 534 449 560
text 0.9841 475 266 502 386
text 0.9834 1084 375 1104 416
text 0.9760 1084 153 1104 197
text 0.9760 959 122 1044 145
text 0.9751 303 96 325 140
text 0.9748 1087 235 1104 266
text 0.9741 1087 304 1104 346
text 0.9741 230 494 250 526
text 0.9738 1001 243 1081 263
text 0.9716 578 85 596 110
text 0.9704 1021 452 1041 535
text 0.9650 152 269 218 292
text 0.9638 109 433 144 456
text 0.9635 574 506 599 541
text 0.9629 17 636 37 652
text 0.9624 137 545 179 563
text 0.9624 17 522 40 569
text 0.9621 993 432 1021 455
text 0.9602 628 399 665 423
text 0.9573 617 539 651 566
text 0.9570 135 563 178 581
text 0.9562 391 505 494 531
text 0.9560 1119 119 1159 137
text 0.9545 960 102 991 122
text 0.9535 933 517 951 547
text 0.9518 868 84 888 111
text 0.9513 74 525 172 540
text 0.9506 37 90 57 102
text 0.9485 66 414 148 433
text 0.9482 602 152 704 177
text 0.9476 674 511 776 537
text 0.9475 1113 197 1153 220
text 0.9473 1075 422 1112 444
text 0.9467 990 145 1070 167
text 0.9457 738 127 785 171
text 0.9432 1116 344 1156 364
text 0.9425 197 554 239 573
text 0.9423 291 563 310 578
text 0.9422 17 15 36 39
text 0.9400 157 193 208 220
text 0.9368 1124 427 1176 445
text 0.9366 620 177 642 214
text 0.9353 502 108 523 142
text 0.9346 158 216 207 238
text 0.9326 556 108 579 142
text 0.9313 40 566 60 578
text 0.9306 902 393 1012 504
text 0.9286 346 115 445 142
text 0.9274 42 214 91 234
text 0.9259 569 456 672 483
text 0.9256 16 600 36 616
text 0.9254 126 166 143 231
text 0.9252 577 559 599 586
text 0.9243 43 194 92 214
text 0.9222 1061 529 1105 551
text 0.9205 19 53 37 70
text 0.9190 683 454 712 480
text 0.9185 149 409 169 450
text 0.9184 250 142 326 162
text 0.9165 1159 117 1177 145
text 0.9160 1179 115 1197 251
text 0.9070 983 514 997 543
text 0.9052 1177 260 1197 574
text 0.9044 1039 193 1067 212
text 0.8999 395 90 447 113
text 0.8987 262 514 305 535
text 0.8982 1171 613 1194 638
text 0.8962 103 162 124 229
text 0.8910 585 337 610 372
text 0.8901 204 336 221 350
text 0.8875 58 29 80 53
text 0.8835 207 370 221 384
text 0.8749 441 164 486 189
text 0.8733 58 234 123 257
text 0.8603 271 497 300 517
text 0.8581 1053 488 1093 507
text 0.8530 204 298 221 312
text 0.8506 1119 274 1159 297
text 0.8404 1061 550 1104 574
text 0.8391 862 550 888 577
text 0.8391 1060 119 1103 137
text 0.8341 1030 91 1047 119
text 0.8298 1018 165 1047 186
text 0.8062 565 336 588 436
text 0.6529 1063 471 1093 488
text 0.5998 113 164 136 234
component 0.9954 260 107 276 119
component 0.9919 106 465 144 523
component 0.9867 210 511 225 537
component 0.9861 727 199 908 451
component 0.9523 289 241 359 424
component 0.9086 88 107 180 130
component 0.9065 270 540 292 560
component 0.9029 89 555 109 569
component 0.9024 531 113 545 137
component 0.8615 1138 98 1158 112
component 0.8215 1066 96 1086 110
component 0.8186 957 521 972 545
component 0.7741 625 517 646 532
component 0.6508 1105 474 1121 495
led 0.9845 1144 450 1171 524
clock 0.9766 53 90 213 160
ic 0.9906 223 170 468 498
ic 0.9647 626 127 1037 539
ic 0.9261 67 457 176 526
ic 0.7898 253 87 294 141
