connector 0.9752 0 281 136 387
connector 0.9661 25 452 63 521
connector 0.9553 16 3 1195 81
connector 0.9370 21 583 1195 669
connector 0.8955 140 294 222 407
resistor 0.9660 1099 456 1127 519
resistor 0.9579 951 503 980 568
resistor 0.9541 601 510 667 538
resistor 0.9234 522 96 553 162
resistor 0.9150 1050 90 1112 122
resistor 0.8972 203 494 231 555
resistor 0.8684 71 548 132 576
resistor 0.8522 1117 90 1184 123
capacitor 0.9896 1107 157 1174 199
capacitor 0.9737 1104 306 1172 344
capacitor 0.9705 1106 234 1174 277
capacitor 0.9654 1108 534 1171 577
capacitor 0.9553 144 168 211 194
capacitor 0.9530 596 376 629 410
capacitor 0.9524 986 460 1018 494
capacitor 0.9523 642 182 678 214
capacitor 0.9495 1107 382 1173 422
capacitor 0.9309 32 168 100 195
capacitor 0.9252 452 531 487 566
capacitor 0.9195 169 416 207 445
capacitor 0.9100 689 481 718 514
capacitor 0.9029 983 171 1015 203
capacitor 0.8989 926 111 957 143
capacitor 0.8761 629 428 663 458
capacitor 0.8656 362 87 394 119
capacitor 0.8458 1024 215 1059 243
text 0.9849 475 265 502 387
text 0.9826 399 534 450 560
text 0.9790 1084 374 1104 416
text 0.9741 302 95 326 141
text 0.9734 1002 242 1082 263
text 0.9729 1084 153 1104 197
text 0.9719 1088 234 1104 266
text 0.9684 1021 453 1041 533
text 0.9684 961 121 1044 145
text 0.9677 152 268 218 292
text 0.9675 578 85 596 110
text 0.9672 1087 304 1104 346
text 0.9631 17 636 37 652
text 0.9619 17 523 40 569
text 0.9608 606 151 703 177
text 0.9582 617 539 651 566
text 0.9580 109 432 144 455
text 0.9576 66 413 147 433
text 0.9570 137 545 179 563
text 0.9568 573 506 600 540
text 0.9561 1075 422 1113 444
text 0.9537 230 494 251 526
text 0.9534 1113 197 1154 220
text 0.9531 989 145 1070 167
text 0.9522 960 102 991 122
text 0.9518 628 399 665 422
text 0.9497 992 433 1021 457
text 0.9471 933 517 951 548
text 0.9459 157 193 208 221
text 0.9459 74 525 171 541
text 0.9456 868 84 887 110
text 0.9442 674 511 777 537
text 0.9441 135 563 178 581
text 0.9434 390 504 496 531
text 0.9417 738 127 785 171
text 0.9401 1124 427 1175 446
text 0.9394 1116 344 1157 364
text 0.9378 621 177 642 214
text 0.9344 149 409 168 451
text 0.9341 251 142 325 163
text 0.9328 501 108 522 142
text 0.9307 1119 119 1159 136
text 0.9290 291 563 311 577
text 0.9279 42 194 92 214
text 0.9279 893 391 1023 515
text 0.9260 42 214 91 234
text 0.9253 570 456 670 482
text 0.9250 37 90 57 102
text 0.9240 157 217 208 239
text 0.9235 347 115 447 142
text 0.9231 19 53 37 70
text 0.9228 556 108 580 142
text 0.9210 197 555 239 573
text 0.9182 40 566 59 578
text 0.9172 1061 529 1105 551
text 0.9140 17 15 36 39
text 0.9123 126 165 143 231
text 0.9092 57 234 123 257
text 0.9073 1170 613 1194 638
text 0.9061 442 165 486 188
text 0.9034 683 454 711 480
text 0.9032 983 514 998 543
text 0.9012 16 600 37 617
text 0.8993 395 90 446 113
text 0.8957 577 560 599 587
text 0.8901 262 514 305 535
text 0.8876 1179 114 1196 252
text 0.8866 1039 192 1067 212
text 0.8827 585 338 611 372
text 0.8802 1177 261 1197 573
text 0.8797 1062 550 1104 574
text 0.8782 103 162 124 229
text 0.8735 565 335 588 435
text 0.8728 204 336 221 350
text 0.8614 1052 488 1093 507
text 0.8601 1159 117 1177 144
text 0.8459 1119 275 1159 297
text 0.8454 206 369 222 384
text 0.8442 58 29 77 53
text 0.8431 271 497 300 517
text 0.8283 1030 90 1047 120
text 0.8263 861 550 888 576
text 0.8229 1060 119 1103 137
text 0.8195 204 298 221 312
text 0.8094 1018 165 1047 185
text 0.6528 115 164 138 234
text 0.6212 1063 472 1093 488
component 0.9957 260 107 277 120
component 0.9922 106 465 144 523
component 0.9896 210 512 225 538
component 0.9887 727 198 908 451
component 0.9676 289 252 351 424
component 0.9348 530 113 544 137
component 0.9328 89 108 177 131
component 0.9081 271 540 291 560
component 0.8797 89 555 109 569
component 0.8592 1138 98 1159 113
component 0.8224 957 521 972 545
component 0.8185 625 517 646 532
component 0.7771 1066 96 1087 110
component 0.6957 1104 474 1121 494
led 0.9694 1144 449 1171 524
clock 0.9751 53 90 213 160
ic 0.9909 224 171 468 496
ic 0.9762 624 127 1039 539
ic 0.9414 67 457 177 526
ic 0.8599 251 88 293 141
