connector 0.9802 0 283 136 390
connector 0.9630 23 1 1193 88
connector 0.9512 19 590 1194 667
connector 0.9317 25 148 62 217
connector 0.9119 140 263 222 375
resistor 0.9692 951 102 980 168
resistor 0.9352 1046 552 1108 582
resistor 0.9336 602 133 665 159
resistor 0.9259 1099 151 1128 215
resistor 0.8513 1115 549 1183 581
resistor 0.8492 70 95 132 122
resistor 0.8458 521 508 553 575
resistor 0.8109 202 116 230 178
capacitor 0.9857 143 477 210 503
capacitor 0.9780 1104 326 1171 364
capacitor 0.9748 1107 94 1171 136
capacitor 0.9721 1107 393 1172 436
capacitor 0.9718 453 104 487 139
capacitor 0.9670 1108 471 1174 515
capacitor 0.9636 596 261 629 295
capacitor 0.9622 985 177 1018 211
capacitor 0.9542 1108 246 1173 288
capacitor 0.9375 983 468 1014 497
capacitor 0.9310 630 212 662 244
capacitor 0.8992 688 156 717 189
capacitor 0.8985 31 476 100 502
capacitor 0.8965 1024 428 1059 457
capacitor 0.8948 926 528 957 561
capacitor 0.8944 643 456 677 488
capacitor 0.8891 362 551 394 584
capacitor 0.8861 170 226 207 255
text 0.9831 1084 255 1104 295
text 0.9780 303 528 325 574
text 0.9779 66 237 146 258
text 0.9776 476 284 501 405
text 0.9714 959 526 1045 549
text 0.9711 397 110 449 137
text 0.9704 1075 226 1114 249
text 0.9703 617 104 652 131
text 0.9692 1021 137 1041 217
text 0.9691 992 213 1020 237
text 0.9687 135 108 180 125
text 0.9684 1087 405 1105 436
text 0.9675 231 145 251 176
text 0.9672 126 439 144 504
text 0.9650 1087 324 1105 366
text 0.9643 1084 471 1104 516
text 0.9625 577 85 600 110
text 0.9610 628 248 666 271
text 0.9583 680 192 712 218
text 0.9580 17 633 36 655
text 0.9563 620 453 642 491
text 0.9543 578 560 597 586
text 0.9537 17 18 37 35
text 0.9521 574 131 600 164
text 0.9508 39 93 60 105
text 0.9482 441 482 485 506
text 0.9480 395 558 448 580
text 0.9476 603 494 704 520
text 0.9475 1159 525 1176 554
text 0.9460 565 246 588 340
text 0.9454 37 569 57 581
text 0.9452 73 130 172 145
text 0.9450 891 152 1026 281
text 0.9442 1113 451 1153 471
text 0.9421 990 503 1070 526
text 0.9402 679 133 778 159
text 0.9378 152 379 218 401
text 0.9374 1124 225 1176 244
text 0.9370 136 89 178 108
text 0.9369 270 153 300 174
text 0.9363 983 128 998 158
text 0.9340 501 527 525 561
text 0.9331 1063 183 1093 200
text 0.9306 738 500 784 543
text 0.9294 868 560 888 586
text 0.9289 17 53 36 70
text 0.9244 198 95 236 116
text 0.9240 1116 307 1156 327
text 0.9240 290 93 311 107
text 0.9230 56 413 123 437
text 0.9226 1061 95 1104 119
text 0.9224 17 102 40 147
text 0.9200 20 601 37 618
text 0.9196 935 122 951 154
text 0.9120 1001 408 1081 427
text 0.9102 862 93 887 120
text 0.9076 156 453 207 477
text 0.9050 1061 119 1104 142
text 0.9029 960 549 991 569
text 0.8994 1179 419 1196 555
text 0.8988 1039 458 1068 477
text 0.8976 556 527 579 563
text 0.8962 1030 552 1047 581
text 0.8957 249 508 325 529
text 0.8944 1119 371 1159 395
text 0.8929 1053 163 1093 183
text 0.8905 390 139 492 165
text 0.8892 42 436 91 456
text 0.8870 109 215 144 238
text 0.8860 344 529 446 555
text 0.8854 1117 530 1160 552
text 0.8847 43 457 92 477
text 0.8819 1170 32 1194 58
text 0.8797 587 301 613 330
text 0.8781 149 221 169 261
text 0.8769 261 136 306 157
text 0.8721 205 356 222 371
text 0.8638 1065 532 1104 550
text 0.8618 570 188 671 214
text 0.8521 57 618 80 642
text 0.8501 158 434 208 454
text 0.8383 1176 90 1196 405
text 0.8329 206 286 221 301
text 0.8295 206 322 222 337
text 0.8255 1018 485 1046 505
text 0.7831 105 445 123 506
text 0.3349 1061 169 1092 188
component 0.9946 260 550 276 564
component 0.9882 106 147 144 206
component 0.9867 727 216 909 471
component 0.9863 530 534 545 557
component 0.9745 210 134 225 159
component 0.9560 270 110 291 132
component 0.9377 285 237 355 441
component 0.9227 625 139 645 154
component 0.8651 90 540 178 563
component 0.8581 1139 558 1159 572
component 0.8013 957 126 972 151
component 0.7894 1067 559 1086 575
component 0.7476 1105 175 1121 197
component 0.7002 89 102 109 116
led 0.9860 1144 145 1171 220
clock 0.9877 53 511 212 580
ic 0.9902 224 174 467 498
ic 0.9684 625 131 1038 544
ic 0.9287 66 146 176 213
ic 0.8263 253 529 294 583
