connector 0.9930 1040 2298 1673 2735
connector 0.9929 4518 2023 5131 2694
connector 0.9897 1054 734 1928 1420
connector 0.9869 1002 1512 1530 2172
connector 0.9429 4448 536 4763 825
connector 0.9269 4135 2730 4837 2956
connector 0.8794 4755 818 5157 1285
connector 0.8192 4753 1481 5139 1925
connector 0.7888 1610 574 1742 702
resistor 0.9326 3220 2486 3294 2533
resistor 0.9266 2320 1266 2362 1347
resistor 0.9098 3133 2393 3222 2434
resistor 0.9064 2198 1936 2264 1976
resistor 0.8879 3878 2878 3965 2917
resistor 0.8861 2253 1271 2284 1349
resistor 0.8860 3137 2492 3213 2544
resistor 0.8836 1826 1453 1914 1494
resistor 0.8827 2338 1122 2421 1159
resistor 0.8786 1753 1450 1829 1500
resistor 0.8777 1910 1540 1999 1575
resistor 0.8401 3322 2580 3374 2664
resistor 0.8178 4446 1275 4536 1320
resistor 0.8157 1925 1451 1995 1495
resistor 0.7902 4537 839 4695 909
resistor 0.7864 2267 2033 2351 2081
resistor 0.7766 3370 2593 3447 2655
resistor 0.7758 2112 2689 2188 2734
resistor 0.7749 4536 966 4664 1032
resistor 0.7706 3479 2704 3562 2766
resistor 0.7689 3779 1068 3869 1122
resistor 0.7643 2343 1007 2422 1041
resistor 0.7604 2036 2778 2084 2847
resistor 0.7252 1885 707 1951 749
resistor 0.7230 1630 1573 1738 1630
resistor 0.7191 2267 1945 2344 2020
resistor 0.7179 3151 988 3242 1024
resistor 0.6908 3128 1007 3238 1066
resistor 0.6834 3151 855 3227 950
resistor 0.6775 3279 2576 3325 2661
resistor 0.6547 2340 1049 2419 1087
resistor 0.6158 2498 597 2573 646
resistor 0.6091 2374 2767 2439 2880
resistor 0.5794 1805 717 1876 754
resistor 0.5711 2247 2781 2299 2874
resistor 0.4155 1758 1573 1865 1624
resistor 0.3621 3490 2725 3558 2800
resistor 0.3462 2067 2787 2132 2865
resistor 0.3040 1910 1514 2011 1565
pads 0.8161 1930 1632 2019 1702
pads 0.7933 2181 2023 2281 2075
pads 0.7825 3884 2836 3966 2881
pads 0.7561 3777 1165 3863 1196
pads 0.6795 3782 1037 3864 1079
pads 0.6757 3990 2828 4088 2881
pads 0.6245 2542 2386 2651 2449
pads 0.5056 3468 2767 3561 2807
capacitor 0.9714 1966 2689 2039 2732
capacitor 0.9468 2367 1960 2571 2079
capacitor 0.9401 2198 2109 2271 2153
capacitor 0.9366 3563 1702 3650 1848
capacitor 0.9159 2882 1251 2967 1395
capacitor 0.9090 2692 2475 2900 2577
capacitor 0.8910 2886 1136 2962 1171
capacitor 0.8838 2854 966 2931 1005
capacitor 0.8622 2879 1166 2967 1208
capacitor 0.8588 4121 1798 4262 1882
capacitor 0.8543 1814 2231 2014 2336
capacitor 0.8525 4103 1119 4249 1198
capacitor 0.8483 4324 2448 4423 2656
capacitor 0.8392 3150 1081 3226 1191
capacitor 0.8078 3566 2013 3646 2153
capacitor 0.8040 1606 2798 1681 2925
capacitor 0.7932 2082 2266 2150 2390
capacitor 0.7907 2079 2431 2153 2547
capacitor 0.7906 3037 841 3110 981
capacitor 0.7888 2395 842 2517 911
capacitor 0.7623 2049 1261 2106 1355
capacitor 0.7459 2596 2211 2662 2331
capacitor 0.7329 3036 1250 3108 1391
capacitor 0.7201 3636 596 3678 683
capacitor 0.7189 4437 1791 4564 1862
capacitor 0.7030 2154 1267 2183 1351
capacitor 0.6988 2522 783 2557 853
capacitor 0.6833 2936 970 3013 1012
capacitor 0.6379 1619 2858 1728 2936
capacitor 0.6216 1671 2778 1734 2895
capacitor 0.3869 2832 978 2921 1016
text 0.9793 3236 1351 3277 1421
text 0.9762 2281 1367 2318 1462
text 0.9749 2650 1777 2681 1864
text 0.9745 3653 2522 3695 2642
text 0.9678 1958 1862 2009 1962
text 0.9649 2652 1523 2681 1610
text 0.9637 3609 2251 3637 2289
text 0.9634 2640 1298 2680 1378
text 0.9616 3696 2150 3737 2216
text 0.9612 2068 2869 2108 2955
text 0.9588 2671 2178 2719 2301
text 0.9579 3340 2246 3400 2292
text 0.9564 2409 1391 2456 1508
text 0.9552 3211 2542 3265 2664
text 0.9522 2526 854 2563 935
text 0.9520 1685 2250 1796 2293
text 0.9511 2976 1036 3031 1155
text 0.9509 1981 2903 2021 2949
text 0.9499 2431 1128 2537 1164
text 0.9497 2413 1222 2456 1342
text 0.9495 1951 2546 2048 2594
text 0.9484 3907 1749 4023 1796
text 0.9450 2396 2664 2439 2757
text 0.9413 2611 2664 3213 2720
text 0.9397 4397 2030 4479 2439
text 0.9376 2425 1005 2535 1047
text 0.9372 2187 2901 2229 2949
text 0.9365 2763 1291 2807 1380
text 0.9363 1867 1981 1910 2098
text 0.9330 2201 1443 2254 1495
text 0.9330 3465 2917 3582 2961
text 0.9285 2200 2679 2246 2759
text 0.9254 3677 1252 3795 1290
text 0.9218 1938 1253 1984 1364
text 0.9218 4523 1394 4553 1492
text 0.9214 2984 1161 3027 1220
text 0.9206 2794 838 2853 883
text 0.9200 2326 2903 2367 2947
text 0.9195 2580 2138 2641 2177
text 0.9180 2183 2380 2269 2421
text 0.9178 4135 1729 4237 1777
text 0.9166 3437 540 3490 582
text 0.9162 2868 541 2930 583
text 0.9154 2335 541 2415 577
text 0.9134 3221 2306 3316 2340
text 0.9110 2526 2663 2585 2706
text 0.9098 2077 2577 2146 2691
text 0.9085 1945 891 1988 953
text 0.9083 1851 2714 1942 2756
text 0.9083 4393 581 4432 699
text 0.9053 1711 2335 1768 2380
text 0.9043 3089 992 3144 1065
text 0.9030 1683 2616 1787 2660
text 0.8994 3696 1491 3738 1563
text 0.8974 1928 1817 2043 1849
text 0.8953 3571 553 3635 596
text 0.8930 3451 2605 3551 2634
text 0.8914 3466 2831 3575 2873
text 0.8903 2276 2153 2352 2224
text 0.8886 3682 570 3724 695
text 0.8877 4712 1211 4749 1299
text 0.8853 3283 2920 3366 2962
text 0.8842 2663 896 2726 935
text 0.8839 4524 1696 4611 1736
text 0.8838 4464 1740 4553 1788
text 0.8833 2793 1137 2879 1177
text 0.8826 2468 1650 2509 1706
text 0.8822 2081 653 2166 694
text 0.8813 2605 2775 3190 2950
text 0.8809 3680 1033 3754 1113
text 0.8800 2452 1891 2499 1923
text 0.8781 1140 1438 1572 1505
text 0.8764 4123 1295 4217 1336
text 0.8760 1671 2661 1786 2707
text 0.8750 3455 2237 3556 2278
text 0.8746 2825 2261 2914 2294
text 0.8743 4692 1807 4734 1868
text 0.8692 4124 2404 4196 2448
text 0.8664 4877 1448 4963 1489
text 0.8664 2654 1205 2711 1248
text 0.8655 3793 2910 3879 2951
text 0.8635 3653 2894 3736 2934
text 0.8617 1743 2021 1856 2064
text 0.8607 4635 2693 4676 2736
text 0.8590 2604 2035 2708 2077
text 0.8575 4709 962 4750 1048
text 0.8550 4205 2680 4406 2737
text 0.8522 4495 1026 4536 1126
text 0.8514 4113 1243 4219 1285
text 0.8513 2225 735 2270 870
text 0.8487 1220 2270 1428 2330
text 0.8446 2679 539 2766 578
text 0.8414 2456 2905 2511 2949
text 0.8373 3995 1195 4080 1233
text 0.8365 2270 767 2380 808
text 0.8345 3882 1251 3993 1294
text 0.8312 4709 1038 4748 1122
text 0.8296 2405 2373 2524 2411
text 0.8287 2723 1189 2808 1219
text 0.8250 3240 536 3389 577
text 0.8245 2939 2246 3025 2291
text 0.8244 2524 2741 2570 2829
text 0.8243 4427 1314 4536 1359
text 0.8215 1952 781 2002 871
text 0.8205 2796 1006 2879 1037
text 0.8198 3010 979 3078 1026
text 0.8168 3089 2563 3177 2604
text 0.8154 3038 793 3139 825
text 0.8147 1878 2930 1942 2974
text 0.8100 4520 1965 4575 2007
text 0.8085 3526 1379 3608 1419
text 0.8081 1820 2771 1947 2895
text 0.8066 4922 1264 4975 1304
text 0.7999 3526 1462 3611 1507
text 0.7995 2210 549 2309 584
text 0.7963 1666 2938 1782 2976
text 0.7957 4436 819 4528 867
text 0.7942 3158 836 3256 879
text 0.7929 3598 682 3624 767
text 0.7929 3866 1007 3986 1042
text 0.7920 2027 554 2085 583
text 0.7919 2739 2594 2849 2637
text 0.7899 2640 2716 2799 2766
text 0.7897 4038 2711 4124 2750
text 0.7889 3150 1212 3243 1251
text 0.7887 1583 1748 1626 1835
text 0.7818 4777 2948 4819 2975
text 0.7814 4789 581 4832 674
text 0.7806 2038 2435 2078 2540
text 0.7804 1554 2938 1671 2978
text 0.7803 3222 2262 3332 2298
text 0.7793 2081 2145 2189 2191
text 0.7776 1624 2033 1736 2080
text 0.7768 3982 2880 4094 2919
text 0.7762 4549 1157 4679 1227
text 0.7742 2300 2421 2383 2450
text 0.7742 2690 2296 2732 2352
text 0.7724 1828 2531 1955 2593
text 0.7641 1242 2178 1410 2235
text 0.7638 1911 1702 2041 1741
text 0.7638 2641 1376 2681 1464
text 0.7634 2084 2219 2184 2253
text 0.7632 1734 2530 1818 2576
text 0.7631 3851 2402 3931 2440
text 0.7578 2780 936 2853 968
text 0.7561 2941 2564 3045 2606
text 0.7553 4713 1936 5091 2006
text 0.7548 3210 896 3283 948
text 0.7542 1606 1445 1714 1484
text 0.7527 1730 2710 1824 2764
text 0.7525 1798 2935 1879 2975
text 0.7511 3436 936 3493 976
text 0.7495 4545 1105 4659 1165
text 0.7486 2038 2291 2071 2396
text 0.7473 1947 1394 2030 1448
text 0.7403 4527 1595 4611 1636
text 0.7372 2387 636 2489 683
text 0.7359 2318 898 2416 948
text 0.7340 2410 657 2503 715
text 0.7328 1594 2147 1659 2213
text 0.7311 3529 1505 3606 1548
text 0.7273 4330 1282 4408 1321
text 0.7249 4510 1231 4562 1285
text 0.7245 1854 538 1936 581
text 0.7236 4748 1408 4792 1462
text 0.7190 3522 1578 3592 1619
text 0.7176 2422 2420 2520 2450
text 0.7132 3096 2298 3204 2345
text 0.7129 1431 2935 1545 2977
text 0.7110 3995 1008 4107 1051
text 0.7065 2367 1238 2408 1336
text 0.7020 4884 794 5087 849
text 0.7014 1543 535 1625 580
text 0.6979 2430 1051 2536 1080
text 0.6971 3881 611 3937 652
text 0.6957 3107 2267 3217 2307
text 0.6945 2279 2615 2329 2719
text 0.6900 2298 850 2387 905
text 0.6868 4429 905 4527 950
text 0.6853 1512 2736 1641 2792
text 0.6817 2055 1944 2144 1990
text 0.6798 3518 2018 3559 2134
text 0.6792 3681 1293 3792 1325
text 0.6660 2493 1900 2547 1950
text 0.6649 1930 1734 2037 1777
text 0.6277 4437 2494 4478 2607
text 0.6007 2076 2191 2190 2224
text 0.5971 4649 907 4743 948
text 0.5859 2122 2574 2187 2679
text 0.5681 2091 1933 2186 1976
text 0.5638 4461 980 4526 1035
text 0.5540 4445 953 4525 996
text 0.5467 1548 1571 1626 1618
text 0.5454 2720 1290 2766 1380
text 0.5353 4761 674 4804 738
text 0.5352 2979 2254 3077 2320
text 0.5106 3512 1735 3552 1821
text 0.4877 1545 2037 1600 2081
text 0.4385 2270 2091 2341 2161
text 0.4324 3671 1398 3717 1455
text 0.4284 2259 2648 2308 2736
text 0.3966 2727 1171 2813 1202
text 0.3863 2237 2672 2301 2750
text 0.3729 2090 552 2163 586
text 0.3716 3673 1310 3781 1352
text 0.3660 2064 2154 2174 2218
text 0.3560 3517 550 3578 594
text 0.3355 4776 592 4815 680
text 0.3205 2376 1410 2424 1512
text 0.3197 2392 2395 2505 2438
text 0.3103 2170 891 2228 937
text 0.3092 4436 816 4501 852
text 0.3074 3514 1723 3573 1844
component 0.9947 2539 1768 2598 1837
component 0.9892 4097 2506 4211 2603
component 0.9880 2537 1525 2595 1604
component 0.9865 2528 1291 2597 1364
component 0.9765 2419 2155 2519 2279
component 0.9651 2085 2024 2130 2103
component 0.9635 2905 1534 3321 2138
component 0.9617 1649 1524 1678 1563
component 0.9569 2455 2518 2578 2603
component 0.9484 2984 2379 3038 2468
component 0.9318 4579 982 4613 1017
component 0.9267 4579 1061 4626 1104
component 0.9156 1951 2048 2010 2142
component 0.8906 4111 880 4183 964
component 0.8896 3567 2345 3616 2542
component 0.8650 2782 2338 2852 2392
component 0.8432 3378 2349 3424 2541
component 0.8426 1544 769 1836 1318
component 0.8330 4587 847 4653 895
component 0.8173 2072 1381 2162 1438
component 0.7142 1209 772 1509 1322
led 0.9463 3244 2653 3449 2920
led 0.9354 1969 2767 2050 2911
led 0.9019 2175 2779 2245 2900
led 0.8263 2307 2759 2378 2898
led 0.7505 2427 2764 2507 2900
led 0.6784 4567 1218 4699 1290
clock 0.8303 2857 853 2993 951
ic 0.9741 1632 1649 1931 1954
ic 0.9735 2732 1452 3472 2205
ic 0.9659 3733 1961 4347 2346
ic 0.9636 3290 994 3630 1246
ic 0.9275 4293 973 4485 1275
ic 0.9147 2037 1515 2457 1920
ic 0.9028 2572 950 2787 1190
ic 0.8544 1717 2791 1965 2933
ic 0.8508 3737 1340 4355 1711
ic 0.7982 3568 2658 3854 2875
ic 0.7910 1988 904 2320 1255
ic 0.7223 2058 800 2153 884
ic 0.7036 3820 2461 3951 2609
ic 0.6564 3910 1069 4064 1192
ic 0.5901 2187 2468 2337 2607
ic 0.5647 2206 2236 2338 2369
switch 0.8924 3321 2295 3670 2585
electrolytic 0.9163 2720 2309 2923 2424
button 0.9632 3174 574 3581 806
button 0.8943 2589 582 2997 822
diode 0.9652 1644 2093 1893 2210
diode 0.8287 1714 707 1789 749
diode 0.8019 4765 1320 5029 1428
diode 0.8019 4567 1357 4689 1551
diode 0.7538 3879 2635 4027 2767
diode 0.7457 1763 1565 1901 1636
diode 0.7387 3586 593 3633 676
diode 0.6038 4659 960 4710 1054
diode 0.5053 2493 670 2578 722
ferrite 0.7316 2968 1260 3029 1387
ferrite 0.6766 2827 1269 2885 1395
ferrite 0.6573 1542 2806 1597 2922
ferrite 0.6560 2538 2355 2654 2409
ferrite 0.6481 2387 752 2509 822
ferrite 0.6297 3119 1270 3165 1384
ferrite 0.6186 3096 1083 3151 1213
jumper 0.9453 1769 563 2001 707
jumper 0.7564 1395 548 1637 690
inductor 0.9318 1787 2328 2014 2547
inductor 0.9125 4043 2448 4269 2664
inductor 0.8727 2368 2084 2567 2351
inductor 0.7457 2386 2444 2651 2668
buzzer 0.9004 3920 558 4422 1030
