connector 0.9887 4246 2296 4875 2726
connector 0.9883 4394 1512 4923 2177
connector 0.9865 799 2025 1402 2690
connector 0.9863 4001 736 4862 1421
connector 0.9534 1154 541 1463 820
connector 0.9221 1066 2733 1786 2947
connector 0.9156 757 1494 1165 1919
connector 0.8427 4180 580 4309 703
connector 0.8151 773 827 1173 1274
resistor 0.9538 3486 2774 3539 2866
resistor 0.9482 3683 1265 3711 1348
resistor 0.9353 3506 1128 3586 1160
resistor 0.9124 3838 2775 3878 2847
resistor 0.9117 3504 1009 3579 1042
resistor 0.9113 2627 2485 2694 2536
resistor 0.9108 3655 1937 3724 1976
resistor 0.8891 2547 2575 2596 2659
resistor 0.8833 3570 1266 3607 1350
resistor 0.8696 3607 1950 3652 2026
resistor 0.8695 1384 1279 1472 1324
resistor 0.8502 3921 1535 4008 1576
resistor 0.8495 2710 2495 2781 2547
resistor 0.8430 2596 2579 2641 2662
resistor 0.8419 2360 2715 2443 2770
resistor 0.8402 1224 836 1396 908
resistor 0.8372 4139 2687 4225 2747
resistor 0.8365 4095 1479 4166 1526
resistor 0.8332 2680 1015 2771 1063
resistor 0.8168 2702 2392 2787 2432
resistor 0.8132 2053 1069 2140 1118
resistor 0.8128 4007 1454 4095 1494
resistor 0.8113 1956 2878 2038 2920
resistor 0.7939 4026 722 4110 752
resistor 0.7831 1210 1120 1280 1170
resistor 0.7528 3818 2676 3880 2732
resistor 0.7511 3096 897 3163 940
resistor 0.7157 3735 2690 3813 2736
resistor 0.7059 3651 2028 3739 2101
resistor 0.6964 3974 717 4038 750
resistor 0.6960 3498 1166 3581 1208
resistor 0.6881 1254 968 1382 1034
resistor 0.6682 3508 1051 3589 1082
resistor 0.6267 4088 1452 4168 1495
resistor 0.6188 3638 1268 3667 1350
resistor 0.5623 3628 2779 3684 2877
resistor 0.4156 3409 2767 3468 2874
resistor 0.3641 1369 1211 1423 1262
resistor 0.3347 3919 1515 4003 1561
resistor 0.3229 4065 1579 4160 1631
resistor 0.3048 2666 957 2759 1019
pads 0.8276 1840 2830 1928 2878
pads 0.8094 1948 2835 2038 2875
pads 0.7843 3251 2392 3374 2443
pads 0.6665 2055 1165 2135 1197
pads 0.6336 3636 2021 3733 2082
pads 0.6306 2054 1038 2138 1079
capacitor 0.9715 4239 2805 4308 2932
capacitor 0.9715 3349 1963 3552 2076
capacitor 0.9653 3910 2221 4105 2334
capacitor 0.9438 3023 2477 3226 2578
capacitor 0.9411 3417 838 3543 905
capacitor 0.9411 2695 1072 2770 1190
capacitor 0.9399 2955 1257 3034 1392
capacitor 0.9138 3365 784 3395 850
capacitor 0.8938 3819 1266 3871 1353
capacitor 0.8931 2951 1164 3033 1207
capacitor 0.8928 1659 1796 1791 1873
capacitor 0.8794 3880 2694 3952 2736
capacitor 0.8763 1940 1211 2029 1256
capacitor 0.8752 1668 1110 1806 1192
capacitor 0.8551 1356 1793 1481 1863
capacitor 0.8544 3651 2108 3726 2150
capacitor 0.8382 2813 840 2881 974
capacitor 0.8237 2997 963 3067 1007
capacitor 0.8202 1495 2439 1592 2663
capacitor 0.8019 2275 1709 2349 1845
capacitor 0.7230 4165 2859 4237 2936
capacitor 0.6905 4194 2780 4238 2851
capacitor 0.6869 2810 1252 2879 1391
capacitor 0.4019 4182 2791 4237 2890
capacitor 0.3748 2832 1053 2878 1160
text 0.9734 3399 2368 3509 2409
text 0.9733 3919 1866 3968 1961
text 0.9724 3819 2880 3853 2949
text 0.9700 2226 2521 2270 2649
text 0.9689 3385 1122 3495 1159
text 0.9682 4007 1982 4053 2092
text 0.9668 2898 1036 2940 1147
text 0.9667 3896 2905 3940 2950
text 0.9661 3354 858 3395 937
text 0.9654 4152 2335 4208 2378
text 0.9648 3385 1009 3490 1053
text 0.9640 2194 576 2239 696
text 0.9635 2678 2549 2720 2650
text 0.9609 3916 779 3961 860
text 0.9589 2782 999 2825 1062
text 0.9588 3650 743 3696 861
text 0.9573 3695 2904 3735 2948
text 0.9570 1181 1810 1225 1862
text 0.9562 2725 2662 3286 2719
text 0.9557 1313 1695 1396 1735
text 0.9552 3153 1294 3194 1380
text 0.9551 2640 1350 2688 1427
text 0.9517 2367 2603 2461 2637
text 0.9497 3579 2620 3640 2721
text 0.9462 1897 1748 2008 1782
text 0.9449 2183 2892 2269 2934
text 0.9444 4045 2540 4098 2578
text 0.9442 3423 671 3494 712
text 0.9426 2183 2150 2224 2221
text 0.9422 2123 1253 2239 1293
text 0.9408 3240 1295 3281 1379
text 0.9399 2425 539 2482 579
text 0.9398 3237 1778 3269 1864
text 0.9366 3351 2772 3394 2907
text 0.9365 3838 2434 3879 2540
text 0.9346 1513 2677 1706 2734
text 0.9346 1482 580 1525 693
text 0.9344 2895 1165 2934 1224
text 0.9327 2996 537 3053 580
text 0.9309 3920 1250 3978 1346
text 0.9304 1395 955 1484 997
text 0.9251 3553 2905 3595 2949
text 0.9251 1170 956 1212 1038
text 0.9240 1296 1162 1366 1208
text 0.9209 3386 1167 3479 1213
text 0.9184 2194 1038 2239 1110
text 0.9177 3597 1365 3639 1463
text 0.9173 3181 896 3253 936
text 0.9166 3666 1427 3727 1498
text 0.9157 3879 1820 3984 1859
text 0.9146 3238 1523 3267 1609
text 0.9139 2344 2919 2454 2961
text 0.9121 1828 2878 1936 2921
text 0.9120 3425 1890 3466 1925
text 0.9114 4067 2021 4173 2066
text 0.9088 3680 2683 3728 2769
text 0.9077 3580 2152 3654 2223
text 0.9064 3939 896 3981 949
text 0.9031 2369 2237 2466 2278
text 0.9023 4208 1449 4305 1479
text 0.9019 1981 606 2040 653
text 0.9015 3480 2693 3524 2765
text 0.9006 4359 1437 4781 1506
text 0.9004 2555 2923 2636 2962
text 0.9003 2678 1209 2767 1251
text 0.8971 1944 1007 2048 1038
text 0.8921 4183 2036 4293 2077
text 0.8885 2348 2837 2451 2878
text 0.8883 1384 1024 1427 1123
text 0.8877 3210 2178 3255 2263
text 0.8862 1171 1038 1211 1121
text 0.8853 3809 2585 3850 2692
text 0.8849 1837 1193 1922 1237
text 0.8840 1812 1011 1924 1051
text 0.8839 2520 2249 2577 2291
text 0.8830 4106 2533 4196 2576
text 0.8823 3736 2216 3833 2252
text 0.8814 3809 550 3899 584
text 0.8788 1512 1282 1597 1323
text 0.8783 3742 2147 3837 2191
text 0.8781 1095 623 1146 745
text 0.8775 2124 1294 2230 1320
text 0.8767 3068 2594 3177 2634
text 0.8764 1728 2407 1799 2449
text 0.8746 2313 1466 2393 1509
text 0.8730 2299 686 2327 764
text 0.8723 3539 2421 3625 2449
text 0.8705 1369 1399 1400 1497
text 0.8699 3208 1209 3265 1251
text 0.8696 2349 2027 2401 2136
text 0.8690 2896 2248 2981 2290
text 0.8675 2280 2249 2316 2292
text 0.8673 3845 2284 3880 2391
text 0.8671 2722 2781 3300 2951
text 0.8655 1695 1235 1811 1281
text 0.8632 1169 1205 1214 1294
text 0.8592 3976 539 4066 580
text 0.8584 827 795 1027 849
text 0.8570 3508 543 3588 578
text 0.8527 4125 2252 4234 2293
text 0.8513 1445 2027 1526 2438
text 0.8503 3738 1935 3822 1979
text 0.8490 3195 2290 3236 2366
text 0.8487 939 1265 999 1307
text 0.8480 2783 794 2878 822
text 0.8459 4265 2140 4342 2209
text 0.8450 2597 2264 2691 2301
text 0.8441 3410 1651 3455 1704
text 0.8424 1926 1254 2037 1292
text 0.8414 3211 2037 3325 2078
text 0.8372 3884 1394 3980 1440
text 0.8368 1795 2705 1880 2748
text 0.8366 3131 2724 3279 2763
text 0.8360 830 1929 1202 2002
text 0.8349 2421 938 2480 979
text 0.8348 3014 2264 3097 2294
text 0.8343 3652 2380 3740 2422
text 0.8341 1364 1733 1462 1782
text 0.8315 1383 1319 1498 1363
text 0.8311 3282 2134 3341 2177
text 0.8305 1240 2692 1285 2733
text 0.8290 2742 2566 2834 2608
text 0.8290 3366 1892 3423 1948
text 0.8288 3340 2664 3397 2706
text 0.8250 4495 2261 4696 2323
text 0.8229 1270 1306 1386 1351
text 0.8224 2282 551 2354 593
text 0.8199 3885 1700 3991 1744
text 0.8192 2602 2306 2697 2337
text 0.8188 4200 1579 4343 1631
text 0.8180 2338 1578 2397 1620
text 0.8171 1411 867 1506 908
text 0.8165 961 1452 1039 1494
text 0.8159 3239 1380 3280 1464
text 0.8136 3792 1942 3883 1985
text 0.8130 1700 1295 1797 1337
text 0.8093 3755 651 3838 691
text 0.8034 2185 1494 2225 1564
text 0.8030 2360 1734 2413 1826
text 0.8000 3455 1366 3512 1501
text 0.7994 3156 539 3243 582
text 0.7980 3540 767 3634 807
text 0.7974 3508 901 3601 952
text 0.7919 4296 1750 4337 1834
text 0.7844 3868 2561 3965 2596
text 0.7839 3409 2904 3470 2946
text 0.7834 1317 1591 1396 1633
text 0.7801 3023 1000 3111 1037
text 0.7798 4376 2934 4494 2974
text 0.7797 4281 2733 4406 2791
text 0.7741 4138 2625 4238 2662
text 0.7719 1095 2945 1140 2976
text 0.7680 3406 1407 3451 1469
text 0.7666 2041 2878 2137 2918
text 0.7643 1982 2406 2069 2448
text 0.7622 3060 837 3126 882
text 0.7595 4297 538 4381 578
text 0.7530 3616 549 3704 580
text 0.7518 2533 537 2683 579
text 0.7500 2668 840 2761 879
text 0.7500 3465 1233 3546 1334
text 0.7475 4037 2936 4121 2974
text 0.7461 2650 906 2716 950
text 0.7435 4144 2934 4250 2976
text 0.7411 4503 2180 4682 2235
text 0.7403 3865 2536 3966 2565
text 0.7366 2871 2566 2981 2606
text 0.7365 1125 1406 1172 1448
text 0.7319 1397 909 1486 954
text 0.7275 3985 2763 4154 2887
text 0.7275 3542 850 3620 898
text 0.7274 3041 1138 3124 1179
text 0.7258 1442 2493 1483 2610
text 0.7190 1169 905 1273 949
text 0.7149 2710 2266 2813 2307
text 0.7064 3400 2421 3497 2449
text 0.7052 3044 1179 3123 1221
text 0.7047 2598 1354 2637 1436
text 0.7021 2040 2919 2127 2957
text 0.6931 1341 1964 1400 2006
text 0.6899 1349 1239 1393 1279
text 0.6849 2704 2302 2802 2342
text 0.6825 2837 980 2910 1022
text 0.6726 4086 2695 4176 2755
text 0.6677 3976 2720 4022 2764
text 0.6657 3022 1093 3110 1142
text 0.6608 3131 1179 3195 1218
text 0.6552 4250 2935 4368 2977
text 0.6540 3408 2709 3472 2765
text 0.6539 2317 1381 2393 1421
text 0.6528 3514 2698 3606 2770
text 0.6373 4323 2037 4382 2077
text 0.6280 1682 1726 1786 1779
text 0.6176 3383 1050 3487 1080
text 0.6033 3740 2580 3783 2688
text 0.5973 3728 2192 3839 2223
text 0.5895 2259 1380 2321 1418
text 0.5860 3631 2676 3680 2762
text 0.5791 3065 937 3135 966
text 0.4123 3993 2721 4062 2778
text 0.4061 3047 964 3119 1002
text 0.3474 3583 2128 3672 2191
text 0.3469 2721 2284 2826 2324
text 0.3305 3630 1427 3685 1503
text 0.3279 2860 977 2936 1033
text 0.3078 2609 2332 2680 2371
text 0.3058 4220 1972 4316 2020
component 0.9938 3326 1291 3394 1369
component 0.9928 3068 2337 3140 2390
component 0.9918 3323 1521 3381 1604
component 0.9862 3322 1762 3380 1834
component 0.9808 1702 2504 1821 2606
component 0.9804 3394 2151 3507 2285
component 0.9803 2601 1538 3020 2136
component 0.9789 1293 1068 1323 1095
component 0.9772 3797 2024 3839 2109
component 0.9723 2883 2381 2937 2462
component 0.9667 3909 2052 3965 2138
component 0.9620 1311 978 1340 1022
component 0.9565 3345 2515 3465 2608
component 0.9455 4246 1514 4292 1548
component 0.9319 3758 1380 3852 1440
component 0.9069 1275 848 1339 897
component 0.8831 4094 778 4361 1307
component 0.8598 1741 886 1808 963
component 0.8202 2307 2352 2354 2537
component 0.7845 4390 766 4710 1322
component 0.7460 2497 2351 2545 2526
led 0.9499 3536 2759 3613 2905
led 0.9447 2464 2668 2679 2918
led 0.9303 3681 2779 3751 2905
led 0.8569 3869 2762 3950 2904
led 0.7760 1211 1225 1363 1292
clock 0.6177 2919 853 3052 950
ic 0.9921 2452 1453 3190 2204
ic 0.9872 1566 1966 2188 2351
ic 0.9783 2297 1014 2619 1258
ic 0.9668 1437 974 1630 1284
ic 0.9630 3996 1648 4290 1951
ic 0.9235 1570 1339 2181 1713
ic 0.8963 3123 953 3357 1189
ic 0.8960 3463 1502 3889 1920
ic 0.8639 1848 1059 2013 1194
ic 0.8487 2069 2660 2360 2873
ic 0.8136 3968 2790 4197 2937
ic 0.7954 3587 2460 3728 2603
ic 0.7688 3597 909 3943 1246
ic 0.6975 3575 2237 3710 2359
ic 0.6589 3763 796 3863 881
ic 0.6523 1969 2465 2093 2610
ic 0.3611 3742 768 3855 845
switch 0.7963 2252 2300 2607 2580
button 0.9667 2933 577 3331 816
button 0.9609 2347 580 2759 807
diode 0.9691 4027 2093 4281 2208
diode 0.9007 3334 661 3420 724
diode 0.8937 1229 1349 1352 1550
diode 0.8610 869 1324 1155 1436
diode 0.8230 4133 708 4216 742
diode 0.8096 1896 2631 2038 2773
diode 0.8000 4020 1553 4165 1631
diode 0.7831 2284 591 2326 680
diode 0.6470 1205 1160 1288 1250
ferrite 0.9554 2782 1081 2823 1196
ferrite 0.9255 2897 1261 2954 1379
ferrite 0.7471 3410 755 3534 821
ferrite 0.6430 4323 2803 4380 2920
ferrite 0.6302 2753 1264 2799 1380
ferrite 0.6217 3036 1263 3098 1394
jumper 0.9706 3923 567 4154 705
jumper 0.7440 4291 551 4527 691
inductor 0.9176 3258 2465 3545 2665
inductor 0.9023 3899 2341 4137 2535
inductor 0.8851 3352 2092 3556 2349
inductor 0.8764 1649 2450 1879 2666
buzzer 0.9303 1513 559 2014 1032
