connector 0.9907 1055 1201 1686 1640
connector 0.9898 996 1769 1532 2419
connector 0.9887 1050 2508 1923 3193
connector 0.9884 4518 1240 5124 1902
connector 0.9307 4140 980 4854 1194
connector 0.9290 4454 3109 4763 3400
connector 0.8437 4766 2003 5164 2444
connector 0.8200 1620 3238 1742 3361
connector 0.8183 4757 2650 5151 3090
resistor 0.9773 2188 1818 2269 1868
resistor 0.9552 1970 1249 2052 1294
resistor 0.9036 2249 2595 2279 2675
resistor 0.9006 1829 2445 1909 2475
resistor 0.8886 2338 2808 2424 2847
resistor 0.8756 3222 1394 3292 1449
resistor 0.8650 2306 1914 2356 1994
resistor 0.8649 3222 1552 3294 1597
resistor 0.8622 2198 1949 2268 1992
resistor 0.8577 4521 3021 4698 3108
resistor 0.8464 4538 2892 4656 2964
resistor 0.8033 1929 2435 2002 2480
resistor 0.8033 3322 1281 3372 1361
resistor 0.7983 2338 2890 2423 2931
resistor 0.7942 2340 2719 2423 2762
resistor 0.7862 1754 2436 1824 2477
resistor 0.7858 3138 1392 3210 1448
resistor 0.7823 4539 2819 4664 2886
resistor 0.7785 3881 1023 3962 1052
resistor 0.7764 1914 2392 1997 2432
resistor 0.7757 2112 1212 2192 1258
resistor 0.7751 4452 2601 4543 2648
resistor 0.7552 1913 2311 1994 2354
resistor 0.7412 3138 1444 3215 1494
resistor 0.7323 1881 3182 1954 3221
resistor 0.7200 2268 1918 2313 1992
resistor 0.7193 3371 1282 3450 1344
resistor 0.7167 1750 2389 1825 2438
resistor 0.7042 3139 2928 3236 2978
resistor 0.7039 3156 2907 3236 2947
resistor 0.6961 2040 1078 2081 1160
resistor 0.6774 1788 2349 1916 2437
resistor 0.6680 3482 1181 3564 1222
resistor 0.6591 3281 1281 3325 1367
resistor 0.6275 3629 3178 3679 3257
resistor 0.5705 2381 1057 2437 1165
resistor 0.5586 2339 2758 2423 2803
resistor 0.5147 2239 1069 2302 1164
resistor 0.3658 2512 1024 2561 1075
resistor 0.3375 3484 1162 3564 1206
resistor 0.3103 2057 1082 2116 1166
pads 0.9348 3781 2736 3868 2777
pads 0.9174 3783 2860 3866 2903
pads 0.8181 3884 1051 3965 1092
pads 0.8137 3996 1051 4080 1105
pads 0.7941 2544 1480 2655 1520
capacitor 0.9737 2885 2534 2962 2678
capacitor 0.9667 4324 1281 4418 1478
capacitor 0.9456 2081 1535 2153 1661
capacitor 0.9230 3565 2094 3644 2213
capacitor 0.9172 1617 1005 1686 1138
capacitor 0.9026 2881 2721 2965 2758
capacitor 0.9018 3569 1784 3645 1923
capacitor 0.8926 2367 1863 2565 1967
capacitor 0.8752 2849 2917 2946 2980
capacitor 0.8708 2083 1386 2157 1524
capacitor 0.8596 2880 2763 2960 2794
capacitor 0.8512 3038 2539 3109 2679
capacitor 0.8428 2057 2593 2102 2664
capacitor 0.8424 2386 3022 2510 3092
capacitor 0.8353 2521 3093 2553 3166
capacitor 0.8306 1813 1610 2015 1711
capacitor 0.8003 4109 2737 4249 2820
capacitor 0.7794 4134 2063 4260 2130
capacitor 0.7785 4114 2818 4252 2893
capacitor 0.7551 3898 2062 4032 2125
capacitor 0.7396 2932 2934 3011 2975
capacitor 0.7305 2595 1628 2667 1728
capacitor 0.7162 3035 2970 3111 3092
capacitor 0.6587 3639 3266 3682 3350
capacitor 0.6483 2493 3266 2582 3307
capacitor 0.5727 2155 2592 2182 2677
capacitor 0.5527 3158 2737 3222 2864
capacitor 0.5224 1678 1075 1734 1180
capacitor 0.3587 2843 2908 2950 2951
capacitor 0.3164 1575 1004 1677 1058
text 0.9846 3208 1281 3265 1393
text 0.9810 2411 2412 2454 2513
text 0.9796 2653 2078 2683 2162
text 0.9789 3695 2376 3737 2432
text 0.9711 2667 1662 2711 1748
text 0.9702 2194 1165 2237 1254
text 0.9688 1952 1967 1998 2061
text 0.9686 2980 2790 3025 2905
text 0.9681 2397 1165 2438 1262
text 0.9677 2524 3000 2565 3082
text 0.9675 2631 1223 3184 1279
text 0.9665 3654 1294 3700 1409
text 0.9611 3679 2824 3724 2910
text 0.9603 2640 2568 2681 2649
text 0.9599 2323 981 2369 1023
text 0.9584 2652 2695 2707 2735
text 0.9546 1979 993 2026 1033
text 0.9522 3471 964 3579 1008
text 0.9519 3440 2948 3497 2990
text 0.9516 2179 980 2221 1022
text 0.9512 2651 2324 2681 2406
text 0.9511 1953 1336 2049 1369
text 0.9491 2197 2438 2255 2483
text 0.9482 3591 3173 3624 3246
text 0.9480 4707 2631 4753 2714
text 0.9436 2065 984 2115 1066
text 0.9432 2589 996 3193 1162
text 0.9429 3608 1655 3638 1700
text 0.9408 2297 1479 2379 1521
text 0.9397 2431 2778 2535 2808
text 0.9389 4395 3242 4435 3340
text 0.9328 2523 1106 2567 1192
text 0.9313 4119 1479 4190 1518
text 0.9286 3915 2150 4024 2191
text 0.9275 4468 2148 4550 2190
text 0.9263 1604 1761 1654 1816
text 0.9260 2762 2560 2809 2651
text 0.9202 2861 3347 2921 3390
text 0.9202 1145 2420 1562 2489
text 0.9186 4394 1495 4476 1903
text 0.9153 1869 1834 1910 1944
text 0.9152 2454 2008 2495 2052
text 0.9135 3438 3361 3498 3391
text 0.9129 2363 2593 2408 2697
text 0.9115 4637 1208 4678 1239
text 0.9103 2680 1592 2725 1636
text 0.9069 2064 1252 2120 1350
text 0.9033 2427 2893 2538 2938
text 0.9029 1674 951 1781 992
text 0.9022 3678 3249 3723 3356
text 0.9015 2279 1209 2348 1324
text 0.9005 4524 2451 4552 2533
text 0.8958 2181 1507 2270 1549
text 0.8949 3452 1651 3554 1692
text 0.8945 3567 3348 3635 3392
text 0.8944 3234 2509 3288 2598
text 0.8934 3093 2866 3137 2947
text 0.8921 2083 1680 2182 1722
text 0.8916 2282 2462 2339 2578
text 0.8915 4209 1192 4407 1262
text 0.8890 1633 1866 1738 1908
text 0.8860 4539 2719 4625 2765
text 0.8847 4492 2804 4535 2917
text 0.8847 1939 2578 1975 2693
text 0.8845 3282 965 3366 1008
text 0.8839 2281 1755 2312 1856
text 0.8836 2036 1534 2073 1646
text 0.8830 3681 2605 3792 2649
text 0.8816 2453 981 2510 1024
text 0.8801 1251 1695 1419 1749
text 0.8800 1681 1635 1790 1677
text 0.8797 3357 1650 3397 1691
text 0.8788 3885 2652 3993 2692
text 0.8759 1942 2977 1983 3055
text 0.8759 4706 1921 5090 1992
text 0.8669 2468 2233 2511 2278
text 0.8646 2082 3252 2168 3281
text 0.8599 2579 1767 2641 1805
text 0.8595 4122 2610 4217 2651
text 0.8586 1928 2117 2035 2148
text 0.8586 3017 2898 3082 2960
text 0.8560 2301 3049 2385 3093
text 0.8547 3522 2458 3607 2498
text 0.8541 4531 2208 4607 2250
text 0.8538 2213 3350 2316 3392
text 0.8535 4430 2560 4541 2603
text 0.8499 3090 1596 3210 1636
text 0.8487 2639 2473 2679 2543
text 0.8477 3652 1008 3735 1051
text 0.8477 2686 3351 2767 3390
text 0.8462 2341 3348 2419 3391
text 0.8455 1742 1865 1856 1907
text 0.8450 4792 3264 4838 3367
text 0.8435 3978 1017 4088 1050
text 0.8428 3698 1723 3740 1779
text 0.8382 4705 2888 4748 2977
text 0.8381 1859 1162 1945 1210
text 0.8375 2441 2735 2535 2765
text 0.8374 2944 1321 3049 1363
text 0.8363 4395 3033 4520 3065
text 0.8354 2985 2709 3028 2777
text 0.8343 1711 1568 1769 1611
text 0.8333 3996 2876 4107 2919
text 0.8283 4880 2435 4964 2476
text 0.8266 2668 3007 2738 3050
text 0.8262 1536 3361 1624 3391
text 0.8260 2223 3075 2263 3187
text 0.8242 2598 1848 2708 1890
text 0.8215 4704 2806 4749 2890
text 0.8212 3864 2890 3979 2927
text 0.8183 2779 2948 2853 2987
text 0.8176 4152 2148 4254 2193
text 0.8170 4697 2065 4735 2124
text 0.8154 1925 2190 2040 2233
text 0.8152 3153 3065 3253 3103
text 0.8119 3524 2388 3601 2422
text 0.8105 2269 3133 2381 3175
text 0.8080 2402 3219 2508 3262
text 0.8041 1684 1312 1783 1347
text 0.8034 1516 1138 1640 1193
text 0.8028 1228 1608 1344 1665
text 0.8022 3227 1637 3334 1678
text 0.8010 3524 1797 3553 1893
text 0.7991 1789 1036 1924 1182
text 0.7945 2941 1648 3025 1679
text 0.7943 4751 2494 4792 2534
text 0.7934 1854 3362 1939 3406
text 0.7925 3151 2676 3241 2720
text 0.7894 2790 3047 2854 3094
text 0.7838 2989 1591 3079 1651
text 0.7837 2805 2796 2881 2833
text 0.7836 1682 1236 1783 1276
text 0.7824 2824 1636 2910 1678
text 0.7785 2524 1218 2584 1263
text 0.7755 3455 1293 3555 1336
text 0.7715 3464 1053 3580 1095
text 0.7672 3880 3277 3933 3316
text 0.7668 2411 1522 2526 1565
text 0.7623 2082 1746 2182 1779
text 0.7608 4436 2948 4525 2989
text 0.7567 2038 1399 2083 1508
text 0.7553 2411 2590 2453 2705
text 0.7528 3994 2693 4075 2733
text 0.7522 1582 2093 1625 2192
text 0.7518 2422 1479 2526 1520
text 0.7504 4908 2626 4980 2671
text 0.7495 4037 1194 4123 1234
text 0.7488 4778 950 4822 981
text 0.7482 2101 1964 2178 1993
text 0.7464 4110 2649 4222 2692
text 0.7458 3683 2692 3778 2735
text 0.7405 1870 959 1938 995
text 0.7403 1683 1278 1787 1313
text 0.7387 3043 3104 3135 3150
text 0.7377 1934 2466 2037 2528
text 0.7324 4891 3090 5097 3133
text 0.7298 1542 1852 1601 1892
text 0.7264 2719 2718 2790 2751
text 0.7242 1927 2077 2029 2117
text 0.7178 1614 2450 1722 2494
text 0.7167 4520 1919 4581 1977
text 0.7155 4434 1324 4481 1438
text 0.7136 3241 3362 3383 3392
text 0.7132 2647 1167 2800 1213
text 0.7105 3084 1322 3185 1365
text 0.7101 4764 3192 4807 3233
text 0.7096 2737 1306 2857 1347
text 0.7059 1556 950 1675 994
text 0.7030 3524 2310 3603 2347
text 0.7022 3792 982 3880 1024
text 0.7016 2385 3261 2495 3302
text 0.7012 1740 1171 1827 1221
text 0.6901 2794 2892 2875 2929
text 0.6888 4315 2620 4402 2660
text 0.6871 3509 2108 3550 2190
text 0.6807 3190 2986 3263 3027
text 0.6792 1824 1366 1890 1396
text 0.6781 3523 2421 3607 2462
text 0.6758 3105 1637 3210 1679
text 0.6579 2026 3349 2084 3392
text 0.6509 2497 1978 2554 2037
text 0.6503 2039 1935 2097 1980
text 0.6391 3680 2648 3782 2695
text 0.6387 3220 1594 3337 1636
text 0.6379 1425 951 1546 994
text 0.6367 2335 2974 2410 3016
text 0.6329 4439 2992 4526 3020
text 0.6257 1533 2308 1639 2357
text 0.6139 1797 963 1875 995
text 0.6099 3858 1490 3936 1535
text 0.5764 2270 1708 2354 1750
text 0.5631 4519 2643 4566 2707
text 0.5518 2720 2562 2765 2652
text 0.5479 2794 2762 2874 2795
text 0.4996 1574 1720 1648 1764
text 0.4115 3146 2693 3229 2737
text 0.3815 2725 2732 2797 2767
text 0.3594 2258 1208 2318 1312
text 0.3533 3099 1547 3212 1613
text 0.3259 4526 2695 4586 2745
text 0.3248 3898 2878 4005 2919
text 0.3194 2424 2698 2505 2735
text 0.3013 3070 3099 3168 3143
component 0.9945 1952 1794 2011 1883
component 0.9922 2537 2321 2596 2404
component 0.9920 2414 1649 2515 1781
component 0.9897 2897 1804 3320 2405
component 0.9878 2538 2091 2596 2165
component 0.9830 2524 2563 2596 2650
component 0.9751 2977 1474 3038 1550
component 0.9744 4094 1321 4213 1426
component 0.9665 4590 2835 4621 2865
component 0.9613 2448 1323 2586 1423
component 0.9516 4579 2908 4610 2949
component 0.9339 2082 1828 2125 1908
component 0.9263 3568 1396 3614 1599
component 0.9186 2781 1549 2855 1607
component 0.8917 1634 2378 1690 2417
component 0.8853 4576 3033 4647 3098
component 0.8821 2068 2488 2162 2565
component 0.8305 3380 1395 3425 1599
component 0.8257 1553 2625 1822 3129
component 0.8106 1206 2611 1512 3132
component 0.7524 4110 2965 4188 3053
component 0.3173 4135 2947 4201 2993
led 0.9576 3242 1021 3456 1264
led 0.9370 2307 1033 2384 1165
led 0.9237 2167 1037 2238 1166
led 0.9183 1964 1033 2053 1164
led 0.9122 2438 1037 2512 1164
led 0.8119 4568 2629 4700 2705
clock 0.7989 2869 2970 2996 3082
ic 0.9911 2728 1732 3462 2476
ic 0.9662 3738 2223 4355 2588
ic 0.9630 3297 2687 3626 2937
ic 0.9616 1630 1980 1927 2291
ic 0.9607 3737 1588 4349 1966
ic 0.9559 4297 2661 4483 2953
ic 0.9549 3566 1053 3847 1268
ic 0.9172 1985 2681 2317 3029
ic 0.9060 2566 2754 2793 2971
ic 0.8893 2044 2002 2457 2421
ic 0.8705 2053 3062 2157 3147
ic 0.8048 1721 1013 1947 1145
ic 0.7057 3821 1321 3954 1464
ic 0.6862 2202 1567 2335 1715
ic 0.6606 3910 2736 4059 2873
ic 0.6433 2197 1333 2330 1463
switch 0.9281 3324 1353 3657 1635
electrolytic 0.9690 2713 1505 2926 1628
button 0.9269 3173 3124 3585 3351
button 0.8721 2579 3114 2999 3359
diode 0.9335 4566 2387 4695 2598
diode 0.8993 1633 1720 1894 1849
diode 0.8770 3878 1160 4024 1298
diode 0.8119 1954 3178 2035 3220
diode 0.8093 3594 3261 3637 3348
diode 0.7902 4763 2506 5009 2607
diode 0.7811 4604 2193 4695 2254
diode 0.7487 1709 3196 1790 3227
diode 0.7219 4661 2806 4710 2894
diode 0.7197 2495 3211 2575 3266
diode 0.6993 4663 2887 4710 2981
diode 0.6902 4596 2300 4697 2348
diode 0.5184 1758 2291 1920 2378
ferrite 0.8263 2543 1537 2656 1595
ferrite 0.8211 3117 2559 3163 2679
ferrite 0.8166 1602 2365 1737 2420
ferrite 0.8065 3097 2733 3140 2846
ferrite 0.7633 2395 3105 2510 3180
ferrite 0.7307 1539 1019 1599 1131
ferrite 0.7085 2967 2546 3024 2676
ferrite 0.6163 2827 2546 2882 2675
ferrite 0.6141 3171 2544 3228 2667
ferrite 0.5466 2365 2463 2412 2577
jumper 0.9430 1778 3238 1996 3364
jumper 0.8472 1398 3240 1626 3376
inductor 0.9519 1786 1398 2012 1596
inductor 0.9262 4045 1264 4269 1471
inductor 0.9074 2366 1571 2569 1852
inductor 0.7333 2372 1260 2669 1482
buzzer 0.9134 3925 2891 4417 3393
