connector 0.9937 4520 2027 5121 2689
connector 0.9936 1042 2295 1669 2734
connector 0.9903 1054 737 1926 1418
connector 0.9878 999 1508 1526 2174
connector 0.9511 4138 2729 4850 2950
connector 0.9317 4447 539 4762 824
connector 0.8514 1610 582 1744 706
connector 0.8119 4747 1482 5156 1931
connector 0.8013 4752 830 5147 1272
resistor 0.9409 3225 2488 3294 2538
resistor 0.9150 3134 2391 3225 2433
resistor 0.9064 2313 1265 2350 1349
resistor 0.9012 1752 1450 1828 1493
resistor 0.8975 1828 1451 1905 1486
resistor 0.8974 3881 2877 3967 2920
resistor 0.8967 2339 1127 2424 1165
resistor 0.8764 2255 1265 2285 1348
resistor 0.8569 4532 837 4700 909
resistor 0.8400 2196 1934 2265 1974
resistor 0.8370 4448 1276 4537 1320
resistor 0.8305 3137 2490 3215 2546
resistor 0.8283 3370 2590 3449 2656
resistor 0.8098 1633 1576 1743 1629
resistor 0.8074 1925 1448 1995 1486
resistor 0.8035 4533 965 4655 1035
resistor 0.7991 3779 1063 3865 1119
resistor 0.7991 2113 2693 2193 2735
resistor 0.7918 1912 1530 1996 1566
resistor 0.7728 3481 2706 3563 2766
resistor 0.7623 3149 981 3243 1021
resistor 0.7505 2342 1009 2425 1046
resistor 0.7418 2269 1946 2346 2018
resistor 0.7393 2266 2030 2351 2079
resistor 0.7355 3322 2576 3374 2664
resistor 0.7352 1886 708 1954 749
resistor 0.7260 1804 719 1873 756
resistor 0.7248 2497 591 2570 640
resistor 0.7105 3147 867 3230 955
resistor 0.6996 3137 1005 3235 1064
resistor 0.6900 2039 2777 2082 2848
resistor 0.6725 2338 1049 2422 1088
resistor 0.6438 3281 2578 3325 2663
resistor 0.5838 2378 2772 2438 2880
resistor 0.4436 2243 2784 2298 2877
resistor 0.4204 2069 2786 2130 2859
resistor 0.3308 3491 2726 3560 2798
resistor 0.3208 1800 1449 1877 1491
resistor 0.3137 1910 1510 2006 1559
pads 0.8531 2184 2018 2283 2062
pads 0.8520 1933 1631 2015 1700
pads 0.8270 3885 2835 3966 2880
pads 0.7952 3781 1166 3864 1198
pads 0.7305 2542 2389 2650 2449
pads 0.7245 3993 2828 4089 2880
pads 0.6876 3779 1038 3866 1078
pads 0.5421 3467 2763 3561 2807
capacitor 0.9708 1967 2691 2039 2735
capacitor 0.9705 2370 1964 2569 2076
capacitor 0.9553 3566 1700 3653 1851
capacitor 0.9552 1811 2225 2014 2335
capacitor 0.9539 2883 1137 2963 1171
capacitor 0.9539 2885 1252 2969 1390
capacitor 0.9379 2199 2111 2272 2152
capacitor 0.9239 2853 970 2927 1009
capacitor 0.9126 2698 2480 2893 2577
capacitor 0.8706 4104 1115 4252 1197
capacitor 0.8637 4121 1790 4264 1877
capacitor 0.8623 1609 2795 1683 2924
capacitor 0.8612 4324 2448 4422 2655
capacitor 0.8447 3571 2009 3650 2150
capacitor 0.8431 2084 2263 2153 2393
capacitor 0.8259 2382 838 2511 908
capacitor 0.8063 3040 842 3110 980
capacitor 0.7936 2881 1167 2969 1210
capacitor 0.7875 3037 1253 3110 1390
capacitor 0.7843 3155 1074 3225 1193
capacitor 0.7723 2081 2431 2154 2544
capacitor 0.7504 2936 969 3014 1007
capacitor 0.7485 2053 1264 2098 1350
capacitor 0.7442 4439 1792 4565 1862
capacitor 0.7355 2521 783 2553 849
capacitor 0.7273 2597 2210 2663 2331
capacitor 0.7048 3638 597 3678 684
capacitor 0.6470 2153 1270 2183 1351
capacitor 0.6394 1622 2859 1727 2939
capacitor 0.5804 1672 2773 1734 2894
text 0.9798 3236 1349 3278 1422
text 0.9729 2667 2177 2716 2292
text 0.9728 2649 1777 2682 1863
text 0.9717 2279 1370 2317 1464
text 0.9714 2412 1222 2456 1333
text 0.9676 3608 2252 3635 2294
text 0.9675 2524 856 2565 937
text 0.9661 2981 1044 3030 1152
text 0.9656 2653 1523 2682 1609
text 0.9644 1955 1865 2011 1965
text 0.9636 2198 2680 2240 2760
text 0.9633 2400 2664 2440 2758
text 0.9627 1683 2251 1797 2295
text 0.9622 3208 2549 3260 2665
text 0.9621 3653 2522 3699 2648
text 0.9615 1868 1981 1909 2095
text 0.9612 3345 2247 3404 2293
text 0.9608 3694 2147 3737 2218
text 0.9600 2068 2869 2106 2953
text 0.9597 1982 2907 2022 2948
text 0.9584 2278 2148 2355 2221
text 0.9576 2428 1123 2537 1159
text 0.9570 2640 1297 2681 1378
text 0.9546 2426 1008 2538 1053
text 0.9539 3461 2918 3581 2962
text 0.9521 1713 2336 1769 2378
text 0.9516 2983 1166 3020 1223
text 0.9496 2327 2905 2367 2947
text 0.9483 2795 841 2853 880
text 0.9470 1952 2555 2048 2601
text 0.9422 2410 1400 2455 1515
text 0.9409 2625 2663 3209 2719
text 0.9395 3435 536 3493 579
text 0.9368 2864 537 2925 581
text 0.9366 2227 737 2268 862
text 0.9333 4522 1392 4551 1489
text 0.9325 3466 2832 3577 2875
text 0.9309 2765 1295 2811 1381
text 0.9279 1136 1438 1573 1509
text 0.9257 2184 2905 2225 2948
text 0.9243 3679 1251 3792 1293
text 0.9240 1936 1256 1982 1362
text 0.9226 2073 2583 2144 2695
text 0.9214 3792 2910 3878 2950
text 0.9200 3907 1746 4025 1798
text 0.9188 2083 650 2166 697
text 0.9180 4394 2027 4479 2432
text 0.9153 3679 1032 3747 1110
text 0.9144 2331 543 2412 581
text 0.9137 2181 2382 2267 2423
text 0.9123 4466 1736 4555 1782
text 0.9122 2796 1137 2881 1179
text 0.9081 2723 1194 2807 1223
text 0.9080 1940 895 1982 952
text 0.9077 2599 2035 2707 2077
text 0.9068 2604 2776 3203 2948
text 0.9053 3693 1488 3738 1565
text 0.9031 2452 1893 2498 1925
text 0.9019 2524 2661 2583 2705
text 0.9016 4636 2690 4676 2732
text 0.8998 3567 551 3636 595
text 0.8993 2453 2906 2509 2948
text 0.8986 2194 1458 2254 1502
text 0.8982 3090 998 3139 1065
text 0.8955 4394 581 4434 695
text 0.8950 3283 2919 3367 2960
text 0.8950 2581 2136 2640 2179
text 0.8936 2654 1208 2712 1250
text 0.8925 1843 2723 1939 2766
text 0.8899 3454 2607 3556 2637
text 0.8872 1681 2620 1788 2664
text 0.8864 1739 2021 1855 2065
text 0.8839 3436 937 3492 982
text 0.8801 1671 2662 1782 2706
text 0.8801 1954 780 2002 871
text 0.8795 1230 2268 1416 2328
text 0.8792 3240 537 3391 579
text 0.8785 3223 2305 3321 2338
text 0.8780 4880 1453 4961 1492
text 0.8757 4206 2680 4403 2735
text 0.8741 4711 1037 4751 1121
text 0.8740 4709 1212 4749 1294
text 0.8726 4133 1728 4236 1781
text 0.8690 3036 793 3142 824
text 0.8687 4429 1322 4535 1366
text 0.8680 4123 2407 4195 2449
text 0.8610 2681 537 2771 580
text 0.8594 4707 955 4749 1042
text 0.8588 2823 2262 2914 2293
text 0.8582 1854 539 1934 582
text 0.8581 2940 2247 3026 2292
text 0.8544 3455 2236 3552 2276
text 0.8544 1628 2033 1740 2078
text 0.8520 3655 2893 3737 2934
text 0.8518 2524 2742 2565 2832
text 0.8508 4527 1692 4608 1735
text 0.8496 4113 1244 4219 1284
text 0.8492 3678 570 3723 690
text 0.8485 2469 1648 2510 1706
text 0.8483 4493 1022 4534 1122
text 0.8452 4793 582 4834 668
text 0.8409 1927 1817 2041 1851
text 0.8409 4751 1408 4792 1460
text 0.8399 3864 1005 3982 1040
text 0.8393 1610 1445 1709 1479
text 0.8370 2643 2716 2795 2764
text 0.8354 3011 976 3081 1022
text 0.8342 4924 1264 4979 1306
text 0.8315 2412 2375 2526 2411
text 0.8294 2272 767 2378 807
text 0.8281 2296 2421 2381 2450
text 0.8280 3983 2878 4095 2919
text 0.8210 3219 2261 3333 2296
text 0.8194 2804 1004 2875 1035
text 0.8176 2080 2149 2190 2194
text 0.8163 4889 796 5089 848
text 0.8149 3154 1210 3239 1251
text 0.8148 3524 1380 3612 1420
text 0.8096 2039 2436 2080 2538
text 0.8086 3523 1463 3609 1508
text 0.8080 2413 644 2502 709
text 0.8062 1877 2931 1941 2976
text 0.8046 4040 2709 4124 2749
text 0.8038 2938 2565 3048 2607
text 0.8009 2209 549 2311 584
text 0.8003 3520 1580 3588 1622
text 0.7997 1727 2531 1814 2575
text 0.7988 1553 2936 1667 2977
text 0.7962 3150 837 3258 884
text 0.7953 2667 893 2735 936
text 0.7935 2639 1375 2681 1462
text 0.7916 3879 1251 3993 1296
text 0.7916 4702 1935 5097 2007
text 0.7915 2741 2594 2854 2637
text 0.7907 3991 1196 4079 1236
text 0.7900 1668 2936 1781 2975
text 0.7895 4692 1806 4736 1861
text 0.7887 1825 2530 1952 2586
text 0.7870 1582 1747 1626 1839
text 0.7822 4126 1293 4224 1335
text 0.7769 1942 1398 2028 1440
text 0.7762 4438 821 4527 864
text 0.7760 4544 1115 4654 1171
text 0.7759 2788 936 2855 968
text 0.7717 4779 2949 4822 2976
text 0.7690 3597 683 3625 766
text 0.7674 2081 2219 2183 2251
text 0.7623 3881 609 3936 652
text 0.7608 2365 1237 2408 1338
text 0.7606 1592 2151 1658 2213
text 0.7588 1732 2711 1826 2764
text 0.7568 2038 2287 2070 2393
text 0.7561 4439 951 4516 992
text 0.7541 2026 553 2085 583
text 0.7538 2314 899 2418 948
text 0.7533 1912 1704 2035 1742
text 0.7500 3087 2565 3177 2607
text 0.7444 4527 1595 4608 1633
text 0.7435 1240 2178 1407 2235
text 0.7408 4428 907 4521 950
text 0.7396 2496 1897 2553 1949
text 0.7383 3109 2264 3222 2304
text 0.7351 3852 2401 3933 2440
text 0.7347 1512 2736 1638 2792
text 0.7346 4555 1156 4681 1216
text 0.7338 1542 537 1626 580
text 0.7335 2293 836 2385 892
text 0.7331 2279 2617 2326 2725
text 0.7278 1798 2935 1879 2975
text 0.7264 3211 898 3281 952
text 0.7255 1434 2932 1542 2974
text 0.7214 3993 1009 4106 1052
text 0.7185 2055 1944 2141 1990
text 0.7151 3518 2013 3559 2130
text 0.7062 2424 2421 2528 2449
text 0.7047 4325 1280 4406 1321
text 0.7032 2432 1051 2541 1080
text 0.6959 4511 1239 4565 1284
text 0.6873 2387 636 2492 687
text 0.6835 3092 2298 3203 2345
text 0.6833 4523 1964 4580 2004
text 0.6815 1787 2763 1944 2887
text 0.6613 4436 2492 4477 2610
text 0.6582 3681 1290 3796 1324
text 0.6558 1545 1579 1627 1620
text 0.6555 2687 2295 2730 2349
text 0.6415 4648 910 4745 949
text 0.6358 1931 1738 2036 1779
text 0.6345 2078 2192 2192 2222
text 0.6280 2720 1294 2765 1380
text 0.6077 3526 1505 3601 1550
text 0.6072 2095 1934 2190 1978
text 0.6060 3508 1736 3553 1823
text 0.5940 1542 2036 1598 2079
text 0.5938 2123 2578 2186 2683
text 0.5671 2975 2263 3073 2324
text 0.5345 4761 691 4805 737
text 0.4167 4455 986 4522 1041
text 0.3835 2261 2651 2307 2742
text 0.3766 2377 1417 2422 1516
text 0.3261 2398 2398 2506 2438
text 0.3065 3674 1410 3719 1471
component 0.9920 2538 1763 2598 1835
component 0.9850 4096 2503 4217 2608
component 0.9824 2525 1292 2595 1366
component 0.9820 2538 1522 2598 1606
component 0.9735 2084 2028 2127 2106
component 0.9698 2900 1539 3317 2137
component 0.9670 1646 1516 1675 1551
component 0.9556 2454 2520 2580 2603
component 0.9489 2416 2147 2527 2287
component 0.9319 4576 1054 4620 1095
component 0.9313 4576 982 4610 1021
component 0.9256 1955 2050 2013 2138
component 0.9204 2984 2379 3040 2464
component 0.8919 1556 787 1832 1307
component 0.8542 1208 770 1512 1326
component 0.8508 3562 2343 3609 2542
component 0.8480 4111 883 4180 969
component 0.8454 2781 2335 2855 2390
component 0.8205 3380 2356 3423 2533
component 0.8152 4582 850 4649 897
component 0.7797 2069 1380 2165 1439
led 0.9721 1970 2763 2053 2906
led 0.9561 3241 2662 3449 2920
led 0.9337 2170 2778 2239 2902
led 0.9313 2311 2760 2384 2905
led 0.9154 2436 2764 2508 2901
led 0.8152 4566 1221 4703 1294
clock 0.8447 2863 848 3000 952
ic 0.9806 2729 1457 3465 2203
ic 0.9708 1628 1650 1932 1954
ic 0.9684 3734 1962 4353 2344
ic 0.9571 4289 972 4482 1277
ic 0.9525 3297 1006 3624 1252
ic 0.9472 2569 950 2800 1193
ic 0.9335 2035 1508 2453 1928
ic 0.9026 1717 2791 1960 2933
ic 0.9025 1981 910 2323 1248
ic 0.8797 3736 1342 4351 1711
ic 0.8088 3569 2659 3852 2877
ic 0.7872 2065 797 2154 883
ic 0.7838 3819 2459 3956 2608
ic 0.7187 3908 1068 4064 1199
ic 0.6772 2188 2466 2333 2610
ic 0.6644 2208 2236 2338 2371
switch 0.9063 3313 2297 3667 2583
electrolytic 0.9296 2721 2307 2926 2422
button 0.9710 3175 576 3577 807
button 0.8915 2589 579 2998 821
diode 0.9409 1645 2091 1897 2208
diode 0.8853 4566 1347 4695 1553
diode 0.8814 4760 1318 5035 1434
diode 0.8725 1713 707 1783 748
diode 0.8182 3881 2635 4038 2775
diode 0.8102 1764 1565 1900 1636
diode 0.7551 3591 592 3641 683
diode 0.6415 4658 957 4711 1055
diode 0.5627 2495 665 2577 721
ferrite 0.7577 3126 1271 3169 1380
ferrite 0.7342 3095 1081 3140 1205
ferrite 0.7306 2965 1265 3022 1386
ferrite 0.7289 2386 751 2507 821
ferrite 0.7189 1540 2805 1597 2922
ferrite 0.6049 2827 1268 2884 1395
ferrite 0.5888 2541 2353 2655 2406
jumper 0.9655 1765 567 2008 707
jumper 0.8403 1402 552 1631 696
inductor 0.9605 1785 2333 2019 2543
inductor 0.9183 4045 2452 4270 2663
inductor 0.8597 2369 2086 2570 2351
inductor 0.7818 2384 2446 2653 2667
buzzer 0.8348 3917 552 4404 1041
