connector 0.9929 1123 2936 2341 3791
connector 0.9918 518 592 1079 1216
connector 0.9901 3828 2658 4468 3540
connector 0.9901 3125 154 3744 708
connector 0.9899 4765 597 5397 1183
connector 0.9896 4022 153 4630 695
connector 0.9875 3097 3038 3686 3581
connector 0.9868 4901 1338 5461 1953
connector 0.9849 2226 149 2843 708
connector 0.9846 1332 162 1961 710
connector 0.9643 563 2127 1125 2434
connector 0.9296 551 1749 1120 2043
connector 0.9221 4487 2931 4864 3555
connector 0.9088 1977 2672 2086 2871
connector 0.8441 4740 2842 4853 2926
connector 0.8415 3547 2153 3658 2367
connector 0.8356 840 2477 939 3101
connector 0.8321 548 1355 1122 1650
connector 0.8075 1317 2674 1507 2787
connector 0.7825 4836 293 5047 386
connector 0.7341 5145 2178 5403 2491
connector 0.7323 1863 2673 1959 2872
connector 0.6966 4636 2711 4738 2827
resistor 0.9375 3383 1592 3470 1633
resistor 0.9363 3996 1820 4037 1899
resistor 0.9058 1473 1048 1570 1090
resistor 0.9047 2255 947 2342 988
resistor 0.8837 1470 948 1569 989
resistor 0.8727 3492 2408 3580 2463
resistor 0.8679 2256 1047 2341 1090
resistor 0.8453 2801 1450 2892 1511
resistor 0.8443 4108 1817 4149 1901
resistor 0.8441 3910 2309 3992 2351
resistor 0.8286 4572 1439 4609 1524
resistor 0.8074 2900 3055 2944 3149
resistor 0.8073 4361 2279 4445 2321
resistor 0.8069 3472 1583 3563 1635
resistor 0.7720 3377 1544 3465 1594
resistor 0.7664 2906 1451 2983 1507
resistor 0.7606 3031 1453 3118 1510
resistor 0.7243 1892 1552 1935 1637
resistor 0.7199 4193 2141 4274 2183
resistor 0.7196 4419 2142 4493 2222
resistor 0.7128 5047 2071 5087 2151
resistor 0.7071 4374 2448 4447 2489
resistor 0.6546 5033 1984 5089 2066
resistor 0.6447 4361 2404 4444 2443
resistor 0.3437 2898 1430 2976 1491
resistor 0.3296 5015 2081 5057 2186
capacitor 0.9804 2706 1061 2771 1152
capacitor 0.9694 3182 895 3224 979
capacitor 0.9510 2723 973 2801 1062
capacitor 0.9503 4053 2535 4105 2619
capacitor 0.9476 2579 1803 2621 1884
capacitor 0.9447 2761 806 2803 896
capacitor 0.9405 3364 1872 3417 1959
capacitor 0.9403 3183 1143 3223 1228
capacitor 0.9272 4275 2437 4363 2491
capacitor 0.9224 3182 811 3225 893
capacitor 0.9139 2465 1925 2555 1987
capacitor 0.8962 2580 1719 2622 1804
capacitor 0.8954 2666 1437 2746 1497
capacitor 0.8927 4613 1424 4656 1522
capacitor 0.8920 3365 1959 3418 2043
capacitor 0.8870 4018 2180 4082 2266
capacitor 0.8803 4150 2180 4205 2267
capacitor 0.8781 2525 1805 2566 1882
capacitor 0.8749 3743 2208 3799 2311
capacitor 0.8702 3364 1719 3420 1804
capacitor 0.8662 3181 1063 3225 1146
capacitor 0.8630 2454 2171 2568 2323
capacitor 0.8611 2580 1958 2620 2042
capacitor 0.8517 3335 1097 3417 1160
capacitor 0.8350 2437 1744 2503 1793
capacitor 0.8320 2661 1496 2746 1539
capacitor 0.8256 3185 1235 3224 1328
capacitor 0.8230 3475 1860 3560 1905
capacitor 0.8118 3238 1400 3320 1453
capacitor 0.8116 2758 1229 2807 1294
capacitor 0.8082 3324 2281 3422 2324
capacitor 0.8080 2566 2282 2650 2323
capacitor 0.8043 3939 2357 3993 2436
capacitor 0.8026 2426 1983 2532 2031
capacitor 0.7982 3479 1745 3563 1790
capacitor 0.7872 3477 1971 3571 2015
capacitor 0.7792 3325 2158 3425 2247
capacitor 0.7702 2565 2151 2663 2195
capacitor 0.7701 2567 2225 2665 2267
capacitor 0.7677 2523 1735 2568 1800
capacitor 0.7623 3239 1495 3324 1537
capacitor 0.7435 3225 1060 3265 1146
capacitor 0.7396 2427 1860 2511 1905
capacitor 0.6428 3423 2169 3532 2324
capacitor 0.6210 2903 3193 2948 3276
capacitor 0.5933 3675 2210 3729 2317
capacitor 0.3378 3236 1369 3326 1422
text 0.9820 3962 2158 4012 2239
text 0.9788 4094 724 4338 766
text 0.9765 1066 538 1123 613
text 0.9751 2878 1508 2997 1552
text 0.9711 1132 2238 1487 2308
text 0.9710 4782 1862 4905 1929
text 0.9710 2003 2185 2200 2250
text 0.9691 3281 1048 3326 1175
text 0.9687 3545 723 3783 779
text 0.9687 2412 2182 2454 2306
text 0.9677 1134 1860 1388 1916
text 0.9669 2035 2069 2173 2125
text 0.9627 3238 1171 3362 1215
text 0.9598 1616 1621 1815 1679
text 0.9595 1403 2477 1458 2630
text 0.9593 1634 2186 1794 2250
text 0.9572 951 387 1076 442
text 0.9567 687 2421 755 2476
text 0.9563 1498 2474 1555 2630
text 0.9555 2533 1396 2660 1452
text 0.9548 3491 2031 3546 2165
text 0.9548 953 2521 1078 2574
text 0.9530 1078 931 1228 990
text 0.9522 2047 2295 2157 2351
text 0.9515 1640 2071 1781 2126
text 0.9509 4260 2547 4306 2645
text 0.9504 3823 725 4051 779
text 0.9483 4641 317 4833 373
text 0.9482 4882 2633 5032 2701
text 0.9472 1557 1352 2109 1522
text 0.9461 1122 1468 1417 1536
text 0.9459 687 1648 756 1706
text 0.9456 1077 823 1190 890
text 0.9449 2383 1750 2428 1872
text 0.9438 4275 2281 4362 2324
text 0.9434 2213 1862 2325 1915
text 0.9396 3664 1744 3784 1793
text 0.9390 3243 2951 3574 3025
text 0.9387 3334 1413 3435 1457
text 0.9385 2212 1747 2327 1792
text 0.9384 2959 2927 2999 3051
text 0.9383 1655 2296 1781 2352
text 0.9382 1962 1620 2249 1678
text 0.9378 4247 2182 4331 2225
text 0.9372 3322 2071 3452 2113
text 0.9354 3140 1426 3196 1550
text 0.9342 2845 586 2900 722
text 0.9339 2538 1496 2664 1552
text 0.9335 4781 1761 4903 1818
text 0.9322 4625 2829 4680 2923
text 0.9321 4882 2730 5086 2798
text 0.9312 4206 2547 4259 2632
text 0.9304 4355 723 4598 766
text 0.9304 4866 2940 4921 3034
text 0.9298 3659 1860 3786 1914
text 0.9297 2536 2070 2659 2112
text 0.9293 2019 584 2076 726
text 0.9286 4500 1761 4650 1817
text 0.9270 2378 2017 2428 2141
text 0.9247 5233 1214 5340 1257
text 0.9243 2200 1974 2324 2028
text 0.9222 5104 2081 5324 2141
text 0.9221 1976 2884 2090 2925
text 0.9203 1079 697 1188 763
text 0.9199 4992 1947 5035 2072
text 0.9187 2242 851 2354 906
text 0.9152 2998 712 3130 765
text 0.9144 1961 581 2017 723
text 0.9144 2541 2718 3228 2827
text 0.9133 4991 529 5337 585
text 0.9102 2994 1385 3125 1439
text 0.9094 1598 2552 1670 2629
text 0.9092 4104 2170 4148 2246
text 0.9060 1585 796 1851 852
text 0.9056 4671 2181 4780 2225
text 0.9053 2661 2281 2789 2335
text 0.9052 3541 1347 3803 1401
text 0.9043 955 2716 1078 2772
text 0.9025 1963 796 2240 852
text 0.9016 3590 2407 3718 2462
text 0.9003 2575 2645 3208 2703
text 0.8976 684 2045 756 2084
text 0.8970 1472 848 1572 902
text 0.8958 4357 1355 4592 1396
text 0.8952 5115 1987 5330 2056
text 0.8942 3780 1636 3966 1692
text 0.8936 1582 3041 1842 3267
text 0.8921 3673 2868 3770 2925
text 0.8897 3797 1471 4184 1623
text 0.8893 4688 2506 4844 2559
text 0.8883 5033 1283 5102 1327
text 0.8879 4613 712 4683 753
text 0.8865 3422 1038 3476 1160
text 0.8850 4880 2827 5074 2898
text 0.8846 2383 1885 2429 2009
text 0.8832 4683 415 4835 483
text 0.8796 2955 3180 2998 3289
text 0.8725 4852 2492 5047 2560
text 0.8718 5046 247 5159 303
text 0.8703 3582 1741 3635 1873
text 0.8671 3745 585 3800 710
text 0.8657 954 2914 1080 2966
text 0.8650 4080 1356 4318 1397
text 0.8636 4500 2731 4624 2801
text 0.8607 2603 878 2664 999
text 0.8590 1864 2884 1963 2926
text 0.8578 4659 2050 4765 2121
text 0.8566 2854 721 2987 765
text 0.8559 4108 1705 4161 1817
text 0.8540 4992 2072 5032 2200
text 0.8527 4808 2184 4907 2227
text 0.8526 4708 1411 4753 1549
text 0.8519 4693 570 4751 707
text 0.8504 4499 2505 4661 2575
text 0.8503 2546 2393 3402 2558
text 0.8499 2256 1133 2354 1189
text 0.8486 3617 1891 3660 2004
text 0.8482 3590 1623 3646 1735
text 0.8478 3222 822 3346 864
text 0.8477 2957 3072 2999 3180
text 0.8453 3996 1988 4038 2087
text 0.8451 955 2617 1067 2672
text 0.8447 3212 2280 3320 2322
text 0.8445 954 3009 1077 3066
text 0.8439 1196 795 1457 855
text 0.8431 2607 1047 2663 1162
text 0.8420 3996 1719 4038 1817
text 0.8415 4838 515 4920 568
text 0.8401 3234 992 3348 1048
text 0.8399 3349 709 3419 765
text 0.8373 2619 822 2746 877
text 0.8364 4070 2112 4180 2168
text 0.8355 2622 975 2735 1052
text 0.8338 2639 1161 2749 1216
text 0.8336 4110 1984 4163 2084
text 0.8335 4333 2074 4459 2129
text 0.8335 3475 1523 3601 1579
text 0.8320 4345 2165 4442 2215
text 0.8299 3665 2590 3755 2646
text 0.8267 4643 584 4696 710
text 0.8264 2747 1412 2804 1536
text 0.8255 1079 1019 1204 1085
text 0.8220 3349 1494 3474 1538
text 0.8185 4823 2058 4921 2127
text 0.8177 3290 874 3362 995
text 0.8122 1473 1187 1584 1231
text 0.8099 3810 2057 3954 2124
text 0.8073 2351 795 2619 852
text 0.8069 841 3093 938 3148
text 0.8058 4568 2361 4644 2404
text 0.8032 2932 2224 3054 2266
text 0.8020 1891 2501 1947 2661
text 0.8016 3395 1160 3520 1214
text 0.8007 4499 2378 4594 2408
text 0.7989 3828 2573 3997 2644
text 0.7939 2803 1384 2927 1441
text 0.7936 4385 2590 4442 2647
text 0.7919 3093 764 3208 806
text 0.7893 3578 2786 3698 2855
text 0.7889 2902 584 2971 725
text 0.7831 3551 2674 3700 2728
text 0.7829 4991 3096 5070 3426
text 0.7781 2371 1616 2425 1746
text 0.7683 3798 586 3855 712
text 0.7679 865 1244 1076 1299
text 0.7675 3797 1354 4039 1398
text 0.7591 3312 1312 3434 1356
text 0.7545 2251 1191 2363 1239
text 0.7539 3014 3419 3084 3473
text 0.7529 953 2814 1080 2870
text 0.7526 3657 1971 3783 2023
text 0.7490 2621 2912 2734 2954
text 0.7438 1477 1134 1581 1188
text 0.7408 5034 2957 5087 3056
text 0.7407 2330 2018 2383 2144
text 0.7396 2355 3406 2421 3474
text 0.7384 3462 1648 3587 1705
text 0.7382 2625 1312 2749 1368
text 0.7357 1988 2526 2060 2657
text 0.7346 4198 2071 4334 2113
text 0.7325 1087 1123 1225 1195
text 0.7307 2163 2842 2331 2910
text 0.7293 5223 2490 5329 2548
text 0.7289 4167 1636 4360 1691
text 0.7282 4431 2003 4501 2139
text 0.7233 3322 1651 3376 1770
text 0.7197 2329 1619 2385 1746
text 0.7117 3660 2322 3748 2364
text 0.7110 4529 1930 4641 1973
text 0.7048 882 543 954 597
text 0.6985 2465 2365 2538 2421
text 0.6972 2499 3403 2865 3458
text 0.6949 3663 1917 3773 1972
text 0.6883 1882 1673 1945 1767
text 0.6879 5178 2577 5332 2632
text 0.6815 2747 711 2831 766
text 0.6786 3798 2114 3906 2198
text 0.6715 2217 1917 2327 1974
text 0.6615 4810 1413 4864 1542
text 0.6563 4898 3410 4938 3471
text 0.6499 2331 1751 2382 1870
text 0.6497 3896 2362 3940 2446
text 0.6467 3236 1255 3357 1316
text 0.6435 3331 1357 3439 1410
text 0.6426 4905 3053 4936 3122
text 0.6421 1487 2787 1587 2841
text 0.6419 5199 3136 5326 3223
text 0.6310 2635 1244 2774 1299
text 0.6288 2216 1796 2327 1846
text 0.6264 2647 1049 2711 1158
text 0.6184 3577 2002 3624 2138
text 0.6035 3686 2108 3739 2208
text 0.5931 3999 2096 4054 2168
text 0.5663 2329 1916 2385 2019
text 0.5333 3666 1804 3788 1847
text 0.4287 3985 2112 4040 2195
text 0.4063 4711 582 4778 710
text 0.3308 1086 958 1214 1021
text 0.3237 4200 2109 4309 2168
text 0.3050 2219 1816 2335 1877
text 0.3036 3586 2433 3705 2495
component 0.9876 2693 1683 3281 2086
component 0.9723 2645 3020 2754 3307
component 0.9684 2932 947 3067 1179
component 0.8771 2946 1189 3058 1315
component 0.8692 3004 836 3126 892
component 0.7024 2592 2999 2802 3334
test 0.7790 954 452 1080 550
led 0.9166 3715 2758 3758 2868
led 0.9135 4430 1397 4526 1442
led 0.8407 3878 1398 3985 1452
led 0.8207 4557 1829 4599 1912
led 0.8184 1669 2249 1764 2295
led 0.8118 4152 1398 4245 1455
led 0.6769 2046 2252 2155 2295
ic 0.9663 2666 1550 3333 2216
ic 0.9547 2466 2965 2902 3375
ic 0.8928 4012 2276 4262 2519
ic 0.8408 2817 800 3184 1337
switch 0.8815 5088 2647 5339 3138
switch 0.8548 3816 789 4066 1273
switch 0.8346 3546 787 3782 1285
switch 0.8297 4095 787 4330 1270
switch 0.6097 4364 776 4617 1285
button 0.9721 2007 1705 2201 2069
button 0.9693 3788 1708 3968 2060
button 0.9561 1625 1706 1821 2066
button 0.9303 2397 852 2580 1221
button 0.9186 4168 1683 4361 2057
button 0.8592 2001 848 2201 1226
button 0.8394 1611 858 1810 1217
button 0.8125 1220 861 1429 1214
ferrite 0.8619 3801 2207 3884 2322
jumper 0.8184 4737 2621 4880 2846
jumper 0.7996 4842 398 5074 512
jumper 0.6914 1516 2675 1740 2799
