connector 0.9917 3477 66 4695 933
connector 0.9874 4732 2656 5302 3282
connector 0.9868 1350 321 1992 1217
connector 0.9864 1192 3162 1800 3725
connector 0.9861 2969 3152 3587 3711
connector 0.9852 347 1901 909 2518
connector 0.9851 2129 277 2721 827
connector 0.9846 2071 3163 2696 3720
connector 0.9844 417 2673 1051 3261
connector 0.9835 3854 3149 4488 3706
connector 0.9699 4694 1436 5257 1732
connector 0.9468 963 949 1081 1018
connector 0.9336 3727 987 3841 1203
connector 0.9225 4697 2215 5272 2505
connector 0.8971 3852 993 3955 1202
connector 0.8862 4692 1821 5270 2124
connector 0.8799 955 319 1332 937
connector 0.8795 422 1370 673 1689
connector 0.8667 1079 1032 1176 1160
connector 0.8377 4308 1076 4495 1201
connector 0.7923 772 3473 983 3586
connector 0.7860 2157 1492 2268 1709
connector 0.7071 4877 773 4976 1376
resistor 0.9195 731 1716 771 1792
resistor 0.9090 1373 1455 1457 1497
resistor 0.8718 4247 2774 4341 2829
resistor 0.8633 2831 2364 2917 2406
resistor 0.8620 1368 1540 1453 1581
resistor 0.8362 2240 1412 2328 1455
resistor 0.8353 4254 2872 4344 2916
resistor 0.8293 1779 1962 1820 2045
resistor 0.8270 2340 2225 2439 2268
resistor 0.8269 1779 1890 1823 1959
resistor 0.8135 2974 2351 3017 2407
resistor 0.8122 3882 2227 3926 2308
resistor 0.7982 1666 1887 1711 1959
resistor 0.7972 2702 2362 2805 2426
resistor 0.7934 3476 2771 3556 2829
resistor 0.7827 1668 1963 1710 2045
resistor 0.7403 1825 1492 1904 1566
resistor 0.7321 1317 1650 1360 1720
resistor 0.7016 729 1791 783 1888
resistor 0.6879 3474 2871 3561 2918
resistor 0.6669 1109 2352 1163 2436
resistor 0.6479 2370 2155 2453 2211
resistor 0.6388 1552 1688 1625 1734
resistor 0.6112 2226 1355 2326 1397
resistor 0.5636 2453 2210 2496 2293
resistor 0.4071 1537 1672 1618 1720
resistor 0.3471 1852 1500 1923 1579
resistor 0.3310 2676 2367 2754 2413
capacitor 0.9630 3197 1982 3236 2055
capacitor 0.9619 2596 2556 2637 2641
capacitor 0.9560 3196 2052 3239 2139
capacitor 0.9538 2596 2884 2635 2969
capacitor 0.9513 2395 2052 2453 2140
capacitor 0.9489 2594 2714 2635 2801
capacitor 0.9329 2394 1830 2452 1905
capacitor 0.9301 3257 1537 3357 1706
capacitor 0.9245 3315 2008 3392 2057
capacitor 0.9146 2498 2362 2581 2407
capacitor 0.9076 2594 2972 2634 3052
capacitor 0.8862 1822 1424 1876 1509
capacitor 0.8860 2399 2699 2481 2793
capacitor 0.8853 3069 2713 3113 2802
capacitor 0.8848 3194 1880 3236 1975
capacitor 0.8776 2594 2648 2637 2731
capacitor 0.8716 2396 1664 2495 1710
capacitor 0.8701 1707 1244 1764 1328
capacitor 0.8651 2261 1903 2343 1945
capacitor 0.8580 2394 1908 2452 1995
capacitor 0.8559 1457 1382 1542 1426
capacitor 0.8332 3156 1663 3253 1707
capacitor 0.8249 3312 2069 3393 2119
capacitor 0.8206 2396 1539 2495 1581
capacitor 0.8176 1739 1612 1794 1691
capacitor 0.8109 3313 1886 3391 1948
capacitor 0.8097 3249 1853 3342 1942
capacitor 0.8068 2497 2403 2578 2462
capacitor 0.7877 2286 1547 2387 1691
capacitor 0.7694 1163 2337 1209 2437
capacitor 0.7689 3069 2409 3157 2463
capacitor 0.7673 3021 2480 3115 2565
capacitor 0.7668 2089 1554 2144 1636
capacitor 0.7654 3243 1984 3309 2056
capacitor 0.7599 2258 2029 2342 2069
capacitor 0.7519 3070 2319 3160 2372
capacitor 0.7459 2257 2083 2345 2126
capacitor 0.7388 3166 1539 3254 1583
capacitor 0.7207 2831 3052 2916 3095
capacitor 0.7169 2731 3051 2823 3095
capacitor 0.6993 3251 2071 3315 2134
capacitor 0.6850 2552 2884 2594 2968
capacitor 0.6744 2550 2712 2593 2799
capacitor 0.6542 3010 2871 3066 2972
capacitor 0.5792 1664 1242 1710 1338
capacitor 0.3463 3045 2368 3146 2468
text 0.9866 2272 1706 2327 1834
text 0.9840 4424 1945 4683 2000
text 0.9814 3706 2335 4260 2519
text 0.9803 1484 3095 1723 3138
text 0.9794 3155 2871 3210 2995
text 0.9791 3572 2184 3857 2253
text 0.9778 4024 1621 4180 1676
text 0.9763 3994 2181 4195 2240
text 0.9750 3965 3011 4232 3069
text 0.9700 4402 2336 4688 2392
text 0.9697 2029 3081 2268 3136
text 0.9663 1810 1635 1851 1712
text 0.9631 1257 1455 1321 1500
text 0.9621 4327 1566 4681 1621
text 0.9614 4589 2884 4734 2943
text 0.9604 3065 2571 3188 2630
text 0.9594 3393 402 3461 456
text 0.9575 4038 1750 4174 1804
text 0.9572 1364 1660 1476 1709
text 0.9571 3616 1621 3814 1680
text 0.9565 2624 2316 2674 2454
text 0.9554 2183 2123 2231 2253
text 0.9550 1734 1681 1808 1782
text 0.9542 1867 1749 2007 1802
text 0.9539 4737 3418 4865 3472
text 0.9531 2019 2463 2273 2506
text 0.9527 2383 2462 2497 2504
text 0.9517 3742 3147 3800 3277
text 0.9509 3390 1713 3457 1849
text 0.9506 3197 3013 3462 3080
text 0.9500 744 961 936 1048
text 0.9500 3656 1511 3771 1565
text 0.9469 3070 2645 3180 2702
text 0.9468 488 1722 716 1790
text 0.9467 2021 3150 2075 3278
text 0.9448 2498 1536 2605 1581
text 0.9445 1766 3095 1993 3138
text 0.9417 3868 1200 3925 1351
text 0.9362 1639 2236 2014 2406
text 0.9361 2617 1158 3249 1214
text 0.9357 4234 2669 4346 2731
text 0.9336 2486 2860 2536 2996
text 0.9291 2255 851 2583 906
text 0.9281 725 1075 936 1146
text 0.9276 977 1302 1140 1372
text 0.9262 2497 2699 2539 2817
text 0.9242 2882 2432 3013 2478
text 0.9226 4865 3277 4933 3320
text 0.9223 4737 1088 4863 1158
text 0.9220 3646 1747 3777 1789
text 0.9213 5059 1382 5130 1437
text 0.9212 3151 1749 3277 1802
text 0.9210 1050 1733 1161 1799
text 0.9190 3489 948 3657 1020
text 0.9182 1457 2169 1652 2239
text 0.9168 780 1160 940 1229
text 0.9154 1122 3155 1179 3291
text 0.9147 1162 2042 1317 2101
text 0.9143 5059 2168 5134 2212
text 0.9136 2038 1963 2162 2016
text 0.9135 1485 1231 1556 1335
text 0.9121 1372 1226 1427 1274
text 0.9114 770 1298 967 1369
text 0.9094 5058 1774 5134 1833
text 0.9092 3433 1863 3488 1989
text 0.9077 2815 812 2861 949
text 0.9049 4729 2563 4939 2632
text 0.9039 2080 1661 2135 1762
text 0.9029 3158 2408 3282 2463
text 0.9010 4361 3009 4625 3065
text 0.8981 1191 1059 1319 1129
text 0.8973 2449 2560 2580 2603
text 0.8973 475 3277 822 3331
text 0.8971 1857 2168 2040 2227
text 0.8964 2846 3149 2915 3278
text 0.8942 1361 1734 1480 1788
text 0.8940 1655 2059 1711 2153
text 0.8940 898 823 952 919
text 0.8934 4740 991 4863 1046
text 0.8931 3029 1538 3157 1594
text 0.8922 3492 1843 3615 1889
text 0.8906 1775 2056 1821 2156
text 0.8887 4751 1187 4865 1255
text 0.8886 2816 587 2861 687
text 0.8875 3062 2982 3188 3041
text 0.8874 1505 2464 1738 2520
text 0.8867 3156 2321 3278 2367
text 0.8853 3363 1550 3406 1679
text 0.8850 3436 2108 3488 2241
text 0.8835 1136 947 1190 1034
text 0.8798 3493 2014 3603 2056
text 0.8796 1963 3150 2020 3287
text 0.8795 2687 2436 2818 2479
text 0.8778 2817 687 2860 814
text 0.8772 4631 3108 4735 3164
text 0.8769 4262 1227 4317 1383
text 0.8754 2046 935 2150 990
text 0.8753 4585 2672 4740 2743
text 0.8705 2817 2310 2946 2364
text 0.8671 909 1944 1036 2001
text 0.8667 2034 2071 2159 2127
text 0.8663 1216 3095 1458 3148
text 0.8655 4027 1508 4164 1564
text 0.8653 3492 2071 3607 2126
text 0.8637 909 1634 1008 1690
text 0.8630 2465 2996 2591 3040
text 0.8618 3729 950 3841 991
text 0.8613 2201 1986 2243 2109
text 0.8613 1137 3109 1205 3163
text 0.8604 3435 1984 3486 2105
text 0.8603 2453 2650 2581 2701
text 0.8575 3573 3010 3855 3065
text 0.8570 2605 1046 3263 1144
text 0.8568 1457 1538 1544 1591
text 0.8567 1487 1632 1568 1680
text 0.8555 2032 1852 2165 1901
text 0.8549 3084 2867 3154 2993
text 0.8546 4738 1285 4863 1340
text 0.8532 4623 2968 4741 3037
text 0.8528 4613 2771 4739 2838
text 0.8521 1770 2463 2019 2518
text 0.8505 728 810 785 919
text 0.8487 1066 3152 1122 3294
text 0.8485 785 1787 825 1914
text 0.8479 493 1313 586 1370
text 0.8478 3855 948 3954 980
text 0.8468 2987 3093 3072 3148
text 0.8451 3155 2700 3210 2813
text 0.8403 2733 402 2804 459
text 0.8399 1361 1788 1456 1848
text 0.8383 2201 1738 2244 1846
text 0.8371 492 1817 706 1875
text 0.8345 3462 2676 3560 2729
text 0.8306 2342 2324 2463 2363
text 0.8277 1660 1624 1710 1691
text 0.8277 2833 3093 2959 3149
text 0.8274 1160 1300 1316 1367
text 0.8253 657 3557 772 3612
text 0.8212 2231 2154 2354 2212
text 0.8207 1043 1635 1150 1680
text 0.8205 4877 710 4972 767
text 0.8204 3982 598 4232 831
text 0.8171 911 2038 1033 2098
text 0.8158 2416 1311 3268 1465
text 0.8155 898 1733 995 1803
text 0.8154 4362 1226 4416 1387
text 0.8148 2117 1019 2241 1088
text 0.8145 3462 2911 3572 2954
text 0.8124 784 1669 826 1789
text 0.8124 2915 3152 2971 3276
text 0.8124 953 2326 1012 2462
text 0.8120 895 3289 980 3346
text 0.8117 2213 2282 2340 2336
text 0.8060 4151 1232 4219 1315
text 0.8051 980 3487 1173 3543
text 0.8026 2115 1126 2272 1193
text 0.8022 4738 795 4864 853
text 0.7962 1783 1793 1823 1875
text 0.7936 2160 1861 2205 1986
text 0.7884 2105 1409 2231 1456
text 0.7883 2940 402 3315 471
text 0.7883 488 657 617 724
text 0.7875 2370 1747 2494 1806
text 0.7789 1485 1750 1627 1802
text 0.7785 1184 1889 1290 1944
text 0.7783 2395 3094 2468 3150
text 0.7765 475 2605 588 2659
text 0.7760 3798 3152 3856 3277
text 0.7760 3760 1214 3828 1330
text 0.7758 3281 1453 3353 1511
text 0.7753 884 388 924 458
text 0.7744 4696 3263 4819 3363
text 0.7717 2693 3096 2823 3155
text 0.7641 3490 1904 3598 1960
text 0.7620 3870 2085 3939 2219
text 0.7581 1556 1231 1612 1316
text 0.7567 714 2536 786 2591
text 0.7553 2300 2660 2426 2703
text 0.7521 4245 2967 4346 3011
text 0.7519 1826 1230 1991 1285
text 0.7469 2062 1225 2158 1274
text 0.7428 1226 2461 1451 2505
text 0.7383 3463 2968 3574 3012
text 0.7373 1876 1408 1920 1490
text 0.7373 2764 1591 2885 1633
text 0.7349 1176 1452 1249 1495
text 0.7347 4737 894 4865 948
text 0.7336 883 740 913 809
text 0.7271 1010 2324 1066 2450
text 0.7236 1962 1670 2019 1744
text 0.7229 2102 1362 2227 1409
text 0.7216 489 1229 642 1297
text 0.7176 1655 1773 1714 1863
text 0.7046 4248 1032 4333 1072
text 0.7024 3111 2704 3159 2813
text 0.7023 3023 2326 3123 2436
text 0.7004 2343 2361 2472 2407
text 0.6938 2047 1903 2161 1958
text 0.6845 1062 2323 1108 2466
text 0.6842 2461 2595 2580 2646
text 0.6817 2074 1492 2159 1570
text 0.6748 983 3389 1146 3447
text 0.6735 2340 2725 2404 2825
text 0.6731 2443 2087 2495 2200
text 0.6446 3437 1721 3492 1845
text 0.6418 2609 3053 2735 3108
text 0.6368 3088 906 3199 946
text 0.6267 4627 3054 4736 3109
text 0.6183 2379 2505 2507 2546
text 0.6095 743 418 833 812
text 0.6057 2032 2010 2158 2074
text 0.6041 3154 1703 3265 1750
text 0.6033 2363 1706 2481 1764
text 0.6005 4250 2914 4350 2968
text 0.6003 1317 1736 1361 1852
text 0.4844 3154 2364 3276 2407
text 0.4611 3586 1620 3722 1676
text 0.3970 2374 2383 2486 2432
text 0.3868 3493 1974 3606 2029
text 0.3529 3461 2942 3569 2989
text 0.3517 1103 954 1166 1038
text 0.3061 1999 3148 2056 3283
component 0.9834 2532 1787 3130 2181
component 0.9388 2753 2704 2887 2917
component 0.8646 2690 2981 2815 3024
component 0.7994 2762 2547 2880 2672
component 0.7962 3071 534 3182 851
test 0.7841 4736 3307 4866 3412
led 0.9019 2061 1001 2100 1123
led 0.8979 4054 1567 4151 1621
led 0.8575 1215 1937 1265 2040
led 0.8153 2054 1114 2106 1209
led 0.7995 1566 2407 1667 2467
led 0.6437 1051 1691 1143 1733
ic 0.9770 2486 1652 3160 2323
ic 0.9406 2915 497 3349 895
ic 0.9067 2638 2476 3019 3055
ic 0.8351 1558 1339 1820 1591
switch 0.9670 473 742 730 1232
switch 0.8175 2030 2584 2271 3078
switch 0.7762 1485 2586 1724 3076
switch 0.7537 1752 2585 2008 3082
switch 0.7082 1201 2599 1458 3096
button 0.9647 3613 1793 3811 2158
button 0.9605 3996 1798 4192 2158
button 0.9577 1846 1803 2030 2163
button 0.9425 1456 1808 1653 2173
button 0.9105 3617 2643 3811 3015
button 0.8559 4004 2639 4205 3010
button 0.8090 3235 2645 3420 3003
button 0.8045 4382 2643 4595 3007
jumper 0.9099 4082 1072 4303 1183
jumper 0.8505 743 3360 980 3464
jumper 0.7047 956 1011 1082 1245
