connector 0.9918 4761 2673 5396 3266
connector 0.9906 3829 323 4471 1225
connector 0.9904 515 2655 1078 3275
connector 0.9897 3099 276 3688 827
connector 0.9894 1328 3149 1963 3707
connector 0.9887 1123 62 2349 925
connector 0.9877 3123 3164 3741 3725
connector 0.9876 2227 3150 2849 3708
connector 0.9866 4904 1900 5463 2518
connector 0.9796 4020 3161 4627 3720
connector 0.9666 564 1441 1123 1735
connector 0.9394 4487 317 4864 943
connector 0.9378 555 1817 1122 2126
connector 0.9161 545 2215 1124 2511
connector 0.8966 4741 949 4852 1018
connector 0.8953 1976 986 2090 1202
connector 0.8255 1317 1066 1502 1198
connector 0.7752 4640 1032 4739 1161
connector 0.7239 1865 989 1966 1203
connector 0.7217 4837 3469 5040 3585
connector 0.7011 839 765 937 1374
connector 0.6773 3547 1497 3658 1710
connector 0.6481 5146 1370 5405 1697
resistor 0.9385 4189 1690 4271 1733
resistor 0.9316 1474 2769 1565 2827
resistor 0.9301 2256 2770 2342 2823
resistor 0.9219 3379 2225 3475 2268
resistor 0.9091 3997 1959 4039 2046
resistor 0.9028 4359 1540 4442 1582
resistor 0.8871 3492 1408 3576 1455
resistor 0.8679 4363 1455 4441 1496
resistor 0.8628 4108 1886 4149 1957
resistor 0.8546 4108 1962 4149 2044
resistor 0.8313 3012 2367 3100 2420
resistor 0.8198 2799 2349 2848 2408
resistor 0.8157 5047 1722 5089 1793
resistor 0.8088 2897 726 2943 806
resistor 0.7723 2901 2364 2984 2406
resistor 0.7595 3321 2212 3364 2293
resistor 0.7555 2900 847 2944 933
resistor 0.7523 3489 1355 3591 1397
resistor 0.7519 4364 1369 4438 1413
resistor 0.7356 1892 2220 1936 2307
resistor 0.7135 5037 1791 5090 1889
resistor 0.6969 4571 2338 4612 2436
resistor 0.6629 4661 2350 4707 2436
resistor 0.5788 3908 1504 3994 1585
resistor 0.3279 3791 1512 3854 1638
capacitor 0.9704 3183 2538 3226 2644
capacitor 0.9492 2734 2802 2800 2921
capacitor 0.9478 2709 2717 2770 2798
capacitor 0.9458 3369 2057 3421 2140
capacitor 0.9415 4053 1245 4109 1327
capacitor 0.9283 3479 1903 3560 1944
capacitor 0.9120 3181 2712 3227 2800
capacitor 0.9116 4276 1375 4353 1421
capacitor 0.9116 3327 2737 3412 2815
capacitor 0.9008 3180 2884 3225 2968
capacitor 0.8971 3364 1916 3419 2012
capacitor 0.8949 2523 1994 2567 2058
capacitor 0.8901 3182 2645 3224 2727
capacitor 0.8876 2581 2055 2622 2138
capacitor 0.8779 2431 2070 2510 2119
capacitor 0.8778 2664 2409 2748 2464
capacitor 0.8765 2561 1661 2665 1705
capacitor 0.8740 2579 1883 2619 1974
capacitor 0.8735 2579 1989 2619 2055
capacitor 0.8527 2736 2479 2806 2572
capacitor 0.8520 3320 1658 3417 1711
capacitor 0.8477 2434 2014 2507 2056
capacitor 0.8447 3940 1424 3992 1505
capacitor 0.8428 2762 2969 2802 3055
capacitor 0.8352 2430 1889 2513 1949
capacitor 0.8292 2456 1533 2562 1697
capacitor 0.8262 2511 1831 2570 1914
capacitor 0.8228 3478 2084 3559 2125
capacitor 0.8161 3947 1546 4011 1630
capacitor 0.8151 2757 2644 2806 2713
capacitor 0.7978 3369 1834 3423 1902
capacitor 0.7747 2663 2316 2744 2368
capacitor 0.7576 3184 2970 3228 3053
capacitor 0.7486 3477 2026 3561 2070
capacitor 0.7462 3324 1539 3420 1582
capacitor 0.7423 3236 2322 3322 2367
capacitor 0.7397 2898 599 2944 683
capacitor 0.7306 4021 1616 4075 1694
capacitor 0.7241 2563 1539 2648 1581
capacitor 0.6858 4611 2340 4655 2433
capacitor 0.6823 2900 3043 2986 3096
capacitor 0.6814 3237 2411 3324 2461
capacitor 0.6775 3243 2354 3322 2408
capacitor 0.6706 3226 2717 3267 2800
capacitor 0.6535 3422 1554 3534 1690
capacitor 0.6493 2525 2065 2567 2130
capacitor 0.5875 3226 2885 3267 2968
capacitor 0.3610 3317 1628 3397 1672
text 0.9789 1592 3012 1851 3065
text 0.9767 2352 3010 2620 3078
text 0.9759 4097 3093 4332 3137
text 0.9743 3281 2864 3339 2994
text 0.9727 2038 1750 2174 1794
text 0.9725 1965 2183 2242 2252
text 0.9712 687 2169 755 2211
text 0.9707 1611 2182 1823 2246
text 0.9691 1134 1945 1382 2000
text 0.9677 3541 3080 3787 3136
text 0.9664 1961 3009 2239 3066
text 0.9659 3490 1706 3546 1832
text 0.9657 945 3416 1078 3470
text 0.9629 3825 3094 4057 3136
text 0.9626 1124 2336 1417 2393
text 0.9618 2208 1845 2323 1889
text 0.9608 1078 3108 1188 3163
text 0.9598 1501 1230 1558 1382
text 0.9594 5108 1726 5328 1790
text 0.9583 2216 2009 2328 2058
text 0.9576 1656 1511 1779 1566
text 0.9572 952 1090 1081 1159
text 0.9563 4339 1650 4466 1708
text 0.9561 1080 2881 1202 2943
text 0.9561 687 1778 757 1830
text 0.9551 3281 2701 3324 2816
text 0.9546 871 2563 1079 2629
text 0.9533 4361 3095 4594 3149
text 0.9523 1544 2338 2115 2520
text 0.9520 3802 2241 4181 2407
text 0.9505 2997 2436 3122 2483
text 0.9496 3724 1642 3777 1766
text 0.9488 1639 1622 1796 1678
text 0.9486 3323 2460 3433 2504
text 0.9486 3957 1635 4009 1711
text 0.9481 1140 1565 1485 1622
text 0.9475 1402 1231 1458 1383
text 0.9473 2048 1510 2167 1564
text 0.9468 4622 941 4679 1031
text 0.9459 3138 2309 3197 2453
text 0.9446 4777 1943 4910 2000
text 0.9441 2538 1757 2663 1807
text 0.9434 2019 3148 2076 3277
text 0.9432 3815 1752 3957 1803
text 0.9420 1078 2773 1205 2839
text 0.9414 4109 1765 4162 1866
text 0.9344 2560 1159 3200 1215
text 0.9342 686 1386 756 1438
text 0.9341 1081 2973 1192 3035
text 0.9340 2217 2073 2326 2126
text 0.9320 4342 1754 4482 1844
text 0.9296 3995 1795 4038 1877
text 0.9286 2803 2437 2928 2480
text 0.9265 3234 851 3562 907
text 0.9258 2413 1552 2454 1680
text 0.9254 4106 1623 4149 1697
text 0.9235 2875 2311 2997 2366
text 0.9234 3618 1735 3662 1846
text 0.9230 3784 2168 3965 2228
text 0.9221 953 990 1080 1052
text 0.9216 2004 1622 2201 1679
text 0.9185 4683 1301 4832 1370
text 0.9163 2371 2123 2426 2241
text 0.9160 4277 1543 4360 1590
text 0.9142 4836 3294 4920 3349
text 0.9126 4261 1234 4315 1327
text 0.9123 3533 2462 3774 2504
text 0.9121 2662 1538 2796 1591
text 0.9110 4670 1631 4782 1670
text 0.9105 4863 828 4919 924
text 0.9062 2846 3153 2902 3276
text 0.9035 2252 2676 2354 2731
text 0.9032 3237 2563 3364 2609
text 0.9011 1193 3012 1459 3068
text 0.8991 1962 3147 2018 3276
text 0.8989 2959 579 2999 681
text 0.8988 3325 1752 3447 1805
text 0.8979 3207 1540 3323 1582
text 0.8977 1071 3268 1124 3326
text 0.8966 3394 2659 3519 2702
text 0.8960 5124 1818 5325 1877
text 0.8941 4079 2464 4314 2514
text 0.8938 4884 968 5071 1050
text 0.8937 2245 2966 2353 3015
text 0.8922 3654 2014 3784 2069
text 0.8919 4882 1161 5033 1231
text 0.8896 2384 1720 2424 1846
text 0.8891 4884 1075 5082 1145
text 0.8889 956 1191 1068 1258
text 0.8883 1642 1749 1781 1802
text 0.8876 3461 2153 3580 2211
text 0.8866 3590 2119 3635 2252
text 0.8851 4493 1462 4566 1501
text 0.8846 4779 2043 4904 2099
text 0.8814 3669 936 3771 989
text 0.8801 1082 2673 1230 2741
text 0.8772 950 1287 1077 1342
text 0.8746 2605 2870 2663 2995
text 0.8746 5029 2530 5105 2588
text 0.8708 1473 2966 1570 3011
text 0.8700 1892 1202 1949 1355
text 0.8700 2384 1861 2425 1985
text 0.8684 3661 1899 3772 1957
text 0.8684 2991 3093 3124 3152
text 0.8625 4657 1736 4768 1804
text 0.8622 1473 2913 1571 2966
text 0.8620 4501 1061 4625 1131
text 0.8592 3223 2995 3349 3040
text 0.8571 4990 1790 5034 1916
text 0.8557 4208 1228 4263 1322
text 0.8549 2749 2326 2803 2447
text 0.8517 2608 2701 2664 2812
text 0.8490 2907 3149 2967 3284
text 0.8482 3015 403 3086 454
text 0.8446 4641 3149 4698 3288
text 0.8435 3660 2070 3785 2127
text 0.8431 3242 2650 3363 2700
text 0.8422 5242 1312 5328 1367
text 0.8410 2245 2914 2350 2961
text 0.8406 4902 736 4932 810
text 0.8401 2541 1042 3217 1141
text 0.8377 4360 2464 4589 2506
text 0.8373 5229 2604 5337 2659
text 0.8369 4529 1889 4639 1943
text 0.8349 4499 1298 4658 1368
text 0.8346 4504 2044 4656 2098
text 0.8297 2382 1984 2424 2110
text 0.8278 2164 949 2326 1020
text 0.8278 2553 1319 3407 1471
text 0.8267 1863 947 1962 981
text 0.8230 2538 2321 2663 2364
text 0.8227 3997 2059 4038 2157
text 0.8222 3743 3152 3799 3277
text 0.8207 4390 1230 4446 1274
text 0.8203 3579 1015 3700 1086
text 0.8192 3833 1230 3993 1284
text 0.8189 2748 3094 2830 3151
text 0.8184 4639 3487 4839 3542
text 0.8117 2954 813 3004 949
text 0.8100 839 713 940 768
text 0.8080 3413 2703 3482 2824
text 0.8027 2958 688 3001 808
text 0.8016 4997 3279 5332 3337
text 0.8000 954 891 1080 947
text 0.7990 3351 3096 3420 3149
text 0.7965 4850 1301 5046 1369
text 0.7935 3803 1653 3869 1751
text 0.7923 4992 1662 5037 1797
text 0.7904 954 795 1080 850
text 0.7896 883 3267 956 3317
text 0.7890 4110 2059 4162 2154
text 0.7885 3350 2321 3475 2364
text 0.7883 4614 3107 4681 3160
text 0.7809 2878 3092 2989 3148
text 0.7798 1583 603 1842 824
text 0.7797 1874 2083 1943 2221
text 0.7728 2644 2576 2745 2631
text 0.7714 1600 1232 1670 1316
text 0.7708 4344 1696 4487 1782
text 0.7694 4167 2170 4361 2239
text 0.7694 2328 1718 2387 1848
text 0.7693 4242 1631 4334 1677
text 0.7681 4689 3154 4753 3290
text 0.7676 2529 2413 2664 2464
text 0.7670 3799 3155 3856 3288
text 0.7648 3660 1229 3759 1272
text 0.7603 3615 1865 3659 1992
text 0.7593 1482 1031 1590 1071
text 0.7592 2354 398 2427 455
text 0.7591 3551 1130 3698 1188
text 0.7577 1469 2659 1585 2726
text 0.7482 2933 1590 3053 1635
text 0.7438 1979 951 2085 990
text 0.7364 4896 388 4934 461
text 0.7347 3351 2360 3477 2406
text 0.7326 2492 403 2871 473
text 0.7300 2329 2129 2385 2243
text 0.7291 4809 2325 4864 2468
text 0.7280 3481 2284 3602 2334
text 0.7269 2465 1453 2537 1509
text 0.7260 3591 1361 3718 1412
text 0.7240 5032 815 5089 919
text 0.7226 1991 1217 2062 1328
text 0.7196 3999 1692 4050 1769
text 0.7119 3307 2506 3436 2549
text 0.7106 3582 1983 3634 2115
text 0.7096 3795 2463 4028 2520
text 0.7082 4575 1447 4644 1494
text 0.7059 4991 423 5071 796
text 0.7050 5049 3557 5160 3610
text 0.6941 4681 3389 4844 3446
text 0.6917 2619 2654 2751 2711
text 0.6778 3662 1496 3742 1555
text 0.6751 3085 3054 3211 3109
text 0.6740 4708 2324 4752 2465
text 0.6728 3590 1412 3714 1455
text 0.6679 2618 2984 2735 3040
text 0.6549 3324 2086 3371 2211
text 0.6472 2650 2713 2710 2812
text 0.6437 5195 657 5320 727
text 0.6434 4755 2321 4807 2451
text 0.6424 2619 2492 2748 2547
text 0.6419 4198 1750 4332 1801
text 0.6346 2623 906 2734 945
text 0.6257 2329 1865 2384 1984
text 0.6056 2327 1986 2388 2090
text 0.6043 4824 1735 4928 1807
text 0.5995 4807 1643 4905 1694
text 0.5991 3897 1410 3942 1496
text 0.5975 2555 1700 2662 1750
text 0.5953 3566 1730 3615 1841
text 0.5863 4251 1593 4342 1635
text 0.5733 2214 1901 2322 1965
text 0.5661 2554 2363 2661 2407
text 0.5533 3241 2590 3360 2647
text 0.5286 5178 1229 5319 1299
text 0.5140 3328 1693 3461 1757
text 0.4722 654 2541 732 2612
text 0.4566 2647 2842 2711 2962
text 0.4404 4002 1730 4059 1801
text 0.4048 2932 1608 3044 1653
text 0.3778 3325 2374 3446 2419
text 0.3763 3387 2595 3502 2660
text 0.3700 2215 1949 2331 2008
text 0.3672 3678 1636 3726 1760
text 0.3650 2321 1760 2376 1833
text 0.3413 4045 1744 4118 1846
text 0.3359 3581 1171 3748 1233
text 0.3260 3450 2174 3581 2239
text 0.3156 3815 1695 3948 1751
text 0.3069 1486 1046 1612 1099
component 0.9810 2688 1783 3288 2183
component 0.9542 2932 2703 3066 2916
component 0.8701 3006 2977 3110 3033
component 0.7180 2946 2544 3055 2674
component 0.6713 2641 538 2749 851
test 0.7998 954 3310 1080 3416
led 0.8237 4149 2412 4253 2468
led 0.8228 3719 1115 3759 1214
led 0.8211 3841 2434 4019 2503
led 0.8062 1668 1566 1766 1622
led 0.7898 4807 1678 4905 1735
led 0.7787 3716 1002 3758 1116
led 0.7386 4545 1941 4601 2046
led 0.6858 2056 1579 2146 1622
ic 0.9772 2663 1647 3333 2318
ic 0.9163 4013 1342 4264 1591
ic 0.8915 2470 496 2899 897
ic 0.7780 2807 2527 3181 3077
switch 0.9111 5089 743 5341 1238
switch 0.8207 3546 2586 3787 3075
switch 0.7901 3814 2587 4061 3078
switch 0.7423 4093 2585 4333 3079
switch 0.6651 4362 2600 4619 3100
button 0.9835 1624 1798 1818 2156
button 0.9809 2006 1797 2202 2155
button 0.9499 3785 1796 3967 2163
button 0.9393 2394 2650 2577 3009
button 0.9305 1613 2645 1809 3012
button 0.9011 1224 2643 1428 3010
button 0.8668 2007 2644 2204 3010
button 0.8027 4168 1787 4360 2173
jumper 0.9055 1520 1075 1740 1183
jumper 0.7739 4733 1014 4878 1242
jumper 0.5859 4823 3367 5069 3452
