connector 0.9922 3475 67 4698 929
connector 0.9868 4732 2656 5301 3280
connector 0.9867 2970 3152 3587 3710
connector 0.9865 2124 273 2721 828
connector 0.9864 1349 320 1995 1222
connector 0.9859 1191 3161 1798 3724
connector 0.9854 344 1906 909 2523
connector 0.9848 2070 3162 2696 3721
connector 0.9838 3853 3150 4488 3703
connector 0.9825 416 2676 1049 3257
connector 0.9611 4692 1437 5256 1734
connector 0.9447 961 949 1080 1019
connector 0.9355 3727 988 3842 1203
connector 0.9281 4698 2213 5273 2504
connector 0.9035 418 1365 677 1689
connector 0.9033 3853 993 3955 1201
connector 0.8799 4693 1820 5268 2122
connector 0.8777 954 315 1336 937
connector 0.8678 1080 1033 1177 1160
connector 0.8410 4309 1075 4501 1202
connector 0.8035 772 3471 982 3585
connector 0.7868 2156 1494 2268 1706
connector 0.7104 4878 774 4977 1383
resistor 0.9295 1373 1457 1456 1498
resistor 0.9281 732 1717 770 1794
resistor 0.8717 1369 1539 1453 1581
resistor 0.8702 2241 1412 2328 1453
resistor 0.8682 4247 2773 4341 2829
resistor 0.8384 1779 1962 1820 2045
resistor 0.8378 4254 2871 4345 2915
resistor 0.8202 2826 2362 2919 2406
resistor 0.8182 3881 2224 3924 2308
resistor 0.8151 2705 2361 2805 2427
resistor 0.8140 1779 1890 1822 1959
resistor 0.8089 2341 2226 2440 2268
resistor 0.7971 2975 2348 3018 2407
resistor 0.7964 1667 1886 1712 1958
resistor 0.7925 3475 2770 3556 2829
resistor 0.7763 1669 1962 1709 2043
resistor 0.7372 727 1790 781 1889
resistor 0.7162 1317 1650 1360 1721
resistor 0.7056 1824 1491 1901 1564
resistor 0.6928 3474 2871 3561 2918
resistor 0.6620 2375 2158 2456 2213
resistor 0.6523 1110 2352 1164 2435
resistor 0.6354 1554 1689 1625 1733
resistor 0.5715 2226 1355 2327 1396
resistor 0.5380 2452 2214 2498 2295
resistor 0.3866 1537 1673 1618 1720
resistor 0.3559 1853 1500 1923 1578
resistor 0.3131 2674 2365 2756 2414
capacitor 0.9676 2595 2555 2637 2641
capacitor 0.9574 3197 1984 3237 2058
capacitor 0.9553 2596 2885 2636 2969
capacitor 0.9529 3196 2055 3238 2140
capacitor 0.9471 2395 2052 2453 2141
capacitor 0.9453 2594 2716 2635 2800
capacitor 0.9332 2393 1830 2450 1906
capacitor 0.9229 3314 2008 3391 2057
capacitor 0.9190 3257 1535 3360 1705
capacitor 0.9126 2497 2363 2581 2406
capacitor 0.9070 2592 2972 2634 3052
capacitor 0.8882 2399 2698 2480 2794
capacitor 0.8847 2593 2649 2636 2730
capacitor 0.8822 3194 1879 3237 1975
capacitor 0.8771 1826 1427 1878 1505
capacitor 0.8762 2261 1901 2344 1946
capacitor 0.8697 2396 1661 2496 1708
capacitor 0.8680 1715 1246 1771 1325
capacitor 0.8662 3069 2713 3114 2802
capacitor 0.8594 1461 1382 1542 1428
capacitor 0.8493 2395 1908 2452 1995
capacitor 0.8271 2496 2404 2577 2463
capacitor 0.8262 3155 1665 3252 1707
capacitor 0.8197 3250 1853 3339 1944
capacitor 0.8192 3312 2070 3393 2120
capacitor 0.8041 2396 1539 2494 1582
capacitor 0.8023 1738 1612 1794 1695
capacitor 0.7949 2284 1546 2388 1690
capacitor 0.7935 3316 1884 3390 1947
capacitor 0.7927 2259 2085 2345 2126
capacitor 0.7845 3069 2409 3156 2462
capacitor 0.7787 2089 1554 2144 1637
capacitor 0.7744 3244 1988 3310 2060
capacitor 0.7627 3069 2319 3160 2371
capacitor 0.7611 2258 2028 2344 2069
capacitor 0.7582 2830 3052 2914 3095
capacitor 0.7554 3019 2490 3108 2573
capacitor 0.7521 3165 1538 3254 1582
capacitor 0.7455 1164 2338 1212 2435
capacitor 0.7034 3251 2072 3314 2134
capacitor 0.7030 2733 3051 2825 3095
capacitor 0.6809 2552 2884 2594 2969
capacitor 0.6699 3011 2872 3067 2971
capacitor 0.6570 2551 2715 2593 2799
capacitor 0.5110 1664 1242 1708 1334
capacitor 0.3201 3044 2369 3145 2465
text 0.9871 2272 1707 2325 1833
text 0.9851 4422 1945 4682 1999
text 0.9815 3713 2334 4262 2519
text 0.9814 3572 2183 3858 2252
text 0.9805 1481 3095 1722 3137
text 0.9789 3155 2872 3210 2996
text 0.9771 4024 1620 4180 1676
text 0.9761 3993 2181 4196 2240
text 0.9742 3967 3011 4230 3069
text 0.9683 2029 3081 2266 3135
text 0.9679 4403 2335 4690 2392
text 0.9673 1257 1455 1320 1499
text 0.9653 1808 1632 1849 1712
text 0.9627 4329 1563 4684 1621
text 0.9608 4590 2885 4735 2943
text 0.9605 2622 2318 2674 2452
text 0.9599 4034 1748 4173 1803
text 0.9587 3070 2645 3180 2702
text 0.9562 4736 3418 4866 3474
text 0.9561 1867 1750 2004 1803
text 0.9551 3740 3148 3798 3279
text 0.9541 2384 2462 2498 2504
text 0.9536 3615 1621 3816 1679
text 0.9535 2183 2123 2231 2254
text 0.9530 1735 1682 1808 1785
text 0.9519 1363 1661 1476 1710
text 0.9518 2495 1536 2602 1581
text 0.9513 3199 3013 3460 3079
text 0.9506 1765 3094 1989 3138
text 0.9505 2021 3150 2076 3277
text 0.9487 3063 2574 3189 2630
text 0.9475 3388 1713 3456 1853
text 0.9467 2017 2462 2272 2506
text 0.9467 484 1723 715 1790
text 0.9408 746 960 936 1049
text 0.9398 1377 1227 1431 1275
text 0.9383 1638 2237 2014 2405
text 0.9381 2486 2858 2536 2995
text 0.9378 4233 2670 4346 2731
text 0.9377 3655 1514 3770 1570
text 0.9368 3645 1748 3778 1790
text 0.9359 2619 1159 3254 1216
text 0.9358 2496 2699 2537 2817
text 0.9357 3394 401 3462 455
text 0.9313 3865 1201 3924 1350
text 0.9311 2254 852 2583 907
text 0.9277 727 1075 938 1147
text 0.9240 4864 3276 4932 3318
text 0.9239 5058 2169 5133 2210
text 0.9232 3151 1750 3278 1803
text 0.9215 4739 1089 4864 1157
text 0.9207 2883 2431 3013 2479
text 0.9204 1050 1734 1161 1800
text 0.9169 978 1302 1139 1372
text 0.9155 1164 2043 1313 2101
text 0.9142 5063 1771 5132 1828
text 0.9117 2038 1964 2162 2016
text 0.9113 1459 2171 1650 2236
text 0.9108 3489 948 3660 1021
text 0.9106 771 1298 967 1368
text 0.9090 780 1160 940 1229
text 0.9060 4728 2560 4941 2631
text 0.9056 3435 1862 3488 1987
text 0.9049 1486 1231 1558 1340
text 0.9042 2450 2560 2581 2603
text 0.9040 5059 1382 5129 1436
text 0.9030 4741 991 4865 1046
text 0.9024 899 824 952 921
text 0.9021 3030 1537 3158 1595
text 0.9020 1775 2055 1821 2155
text 0.9017 1194 1060 1320 1127
text 0.9014 1962 3149 2019 3288
text 0.9002 3158 2406 3283 2463
text 0.8998 2811 2309 2944 2364
text 0.8997 2846 3150 2916 3282
text 0.8989 3062 2982 3189 3041
text 0.8977 4359 3010 4627 3065
text 0.8938 2816 813 2861 946
text 0.8928 3494 1843 3616 1890
text 0.8925 1857 2168 2037 2226
text 0.8919 1119 3150 1180 3291
text 0.8903 3492 2075 3606 2130
text 0.8897 2082 1660 2135 1761
text 0.8889 2814 591 2859 694
text 0.8858 487 1817 703 1875
text 0.8842 4587 2671 4740 2742
text 0.8836 3434 2109 3488 2241
text 0.8832 4753 1189 4864 1254
text 0.8830 1656 2058 1711 2151
text 0.8808 1506 2463 1738 2520
text 0.8807 2046 933 2151 989
text 0.8796 1362 1731 1483 1787
text 0.8777 3493 2014 3603 2057
text 0.8742 3156 2321 3280 2368
text 0.8734 4630 3106 4735 3162
text 0.8714 2034 2072 2160 2126
text 0.8708 2453 2650 2579 2700
text 0.8696 1136 947 1191 1038
text 0.8694 4742 1286 4861 1340
text 0.8692 2680 2437 2811 2482
text 0.8683 4263 1226 4318 1381
text 0.8680 1457 1538 1544 1590
text 0.8669 498 1315 588 1370
text 0.8660 2201 1987 2243 2109
text 0.8659 730 810 785 922
text 0.8644 2598 1044 3276 1145
text 0.8620 1136 3108 1205 3164
text 0.8607 3157 2701 3213 2812
text 0.8606 4611 2769 4741 2837
text 0.8600 910 1634 1008 1690
text 0.8592 3365 1552 3410 1680
text 0.8587 1215 3096 1458 3149
text 0.8578 2817 685 2860 813
text 0.8576 906 1944 1036 2001
text 0.8563 705 2538 783 2594
text 0.8562 4622 2969 4742 3038
text 0.8559 2031 1851 2165 1901
text 0.8544 1487 1632 1567 1680
text 0.8515 3434 1982 3486 2107
text 0.8508 2464 2995 2590 3040
text 0.8489 1361 1788 1455 1850
text 0.8487 3729 950 3840 991
text 0.8461 2201 1740 2243 1846
text 0.8421 953 2327 1012 2463
text 0.8404 2342 2325 2463 2364
text 0.8356 3986 595 4236 834
text 0.8324 3857 949 3954 981
text 0.8319 1161 1303 1316 1368
text 0.8318 3083 2869 3155 2993
text 0.8312 2232 2153 2354 2213
text 0.8307 3571 3012 3853 3066
text 0.8292 912 2038 1033 2097
text 0.8291 1043 1636 1151 1681
text 0.8267 1660 1625 1710 1693
text 0.8251 2832 3095 2959 3151
text 0.8241 1767 2463 2023 2517
text 0.8234 3463 2676 3562 2729
text 0.8234 4877 712 4972 769
text 0.8232 1063 3149 1121 3292
text 0.8212 4362 1225 4416 1386
text 0.8197 467 3275 838 3329
text 0.8163 4153 1233 4221 1315
text 0.8152 784 1668 825 1792
text 0.8123 785 1786 826 1913
text 0.8096 896 3291 978 3353
text 0.8085 2369 1748 2494 1807
text 0.8064 2212 2283 2339 2336
text 0.8055 897 1732 994 1803
text 0.8040 4030 1507 4163 1562
text 0.8035 3463 2911 3571 2954
text 0.8019 2113 1128 2269 1191
text 0.7996 2911 3156 2966 3284
text 0.7987 2118 1020 2243 1088
text 0.7947 3797 3152 3856 3280
text 0.7946 3869 2084 3938 2220
text 0.7932 490 659 614 724
text 0.7918 2396 3096 2468 3151
text 0.7909 2935 402 3323 471
text 0.7904 1482 1750 1629 1801
text 0.7899 2412 1311 3265 1465
text 0.7875 884 390 927 460
text 0.7854 2159 1861 2204 1986
text 0.7853 4739 796 4865 854
text 0.7849 3758 1214 3829 1331
text 0.7841 658 3558 774 3614
text 0.7815 2988 3093 3071 3148
text 0.7803 4696 3262 4819 3366
text 0.7758 1783 1792 1821 1877
text 0.7738 2106 1410 2230 1455
text 0.7693 2764 1590 2886 1633
text 0.7650 472 2606 587 2659
text 0.7647 983 3487 1173 3543
text 0.7644 2690 3096 2823 3154
text 0.7627 1066 2324 1111 2466
text 0.7616 3489 1903 3597 1959
text 0.7615 1185 1887 1290 1942
text 0.7614 4245 2968 4345 3012
text 0.7578 3276 1455 3352 1509
text 0.7456 2732 399 2804 458
text 0.7452 1556 1232 1613 1315
text 0.7441 4739 895 4865 948
text 0.7408 3463 2967 3572 3012
text 0.7388 1176 1452 1249 1494
text 0.7376 981 3388 1147 3444
text 0.7352 1963 1665 2019 1746
text 0.7350 1874 1410 1920 1487
text 0.7307 1225 2463 1453 2507
text 0.7306 2103 1362 2226 1409
text 0.7299 2064 1222 2157 1274
text 0.7249 2299 2661 2425 2704
text 0.7233 883 739 913 808
text 0.7193 4250 1033 4334 1073
text 0.7071 2047 1902 2160 1956
text 0.7048 1655 1771 1714 1864
text 0.6934 2342 2360 2472 2407
text 0.6913 3110 2704 3159 2812
text 0.6841 2442 2092 2496 2200
text 0.6818 2339 2727 2401 2827
text 0.6766 1824 1231 1993 1283
text 0.6746 3024 2327 3125 2437
text 0.6718 2074 1492 2159 1570
text 0.6694 489 1229 641 1297
text 0.6488 2459 2596 2576 2647
text 0.6475 1013 2326 1067 2449
text 0.6462 3436 1720 3492 1846
text 0.6309 2609 3053 2739 3108
text 0.6194 4627 3052 4737 3108
text 0.6128 2032 2011 2159 2075
text 0.6084 3153 1701 3266 1750
text 0.6055 2362 1707 2479 1764
text 0.5994 741 415 835 813
text 0.5960 2379 2505 2506 2546
text 0.5891 4249 2915 4350 2968
text 0.5678 3088 906 3197 946
text 0.5373 1318 1734 1361 1853
text 0.4937 3154 2365 3274 2408
text 0.3923 2376 2383 2486 2432
text 0.3859 3495 1980 3606 2035
text 0.3677 1101 953 1166 1040
text 0.3458 3460 2943 3567 2990
text 0.3131 2234 2176 2366 2235
component 0.9841 2529 1785 3128 2182
component 0.9427 2755 2705 2887 2918
component 0.8656 2690 2982 2813 3024
component 0.7934 2763 2544 2880 2675
component 0.7300 3070 534 3183 854
test 0.8051 4738 3308 4868 3413
led 0.9092 4055 1564 4150 1618
led 0.8881 1215 1937 1266 2040
led 0.8874 2062 999 2101 1113
led 0.8575 2051 1113 2103 1210
led 0.8019 1568 2404 1667 2466
led 0.5774 1051 1691 1145 1733
ic 0.9775 2485 1653 3158 2321
ic 0.9306 2914 499 3349 895
ic 0.9072 2638 2475 3020 3055
ic 0.8418 1556 1338 1820 1592
switch 0.9698 472 738 730 1232
switch 0.8340 2031 2584 2271 3078
switch 0.8080 1487 2587 1724 3075
switch 0.7624 1754 2584 2006 3082
switch 0.7022 1201 2599 1457 3096
button 0.9652 3613 1794 3811 2157
button 0.9588 3996 1796 4192 2159
button 0.9558 1851 1804 2036 2162
button 0.9466 1455 1806 1652 2174
button 0.9153 3617 2642 3812 3015
button 0.8516 4005 2644 4205 3010
button 0.8182 3236 2646 3420 3004
button 0.7944 4383 2643 4595 3008
jumper 0.9223 4083 1071 4306 1183
jumper 0.7958 739 3361 979 3465
jumper 0.6974 958 1014 1079 1242
